0.060547 -0.364624 1.003906 -0.002197 -0.036621 -0.028442
0.063599 -0.364258 1.019531 -0.004883 -0.035645 -0.028809
0.063843 -0.376831 1.024536 -0.026367 -0.026123 -0.025513
0.051514 -0.389771 1.028320 -0.049561 -0.016235 -0.020752
0.031738 -0.409424 1.019897 -0.055908 -0.010498 -0.014648
0.018921 -0.428955 1.001953 -0.044434 -0.014526 -0.008789
0.010010 -0.439453 0.983154 -0.013550 -0.026733 -0.005859
0.008667 -0.466309 0.998535 0.014282 -0.046021 0.001953
0.011719 -0.478394 1.000000 0.039795 -0.063843 0.012573
0.015137 -0.484497 1.000488 0.044312 -0.083252 0.026733
0.033203 -0.500000 1.006836 0.043457 -0.097046 0.043457
0.053589 -0.475220 1.013184 0.064697 -0.104492 0.053589
0.057739 -0.470581 0.999390 0.086182 -0.097656 0.061279
0.069702 -0.434692 0.991943 0.108276 -0.092163 0.067505
0.065308 -0.428101 0.980591 0.088135 -0.099609 0.077148
0.084961 -0.390381 0.992920 0.062378 -0.113892 0.092041
0.096802 -0.372437 0.992310 0.031860 -0.119141 0.118652
0.106201 -0.342041 0.986572 0.012451 -0.111206 0.131226
0.113281 -0.322754 0.997070 0.019531 -0.096313 0.130005
0.116943 -0.335327 0.993164 0.015503 -0.085693 0.120972
0.103027 -0.378174 0.995850 0.013428 -0.078735 0.102539
0.099487 -0.390991 0.990845 0.040405 -0.078125 0.091064
0.091309 -0.387939 0.983521 0.055176 -0.071289 0.094849
0.079712 -0.387207 0.981934 0.067505 -0.053101 0.110229
0.080933 -0.367798 0.970825 0.071899 -0.048584 0.132324
0.075195 -0.350830 0.971680 0.058472 -0.046997 0.141968
0.087280 -0.330933 0.982056 0.069458 -0.048706 0.150391
0.090576 -0.312744 0.986694 0.079834 -0.050171 0.151855
0.086914 -0.318970 0.985596 0.083130 -0.045898 0.154297
0.084106 -0.324951 0.987183 0.077026 -0.047852 0.152466
0.088501 -0.322510 0.995361 0.041138 -0.045776 0.153564
0.096436 -0.334961 1.009399 0.005005 -0.032227 0.158569
0.090698 -0.327637 0.988770 -0.009888 -0.013184 0.158813
0.068115 -0.337646 0.948975 -0.004639 -0.006470 0.159546
0.061035 -0.341797 0.942749 0.014404 -0.020508 0.157593
0.069946 -0.345581 0.956177 0.016968 -0.036865 0.167847
0.079468 -0.350464 0.965698 -0.002563 -0.043945 0.189331
0.085815 -0.324219 0.975464 -0.015991 -0.045044 0.209595
0.091919 -0.304810 0.968628 -0.012695 -0.043091 0.221191
0.096924 -0.285767 0.983154 0.006226 -0.051025 0.215332
0.101685 -0.286133 0.992432 0.029053 -0.057983 0.206055
0.115112 -0.290039 1.002197 0.043091 -0.062500 0.201050
0.117554 -0.284302 0.992310 0.036499 -0.058228 0.197754
0.112793 -0.265259 0.982056 0.036133 -0.051147 0.198486
0.110107 -0.278198 0.980225 0.025269 -0.046997 0.201904
0.099609 -0.291870 0.972778 0.005493 -0.051636 0.194946
0.095703 -0.289185 0.970581 0.002930 -0.063354 0.192017
0.104858 -0.294556 0.979492 0.000244 -0.069824 0.196777
0.111938 -0.287231 1.007080 -0.003662 -0.068848 0.202271
0.105225 -0.287598 0.991089 -0.012329 -0.061646 0.212402
0.099731 -0.271606 0.988159 -0.009399 -0.063354 0.210205
0.109985 -0.256470 0.990723 0.005005 -0.073242 0.198486
0.120850 -0.248657 1.002808 0.013794 -0.080566 0.184937
0.119873 -0.249634 1.008545 0.021362 -0.078003 0.171021
0.120728 -0.241821 1.007080 0.019043 -0.074707 0.162476
0.113281 -0.247314 1.006104 0.004150 -0.066040 0.169312
0.102051 -0.251953 0.992554 -0.012695 -0.058472 0.174072
0.104736 -0.262451 0.993896 -0.009399 -0.063354 0.177002
0.114990 -0.259644 1.004028 -0.013428 -0.074585 0.173584
0.122559 -0.251709 1.016235 -0.024414 -0.077881 0.169434
0.124634 -0.253174 1.020264 -0.026611 -0.066406 0.165283
0.116333 -0.254761 1.007080 -0.023315 -0.054077 0.160034
0.107422 -0.255859 0.998169 -0.016846 -0.054932 0.148071
0.105713 -0.262817 0.998657 0.010254 -0.066895 0.132324
0.112793 -0.248535 0.997437 0.042236 -0.080933 0.117065
0.130371 -0.244385 1.014648 0.050293 -0.085693 0.111694
0.143799 -0.241699 1.031006 0.041626 -0.075684 0.105347
0.148560 -0.222778 1.034790 0.015259 -0.052979 0.104370
0.134766 -0.234009 1.014526 -0.024536 -0.023193 0.106934
0.111206 -0.239990 0.992676 -0.049194 -0.006592 0.107666
0.093872 -0.250610 0.978027 -0.043823 -0.006470 0.102783
0.085449 -0.260864 0.961426 -0.020264 -0.023804 0.094360
0.083374 -0.250977 0.954956 0.002930 -0.054565 0.085693
0.094849 -0.234497 0.955811 0.020508 -0.082520 0.081787
0.106079 -0.211914 0.955811 0.041382 -0.097900 0.075073
0.111572 -0.193115 0.947754 0.065186 -0.110840 0.055176
0.120117 -0.189453 0.958740 0.084351 -0.127563 0.023682
0.121948 -0.211060 0.975220 0.100098 -0.148071 -0.004272
0.141479 -0.210815 1.018677 0.128296 -0.164917 -0.021484
0.159058 -0.212646 1.054688 0.130493 -0.156372 -0.023315
0.155762 -0.226807 1.079956 0.096069 -0.128174 -0.013550
0.154175 -0.230835 1.085938 0.048828 -0.097290 0.010986
0.146729 -0.241089 1.081665 -0.003540 -0.060669 0.038208
0.137085 -0.244629 1.060059 -0.041260 -0.035767 0.055908
0.127197 -0.248657 1.026001 -0.058472 -0.024048 0.061279
0.122314 -0.232910 1.006836 -0.042725 -0.029907 0.045776
0.114502 -0.226563 0.982300 -0.011230 -0.044067 0.023682
0.114258 -0.227295 0.969360 0.032104 -0.054932 0.003540
0.123169 -0.224854 0.976074 0.059448 -0.071167 -0.025269
0.125977 -0.231079 0.974976 0.052124 -0.082642 -0.050049
0.142944 -0.231323 0.996704 0.041992 -0.085693 -0.066528
0.154785 -0.215454 1.001587 0.010986 -0.077148 -0.066772
0.145020 -0.235840 1.024902 -0.023804 -0.058472 -0.049072
0.144165 -0.237427 1.011719 -0.046265 -0.047607 -0.040405
0.148071 -0.234497 1.001587 -0.057495 -0.042236 -0.036865
0.141357 -0.229736 0.999756 -0.062866 -0.036133 -0.041260
0.148926 -0.226440 1.003296 -0.060303 -0.033081 -0.045898
0.156372 -0.218872 1.030151 -0.060425 -0.027710 -0.055054
0.164185 -0.219116 1.052002 -0.055176 -0.010986 -0.063721
0.161621 -0.228271 1.055298 -0.048828 0.010010 -0.067993
0.159790 -0.211792 1.058228 -0.045044 0.026733 -0.077026
0.157349 -0.192505 1.060425 -0.052856 0.045532 -0.079712
0.147705 -0.182007 1.054688 -0.078735 0.067993 -0.072876
0.137817 -0.170044 1.044800 -0.106445 0.085938 -0.075439
0.135254 -0.167969 1.060791 -0.114136 0.092896 -0.086548
0.130371 -0.172363 1.071777 -0.099243 0.094849 -0.109131
0.130859 -0.176147 1.054932 -0.065063 0.093140 -0.132202
0.135620 -0.167603 1.095581 -0.051514 0.090820 -0.152832
0.134277 -0.168823 1.088257 -0.040283 0.098511 -0.161865
0.136719 -0.150635 1.088379 -0.051147 0.110229 -0.168579
0.131470 -0.155273 1.088135 -0.070679 0.120361 -0.170532
0.123169 -0.158081 1.090088 -0.080322 0.129272 -0.181152
0.107300 -0.168945 1.081909 -0.068481 0.134521 -0.193481
0.095947 -0.169678 1.078125 -0.036255 0.135010 -0.203735
0.088135 -0.166504 1.069702 -0.020996 0.132324 -0.205322
0.084106 -0.155640 1.067261 -0.043091 0.130981 -0.200806
0.073730 -0.187622 1.062988 -0.071045 0.129883 -0.202637
0.069946 -0.221069 1.066406 -0.079956 0.120483 -0.213013
0.064087 -0.239746 1.080444 -0.064697 0.108887 -0.218628
0.067749 -0.256958 1.092163 -0.041138 0.095581 -0.212036
0.070801 -0.238647 1.084351 -0.014038 0.085815 -0.203247
0.065918 -0.229614 1.070068 -0.000244 0.084473 -0.192017
0.056396 -0.235840 1.052612 -0.000122 0.087036 -0.182983
0.057373 -0.225952 1.047852 0.000366 0.086548 -0.172241
0.058838 -0.203979 1.037231 0.006714 0.083740 -0.161743
0.066528 -0.177856 1.048706 0.011230 0.083130 -0.154297
0.071899 -0.159912 1.058228 -0.007568 0.088135 -0.155151
0.058105 -0.187866 1.041626 -0.027100 0.098511 -0.149048
0.054688 -0.203125 1.036987 -0.018921 0.096558 -0.151489
0.054688 -0.208496 1.033325 -0.029175 0.091309 -0.149414
0.050537 -0.206543 1.031250 -0.043213 0.091309 -0.140015
0.045898 -0.206909 1.026001 -0.043213 0.096313 -0.135498
0.031494 -0.214355 1.012939 -0.019043 0.096680 -0.135132
-0.001831 -0.259766 0.970093 0.000488 0.085083 -0.139771
-0.005859 -0.259399 0.965698 0.034058 0.062134 -0.155029
-0.010498 -0.254761 0.962646 0.039429 0.038086 -0.166504
-0.005493 -0.232056 0.966919 0.029297 0.005737 -0.171509
0.006836 -0.204834 0.956421 0.018677 -0.025635 -0.174072
0.032715 -0.188599 0.989380 0.036743 -0.053833 -0.187866
0.053833 -0.177246 1.001709 0.049438 -0.061279 -0.202148
0.084229 -0.171631 1.023560 0.025146 -0.046631 -0.211060
0.096680 -0.170898 1.050415 -0.029419 -0.007935 -0.212524
0.093262 -0.207520 1.047363 -0.086060 0.059937 -0.194336
0.067383 -0.246948 1.015015 -0.161255 0.131348 -0.160522
0.024902 -0.309326 0.980225 -0.221680 0.185059 -0.106201
-0.019897 -0.343750 0.925537 -0.242065 0.203857 -0.053101
-0.047485 -0.355713 0.887207 -0.204956 0.182007 -0.020142
-0.065186 -0.322876 0.867065 -0.125000 0.120972 -0.027954
-0.052856 -0.297974 0.883179 -0.037720 0.034912 -0.053101
-0.001953 -0.244263 0.952148 0.026489 -0.048828 -0.098389
