0.089844 -0.311890 0.980713 -0.007446 -0.002441 -0.072754
0.097778 -0.306885 1.003784 -0.048218 0.014526 -0.073975
0.092651 -0.321045 0.991455 -0.057739 0.052490 -0.052124
0.071899 -0.341064 0.953735 -0.089600 0.080566 -0.032593
0.030762 -0.417725 0.910278 -0.122437 0.077637 -0.029907
0.025391 -0.418823 0.921509 -0.078369 0.045532 -0.044556
0.020264 -0.439209 0.903442 -0.054932 0.020752 -0.034058
0.027100 -0.421631 0.899536 -0.039307 0.001465 -0.033203
0.037964 -0.416138 0.930298 -0.005493 -0.011597 -0.038818
0.037231 -0.451294 0.941528 0.011841 -0.018066 -0.045532
0.034424 -0.465698 0.962402 0.065918 -0.012085 -0.069336
0.035645 -0.474609 0.985474 0.085693 -0.010376 -0.072388
0.041870 -0.474487 0.989380 0.077759 -0.000610 -0.052734
0.041870 -0.476563 0.981812 0.046631 0.014771 -0.032715
0.029785 -0.502563 0.990356 -0.028076 0.015869 -0.025269
0.009521 -0.534790 0.985962 -0.076538 0.000244 -0.014282
0.015747 -0.517090 0.987671 -0.072510 -0.011475 0.003296
0.017700 -0.531982 0.989746 -0.046997 0.007202 0.029053
0.004150 -0.547729 0.975464 -0.011230 0.023560 0.042358
0.005371 -0.544312 0.966431 0.023560 -0.014771 0.064941
0.015015 -0.559692 0.989624 0.034180 -0.031494 0.082520
0.025024 -0.566772 1.003540 0.053467 -0.026611 0.099731
0.014771 -0.566772 0.977661 0.074951 -0.021851 0.127319
0.008301 -0.573242 0.964233 0.061035 -0.017090 0.146484
0.010986 -0.603760 0.981934 0.028320 -0.021118 0.160034
0.005249 -0.595581 0.993408 -0.042236 -0.029541 0.174194
-0.011597 -0.613892 0.954102 -0.088745 -0.015747 0.204712
-0.026367 -0.594849 0.916992 -0.070923 0.000488 0.215820
-0.037231 -0.572021 0.894531 -0.032837 -0.008789 0.226196
-0.022705 -0.552734 0.903198 0.048706 -0.064209 0.243774
0.001953 -0.529541 0.935913 0.112427 -0.113037 0.255981
0.025391 -0.512695 0.953125 0.150879 -0.142456 0.263794
0.043335 -0.485962 0.957764 0.175415 -0.144775 0.265259
0.051636 -0.485474 0.953857 0.176636 -0.137451 0.277954
0.059692 -0.475464 0.967773 0.139771 -0.136475 0.289551
0.098389 -0.429199 0.981079 0.121826 -0.153076 0.320435
0.111816 -0.387573 0.984985 0.127319 -0.115234 0.337280
0.105713 -0.377930 0.958984 0.115967 -0.076782 0.356201
0.092651 -0.385742 0.929932 0.109009 -0.066895 0.356323
0.081665 -0.391602 0.921387 0.096436 -0.069580 0.341064
0.075317 -0.392090 0.910889 0.088989 -0.076416 0.329712
0.072021 -0.383911 0.907959 0.101685 -0.089600 0.324951
0.060425 -0.376465 0.891846 0.122803 -0.114624 0.323608
0.070435 -0.358032 0.888306 0.140137 -0.143677 0.326172
0.108032 -0.323975 0.926392 0.140747 -0.170288 0.327026
0.120239 -0.295044 0.950439 0.127930 -0.178345 0.326904
0.127686 -0.276733 0.943726 0.105103 -0.152344 0.324341
0.131592 -0.265381 0.925415 0.068359 -0.143677 0.317627
0.131592 -0.260132 0.912231 0.058472 -0.145264 0.308105
0.146118 -0.236938 0.933960 0.070068 -0.148926 0.290527
0.150879 -0.236328 0.942139 0.050171 -0.148804 0.278687
0.160034 -0.230347 0.964355 0.022461 -0.149170 0.262939
0.156494 -0.233765 0.976929 0.006836 -0.142944 0.242310
0.166382 -0.225342 0.985596 0.004150 -0.139282 0.221069
0.188843 -0.187378 1.021118 0.010864 -0.114746 0.195923
0.185303 -0.169556 1.006836 -0.002441 -0.087280 0.181274
0.170654 -0.170898 0.986572 -0.014526 -0.055786 0.157227
0.165527 -0.148560 0.979614 -0.000122 -0.036499 0.128296
0.175171 -0.141968 0.976807 0.062866 -0.026123 0.113159
0.162109 -0.142334 0.965088 0.035156 0.002686 0.080078
0.144043 -0.150635 0.941895 -0.015503 0.002563 0.055786
0.135742 -0.181152 0.962158 0.019043 -0.010986 0.031494
0.155029 -0.175903 1.021362 0.102783 -0.043335 0.003540
0.188232 -0.158447 1.086548 0.148315 -0.057739 -0.011841
0.200562 -0.134277 1.120483 0.136108 -0.045166 -0.021729
0.212158 -0.095703 1.125244 0.073608 0.002075 -0.034546
0.198120 -0.083008 1.104614 0.022705 0.054077 -0.054688
0.177368 -0.062622 1.044312 0.008301 0.095703 -0.077881
0.157227 -0.058350 1.010010 0.004639 0.102905 -0.111084
0.142212 -0.092529 1.002075 -0.009888 0.086670 -0.146240
0.132202 -0.127319 1.031738 -0.013184 0.053101 -0.198975
0.124512 -0.145142 1.051758 0.026978 0.024048 -0.233398
0.138550 -0.129517 1.084717 0.059326 0.013428 -0.235107
0.151733 -0.094238 1.124878 0.025146 0.032349 -0.223145
0.148682 -0.091431 1.110107 -0.047729 0.066162 -0.210083
0.130737 -0.083740 1.071655 -0.096313 0.093140 -0.216919
0.121094 -0.081177 1.082153 -0.110229 0.107422 -0.234009
0.107056 -0.098877 1.071411 -0.130371 0.112427 -0.250000
0.096802 -0.108032 1.085815 -0.139404 0.107178 -0.277222
0.103149 -0.114868 1.101807 -0.144043 0.099487 -0.295166
0.073853 -0.154907 1.090332 -0.157349 0.121338 -0.306519
0.045776 -0.182007 1.080322 -0.167480 0.131958 -0.316772
0.017334 -0.210938 1.061768 -0.208008 0.128784 -0.320557
-0.008789 -0.235596 1.043579 -0.214844 0.120728 -0.307861
-0.010864 -0.246094 1.046875 -0.184937 0.109375 -0.286133
-0.017090 -0.246338 1.034668 -0.189087 0.093140 -0.274658
-0.018555 -0.242188 1.024780 -0.194336 0.066162 -0.281006
-0.021606 -0.227417 1.009521 -0.163208 0.037476 -0.293091
-0.021240 -0.231079 1.001709 -0.129639 0.007080 -0.293213
-0.002930 -0.220825 1.030151 -0.104980 -0.010376 -0.284058
0.025879 -0.213501 1.089355 -0.124390 0.002319 -0.257690
0.044189 -0.203125 1.125977 -0.174927 0.044434 -0.226440
0.027100 -0.210938 1.100830 -0.210693 0.091675 -0.203369
0.008911 -0.213867 1.062622 -0.201050 0.107300 -0.195068
-0.009888 -0.223633 1.038940 -0.150146 0.090820 -0.199463
-0.014038 -0.240479 1.031006 -0.093750 0.053467 -0.203857
-0.014893 -0.259888 1.030029 -0.064087 0.012085 -0.214478
-0.005859 -0.267212 1.059082 -0.041504 -0.022217 -0.223022
0.014404 -0.272461 1.104126 -0.054932 -0.022461 -0.220215
0.026123 -0.262085 1.110962 -0.104126 0.009644 -0.207642
0.032471 -0.240845 1.074463 -0.145020 0.047729 -0.196533
0.011719 -0.265015 1.031372 -0.172241 0.075439 -0.184082
-0.019531 -0.295776 0.994629 -0.148926 0.068726 -0.186401
-0.043701 -0.337646 0.977783 -0.095215 0.040161 -0.186646
-0.043335 -0.366089 0.981445 -0.026855 -0.000610 -0.174194
-0.007446 -0.350098 1.035156 0.019409 -0.028931 -0.162231
0.019287 -0.350098 1.066772 0.013794 -0.016602 -0.145996
0.028931 -0.347412 1.055054 -0.052246 0.033569 -0.120361
0.010254 -0.345337 1.016113 -0.144775 0.089844 -0.106079
-0.020630 -0.367188 0.971558 -0.181396 0.116943 -0.094482
-0.061768 -0.408691 0.917114 -0.152710 0.084351 -0.112793
-0.070557 -0.416138 0.901001 -0.052368 -0.013062 -0.151123
-0.050903 -0.412964 0.921021 0.103271 -0.133911 -0.193970
-0.005127 -0.394287 0.993774 0.234131 -0.213013 -0.225098
0.034668 -0.378906 1.048950 0.243530 -0.212524 -0.211548
0.032959 -0.388550 1.053345 0.139648 -0.143555 -0.158936
0.013916 -0.418335 1.044067 -0.005005 -0.058472 -0.092773
-0.006104 -0.471069 1.037231 -0.087280 -0.018921 -0.031372
-0.028931 -0.493408 1.012573 -0.099976 -0.006958 0.005737
-0.030396 -0.490967 0.994751 -0.063843 -0.010376 0.032471
-0.016602 -0.477051 0.998535 -0.014160 -0.020996 0.059570
-0.010254 -0.446899 0.995361 0.026001 -0.028198 0.084106
-0.008301 -0.421509 0.956787 0.073242 -0.032227 0.108643
-0.006714 -0.392822 0.926636 0.108887 -0.052612 0.107666
-0.000244 -0.391479 0.936646 0.131104 -0.093018 0.089844
0.018799 -0.406616 0.980347 0.123291 -0.104980 0.081177
0.037354 -0.433960 1.035278 0.047119 -0.077148 0.090576
0.038452 -0.447632 1.056763 -0.029785 -0.029419 0.112305
0.009033 -0.473511 1.011963 -0.048706 0.014038 0.145752
-0.013428 -0.503784 0.956665 -0.043701 0.016357 0.168091
-0.034302 -0.512329 0.923096 -0.030762 -0.024536 0.173584
-0.041992 -0.527954 0.909058 -0.001709 -0.066040 0.188354
-0.022461 -0.530396 0.927856 0.062988 -0.103516 0.205811
0.010620 -0.490723 0.959839 0.107178 -0.125854 0.203979
0.011597 -0.502808 0.968506 0.132690 -0.135376 0.196289
0.001221 -0.517700 0.961182 0.154175 -0.144775 0.186157
0.006226 -0.518799 0.946899 0.159790 -0.156128 0.180786
0.022095 -0.506592 0.961914 0.154541 -0.164673 0.189575
0.046021 -0.484985 0.975586 0.158325 -0.171143 0.198120
0.069580 -0.458252 0.984863 0.169556 -0.166748 0.202026
0.089111 -0.444458 0.979248 0.166626 -0.162354 0.201050
0.098267 -0.448364 0.994629 0.142578 -0.145264 0.188599
0.109863 -0.430054 0.994141 0.120728 -0.127075 0.179199
0.099243 -0.441895 0.961548 0.104248 -0.110840 0.192993
0.105225 -0.419800 0.941650 0.076782 -0.107788 0.199707
0.114258 -0.418701 0.929688 0.060425 -0.109863 0.209229
0.119995 -0.407349 0.925171 0.068359 -0.110352 0.203125
0.125488 -0.397461 0.914795 0.109619 -0.121216 0.200317
0.138184 -0.397461 0.928467 0.119873 -0.133667 0.200806
0.154053 -0.383545 0.942627 0.101196 -0.131470 0.198853
