0.022705 -0.256226 1.010132 -0.001953 -0.018921 -0.082886
0.028687 -0.261719 1.012695 0.000732 -0.027710 -0.082031
0.034668 -0.251587 1.015259 0.000366 -0.021484 -0.085571
0.039063 -0.252563 1.016113 -0.008301 -0.009644 -0.090088
0.038452 -0.253540 0.994507 -0.023438 -0.002808 -0.102539
0.028442 -0.274780 0.995850 -0.034546 0.000122 -0.120972
0.024414 -0.295654 1.000977 -0.042358 0.000244 -0.141479
0.012085 -0.314575 0.983643 -0.057007 0.006470 -0.150146
-0.000610 -0.331421 0.971680 -0.065918 0.008057 -0.148315
-0.015015 -0.360352 0.964966 -0.071899 -0.000488 -0.142334
-0.014404 -0.364014 0.970215 -0.057861 -0.015381 -0.137817
-0.012817 -0.367065 0.976318 -0.038452 -0.025879 -0.130371
-0.010864 -0.375000 0.984863 -0.028687 -0.030762 -0.123535
-0.011719 -0.379517 0.991577 -0.029175 -0.027344 -0.119751
-0.027466 -0.411255 0.980713 -0.045410 -0.021118 -0.103638
-0.040405 -0.434570 0.971924 -0.056274 -0.021362 -0.087402
-0.038452 -0.456543 0.974731 -0.054443 -0.033203 -0.071289
-0.042358 -0.482544 0.976074 -0.045288 -0.043701 -0.057129
-0.039917 -0.488037 0.983521 -0.026367 -0.056885 -0.047974
-0.032227 -0.502319 0.996826 -0.009888 -0.062134 -0.036621
-0.028076 -0.521484 1.006836 -0.013306 -0.059326 -0.019409
-0.022583 -0.546021 1.016479 -0.019897 -0.052246 0.010498
-0.028198 -0.583374 1.000732 -0.023804 -0.042236 0.047852
-0.033569 -0.607788 0.989014 -0.005493 -0.043823 0.082764
-0.024902 -0.619751 0.991211 0.037109 -0.052490 0.109741
-0.005127 -0.620972 1.000610 0.094604 -0.088867 0.142944
0.021484 -0.630737 0.991699 0.123169 -0.078369 0.170166
0.043213 -0.615356 0.996948 0.130615 -0.074219 0.199707
0.048096 -0.642578 0.979248 0.128906 -0.072876 0.234985
0.047485 -0.633057 0.954590 0.145142 -0.071533 0.266235
0.060547 -0.627563 0.952637 0.165527 -0.091675 0.303223
0.056519 -0.598022 0.952148 0.154053 -0.087524 0.333496
0.034058 -0.558350 0.909912 0.117920 -0.080444 0.377075
0.032349 -0.505737 0.864014 0.163574 -0.107056 0.435669
0.025757 -0.467041 0.866089 0.174072 -0.114624 0.450073
0.038940 -0.430176 0.904907 0.120850 -0.156250 0.444580
0.079346 -0.382080 0.972290 0.150024 -0.183472 0.437012
0.121216 -0.322754 1.026611 0.142822 -0.189941 0.422729
0.113037 -0.305420 1.070923 0.049194 -0.167358 0.406860
0.120972 -0.286133 1.063232 -0.000366 -0.123535 0.405884
0.130371 -0.293945 1.089844 0.037964 -0.116455 0.421875
0.128784 -0.261475 1.069580 0.020020 -0.078735 0.423828
0.122559 -0.240601 1.046387 0.018188 -0.058960 0.416626
0.119019 -0.206299 1.003418 0.048462 -0.044312 0.394531
0.074097 -0.204956 0.891602 0.033447 -0.036621 0.368164
0.058228 -0.203613 0.957886 0.041870 -0.030273 0.342041
0.061035 -0.197266 0.884155 -0.027832 -0.046631 0.329224
0.061890 -0.145264 0.914795 0.113525 -0.112183 0.321899
0.077759 -0.154663 0.895386 0.104858 -0.134644 0.308960
0.052612 -0.159790 0.920044 0.084351 -0.129272 0.290894
0.107666 -0.114502 0.914429 0.045898 -0.178955 0.288086
0.145264 -0.089478 0.968018 0.005127 -0.177979 0.267334
0.169312 -0.047974 0.982056 -0.031494 -0.170288 0.254272
0.190796 -0.030151 0.991821 -0.010742 -0.147217 0.227783
0.191772 -0.021484 0.984375 -0.067261 -0.118530 0.187012
0.192871 -0.029785 0.993164 -0.146118 -0.101318 0.141846
0.179321 -0.060791 0.993896 -0.197632 -0.082886 0.095703
0.157593 -0.082764 0.968384 -0.198853 -0.078125 0.052612
0.156982 -0.092163 0.986084 -0.156738 -0.092163 0.027344
0.182983 -0.075928 1.026245 -0.130615 -0.086914 0.015015
0.182251 -0.063843 1.020508 -0.131714 -0.057251 -0.002930
0.183228 -0.027222 1.012085 -0.106079 -0.031006 -0.034302
0.177246 -0.029785 0.996582 -0.120972 -0.017456 -0.075928
0.168091 -0.049927 1.015015 -0.147461 -0.011353 -0.121704
0.165161 -0.053345 1.056885 -0.137207 -0.010742 -0.160278
0.173706 -0.054565 1.093872 -0.137695 0.001587 -0.179810
0.166260 -0.058350 1.100830 -0.147217 0.022949 -0.189819
0.154541 -0.041992 1.108032 -0.159058 0.035400 -0.212036
0.137329 -0.032593 1.108521 -0.163940 0.045898 -0.239258
0.126343 -0.028076 1.114014 -0.153198 0.057373 -0.256836
0.116943 -0.031860 1.113281 -0.156494 0.079590 -0.269775
0.101196 -0.030518 1.093994 -0.195435 0.105835 -0.281982
0.078125 -0.046753 1.080688 -0.239380 0.121582 -0.309814
0.063232 -0.058716 1.080933 -0.255981 0.117554 -0.350220
0.047363 -0.089233 1.096436 -0.282593 0.112549 -0.385254
0.029663 -0.109009 1.102417 -0.309082 0.119019 -0.404297
0.023438 -0.125977 1.114868 -0.334961 0.136108 -0.405396
-0.001099 -0.159302 1.115112 -0.374390 0.161133 -0.403442
-0.028320 -0.192505 1.095093 -0.386963 0.178833 -0.412720
-0.057251 -0.236328 1.085938 -0.370117 0.182495 -0.426270
-0.083862 -0.271606 1.074097 -0.316895 0.171997 -0.428467
-0.101563 -0.296143 1.062744 -0.252075 0.150757 -0.410767
-0.107788 -0.311279 1.061768 -0.193359 0.122192 -0.380981
-0.101074 -0.303345 1.069214 -0.124634 0.090454 -0.346191
-0.079346 -0.278809 1.082886 -0.052002 0.061035 -0.317383
-0.053345 -0.261841 1.127808 -0.029419 0.049194 -0.301392
-0.030884 -0.247803 1.157837 -0.030762 0.063965 -0.283569
-0.032837 -0.254517 1.146851 -0.052979 0.104126 -0.269043
-0.052856 -0.262207 1.111206 -0.123901 0.142700 -0.250488
-0.089478 -0.301147 1.052490 -0.194580 0.163696 -0.223755
-0.113525 -0.354858 1.014771 -0.202026 0.145508 -0.200073
-0.118896 -0.404053 1.017700 -0.151611 0.099121 -0.190430
-0.114014 -0.453735 1.025024 -0.060303 0.046143 -0.175659
-0.093994 -0.471680 1.059448 0.036255 0.002197 -0.169434
-0.083740 -0.455688 1.059326 0.098999 0.000732 -0.151978
-0.073730 -0.423584 1.040649 0.127075 0.016968 -0.133179
-0.083496 -0.418335 1.009277 0.121216 0.024536 -0.126587
-0.089111 -0.420410 0.988403 0.114746 0.015747 -0.119019
-0.083008 -0.423340 0.989014 0.096069 -0.001099 -0.107544
-0.062744 -0.428101 1.006714 0.050049 -0.008423 -0.086304
-0.052612 -0.430176 1.002197 -0.005005 -0.008423 -0.077026
-0.044556 -0.442627 1.009277 -0.018921 -0.009766 -0.082642
-0.052979 -0.455444 0.981445 0.000244 -0.014771 -0.092529
-0.070435 -0.453491 0.926514 0.063232 -0.039063 -0.096802
-0.055176 -0.425049 0.926514 0.160278 -0.080811 -0.094727
-0.019043 -0.408081 0.970947 0.192505 -0.112549 -0.084961
0.014893 -0.405029 1.007690 0.145264 -0.108154 -0.074707
0.019043 -0.434448 1.024780 0.068359 -0.075317 -0.053589
0.016235 -0.449829 1.006226 0.008789 -0.043823 -0.031860
0.012695 -0.455200 0.995850 -0.007568 -0.025391 -0.010986
0.011108 -0.465820 0.985229 -0.004639 -0.019897 0.008057
0.014404 -0.458984 0.975586 0.009521 -0.027710 0.017944
0.018188 -0.461304 0.976563 0.024170 -0.037231 0.023071
0.017700 -0.479248 0.950928 0.038574 -0.046875 0.020874
0.027588 -0.483032 0.966064 0.086426 -0.068115 0.003540
0.046509 -0.488159 0.970825 0.129639 -0.078247 0.000610
0.046753 -0.496826 0.963989 0.126709 -0.062378 0.011963
0.038208 -0.514771 0.961304 0.094482 -0.036255 0.030151
0.032593 -0.530151 0.947388 0.076416 -0.011475 0.055176
0.026978 -0.540771 0.933105 0.057861 0.005005 0.083862
0.020142 -0.551147 0.934082 0.051514 0.008789 0.100342
0.011475 -0.567871 0.916138 0.082764 0.001343 0.116211
-0.000488 -0.577515 0.902832 0.123535 -0.021851 0.131470
0.006714 -0.560303 0.900269 0.156006 -0.049683 0.150757
0.025391 -0.547729 0.920776 0.178223 -0.068237 0.174683
0.045898 -0.525024 0.935425 0.182495 -0.072998 0.197876
0.052368 -0.504883 0.931030 0.175415 -0.069702 0.218384
0.055298 -0.479492 0.921021 0.153198 -0.069580 0.230469
0.058960 -0.465820 0.919067 0.144897 -0.077637 0.234985
0.081909 -0.437012 0.929199 0.150269 -0.089233 0.240112
0.097534 -0.414307 0.941162 0.128540 -0.088013 0.253540
0.104492 -0.397339 0.930054 0.100098 -0.077515 0.263550
0.101318 -0.378174 0.920532 0.087891 -0.072876 0.263428
0.099243 -0.374512 0.922485 0.083374 -0.080566 0.257080
0.104126 -0.362061 0.935059 0.084473 -0.090576 0.257080
0.107544 -0.343872 0.935791 0.090454 -0.098145 0.260376
0.116577 -0.333618 0.954346 0.091187 -0.103027 0.264038
0.118652 -0.320679 0.963013 0.072876 -0.099243 0.264893
0.125610 -0.301392 0.962280 0.065552 -0.093262 0.259277
0.127319 -0.281128 0.973267 0.044678 -0.092285 0.248535
0.124878 -0.280884 0.966187 0.018799 -0.095215 0.250977
0.119751 -0.272217 0.969971 0.038818 -0.081909 0.254272
0.111694 -0.293091 0.973267 0.030273 -0.073364 0.257446
0.112915 -0.294189 0.990234 0.011108 -0.078857 0.249023
0.115112 -0.282959 1.001709 0.018311 -0.080200 0.244141
0.111450 -0.273438 0.994263 0.024658 -0.071167 0.240234
0.101196 -0.272339 0.984619 0.023804 -0.072998 0.230957
0.108887 -0.256836 0.999390 0.029785 -0.073486 0.218750
0.109863 -0.243164 1.008179 0.006958 -0.065674 0.209595
0.102295 -0.236084 0.997070 -0.020752 -0.052490 0.204468
