-0.061035 -0.441284 0.958618 -0.096558 0.134766 -0.130981
-0.078369 -0.471069 0.937500 -0.114502 0.124146 -0.125488
-0.084595 -0.486084 0.948364 -0.127197 0.093384 -0.129639
-0.076172 -0.485229 0.959839 -0.118652 0.056641 -0.141724
-0.065796 -0.452759 0.968506 -0.074951 0.028198 -0.163696
-0.057495 -0.424194 0.973389 -0.010132 0.001099 -0.182495
-0.045410 -0.406250 0.984375 0.033447 -0.021118 -0.191040
-0.040405 -0.406372 0.996704 0.029541 -0.017456 -0.188354
-0.051758 -0.410767 0.992432 -0.018066 0.000854 -0.174438
-0.077026 -0.426392 0.966187 -0.072876 0.018921 -0.150269
-0.100342 -0.456543 0.939697 -0.098511 0.015503 -0.134521
-0.115479 -0.479858 0.939941 -0.104492 -0.009277 -0.121826
-0.117920 -0.506592 0.934326 -0.084595 -0.036987 -0.092041
-0.099854 -0.495483 0.946777 -0.047363 -0.068359 -0.070557
-0.072876 -0.496460 0.981812 -0.004395 -0.089966 -0.062744
-0.065674 -0.490723 1.005859 0.023438 -0.089233 -0.064209
-0.083984 -0.512939 0.983887 0.020874 -0.072510 -0.052124
-0.098389 -0.530762 0.971558 0.018188 -0.067505 -0.036133
-0.096558 -0.552368 0.982422 0.014526 -0.073242 -0.013550
-0.091309 -0.563965 0.982666 0.006958 -0.074585 0.016113
-0.083862 -0.569092 0.989624 0.023438 -0.074951 0.040771
-0.081055 -0.581909 0.988770 0.034912 -0.075195 0.059692
-0.084106 -0.595215 0.972534 0.041992 -0.080444 0.084717
-0.067139 -0.586304 0.967163 0.076538 -0.094238 0.104736
-0.052490 -0.581177 0.971069 0.115967 -0.106567 0.121338
-0.037964 -0.584106 0.975586 0.151123 -0.111816 0.134155
-0.035034 -0.575928 0.967651 0.169312 -0.108276 0.150024
-0.033203 -0.569458 0.947632 0.173584 -0.102783 0.170532
-0.029785 -0.570313 0.944214 0.169556 -0.105103 0.197876
-0.016724 -0.558472 0.944092 0.151367 -0.110962 0.224487
0.004395 -0.543213 0.964600 0.140137 -0.113647 0.243408
0.013794 -0.534058 0.970215 0.122681 -0.106567 0.261353
0.011108 -0.527954 0.953247 0.098633 -0.095947 0.278687
-0.000122 -0.521484 0.932373 0.092773 -0.096069 0.299927
0.003662 -0.508667 0.931641 0.100342 -0.109985 0.322388
0.020508 -0.496948 0.941528 0.118530 -0.128052 0.329834
0.030396 -0.481445 0.959595 0.153320 -0.143433 0.326416
0.050537 -0.442261 0.972656 0.181641 -0.148682 0.322021
0.059692 -0.413086 0.974121 0.175049 -0.142334 0.334106
0.070068 -0.384033 0.983643 0.149414 -0.132568 0.349121
0.067017 -0.368652 0.969238 0.117798 -0.110840 0.355835
0.059692 -0.363159 0.964722 0.088501 -0.101807 0.352417
0.064331 -0.349365 0.971802 0.081665 -0.109497 0.347534
0.069092 -0.337646 0.970337 0.082397 -0.116821 0.342773
0.064697 -0.334961 0.958618 0.114136 -0.122681 0.330933
0.067261 -0.316284 0.954102 0.132080 -0.130371 0.317993
0.068359 -0.301758 0.932861 0.117676 -0.128418 0.321167
0.078125 -0.275879 0.912964 0.089722 -0.122559 0.325439
0.087280 -0.244507 0.880249 0.057251 -0.116211 0.322876
0.084961 -0.242188 0.848633 0.034424 -0.111084 0.312256
0.083740 -0.243042 0.827148 0.019165 -0.112549 0.290771
0.085205 -0.234375 0.820190 -0.015503 -0.118530 0.266602
0.087646 -0.229980 0.835083 -0.058472 -0.128662 0.243164
0.098755 -0.227173 0.876831 -0.106689 -0.142822 0.215698
0.099731 -0.245361 0.899536 -0.115112 -0.156372 0.195801
0.115234 -0.250122 0.940918 -0.076172 -0.173706 0.176636
0.121338 -0.241089 0.979126 -0.058594 -0.180664 0.165527
0.141357 -0.222046 0.997681 -0.036011 -0.174316 0.162842
0.143677 -0.196289 1.003052 -0.027344 -0.151978 0.147095
0.133179 -0.182861 0.982666 -0.038086 -0.123413 0.133545
0.114746 -0.154907 0.948242 -0.062744 -0.092529 0.124512
0.093140 -0.140259 0.923950 -0.124390 -0.069092 0.112671
0.095337 -0.122559 0.938965 -0.171143 -0.068726 0.091675
0.106445 -0.101807 0.981323 -0.192139 -0.079956 0.056030
0.106201 -0.102173 1.007080 -0.189819 -0.085327 0.021240
0.102173 -0.098022 1.020264 -0.157959 -0.091553 -0.010254
0.101440 -0.083740 1.027954 -0.114624 -0.099121 -0.049194
0.129883 -0.051636 1.070435 -0.033081 -0.112183 -0.092896
0.144165 -0.021362 1.081665 0.002930 -0.096558 -0.140747
0.129028 -0.012329 1.072876 -0.037476 -0.057495 -0.186035
0.110474 -0.031860 1.089722 -0.108521 -0.037476 -0.225464
0.099487 -0.055420 1.120972 -0.156616 -0.025269 -0.247681
0.091797 -0.073364 1.141602 -0.162231 -0.018555 -0.259399
0.084839 -0.082764 1.168945 -0.153320 -0.016113 -0.273193
0.079102 -0.069092 1.181519 -0.139771 -0.006592 -0.277832
0.080933 -0.048340 1.179321 -0.129639 0.006958 -0.282104
0.083862 -0.022583 1.187866 -0.142212 0.015381 -0.305298
0.075317 -0.012573 1.167236 -0.163940 0.024048 -0.338501
0.059937 -0.050537 1.177246 -0.182739 0.030762 -0.367432
0.051270 -0.102661 1.186279 -0.228760 0.044922 -0.390137
0.046631 -0.126953 1.188599 -0.291138 0.056519 -0.400146
0.051025 -0.156738 1.199707 -0.299072 0.080078 -0.403931
0.039063 -0.200439 1.190186 -0.291016 0.112671 -0.417969
0.004150 -0.232544 1.161133 -0.279541 0.140991 -0.428711
-0.024658 -0.272095 1.112427 -0.236572 0.149902 -0.433105
-0.037476 -0.308594 1.101807 -0.170288 0.135864 -0.432617
-0.041992 -0.336182 1.088867 -0.094482 0.121704 -0.428589
-0.051636 -0.340820 1.059448 0.005371 0.103516 -0.426514
-0.041748 -0.328125 1.046387 0.109375 0.083252 -0.421997
-0.036987 -0.314453 1.030640 0.160889 0.071655 -0.412842
-0.022095 -0.305054 1.053101 0.159790 0.068604 -0.400024
-0.013672 -0.295410 1.057373 0.087646 0.086426 -0.375854
-0.021606 -0.308594 1.028564 -0.053345 0.122314 -0.336670
-0.036377 -0.323486 0.989990 -0.168213 0.148560 -0.301025
-0.048828 -0.343262 0.953735 -0.233521 0.147217 -0.275269
-0.074219 -0.376587 0.896729 -0.220825 0.120239 -0.262939
-0.062134 -0.406372 0.901123 -0.106201 0.056885 -0.274902
-0.030884 -0.411621 0.970337 0.015137 -0.007080 -0.300049
-0.007690 -0.400024 0.990723 0.107178 -0.034546 -0.309692
0.020996 -0.363159 1.016724 0.148682 -0.022461 -0.298462
0.020508 -0.366943 1.012573 0.076050 0.020996 -0.270020
-0.006714 -0.397095 0.991699 -0.004639 0.060547 -0.243896
-0.015137 -0.424316 0.980469 -0.041870 0.078979 -0.217773
-0.038818 -0.453979 0.946289 -0.098999 0.078857 -0.195801
-0.040283 -0.481445 0.942383 -0.109741 0.055298 -0.181763
-0.012451 -0.481567 0.976318 -0.086792 0.025879 -0.179443
-0.015259 -0.507813 0.976318 -0.054443 0.008301 -0.184814
-0.000854 -0.524658 0.989014 0.005615 -0.007446 -0.189453
-0.013062 -0.545654 0.969482 0.054810 -0.018433 -0.184692
-0.007935 -0.556885 0.974121 0.129272 -0.033325 -0.170166
0.005249 -0.547241 0.997192 0.148193 -0.043701 -0.145752
0.001343 -0.550903 1.000610 0.108887 -0.041626 -0.111084
-0.000244 -0.544678 0.984863 0.074829 -0.046143 -0.077881
0.002197 -0.534912 0.979736 0.046997 -0.055176 -0.044434
0.004517 -0.509277 0.965088 0.055420 -0.065308 -0.011963
0.010132 -0.481567 0.955933 0.100098 -0.083496 -0.001831
0.035889 -0.453125 0.989746 0.142456 -0.107544 -0.010742
0.057251 -0.430786 1.026489 0.157593 -0.110107 -0.020020
0.053223 -0.435303 1.002808 0.170898 -0.093384 -0.020996
0.040771 -0.442993 0.980469 0.201294 -0.083618 -0.013916
0.058105 -0.429199 0.994629 0.222290 -0.083618 -0.000977
0.072144 -0.413818 1.003784 0.173462 -0.064453 0.026001
0.056763 -0.428589 0.977783 0.078857 -0.030640 0.058350
0.042480 -0.451294 0.956055 0.020874 -0.016602 0.076294
0.026367 -0.471802 0.924683 0.017578 -0.029663 0.078735
0.026978 -0.479370 0.929688 0.057983 -0.059326 0.075562
0.034546 -0.476074 0.930420 0.110352 -0.085083 0.083008
0.051514 -0.453491 0.939697 0.154663 -0.101196 0.101074
0.073486 -0.418091 0.960327 0.168945 -0.109253 0.114502
0.093262 -0.389893 0.971191 0.147339 -0.105835 0.125977
0.098267 -0.389526 0.971680 0.127441 -0.093750 0.134277
0.103149 -0.388672 0.978149 0.107422 -0.083618 0.135010
0.100464 -0.389893 0.970825 0.074097 -0.074097 0.133545
0.086548 -0.417725 0.960205 0.066895 -0.070923 0.136597
0.093384 -0.424683 0.958130 0.085327 -0.080444 0.147827
0.109619 -0.409790 0.969727 0.078613 -0.087158 0.157593
0.127808 -0.396362 0.985352 0.078613 -0.090332 0.160034
0.130371 -0.389771 0.978882 0.089966 -0.090942 0.161987
0.129517 -0.372314 0.970703 0.115723 -0.093018 0.162476
0.140015 -0.356689 0.979614 0.150635 -0.103394 0.166870
0.150635 -0.349487 0.987549 0.168457 -0.098755 0.174194
0.156250 -0.321411 0.978882 0.152100 -0.081299 0.179565
0.150391 -0.311768 0.970459 0.110229 -0.068604 0.184326
0.143433 -0.330688 0.963379 0.071167 -0.063599 0.188599
0.135742 -0.328979 0.955566 0.098511 -0.069946 0.185547
0.135620 -0.332031 0.965088 0.145264 -0.086182 0.175659
0.149292 -0.313110 0.972534 0.178345 -0.104004 0.169312
0.149658 -0.297485 0.972534 0.202026 -0.107422 0.160522
0.159546 -0.285156 0.987671 0.226685 -0.108032 0.158325
0.157349 -0.269165 0.991455 0.187256 -0.093628 0.161621
