-0.021484 -0.560059 0.983276 -0.036011 -0.016846 -0.007568
-0.026855 -0.568970 0.973633 -0.039673 -0.010254 0.022705
-0.027954 -0.592773 0.962158 -0.047729 -0.009521 0.059326
-0.025024 -0.604858 0.962402 -0.038574 -0.019775 0.083130
-0.014893 -0.627808 0.959595 -0.024414 -0.029175 0.108276
-0.009888 -0.624390 0.952637 -0.007935 -0.034302 0.137329
-0.008057 -0.606201 0.928833 0.007690 -0.043457 0.164795
0.006836 -0.578857 0.931641 0.031616 -0.060547 0.183960
0.018433 -0.546143 0.924438 0.054810 -0.076172 0.198242
0.024902 -0.513184 0.911987 0.074585 -0.091309 0.211670
0.035645 -0.483887 0.909668 0.101318 -0.104492 0.222534
0.041382 -0.451538 0.902954 0.097778 -0.114868 0.225342
0.056885 -0.409912 0.906738 0.087646 -0.123291 0.230957
0.078613 -0.393188 0.921997 0.057251 -0.123169 0.245483
0.091797 -0.388672 0.947754 -0.001465 -0.112671 0.254028
0.084351 -0.390259 0.927979 -0.068359 -0.099243 0.265747
0.072998 -0.391235 0.907959 -0.054443 -0.096680 0.275146
0.076904 -0.391968 0.927124 -0.057495 -0.108276 0.260986
0.108887 -0.381836 0.942505 -0.016479 -0.134399 0.248779
0.129150 -0.372070 0.994141 0.006226 -0.131226 0.223511
0.129272 -0.379761 0.951538 -0.000122 -0.125244 0.209595
0.117188 -0.365479 0.917358 -0.017212 -0.113159 0.201904
0.125610 -0.340088 0.938721 -0.022217 -0.116699 0.181519
0.155762 -0.292358 0.953247 -0.036377 -0.130371 0.183594
0.153442 -0.282837 0.937378 -0.053345 -0.091187 0.181396
0.128296 -0.275757 0.906860 -0.097168 -0.067627 0.160156
0.103027 -0.286743 0.881470 -0.114258 -0.067993 0.138916
0.091431 -0.292236 0.872681 -0.107788 -0.082764 0.128174
0.097168 -0.275024 0.888062 -0.100830 -0.110718 0.116333
0.127686 -0.242188 0.933472 -0.052979 -0.144409 0.104980
0.155273 -0.197754 0.987915 -0.023315 -0.151611 0.082520
0.167603 -0.138794 0.992554 0.016479 -0.155762 0.054688
0.167969 -0.099976 1.003174 0.056152 -0.147339 0.024658
0.171997 -0.074951 1.039185 0.029297 -0.143677 -0.005615
0.186279 -0.028320 1.080444 0.035156 -0.138184 -0.028687
0.193481 0.031738 1.081543 0.049561 -0.109985 -0.049561
0.186523 0.056519 1.090698 -0.030640 -0.082031 -0.097168
0.167603 0.049194 1.100464 -0.095459 -0.072388 -0.158081
0.150879 0.034546 1.136963 -0.076416 -0.072266 -0.213989
0.150146 0.009399 1.178101 -0.061890 -0.074951 -0.260010
0.159790 -0.000122 1.235596 -0.057983 -0.063354 -0.290527
0.151733 0.004639 1.248047 -0.047729 -0.027100 -0.309082
0.131592 0.007446 1.229980 -0.053467 0.015503 -0.315308
0.115112 0.006714 1.223877 -0.095215 0.040405 -0.327393
0.096313 0.000854 1.208252 -0.129761 0.067261 -0.348877
0.076782 -0.026001 1.199707 -0.133789 0.092285 -0.371216
0.059570 -0.064087 1.191406 -0.149780 0.117920 -0.384399
0.037598 -0.101318 1.172607 -0.185181 0.148071 -0.387573
0.015137 -0.146973 1.143433 -0.216553 0.175171 -0.382446
0.006836 -0.187866 1.128418 -0.237671 0.192261 -0.376099
-0.011963 -0.220093 1.107300 -0.265137 0.206421 -0.374023
-0.037598 -0.287354 1.073120 -0.276001 0.207397 -0.374634
-0.074829 -0.343384 1.036865 -0.260986 0.190796 -0.367920
-0.086548 -0.359741 1.008789 -0.176880 0.167114 -0.338135
-0.081665 -0.358276 1.008789 -0.085815 0.125732 -0.322388
-0.066162 -0.336914 1.018799 -0.006958 0.082397 -0.316528
-0.043701 -0.322632 1.024780 0.048950 0.056152 -0.304688
-0.008179 -0.302612 1.063477 0.065796 0.052490 -0.295288
0.014771 -0.283325 1.068115 0.036377 0.076538 -0.281738
-0.004639 -0.301147 1.034424 -0.038330 0.114746 -0.265381
-0.020874 -0.340942 1.003296 -0.085693 0.142456 -0.244995
-0.035645 -0.379761 0.990112 -0.121460 0.152588 -0.223755
-0.043701 -0.419678 0.989868 -0.125000 0.144531 -0.208008
-0.055664 -0.449341 0.972046 -0.079956 0.124023 -0.199951
-0.076660 -0.477661 0.942383 0.020996 0.088745 -0.197021
-0.067627 -0.471436 0.956543 0.173340 0.038696 -0.200195
-0.051758 -0.445190 0.969971 0.263306 0.004761 -0.184937
-0.044922 -0.402832 0.976196 0.256592 -0.005493 -0.161011
-0.045288 -0.385620 0.977905 0.190186 -0.013184 -0.136353
-0.037109 -0.390015 0.997192 0.114868 -0.026978 -0.115234
-0.030151 -0.402222 1.017334 0.048706 -0.037720 -0.091919
-0.017334 -0.402466 1.027222 -0.004150 -0.040649 -0.072876
-0.023926 -0.424683 1.012817 -0.041992 -0.038208 -0.059570
-0.022705 -0.445679 0.999390 -0.045654 -0.048584 -0.061768
-0.040649 -0.476318 0.963745 -0.020264 -0.071045 -0.072266
-0.043823 -0.518677 0.944336 0.091064 -0.110229 -0.085327
-0.016113 -0.539185 0.971191 0.194824 -0.156372 -0.090088
0.037720 -0.519409 1.011230 0.245728 -0.166016 -0.057861
0.067505 -0.477295 1.030151 0.202393 -0.125488 -0.010620
0.052124 -0.475586 0.981812 0.124023 -0.067505 0.029053
0.029907 -0.499634 0.946777 0.081909 -0.043457 0.047729
0.034546 -0.514160 0.961548 0.045044 -0.049561 0.062866
0.036621 -0.528687 0.959595 0.019775 -0.050049 0.086792
0.046021 -0.525513 0.952271 0.034302 -0.049805 0.110718
0.053955 -0.509399 0.962891 0.040649 -0.054565 0.116699
0.051636 -0.501953 0.938354 0.065430 -0.059814 0.117920
0.051025 -0.494995 0.919678 0.111206 -0.074463 0.114746
0.074341 -0.471680 0.947876 0.150757 -0.096558 0.111084
0.093628 -0.454102 0.972046 0.159058 -0.094482 0.127075
0.098633 -0.429321 0.975464 0.122681 -0.073120 0.148804
0.086548 -0.415894 0.955444 0.080200 -0.053955 0.164185
0.080200 -0.421997 0.937866 0.056763 -0.051270 0.169189
0.081299 -0.419556 0.939697 0.058594 -0.062988 0.163208
0.094971 -0.423584 0.963867 0.074585 -0.073486 0.154785
0.120972 -0.404907 0.985474 0.090942 -0.072388 0.152222
0.121704 -0.400879 0.984497 0.072510 -0.052246 0.157715
0.109009 -0.411987 0.959595 0.055664 -0.029785 0.165649
0.107544 -0.412720 0.943237 0.050781 -0.029663 0.167114
0.116821 -0.421143 0.951172 0.050415 -0.037598 0.169678
0.124268 -0.418823 0.943970 0.044434 -0.040405 0.176514
0.119507 -0.417969 0.934814 0.046387 -0.039673 0.183228
0.117554 -0.431152 0.922485 0.056030 -0.048340 0.186890
0.140503 -0.424194 0.941284 0.081421 -0.064087 0.191528
0.141968 -0.416992 0.930664 0.069336 -0.061768 0.196411
0.146362 -0.392456 0.923584 0.062866 -0.062012 0.199951
0.144653 -0.384644 0.917358 0.052856 -0.069702 0.208374
0.140747 -0.374023 0.905762 0.036987 -0.082520 0.211548
0.146240 -0.353149 0.889160 0.040405 -0.107178 0.204468
0.154419 -0.344971 0.910034 0.048218 -0.134644 0.181885
0.168579 -0.333130 0.934814 0.076416 -0.157227 0.165161
0.181763 -0.328491 0.969360 0.073364 -0.152466 0.157959
0.179321 -0.318237 0.968140 0.053589 -0.137085 0.161377
0.163208 -0.311035 0.955933 0.026978 -0.122681 0.168701
0.158813 -0.294922 0.946289 0.026489 -0.124756 0.167969
0.165527 -0.280396 0.978027 0.012817 -0.129517 0.145996
0.168579 -0.274780 1.003662 -0.000610 -0.129028 0.130371
0.170166 -0.268677 1.020630 -0.007935 -0.113403 0.133301
0.155029 -0.255249 1.009399 -0.037964 -0.088379 0.136719
0.139038 -0.243286 0.983398 -0.063232 -0.076660 0.127930
0.135376 -0.233643 0.984009 -0.072144 -0.086426 0.092896
0.132324 -0.229736 1.000732 -0.067017 -0.099976 0.046265
0.138184 -0.236694 1.026489 -0.064331 -0.110352 0.008423
0.132935 -0.268555 1.056519 -0.093018 -0.097900 -0.003418
0.125854 -0.303711 1.065674 -0.108398 -0.065674 0.023193
0.108032 -0.317017 1.046265 -0.131958 -0.033203 0.057129
0.093262 -0.319458 1.023560 -0.119263 -0.015259 0.082886
0.100830 -0.301758 1.030396 -0.096313 -0.012329 0.101929
0.111816 -0.257202 1.035889 -0.077026 -0.008545 0.108765
0.122070 -0.245728 1.023804 -0.054321 0.005127 0.101318
0.124512 -0.215820 1.025391 -0.047974 0.019775 0.082275
0.091431 -0.219116 0.982178 -0.067017 0.033569 0.057983
0.073853 -0.247803 0.972900 -0.096191 0.025146 0.033813
0.060425 -0.273560 0.985962 -0.132690 0.009277 0.028564
0.056641 -0.292847 0.992554 -0.140869 0.006226 0.048828
0.073730 -0.280029 1.011597 -0.127441 0.010742 0.077515
0.087158 -0.260132 0.996338 -0.115479 0.021606 0.099121
0.096802 -0.235229 1.003784 -0.113403 0.034058 0.100464
0.099976 -0.228760 0.999756 -0.106689 0.043823 0.086060
0.079712 -0.240845 0.983398 -0.102783 0.045288 0.058838
0.071533 -0.243408 0.978027 -0.078491 0.032837 0.035767
0.067017 -0.243774 0.995117 -0.075195 0.019409 0.024780
0.075684 -0.251099 1.019897 -0.074219 0.010376 0.028564
0.086060 -0.229614 1.069580 -0.084473 0.020020 0.039917
0.077393 -0.231689 1.035278 -0.107544 0.037964 0.051025
0.073975 -0.225220 1.025146 -0.108276 0.044556 0.047363
0.065430 -0.239624 1.024170 -0.107788 0.039551 0.034668
0.060181 -0.239990 1.010254 -0.102173 0.036743 0.021606
0.064087 -0.238403 1.013062 -0.097290 0.037720 0.019287
0.061157 -0.234131 1.003784 -0.101685 0.048584 0.025391
0.066528 -0.226807 1.018066 -0.125244 0.056030 0.025269
