-0.075073 -0.569580 0.972412 0.033325 -0.093018 -0.047119
-0.071533 -0.555664 0.988037 0.037354 -0.095703 -0.024292
-0.072876 -0.540161 0.991699 0.036011 -0.095581 -0.002441
-0.075317 -0.536621 0.983398 0.038940 -0.095459 0.018066
-0.081787 -0.537842 0.970215 0.052734 -0.102051 0.034058
-0.073608 -0.541382 0.968018 0.080933 -0.111694 0.047485
-0.064819 -0.543701 0.970947 0.100952 -0.118896 0.068359
-0.054443 -0.536255 0.967407 0.103271 -0.120239 0.092407
-0.034424 -0.522583 0.973511 0.093506 -0.117676 0.115967
-0.024536 -0.525024 0.979614 0.088867 -0.110352 0.132813
-0.018799 -0.531128 0.974609 0.111694 -0.108398 0.143799
-0.011597 -0.553101 0.974609 0.141235 -0.112549 0.153442
-0.001221 -0.555786 0.974121 0.169556 -0.121338 0.165771
0.022095 -0.540161 0.972900 0.189819 -0.124146 0.184814
0.039673 -0.508545 0.967773 0.190186 -0.120361 0.206299
0.056885 -0.483154 0.961670 0.175659 -0.113770 0.225464
0.069702 -0.459473 0.950684 0.157104 -0.104736 0.241211
0.071411 -0.453735 0.926025 0.146606 -0.104736 0.256836
0.067505 -0.454590 0.905518 0.151489 -0.112671 0.260254
0.064209 -0.459106 0.890015 0.164429 -0.121826 0.260132
0.077637 -0.453491 0.889282 0.180420 -0.145752 0.270142
0.096191 -0.420532 0.906372 0.208618 -0.170044 0.267822
0.108032 -0.394165 0.910278 0.219971 -0.184937 0.257813
0.119385 -0.375977 0.917114 0.222656 -0.190186 0.251343
0.131592 -0.354126 0.936401 0.210571 -0.189331 0.247437
0.140015 -0.333252 0.945190 0.178223 -0.178101 0.251099
0.142212 -0.316040 0.943359 0.151245 -0.163940 0.258423
0.144287 -0.312744 0.945435 0.106689 -0.155396 0.255371
0.140869 -0.305664 0.968262 0.080444 -0.147827 0.244873
0.142822 -0.298950 0.969849 0.083252 -0.138184 0.239014
0.148804 -0.288940 0.977295 0.079102 -0.127808 0.233765
0.150757 -0.268677 0.988647 0.062134 -0.110962 0.228760
0.143188 -0.263916 0.971069 0.038452 -0.093384 0.219360
0.140503 -0.260132 0.954468 0.020630 -0.087646 0.206421
0.135620 -0.255127 0.946655 -0.014282 -0.088989 0.199829
0.141235 -0.235229 0.965210 -0.034790 -0.093018 0.195068
0.152222 -0.215820 0.983643 -0.043457 -0.089233 0.185913
0.147583 -0.203247 0.984863 -0.067749 -0.077148 0.171753
0.132446 -0.205078 0.981689 -0.103638 -0.067871 0.155640
0.120850 -0.201538 0.983643 -0.122681 -0.062256 0.134766
0.104858 -0.208984 0.968384 -0.127197 -0.060669 0.111450
0.104248 -0.208618 0.983887 -0.109619 -0.061523 0.085205
0.102539 -0.202026 0.984619 -0.127686 -0.050903 0.067993
0.079102 -0.204468 0.973511 -0.180908 -0.032471 0.058472
0.055420 -0.215942 0.952759 -0.206421 -0.026245 0.051758
0.046997 -0.214600 0.966431 -0.203125 -0.037231 0.037598
0.058716 -0.226196 0.991211 -0.195313 -0.043701 0.028687
0.077759 -0.220215 1.021362 -0.209839 -0.040161 0.018066
0.063354 -0.222290 1.008423 -0.226807 -0.020142 0.010620
0.047119 -0.223633 0.972046 -0.218994 -0.008789 -0.001587
0.049316 -0.221313 0.985107 -0.203247 -0.016235 -0.025635
0.066650 -0.214844 1.027710 -0.170654 -0.026245 -0.046021
0.079590 -0.206421 1.054688 -0.143311 -0.025879 -0.061890
0.073730 -0.202759 1.072388 -0.171387 -0.007935 -0.076904
0.064697 -0.190186 1.062134 -0.185303 0.018066 -0.081299
0.060913 -0.169800 1.055908 -0.190674 0.042114 -0.086548
0.056152 -0.158936 1.043701 -0.208862 0.059326 -0.106079
0.051880 -0.157959 1.030640 -0.212524 0.064819 -0.133423
0.051025 -0.161011 1.035522 -0.193481 0.063477 -0.162964
0.045044 -0.160034 1.035034 -0.163086 0.058472 -0.192261
0.045898 -0.155151 1.029541 -0.137695 0.050171 -0.211914
0.041016 -0.157837 1.029785 -0.132813 0.038086 -0.226929
0.057617 -0.159668 1.065796 -0.143799 0.024292 -0.234985
0.078003 -0.137939 1.105591 -0.175293 0.034546 -0.234131
0.074097 -0.135376 1.100220 -0.220947 0.064209 -0.238037
0.070313 -0.135864 1.118042 -0.243408 0.085205 -0.262817
0.060059 -0.173340 1.130981 -0.275635 0.101440 -0.284790
0.050537 -0.227295 1.144287 -0.305664 0.121094 -0.298828
0.049316 -0.276245 1.164795 -0.321777 0.136597 -0.310303
0.045898 -0.322021 1.183716 -0.340942 0.158936 -0.312012
0.034058 -0.363159 1.191895 -0.356934 0.190430 -0.304565
0.016235 -0.381592 1.147339 -0.349243 0.217041 -0.301758
-0.006226 -0.411133 1.107910 -0.339111 0.226074 -0.302612
-0.016602 -0.444580 1.090820 -0.297363 0.218750 -0.306641
-0.020874 -0.459351 1.088745 -0.246094 0.208496 -0.305786
-0.026489 -0.461548 1.076294 -0.201172 0.198608 -0.293701
-0.029419 -0.436646 1.052490 -0.161133 0.184692 -0.278076
-0.024414 -0.400757 1.032715 -0.119141 0.168823 -0.265137
-0.008057 -0.361938 1.037109 -0.077759 0.151611 -0.267334
0.015503 -0.342896 1.060913 -0.049438 0.139648 -0.281982
0.029053 -0.335693 1.075317 -0.054321 0.151978 -0.290039
-0.000122 -0.334717 1.058228 -0.092773 0.187500 -0.277710
-0.017822 -0.336792 0.997681 -0.139160 0.214111 -0.259033
-0.057373 -0.349121 0.932617 -0.193237 0.211670 -0.247925
-0.085449 -0.381348 0.891357 -0.192139 0.179321 -0.244995
-0.105957 -0.418945 0.882813 -0.123535 0.113037 -0.255859
-0.076538 -0.416748 0.915039 -0.010376 0.039429 -0.266357
-0.032349 -0.383911 0.958618 0.074829 0.003906 -0.268188
0.010254 -0.362793 0.994263 0.084717 0.007324 -0.266846
0.008545 -0.366089 0.994263 0.020752 0.057861 -0.262695
-0.033569 -0.402466 0.933472 -0.075928 0.107422 -0.250488
-0.073364 -0.436279 0.888794 -0.165771 0.120850 -0.232300
-0.095459 -0.481323 0.854370 -0.229614 0.107544 -0.199341
-0.118896 -0.536133 0.827881 -0.237061 0.074463 -0.166626
-0.147827 -0.573364 0.793335 -0.179321 0.015381 -0.142700
-0.098145 -0.566528 0.815674 -0.074585 -0.067993 -0.124512
0.010742 -0.524536 0.953491 0.013550 -0.129028 -0.148682
0.074707 -0.507202 1.045410 0.047607 -0.099854 -0.186890
0.038696 -0.550903 0.978516 -0.015625 -0.004150 -0.194824
-0.031738 -0.632813 0.904907 -0.123169 0.063599 -0.175171
-0.075928 -0.704712 0.862549 -0.174683 0.071777 -0.133667
-0.087524 -0.751221 0.848633 -0.184448 0.045166 -0.083862
-0.090332 -0.753052 0.849731 -0.172485 0.006348 -0.041260
-0.085083 -0.729126 0.833008 -0.105957 -0.039673 -0.014526
-0.042480 -0.672485 0.866333 0.005127 -0.097290 -0.015381
0.006958 -0.618896 0.909180 0.118286 -0.144531 -0.050659
0.043701 -0.587158 0.963623 0.216675 -0.156982 -0.093750
0.048340 -0.588623 0.975464 0.233154 -0.131104 -0.113037
0.039063 -0.584106 0.966064 0.187744 -0.083862 -0.101196
0.014038 -0.591675 0.920410 0.101074 -0.039307 -0.070190
-0.012085 -0.608276 0.882446 0.031250 -0.023926 -0.042358
-0.028809 -0.636230 0.874023 0.012695 -0.037964 -0.028320
-0.028442 -0.655518 0.883057 0.051636 -0.063965 -0.015625
-0.016846 -0.647949 0.889771 0.104004 -0.088745 0.002197
-0.005127 -0.626831 0.901855 0.147949 -0.104004 0.017578
0.012939 -0.608643 0.905884 0.181641 -0.111450 0.034424
0.016846 -0.594604 0.902832 0.190308 -0.111816 0.054321
0.031128 -0.582520 0.911499 0.180176 -0.111206 0.066650
0.044312 -0.568970 0.932861 0.177979 -0.103516 0.078369
0.041992 -0.569092 0.920166 0.175903 -0.084839 0.096924
0.031494 -0.565918 0.887207 0.159912 -0.073608 0.121460
0.033325 -0.554688 0.884033 0.137695 -0.076294 0.145630
0.039795 -0.552856 0.884399 0.129272 -0.086060 0.162354
0.056030 -0.536621 0.897217 0.138306 -0.097168 0.166138
0.057373 -0.538574 0.894775 0.156006 -0.103271 0.170532
0.062622 -0.532715 0.900757 0.172241 -0.111572 0.178955
0.087524 -0.506958 0.922974 0.171753 -0.119751 0.190674
0.098633 -0.486816 0.934937 0.153076 -0.113647 0.202393
0.110229 -0.457520 0.938843 0.145874 -0.106812 0.210693
0.119629 -0.448975 0.930908 0.142334 -0.098999 0.214844
0.123901 -0.434692 0.936401 0.132202 -0.093506 0.212769
0.126709 -0.436523 0.925903 0.109741 -0.090820 0.214600
0.130371 -0.431885 0.921997 0.108032 -0.094971 0.215332
0.133423 -0.425049 0.927246 0.107300 -0.094971 0.207886
0.138306 -0.431519 0.936646 0.111328 -0.099731 0.201294
0.147949 -0.411743 0.938110 0.120361 -0.105957 0.200684
0.139893 -0.412476 0.925049 0.115356 -0.098755 0.203003
0.132935 -0.411011 0.920532 0.109253 -0.105225 0.199951
0.128662 -0.408203 0.918091 0.104248 -0.112427 0.196655
0.131470 -0.403198 0.924927 0.081543 -0.114502 0.198975
0.124878 -0.409912 0.923340 0.049194 -0.110962 0.197266
0.117676 -0.406982 0.916504 0.043823 -0.118774 0.188721
0.119629 -0.405884 0.929932 0.074463 -0.132935 0.173340
0.114014 -0.407104 0.944702 0.107178 -0.148315 0.156616
0.116699 -0.399292 0.958008 0.148804 -0.160034 0.150146
0.122314 -0.384277 0.967041 0.128052 -0.161255 0.153687
0.114380 -0.369019 0.975220 0.070801 -0.149414 0.165039
0.127441 -0.342407 0.989990 0.052368 -0.137085 0.176147
0.120117 -0.328857 0.984985 0.028442 -0.124023 0.167725
0.098145 -0.345825 0.974365 0.043335 -0.116821 0.154541
