0.060547 -0.271973 1.010864 -0.034912 -0.000977 -0.020752
0.054932 -0.285889 1.002197 -0.034058 -0.004395 -0.016968
0.052612 -0.283203 1.000610 -0.027222 -0.012573 -0.017456
0.058838 -0.284180 1.010132 -0.021484 -0.019043 -0.018188
0.070679 -0.273438 1.023926 -0.021973 -0.020386 -0.016968
0.070435 -0.269043 1.022583 -0.023926 -0.013306 -0.016724
0.067261 -0.266724 1.014893 -0.024414 -0.009155 -0.021362
0.062012 -0.270752 1.005981 -0.026489 -0.010132 -0.027588
0.052734 -0.282837 1.009644 -0.026978 -0.012573 -0.027466
0.052246 -0.285278 1.017090 -0.024414 -0.014038 -0.026245
0.051636 -0.299561 1.020996 -0.028442 -0.012817 -0.019287
0.052979 -0.305054 1.026855 -0.030518 -0.010254 -0.012207
0.052612 -0.311401 1.029297 -0.035889 -0.005493 -0.007935
0.044067 -0.338257 1.034546 -0.037476 0.000000 -0.006836
0.027588 -0.362915 1.020996 -0.032837 0.002808 -0.007813
0.010010 -0.375977 1.011841 -0.020508 -0.000366 -0.002319
0.001099 -0.383789 1.009277 -0.008911 -0.011475 0.010376
0.010742 -0.377563 1.028198 0.000000 -0.024170 0.021973
0.020508 -0.380615 1.045410 0.005371 -0.028931 0.036499
0.031616 -0.369263 1.051636 0.007568 -0.024902 0.047363
0.025146 -0.370850 1.041382 0.006104 -0.013916 0.058228
0.015015 -0.370972 1.027100 0.010742 -0.007446 0.064819
0.008057 -0.373657 1.020752 0.018311 -0.009888 0.066772
0.006104 -0.388672 1.025024 0.023682 -0.022705 0.075439
0.011475 -0.385864 1.029419 0.018921 -0.038940 0.084229
0.009766 -0.387207 1.026978 0.025879 -0.026001 0.102783
0.011841 -0.370850 1.018799 0.027954 -0.023804 0.121704
0.015625 -0.347046 1.008911 0.030029 -0.029175 0.137817
0.025513 -0.320557 1.006104 0.026611 -0.047607 0.141846
0.039795 -0.305298 1.023804 0.033325 -0.054199 0.137085
0.044678 -0.309204 1.018188 0.029419 -0.056641 0.132935
0.043213 -0.285889 0.996826 0.034180 -0.053345 0.127319
0.047119 -0.299072 0.988647 0.028442 -0.050781 0.135986
0.058105 -0.295532 0.996216 0.030640 -0.055420 0.135742
0.076904 -0.274902 1.015503 0.031982 -0.061035 0.130005
0.080811 -0.292725 1.022949 0.023438 -0.051392 0.126953
0.071899 -0.300659 1.009277 0.006104 -0.038574 0.129395
0.061279 -0.313721 0.996582 -0.013794 -0.031494 0.142334
0.056396 -0.313599 0.997437 -0.019897 -0.033569 0.152710
0.070923 -0.275391 0.983398 -0.000488 -0.042969 0.156738
0.071777 -0.273193 1.001465 0.022949 -0.053955 0.157837
0.077881 -0.247681 1.001343 0.028931 -0.067627 0.144531
0.083130 -0.223755 1.003784 0.024048 -0.070068 0.133179
0.087036 -0.220459 0.991821 0.007935 -0.062134 0.124512
0.090332 -0.238403 1.010010 -0.027710 -0.052612 0.113159
0.086304 -0.256104 1.016968 -0.033203 -0.048828 0.105713
0.075562 -0.269775 0.999634 -0.016235 -0.043945 0.106201
0.067871 -0.270142 0.985229 -0.020264 -0.044312 0.104858
0.062866 -0.264648 0.988037 -0.035645 -0.047607 0.104492
0.066528 -0.244995 0.987061 -0.022827 -0.056396 0.108765
0.067993 -0.250854 0.997192 -0.022461 -0.064941 0.108765
0.072754 -0.256470 1.011963 -0.033325 -0.067871 0.110840
0.087646 -0.249878 1.029053 -0.034790 -0.062988 0.119019
0.084473 -0.253296 1.030640 -0.042725 -0.050781 0.118408
0.082520 -0.261108 1.020142 -0.046753 -0.039063 0.120728
0.080200 -0.263672 1.021118 -0.048340 -0.033325 0.118530
0.076050 -0.273315 1.005859 -0.052368 -0.026489 0.121582
0.078979 -0.279785 0.990356 -0.051270 -0.021118 0.133545
0.081909 -0.273438 0.997803 -0.064453 -0.016602 0.133911
0.084106 -0.258057 0.988403 -0.052979 -0.013794 0.135010
0.079102 -0.243164 0.967773 -0.042603 -0.014648 0.127441
0.069580 -0.234131 0.955444 -0.042603 -0.021362 0.119385
0.071289 -0.236450 0.957397 -0.047241 -0.033813 0.117432
0.080566 -0.237793 0.960449 -0.049316 -0.043823 0.111206
0.084351 -0.239746 0.983276 -0.047241 -0.050415 0.103516
0.086548 -0.242310 1.002197 -0.061768 -0.047852 0.096313
0.090332 -0.241211 1.003052 -0.059692 -0.042969 0.099243
0.091431 -0.235840 1.003052 -0.050781 -0.037476 0.104248
0.090698 -0.225464 1.000366 -0.056519 -0.034546 0.105469
0.094727 -0.226807 0.995972 -0.066040 -0.031006 0.102661
0.085449 -0.226807 0.996094 -0.076660 -0.023804 0.103394
0.078979 -0.238647 0.988159 -0.091064 -0.019653 0.105835
0.073242 -0.241455 0.979126 -0.093140 -0.020874 0.098145
0.074585 -0.244019 0.988525 -0.078613 -0.030029 0.086914
0.075684 -0.241699 0.992432 -0.064209 -0.036621 0.081543
0.081421 -0.238281 0.999023 -0.062378 -0.038208 0.080688
0.084595 -0.241821 1.008545 -0.066284 -0.038452 0.076782
0.083252 -0.246582 1.011719 -0.069458 -0.035278 0.073364
0.087158 -0.235962 1.007568 -0.067139 -0.031006 0.071533
0.089966 -0.226685 0.999634 -0.075562 -0.027466 0.067261
0.088745 -0.225952 1.001709 -0.088257 -0.018066 0.065063
0.084717 -0.241577 1.007690 -0.103882 -0.012573 0.060913
0.075073 -0.253906 1.008911 -0.103638 -0.013062 0.049194
0.068481 -0.266479 1.005371 -0.086914 -0.021973 0.036987
0.070190 -0.272949 1.015747 -0.063110 -0.033569 0.023926
0.078125 -0.259521 1.027710 -0.044434 -0.041626 0.010742
0.086060 -0.254761 1.041504 -0.034912 -0.036621 -0.003784
0.082764 -0.251709 1.039429 -0.033447 -0.024292 -0.010132
0.070068 -0.252319 1.021729 -0.040894 -0.013184 -0.005005
0.061157 -0.272339 1.002441 -0.056519 -0.008179 0.007324
0.062012 -0.267334 1.006226 -0.066162 -0.011108 0.007813
0.066162 -0.265381 1.009644 -0.060181 -0.016968 0.002319
0.072021 -0.263794 1.019043 -0.045532 -0.025879 -0.009766
0.074829 -0.264771 1.019531 -0.036499 -0.030762 -0.019897
0.068481 -0.274292 1.009888 -0.038818 -0.035156 -0.020264
0.076782 -0.276611 1.027466 -0.036987 -0.043945 -0.016235
0.089478 -0.276855 1.037231 -0.034546 -0.047485 -0.011963
0.095215 -0.273071 1.045776 -0.032471 -0.046265 -0.000732
0.115601 -0.246460 1.056885 -0.040039 -0.041504 0.013184
0.123413 -0.239990 1.065308 -0.053955 -0.028564 0.019775
0.124878 -0.219116 1.052246 -0.058594 -0.019531 0.015869
0.133057 -0.232544 1.036377 -0.057983 -0.008301 0.013672
0.139282 -0.229248 1.027344 -0.055298 0.004272 -0.003174
0.134888 -0.238525 1.020874 -0.049072 0.023315 -0.024170
0.130737 -0.237305 1.009888 -0.023071 0.035400 -0.051758
0.116333 -0.247070 0.993652 -0.011963 0.037231 -0.071777
0.109619 -0.255859 1.001953 -0.015747 0.027588 -0.083862
0.103149 -0.258789 0.996948 -0.005371 0.020630 -0.089233
0.104858 -0.235352 1.012939 0.023193 0.010498 -0.107178
0.101074 -0.223511 1.021362 0.043457 0.004761 -0.119873
0.089355 -0.198853 1.023438 0.033569 0.008545 -0.126465
0.092163 -0.201538 1.020630 0.011841 0.016968 -0.124756
0.078979 -0.208496 1.013062 -0.021606 0.024902 -0.130859
0.066650 -0.216309 1.006226 -0.046021 0.026733 -0.132935
0.068237 -0.221069 1.005615 -0.051636 0.023438 -0.136841
0.080322 -0.204102 1.024902 -0.055908 0.021484 -0.145020
0.075073 -0.207520 1.010376 -0.063354 0.027100 -0.153320
0.068115 -0.212769 0.994629 -0.065796 0.026245 -0.166138
0.064575 -0.224609 1.005981 -0.064087 0.017456 -0.177002
0.073730 -0.230591 1.019165 -0.056396 0.006592 -0.185059
0.074951 -0.238770 1.033325 -0.052856 0.001587 -0.189941
0.067993 -0.239258 1.042969 -0.048096 0.002441 -0.190796
0.063354 -0.228516 1.044556 -0.052856 0.004639 -0.183960
0.061279 -0.197754 1.022217 -0.063354 0.008423 -0.174683
0.052734 -0.225586 1.041260 -0.062378 0.004639 -0.164551
0.072144 -0.215698 1.055664 -0.066772 -0.009888 -0.174438
0.078247 -0.216187 1.064697 -0.052979 -0.006714 -0.185791
0.070435 -0.227539 1.046875 -0.063110 0.006592 -0.193237
0.069946 -0.229248 1.050659 -0.072021 0.009644 -0.200195
0.073242 -0.226196 1.071899 -0.054321 0.008911 -0.208984
0.075195 -0.227295 1.070313 -0.028931 0.000488 -0.208496
0.075684 -0.223877 1.074585 -0.002319 0.001343 -0.199585
0.066650 -0.225220 1.078979 -0.015503 0.010986 -0.186646
0.071045 -0.206909 1.081299 -0.026611 0.009888 -0.176270
0.081299 -0.181519 1.087158 -0.011475 0.021118 -0.173828
0.078003 -0.187866 1.094482 -0.006958 0.032715 -0.165039
0.099121 -0.167236 1.107056 0.004395 0.046997 -0.158936
0.091553 -0.181152 1.107300 -0.022217 0.080200 -0.145752
0.089722 -0.200684 1.105957 -0.053711 0.099243 -0.143188
0.069580 -0.223267 1.084839 -0.070923 0.114502 -0.146729
0.055054 -0.242432 1.063721 -0.057129 0.122925 -0.152222
0.054077 -0.229980 1.052490 -0.038086 0.126099 -0.158569
0.031128 -0.256104 1.026733 -0.054932 0.139771 -0.164551
0.018555 -0.265625 1.011108 -0.076294 0.127441 -0.167847
0.019165 -0.261108 1.001953 -0.074097 0.112427 -0.161133
0.030884 -0.234619 1.005371 -0.061646 0.100220 -0.159302
0.013794 -0.253052 0.978882 -0.077148 0.093140 -0.150391
-0.009277 -0.286865 0.957886 -0.091064 0.084839 -0.154541
-0.026245 -0.300293 0.933716 -0.074341 0.079712 -0.163330
-0.010986 -0.297363 0.955566 -0.009766 0.065308 -0.167114
