0.087646 -0.267334 1.012817 -0.026978 0.000366 -0.025269
0.093628 -0.274414 1.014893 -0.030640 0.000000 -0.024170
0.092896 -0.273804 1.014771 -0.029175 0.004639 -0.024292
0.088867 -0.284302 1.010986 -0.025757 0.011108 -0.024170
0.082642 -0.283936 1.005493 -0.025879 0.013306 -0.020630
0.076904 -0.287964 0.994019 -0.030640 0.012573 -0.013428
0.070313 -0.285522 0.987671 -0.028076 0.005371 -0.010620
0.075439 -0.283081 0.999512 -0.024292 -0.006714 -0.010620
0.088257 -0.275635 1.010132 -0.021484 -0.014648 -0.016357
0.091919 -0.269897 1.019409 -0.014160 -0.014282 -0.021729
0.089600 -0.268555 1.019409 -0.019165 -0.008911 -0.023315
0.087891 -0.269287 1.015991 -0.025269 -0.004517 -0.021240
0.082520 -0.276001 1.013428 -0.027222 -0.001709 -0.014038
0.080688 -0.283325 1.009155 -0.030029 -0.000854 -0.009033
0.080811 -0.289551 1.023193 -0.031738 -0.001709 -0.011108
0.082031 -0.286499 1.031006 -0.029175 0.001953 -0.012695
0.075562 -0.293091 1.022095 -0.029175 0.011353 -0.009277
0.064697 -0.307129 1.020142 -0.037964 0.019775 -0.009399
0.053955 -0.317383 1.003052 -0.041260 0.022583 -0.004272
0.056519 -0.346436 1.039673 -0.037842 0.019775 0.000122
0.044189 -0.329102 0.999146 -0.026123 0.021484 0.005859
0.034790 -0.336304 0.990356 -0.024414 0.011353 0.009033
0.040771 -0.344604 1.010132 -0.012207 -0.004761 0.006470
0.050659 -0.344849 1.021484 0.004883 -0.012695 0.009155
0.051025 -0.338745 1.027588 0.003906 -0.013184 0.013184
0.053833 -0.338257 1.030762 0.003052 -0.009277 0.020996
0.047607 -0.355713 1.033936 -0.001465 -0.000854 0.030518
0.036255 -0.377075 1.022217 -0.008057 0.004761 0.039429
0.026489 -0.393311 1.013550 -0.010620 0.002319 0.048584
0.026123 -0.407715 1.014648 -0.005005 -0.007324 0.052368
0.023560 -0.411377 1.021362 0.004517 -0.018677 0.056030
0.020874 -0.418335 1.016479 0.022827 -0.019165 0.068970
0.023560 -0.391113 1.016602 0.039307 -0.026489 0.076294
0.029785 -0.389282 1.014160 0.043823 -0.030518 0.100220
0.040283 -0.363403 1.007690 0.052856 -0.035645 0.115479
0.045410 -0.344604 1.005005 0.051514 -0.051270 0.117798
0.049683 -0.328003 1.000610 0.071777 -0.053345 0.116455
0.056519 -0.324829 1.002441 0.083008 -0.064331 0.112427
0.071289 -0.314453 1.017334 0.085449 -0.069702 0.109009
0.081299 -0.319824 1.022461 0.073730 -0.065186 0.113281
0.075928 -0.318970 1.008545 0.058716 -0.055298 0.119385
0.064331 -0.323486 0.990112 0.052368 -0.050293 0.124146
0.064697 -0.325684 0.972412 0.052246 -0.063354 0.126587
0.061646 -0.307739 0.970581 0.060791 -0.079590 0.133667
0.067627 -0.298340 0.966309 0.071167 -0.093994 0.140747
0.078735 -0.276611 0.972168 0.092529 -0.115479 0.131348
0.095947 -0.268433 0.979370 0.108276 -0.124878 0.121582
0.116577 -0.269043 0.994873 0.095947 -0.113525 0.119751
0.122925 -0.277832 1.000854 0.046509 -0.083618 0.133423
0.109741 -0.262695 0.968994 0.016602 -0.054565 0.150391
0.082520 -0.269775 0.937012 -0.022217 -0.043945 0.149170
0.064575 -0.267944 0.927979 -0.020386 -0.066162 0.135132
0.072632 -0.261719 0.938477 -0.000122 -0.096191 0.124756
0.088257 -0.268433 0.972412 -0.018188 -0.126343 0.121094
0.108276 -0.278809 1.015991 -0.019409 -0.137329 0.136230
0.143433 -0.253296 1.051758 0.017822 -0.126831 0.158447
0.160400 -0.224487 1.060791 0.010376 -0.107666 0.158081
0.152344 -0.210205 1.043701 -0.024414 -0.083374 0.144409
0.145752 -0.207153 1.032227 -0.035034 -0.074829 0.122803
0.128784 -0.236450 1.020386 -0.023682 -0.063477 0.110718
0.122314 -0.244629 1.001953 -0.000244 -0.057861 0.107666
0.125977 -0.244873 1.015137 0.002441 -0.056152 0.108765
0.122681 -0.249634 1.026367 -0.006958 -0.052368 0.114502
0.113403 -0.251343 1.012329 0.000977 -0.049194 0.124634
0.117065 -0.245361 1.011475 0.008667 -0.056519 0.129272
0.131958 -0.211304 1.028076 0.026367 -0.065430 0.122681
0.154297 -0.177734 1.044678 0.042236 -0.064575 0.112061
0.160767 -0.148193 1.043945 0.028076 -0.048340 0.102417
0.151611 -0.160400 1.015747 -0.013550 -0.023560 0.103516
0.139160 -0.173950 1.001465 -0.048096 -0.009644 0.094971
0.131226 -0.191895 0.988647 -0.058960 -0.009399 0.084473
0.116577 -0.204224 0.978516 -0.057861 -0.011475 0.070801
0.132813 -0.195557 1.012817 -0.034058 -0.019043 0.060059
0.128052 -0.195923 1.014404 -0.048584 -0.000610 0.045410
0.110718 -0.204102 0.996826 -0.087646 0.021851 0.051147
0.100586 -0.211792 0.987427 -0.129517 0.037354 0.064331
0.084839 -0.244873 0.981079 -0.156494 0.042114 0.077393
0.079468 -0.265991 0.986816 -0.141602 0.028931 0.083862
0.090210 -0.248779 0.994141 -0.099976 0.004883 0.083252
0.103882 -0.229614 1.011963 -0.048950 -0.021118 0.079346
0.137939 -0.195068 1.036377 -0.020264 -0.039063 0.080933
0.163452 -0.170654 1.059326 -0.045532 -0.026489 0.089355
0.169800 -0.137085 1.055542 -0.096069 0.007935 0.099121
0.147095 -0.138306 1.020630 -0.147461 0.042114 0.098511
0.121094 -0.164673 0.988159 -0.146729 0.048950 0.081665
0.106934 -0.188110 0.976318 -0.109863 0.029419 0.061768
0.123047 -0.189575 0.995483 -0.073853 0.000000 0.051880
0.138550 -0.194458 1.015869 -0.070068 -0.017822 0.048218
0.129395 -0.195557 0.997681 -0.073608 -0.020142 0.036011
0.122070 -0.189453 0.984985 -0.051392 -0.029419 0.007324
0.130737 -0.173584 0.998291 -0.021484 -0.036133 -0.028198
0.131958 -0.168823 0.991455 -0.013306 -0.033203 -0.055542
0.118652 -0.172119 0.967896 -0.025635 -0.025513 -0.072998
0.107178 -0.195923 0.973999 -0.033691 -0.029175 -0.083496
0.128052 -0.200684 1.003052 -0.035034 -0.042114 -0.085693
0.140991 -0.208618 1.031372 -0.048706 -0.042114 -0.085815
0.140503 -0.208374 1.048340 -0.048950 -0.030029 -0.088867
0.156006 -0.227173 1.050293 -0.032104 -0.018433 -0.072021
0.156372 -0.212769 1.056274 -0.059082 -0.007202 -0.068115
0.163086 -0.222046 1.050049 -0.108032 0.003540 -0.060547
0.159912 -0.219727 1.042603 -0.121826 0.017212 -0.060181
0.155151 -0.225098 1.034424 -0.130249 0.021729 -0.068359
0.153687 -0.229858 1.036743 -0.128906 0.019653 -0.086182
0.140991 -0.240601 1.033936 -0.129761 0.020142 -0.098999
0.133789 -0.232666 1.037231 -0.120483 0.021729 -0.110596
0.125854 -0.233276 1.031860 -0.112427 0.024048 -0.115967
0.108643 -0.226074 1.022705 -0.115845 0.025635 -0.120605
0.092896 -0.235840 1.007324 -0.121704 0.025635 -0.119629
0.082764 -0.241089 0.998047 -0.113281 0.017944 -0.121094
0.088867 -0.225342 1.038818 -0.081543 0.004761 -0.124634
0.108276 -0.241455 1.032593 -0.030762 0.004150 -0.127075
0.127319 -0.244141 1.064331 -0.075195 0.005859 -0.129395
0.138794 -0.243164 1.093628 -0.065796 0.022949 -0.152954
0.120850 -0.268433 1.080566 -0.046265 0.058716 -0.170288
0.088257 -0.282104 1.042969 -0.044312 0.069824 -0.178833
0.070313 -0.271240 1.026611 -0.016968 0.072998 -0.177002
0.065063 -0.243774 1.035400 -0.007202 0.064819 -0.166748
0.073120 -0.220825 1.038452 -0.004883 0.045288 -0.150391
0.078979 -0.181885 1.076050 0.015991 0.032104 -0.144409
0.075806 -0.183472 1.061523 -0.020386 0.021973 -0.144897
0.087524 -0.186768 1.066284 -0.037720 0.009399 -0.154053
0.093384 -0.190796 1.071167 -0.046021 0.012207 -0.174561
0.097168 -0.189697 1.074097 -0.044067 0.016113 -0.195190
0.102661 -0.180542 1.079346 -0.035400 0.021851 -0.214722
0.098022 -0.189575 1.070068 -0.036255 0.028931 -0.221191
0.090942 -0.197388 1.065063 -0.053833 0.033569 -0.214966
0.070923 -0.222412 1.048950 -0.070190 0.035645 -0.200684
0.064575 -0.217285 1.034912 -0.060913 0.031616 -0.188721
0.071899 -0.210571 1.036865 -0.060181 0.022583 -0.172729
0.107056 -0.163330 1.076904 -0.047607 0.016724 -0.169312
0.114136 -0.137573 1.090698 -0.050415 0.040527 -0.182373
0.107788 -0.135742 1.081055 -0.034668 0.080444 -0.195190
0.091064 -0.159790 1.061157 -0.070435 0.120361 -0.197021
0.072144 -0.199585 1.057617 -0.109619 0.143921 -0.180054
0.071045 -0.187012 1.043579 -0.111084 0.165039 -0.146729
0.062256 -0.186646 1.028564 -0.126099 0.192749 -0.089111
0.042480 -0.180298 1.014526 -0.130737 0.213745 -0.039429
0.005737 -0.231445 0.973999 -0.125977 0.225098 -0.009033
0.003052 -0.217896 0.972168 -0.082886 0.208008 -0.017700
-0.004517 -0.233887 0.978027 -0.067871 0.177124 -0.059326
-0.026978 -0.257568 0.978149 -0.017212 0.140747 -0.128418
-0.032837 -0.256836 0.958618 0.048340 0.092529 -0.198975
-0.034912 -0.282471 0.985596 0.078247 0.041748 -0.245605
-0.007935 -0.272339 1.008545 0.088379 0.014038 -0.256348
0.016235 -0.246338 1.034302 0.038818 0.004883 -0.246826
0.031250 -0.256470 1.039307 -0.022583 0.025146 -0.226440
0.041992 -0.266113 1.055298 -0.079468 0.047363 -0.209717
0.028809 -0.284180 1.034790 -0.145752 0.065796 -0.184570
0.011353 -0.316650 1.010010 -0.169556 0.078735 -0.165771
0.016113 -0.316528 1.009521 -0.149414 0.072754 -0.156250
