0.066772 -0.267578 1.009766 -0.158081 -0.005859 -0.026978
0.045044 -0.294312 1.006226 -0.172363 0.008789 -0.014648
0.020508 -0.315918 0.984375 -0.139648 -0.005005 -0.008301
0.002808 -0.313110 0.953857 -0.060303 -0.041260 -0.012451
0.037354 -0.295166 0.993164 0.056885 -0.110352 -0.015991
0.054443 -0.280884 0.997681 0.086548 -0.127686 -0.030151
0.063843 -0.270020 0.995728 0.086914 -0.136230 -0.043335
0.066895 -0.268433 0.996948 0.087036 -0.142456 -0.056152
0.065430 -0.287109 0.992554 0.079468 -0.145508 -0.065674
0.075073 -0.278687 1.008179 0.119141 -0.145996 -0.072998
0.092651 -0.278931 1.024536 0.164307 -0.143799 -0.058960
0.104614 -0.257813 1.019043 0.152222 -0.110962 -0.046509
0.091675 -0.260742 1.004761 0.085815 -0.066406 -0.032837
0.094971 -0.269165 1.009033 0.022705 -0.059204 -0.022949
0.076172 -0.319580 1.009155 -0.019043 -0.052124 -0.020874
0.068481 -0.330444 1.010620 0.000122 -0.053589 -0.029785
0.071655 -0.338867 1.022827 0.047607 -0.069824 -0.030640
0.083374 -0.321289 1.036255 0.077271 -0.074341 -0.028442
0.083008 -0.323730 1.023315 0.077393 -0.053955 -0.009521
0.079956 -0.315552 1.003906 0.043579 -0.036377 0.010132
0.080078 -0.336426 1.025879 0.029663 -0.047607 0.032715
0.070068 -0.355103 1.036621 0.031860 -0.014648 0.030396
0.081177 -0.360718 1.065918 0.069580 -0.011475 0.038574
0.075317 -0.383789 1.081177 0.064697 0.006348 0.054199
0.063843 -0.392212 1.063477 0.070068 0.015259 0.071655
0.058594 -0.387451 1.046509 0.077515 0.013062 0.081177
0.052490 -0.379150 1.045532 0.078247 0.002686 0.083496
0.072266 -0.351318 1.051392 0.102905 -0.013550 0.088135
0.075684 -0.340698 1.049561 0.105469 -0.017944 0.095459
0.083252 -0.310425 1.029175 0.079834 -0.004272 0.098022
0.064697 -0.330688 1.013428 0.054810 -0.000732 0.104126
0.067871 -0.334351 1.003052 0.047852 -0.004395 0.106201
0.073120 -0.324463 0.995483 0.007568 -0.005249 0.114014
0.078369 -0.329712 1.004272 0.001709 -0.009644 0.130615
0.069458 -0.330200 0.987061 0.007324 0.016113 0.151489
0.068237 -0.332764 0.977661 -0.002441 0.036865 0.182495
0.086914 -0.318970 0.988159 -0.033691 0.043335 0.199219
0.088379 -0.308838 0.976440 -0.051025 0.040161 0.200806
0.080933 -0.299316 0.968140 -0.036377 0.028320 0.193237
0.080322 -0.303467 0.955566 -0.014160 0.008301 0.191284
0.093384 -0.300537 0.958862 0.001099 -0.015015 0.197632
0.103760 -0.265137 0.961792 0.007446 -0.032104 0.201660
0.124023 -0.234497 0.949951 0.029297 -0.038574 0.199341
0.137329 -0.205322 0.959595 0.024170 -0.043335 0.182251
0.159180 -0.196289 1.000122 -0.031372 -0.046997 0.175659
0.148315 -0.211060 1.005127 -0.102539 -0.031616 0.172729
0.129272 -0.226196 0.986938 -0.105957 -0.008911 0.170654
0.134155 -0.212402 0.992676 -0.040771 -0.004150 0.172119
0.148315 -0.202637 0.993896 -0.016846 -0.012695 0.176025
0.153442 -0.195190 1.005981 -0.019043 -0.005127 0.170166
0.154785 -0.192505 1.001709 0.023438 0.017212 0.159912
0.154175 -0.169434 1.002563 0.039917 0.026978 0.141724
0.147827 -0.177490 1.006958 0.039063 0.030273 0.123657
0.126221 -0.191040 1.007568 0.028809 0.023804 0.103271
0.135620 -0.177002 1.010132 0.047607 0.012939 0.086670
0.143066 -0.153442 1.007202 0.048340 0.010132 0.079346
0.150391 -0.131714 1.005127 0.025757 0.025024 0.073853
0.146484 -0.132446 1.007690 0.001221 0.043701 0.064087
0.129639 -0.152954 1.004517 -0.024902 0.051392 0.053955
0.129639 -0.169556 1.017090 -0.033936 0.047485 0.045654
0.135742 -0.165894 1.038574 -0.027344 0.042725 0.034180
0.142334 -0.144287 1.027344 0.001587 0.042725 0.026978
0.155640 -0.119995 1.020142 0.006714 0.044312 0.015991
0.169189 -0.092285 1.013306 -0.041992 0.054443 -0.007446
0.160767 -0.076660 0.986816 -0.103638 0.074219 -0.033325
0.137939 -0.100342 0.955078 -0.156616 0.094604 -0.054932
0.117676 -0.136963 0.950317 -0.205078 0.092529 -0.070068
0.128784 -0.136841 0.967285 -0.219482 0.067993 -0.083740
0.140259 -0.138184 0.982422 -0.202148 0.040161 -0.097534
0.147217 -0.142700 1.020996 -0.139526 0.017212 -0.111572
0.169189 -0.120972 1.067139 -0.083862 0.000610 -0.118164
0.159302 -0.111572 1.073486 -0.086670 0.006226 -0.114990
0.144897 -0.085571 1.050293 -0.105225 0.014282 -0.114014
0.136353 -0.066528 1.035156 -0.103882 0.010620 -0.126343
0.141724 -0.040405 1.057251 -0.087769 -0.010498 -0.160034
0.134277 -0.055908 1.069824 -0.073120 -0.026367 -0.187866
0.132813 -0.046753 1.103882 -0.037354 -0.030029 -0.208496
0.119751 -0.078857 1.124023 -0.052856 -0.015625 -0.209961
0.092529 -0.074585 1.087158 -0.080688 0.017456 -0.216431
0.064941 -0.092651 1.063232 -0.111328 0.021362 -0.233276
0.049561 -0.113647 1.040039 -0.098511 0.005859 -0.265015
0.032104 -0.136353 1.048950 -0.064209 -0.022949 -0.295288
0.028931 -0.142822 1.047363 -0.035156 -0.046387 -0.304443
0.016479 -0.148315 1.044800 -0.040894 -0.057007 -0.292358
0.019287 -0.130615 1.052734 -0.048706 -0.051392 -0.269165
0.036133 -0.123291 1.069214 -0.071777 -0.031494 -0.246704
0.031616 -0.139893 1.080322 -0.131714 -0.020874 -0.230835
0.029907 -0.136230 1.102295 -0.159668 -0.002441 -0.227905
0.026245 -0.135742 1.098389 -0.156250 0.011475 -0.219360
0.029541 -0.130371 1.076172 -0.161011 0.016968 -0.218628
0.025391 -0.134399 1.068237 -0.171631 0.007690 -0.220215
0.025513 -0.118652 1.050659 -0.145264 -0.000977 -0.218384
0.010620 -0.114746 1.029297 -0.118530 -0.015259 -0.193359
0.000610 -0.109131 0.993896 -0.096558 -0.020874 -0.153442
-0.031982 -0.094849 0.916138 -0.029541 -0.023438 -0.109619
-0.073242 -0.135620 0.863159 0.054077 -0.054565 -0.021118
-0.093994 -0.185547 0.811768 0.126465 -0.115112 0.089478
0.096191 -0.121216 0.973389 0.166138 -0.186035 0.148560
0.175659 -0.085815 1.129395 0.068970 -0.209717 0.094360
0.166260 -0.140381 1.137817 0.054321 -0.204102 0.007568
0.130127 -0.203979 1.136597 0.114624 -0.181641 -0.105835
0.072754 -0.269043 1.097290 0.132202 -0.150024 -0.181396
0.038940 -0.307495 1.096558 0.107666 -0.130493 -0.201538
0.022583 -0.339722 1.132935 -0.018433 -0.114380 -0.193726
0.004639 -0.359375 1.119751 -0.171387 -0.095459 -0.162231
-0.009644 -0.366455 1.120117 -0.228882 -0.052368 -0.110474
0.000122 -0.343628 1.116089 -0.231812 -0.000122 -0.050659
0.006714 -0.321045 1.087158 -0.264526 0.039063 0.011353
0.047852 -0.273315 1.087646 -0.295166 0.051025 0.062134
0.071655 -0.248535 1.064697 -0.290161 0.067139 0.097778
0.098877 -0.222046 1.045532 -0.265869 0.081665 0.092163
0.097656 -0.236938 1.011719 -0.284668 0.085815 0.041138
0.053711 -0.312378 1.015747 -0.283447 0.068359 -0.037964
0.014404 -0.385498 1.029785 -0.239624 0.044312 -0.099609
-0.031128 -0.435669 1.017334 -0.171997 0.023804 -0.105469
-0.070068 -0.481812 0.989624 -0.105347 -0.004150 -0.060303
-0.082397 -0.490356 0.991699 -0.040894 -0.038818 0.007813
-0.036133 -0.444092 1.033691 0.020630 -0.062256 0.074097
0.006592 -0.402100 1.049072 0.049316 -0.056274 0.124390
0.050415 -0.336548 1.058960 0.056641 -0.035889 0.149902
0.071289 -0.286255 1.026733 0.085571 -0.009766 0.158203
0.045898 -0.279175 0.966919 0.120361 0.002197 0.134155
0.028564 -0.270752 0.936279 0.145508 -0.038452 0.078857
0.008667 -0.302124 0.934570 0.177368 -0.101929 0.024048
-0.004150 -0.324097 0.958496 0.179810 -0.160645 -0.024048
0.000732 -0.337036 0.959229 0.146973 -0.191895 -0.036011
0.007568 -0.358643 0.979248 0.085083 -0.188843 -0.003784
0.014648 -0.388062 0.991699 0.012207 -0.163940 0.037964
0.021973 -0.396973 0.996094 -0.040039 -0.130615 0.066284
0.023926 -0.431152 0.997437 -0.013062 -0.102051 0.105591
0.045166 -0.415161 1.026733 0.073364 -0.078125 0.131104
0.065430 -0.404907 1.034180 0.113770 -0.055908 0.151001
0.082153 -0.388550 1.035889 0.105103 -0.033325 0.169189
0.078003 -0.375244 1.001465 0.081543 -0.020386 0.188110
0.066040 -0.387695 0.983765 0.111450 -0.023193 0.207520
0.070313 -0.371460 0.977173 0.169067 -0.042725 0.204956
0.075562 -0.354614 0.953369 0.192139 -0.072021 0.186768
0.096802 -0.335938 0.976685 0.183960 -0.110596 0.147339
0.127319 -0.330444 1.018311 0.172974 -0.128906 0.117065
0.127686 -0.358643 1.032349 0.131958 -0.109619 0.100830
0.103271 -0.390015 1.024170 0.081299 -0.086060 0.087280
0.090698 -0.413574 1.014526 0.097534 -0.082275 0.097046
0.090454 -0.407349 1.003296 0.157593 -0.097412 0.116211
0.104126 -0.401855 1.001831 0.170166 -0.099609 0.144897
0.122803 -0.375488 1.007446 0.199585 -0.087402 0.173462
0.130005 -0.347046 0.975098 0.245850 -0.078247 0.190796
0.148315 -0.307983 0.948975 0.251953 -0.088989 0.182617
0.148560 -0.287598 0.945801 0.235229 -0.112915 0.161377
0.171509 -0.281372 0.968628 0.264038 -0.130615 0.138306
0.188232 -0.270996 1.005249 0.282715 -0.132324 0.110229
