0.021606 -0.321411 0.984985 -0.066650 -0.048340 -0.083862
0.032715 -0.322021 0.995483 -0.050171 -0.062134 -0.079102
0.043091 -0.314819 1.004639 -0.048462 -0.060913 -0.072144
0.034546 -0.326294 0.996216 -0.069092 -0.050903 -0.062134
0.028442 -0.331665 0.997559 -0.077759 -0.046387 -0.052002
0.019165 -0.347656 0.997437 -0.078979 -0.050537 -0.043823
0.006714 -0.367676 0.990356 -0.056274 -0.071167 -0.039795
0.009399 -0.366211 0.994385 -0.007446 -0.108643 -0.042969
0.024414 -0.355957 0.994751 0.031982 -0.136963 -0.040405
0.026367 -0.357300 0.995728 0.053101 -0.143921 -0.035400
0.034668 -0.355347 1.002930 0.065308 -0.142212 -0.028931
0.054443 -0.355225 1.020996 0.055298 -0.129028 -0.016724
0.061768 -0.362305 1.033569 0.027344 -0.103882 0.002197
0.051636 -0.400391 1.030884 0.006348 -0.080566 0.022217
0.032104 -0.440430 1.023804 0.012451 -0.071655 0.038330
0.029663 -0.455322 1.023804 0.038208 -0.074219 0.055054
0.028687 -0.471680 1.026123 0.055420 -0.080078 0.070923
0.032593 -0.470459 1.029663 0.078003 -0.087402 0.087769
0.044312 -0.452271 1.033325 0.106445 -0.103271 0.111450
0.060303 -0.432007 1.023682 0.138306 -0.116455 0.129028
0.067017 -0.431274 1.026123 0.104858 -0.114990 0.145752
0.082520 -0.416382 1.038208 0.138794 -0.106323 0.164429
0.104126 -0.393311 1.047729 0.149780 -0.095459 0.190308
0.112183 -0.379028 1.034668 0.119263 -0.071777 0.213989
0.112305 -0.366943 1.010254 0.077393 -0.032837 0.225952
0.094727 -0.372559 0.994385 0.015747 0.019653 0.229370
0.108032 -0.342041 0.978027 0.024902 0.041870 0.227173
0.104980 -0.334229 0.993896 0.083984 0.058228 0.222778
0.102417 -0.326782 0.983643 0.113892 0.033813 0.229980
0.110962 -0.320435 0.979004 0.123169 -0.013672 0.237549
0.112793 -0.320801 0.969238 0.087524 -0.053711 0.236694
0.114014 -0.322266 0.975220 0.089478 -0.064209 0.220703
0.126953 -0.296875 0.990112 0.113525 -0.050537 0.210938
0.131104 -0.279663 0.985107 0.105225 -0.032959 0.224976
0.151123 -0.253174 0.987427 0.101440 -0.018799 0.246338
0.156250 -0.230957 0.983032 0.066650 -0.001221 0.264648
0.130493 -0.256592 0.958862 0.013916 0.022461 0.278931
0.109253 -0.269653 0.941162 -0.017334 0.034912 0.280884
0.108521 -0.265869 0.943237 -0.020752 0.031616 0.279907
0.118652 -0.248779 0.940918 -0.007324 0.012329 0.274902
0.135498 -0.227783 0.956299 0.012939 -0.012085 0.261597
0.138794 -0.234131 0.965332 0.016724 -0.031982 0.254517
0.137939 -0.233521 0.968384 0.021362 -0.048706 0.244629
0.145996 -0.222168 0.967651 0.030762 -0.062256 0.235718
0.162842 -0.201416 0.976685 0.041748 -0.071533 0.228149
0.180542 -0.181763 0.986938 0.027954 -0.068359 0.224609
0.191772 -0.155518 0.982178 -0.003662 -0.051025 0.219727
0.190430 -0.144531 0.966431 -0.040161 -0.028809 0.213013
0.180176 -0.143799 0.952393 -0.074951 -0.010498 0.205688
0.181641 -0.136841 0.962769 -0.096436 -0.006836 0.190552
0.172974 -0.149048 0.974854 -0.111206 -0.010254 0.169556
0.174805 -0.140137 0.988525 -0.105591 -0.020874 0.147949
0.181519 -0.133301 0.993896 -0.097168 -0.034424 0.128784
0.197021 -0.112427 0.993896 -0.083496 -0.049927 0.101440
0.222046 -0.092407 1.015259 -0.046997 -0.046753 0.067627
0.242554 -0.077271 1.016235 -0.006226 -0.036011 0.038940
0.243408 -0.059448 1.010132 -0.016724 -0.018433 0.013550
0.241943 -0.054077 0.983765 -0.052246 0.007813 -0.008057
0.235352 -0.052002 0.956909 -0.081299 0.035400 -0.031494
0.219116 -0.044434 0.918579 -0.107300 0.053833 -0.063599
0.199097 -0.057251 0.902100 -0.133545 0.049805 -0.094727
0.205688 -0.077637 0.935913 -0.161621 0.019775 -0.124878
0.223999 -0.086060 1.008545 -0.188232 -0.010620 -0.149170
0.232422 -0.082275 1.054077 -0.222168 -0.024170 -0.165894
0.227539 -0.086548 1.094849 -0.234619 -0.031006 -0.172241
0.232666 -0.067261 1.129761 -0.211670 -0.030396 -0.179810
0.243652 -0.037354 1.174805 -0.198242 -0.011597 -0.191162
0.233154 -0.024658 1.187988 -0.221313 0.028320 -0.203979
0.194092 -0.022217 1.148560 -0.267944 0.072754 -0.224854
0.148682 -0.046265 1.123535 -0.307007 0.103271 -0.247681
0.124634 -0.059448 1.130371 -0.333130 0.113037 -0.263550
0.099731 -0.084961 1.128418 -0.341309 0.119141 -0.273438
0.070190 -0.116333 1.119873 -0.322021 0.118896 -0.280029
0.059570 -0.129272 1.138428 -0.285522 0.108276 -0.279785
0.047607 -0.142700 1.149658 -0.247437 0.104248 -0.275024
0.042236 -0.134033 1.156372 -0.196045 0.114258 -0.268921
0.018677 -0.144287 1.122314 -0.167480 0.126343 -0.261475
-0.005615 -0.147705 1.090454 -0.141846 0.130859 -0.252319
-0.010498 -0.156982 1.081665 -0.118164 0.121582 -0.244751
0.000610 -0.166870 1.097778 -0.087524 0.112427 -0.239624
0.014648 -0.178833 1.118530 -0.079712 0.111450 -0.227051
0.024658 -0.185791 1.121094 -0.102295 0.132813 -0.206787
0.009644 -0.203491 1.101440 -0.135864 0.164429 -0.184204
-0.031128 -0.240356 1.039429 -0.171143 0.174683 -0.164795
-0.061035 -0.283325 1.009644 -0.136475 0.134766 -0.160034
-0.069092 -0.308960 0.997192 -0.028564 0.057129 -0.167969
-0.066772 -0.334229 1.001953 0.078979 -0.022339 -0.164917
-0.022705 -0.308472 1.033936 0.174683 -0.079956 -0.165405
0.017090 -0.286255 1.056885 0.212036 -0.097778 -0.163452
0.038208 -0.247925 1.044067 0.179565 -0.076172 -0.159546
0.048828 -0.220215 1.023560 0.136841 -0.047241 -0.154663
0.048950 -0.231079 1.004517 0.071045 -0.040649 -0.146362
0.078247 -0.212769 1.009277 0.045776 -0.036499 -0.149292
0.091797 -0.213623 1.027100 0.046631 -0.032837 -0.153564
0.093506 -0.233154 1.013184 0.038818 -0.035034 -0.154663
0.098877 -0.238037 1.015259 0.012817 -0.039307 -0.165771
0.082764 -0.277832 0.996582 -0.028198 -0.038818 -0.190796
0.065674 -0.308228 0.996216 -0.021851 -0.040161 -0.217163
0.051270 -0.343262 1.005127 0.003174 -0.048584 -0.223633
0.041748 -0.375610 1.029907 0.028198 -0.057861 -0.210571
0.026245 -0.412476 1.050781 0.013062 -0.060425 -0.187256
0.021973 -0.417358 1.047119 0.025146 -0.056396 -0.162109
0.000854 -0.443970 1.046143 0.036499 -0.043457 -0.133423
-0.005493 -0.431152 1.033691 0.067871 -0.046875 -0.104370
0.001831 -0.406616 1.024902 0.091553 -0.058472 -0.082275
0.020874 -0.376343 1.028076 0.108765 -0.064209 -0.075195
0.018433 -0.359253 1.012451 0.109741 -0.052368 -0.063599
0.010620 -0.357788 0.992554 0.102295 -0.036133 -0.045532
0.006470 -0.357788 0.972046 0.074097 -0.024902 -0.023315
-0.005249 -0.346558 0.943115 0.043091 -0.024048 -0.006592
-0.011230 -0.339966 0.920654 0.062256 -0.048950 -0.005981
-0.008301 -0.351563 0.930664 0.094849 -0.088867 -0.025146
-0.007446 -0.374268 0.955200 0.107300 -0.115845 -0.042603
-0.021851 -0.404175 0.966431 0.104126 -0.117188 -0.036621
-0.036255 -0.416504 0.954346 0.082153 -0.107178 -0.005493
-0.024292 -0.393188 0.956299 0.056396 -0.102295 0.030273
-0.018555 -0.381836 0.953613 0.051758 -0.104614 0.058105
-0.008667 -0.360474 0.955322 0.091064 -0.120850 0.067139
0.000732 -0.357666 0.966797 0.141113 -0.142700 0.072998
0.022095 -0.349854 0.988525 0.178589 -0.161987 0.080933
0.060059 -0.329590 1.011230 0.193115 -0.166748 0.087158
0.085083 -0.310547 1.022949 0.176514 -0.156372 0.087158
0.101929 -0.304565 1.033081 0.150024 -0.141602 0.081177
0.094849 -0.329712 1.023926 0.139282 -0.127808 0.077271
0.100220 -0.357910 1.029907 0.156616 -0.123291 0.081665
0.125610 -0.357544 1.059448 0.167969 -0.115967 0.089233
0.146362 -0.347900 1.056519 0.155518 -0.109375 0.108032
0.140503 -0.335449 1.025513 0.129150 -0.082520 0.122681
0.115479 -0.348145 0.995605 0.098755 -0.052002 0.139160
0.105103 -0.352173 0.976929 0.156128 -0.048340 0.141479
0.116821 -0.324951 0.975708 0.220581 -0.083740 0.138062
0.140747 -0.314209 0.973145 0.245850 -0.135376 0.136719
0.172241 -0.278564 0.989014 0.250000 -0.167480 0.123535
0.182129 -0.270508 0.999390 0.274048 -0.159668 0.115723
0.186035 -0.253784 0.993408 0.314941 -0.119507 0.103760
0.174316 -0.245605 0.970825 0.288086 -0.072876 0.103271
0.158081 -0.251709 0.958374 0.230225 -0.053589 0.112671
0.150879 -0.252808 0.962524 0.178101 -0.055298 0.128052
0.151489 -0.257324 0.957642 0.114868 -0.070679 0.152222
0.166992 -0.254150 0.965332 0.087769 -0.080566 0.166382
0.172119 -0.255005 0.979004 0.102051 -0.085449 0.165283
0.183105 -0.243286 0.986328 0.118530 -0.087524 0.149048
0.198120 -0.214111 0.981934 0.123779 -0.088013 0.133667
0.203613 -0.203247 0.991089 0.087524 -0.082275 0.136230
0.232544 -0.178345 1.018066 0.049438 -0.071045 0.134277
0.235718 -0.172729 1.017456 -0.007202 -0.049316 0.136108
0.211792 -0.184692 0.991211 -0.064209 -0.023926 0.134521
0.189209 -0.186768 0.965210 -0.098511 -0.007568 0.137695
0.186035 -0.203979 0.987305 -0.129395 -0.004517 0.141235
0.209351 -0.176880 0.994629 -0.115845 -0.017822 0.131958
