-0.112183 -0.535400 1.008911 -0.346680 0.059448 -0.084351
-0.121460 -0.524048 0.982422 -0.385864 0.087280 -0.029297
-0.149414 -0.540527 0.956909 -0.393188 0.084473 -0.001953
-0.166992 -0.584106 0.964478 -0.350586 0.048462 0.006226
-0.165283 -0.613770 0.987183 -0.251953 -0.010254 -0.007690
-0.152710 -0.602661 1.017944 -0.116699 -0.070313 -0.028076
-0.144653 -0.588013 1.016846 0.005249 -0.113770 -0.032104
-0.125977 -0.541016 1.005249 0.071533 -0.143921 -0.015991
-0.108276 -0.516357 1.006958 0.087769 -0.153809 0.024902
-0.088745 -0.507568 1.025879 0.085571 -0.145020 0.062866
-0.083984 -0.511230 1.030029 0.085205 -0.130493 0.091919
-0.071655 -0.501343 1.024292 0.098999 -0.125000 0.115601
-0.045288 -0.481689 1.033081 0.104492 -0.120605 0.136841
-0.028564 -0.483765 1.038208 0.104492 -0.109619 0.159424
-0.030273 -0.493408 1.024292 0.119873 -0.116943 0.181641
-0.044189 -0.517822 0.999756 0.075439 -0.107300 0.198975
-0.046753 -0.518066 0.988525 0.062134 -0.098145 0.208740
-0.021973 -0.491699 0.982300 0.118286 -0.093750 0.212280
0.005493 -0.475952 1.000732 0.132080 -0.117310 0.222900
0.033081 -0.457520 0.999756 0.161499 -0.133179 0.226074
0.050781 -0.435059 0.986572 0.176636 -0.141968 0.229370
0.083862 -0.427368 0.992188 0.220581 -0.144775 0.229980
0.095825 -0.426147 0.993652 0.301514 -0.145142 0.217163
0.099609 -0.426025 0.998291 0.354492 -0.125732 0.203247
0.110474 -0.417358 0.996704 0.378296 -0.112305 0.214478
0.104614 -0.426147 0.982666 0.328735 -0.088867 0.237793
0.106934 -0.413940 0.959229 0.274292 -0.063232 0.250488
0.117065 -0.372681 0.957764 0.259399 -0.026489 0.259033
0.120361 -0.363159 0.957520 0.240112 -0.007690 0.276489
0.132080 -0.324463 0.949463 0.196045 -0.007324 0.292725
0.123291 -0.322144 0.932373 0.132324 0.003052 0.304810
0.107056 -0.301636 0.907227 0.090942 -0.000244 0.311646
0.104736 -0.284302 0.895996 0.070068 -0.013672 0.308228
0.108521 -0.273804 0.902466 0.066284 -0.028320 0.299683
0.114990 -0.261719 0.926880 0.078369 -0.035278 0.283447
0.109985 -0.261841 0.941528 0.071655 -0.040405 0.277100
0.100830 -0.249390 0.928955 0.040649 -0.047485 0.283936
0.077881 -0.254028 0.902100 0.026733 -0.066528 0.291260
0.090332 -0.228882 0.903931 0.069336 -0.102173 0.281372
0.112305 -0.224121 0.932983 0.092041 -0.131470 0.263672
0.135132 -0.195923 0.959229 0.079712 -0.136841 0.243896
0.139038 -0.176392 0.959473 0.039307 -0.118286 0.231323
0.130005 -0.161865 0.951172 -0.009033 -0.099976 0.225830
0.137085 -0.147217 0.959106 -0.040405 -0.097046 0.218872
0.136230 -0.159058 0.966919 -0.064453 -0.102173 0.204834
0.146484 -0.146606 0.975098 -0.047974 -0.111694 0.179077
0.168091 -0.123413 0.989380 -0.024902 -0.104248 0.157471
0.161743 -0.117676 0.989746 -0.053101 -0.065674 0.151123
0.140137 -0.119385 0.961304 -0.105225 -0.018555 0.148193
0.112915 -0.129395 0.930054 -0.154785 0.008423 0.145142
0.100342 -0.142212 0.924683 -0.189819 0.010376 0.133423
0.100220 -0.151123 0.935669 -0.197754 -0.008789 0.109985
0.113770 -0.144897 0.971069 -0.139404 -0.018433 0.073486
0.132446 -0.130249 0.995361 -0.047363 -0.028809 0.039917
0.135742 -0.125732 1.010498 -0.039795 -0.034302 0.017212
0.133545 -0.124268 1.015869 -0.057983 -0.035889 -0.000244
0.138794 -0.106079 1.022217 -0.062988 -0.034058 -0.011597
0.144165 -0.091675 1.030029 -0.074219 -0.031982 -0.022339
0.163696 -0.078613 1.050537 -0.089111 -0.030273 -0.038696
0.173706 -0.076782 1.067139 -0.118652 -0.014893 -0.055908
0.168335 -0.065308 1.062622 -0.142334 0.007690 -0.082153
0.154907 -0.068970 1.057007 -0.151245 0.021973 -0.111206
0.144653 -0.090942 1.063843 -0.178711 0.024780 -0.133911
0.150513 -0.089966 1.082886 -0.185425 0.020020 -0.153320
0.151733 -0.086548 1.078003 -0.194580 0.013916 -0.163452
0.181641 -0.071655 1.127563 -0.186279 0.020142 -0.178833
0.207031 -0.043213 1.147095 -0.191284 0.053223 -0.206665
0.192505 -0.041016 1.127075 -0.238037 0.097778 -0.245728
0.155273 -0.064697 1.090942 -0.276123 0.134277 -0.290649
0.102295 -0.106567 1.077637 -0.300781 0.150513 -0.325317
0.071167 -0.129639 1.049194 -0.309448 0.128418 -0.351318
0.052368 -0.146240 1.047119 -0.258057 0.093872 -0.378540
0.048218 -0.166382 1.045044 -0.201416 0.053467 -0.402832
0.066772 -0.166748 1.072632 -0.162476 0.007080 -0.422119
0.086548 -0.175049 1.112427 -0.131592 -0.015137 -0.435303
0.086792 -0.200073 1.134277 -0.132935 -0.013184 -0.441528
0.094727 -0.199951 1.154663 -0.131470 0.006226 -0.451050
0.081177 -0.237061 1.152954 -0.151855 0.047241 -0.443359
0.037476 -0.281006 1.128540 -0.218018 0.097656 -0.420410
-0.009155 -0.323608 1.085327 -0.272339 0.132935 -0.392700
-0.043213 -0.355957 1.057251 -0.289795 0.135498 -0.369019
-0.037354 -0.356812 1.064453 -0.261841 0.102295 -0.355469
-0.040283 -0.362305 1.047241 -0.203369 0.072510 -0.344482
-0.039307 -0.352661 1.037476 -0.115112 0.052734 -0.334961
-0.028564 -0.330933 1.032837 -0.033081 0.051636 -0.321167
-0.015259 -0.328003 1.022827 -0.012573 0.057739 -0.301392
-0.019409 -0.337280 1.028809 -0.056641 0.072632 -0.280151
-0.045410 -0.365356 1.019409 -0.129395 0.094116 -0.243774
-0.080811 -0.399902 1.000854 -0.152710 0.115356 -0.199585
-0.120483 -0.436768 0.980713 -0.141113 0.107422 -0.158447
-0.121704 -0.422729 0.967651 -0.088135 0.068481 -0.126465
-0.120361 -0.416748 0.963745 -0.024658 0.018921 -0.102539
-0.072388 -0.371216 0.973022 0.039673 -0.035400 -0.082275
-0.028564 -0.323975 0.994507 0.047241 -0.068481 -0.073486
0.009766 -0.264893 1.010132 0.040649 -0.071289 -0.087036
0.015625 -0.268677 1.001465 0.034546 -0.042358 -0.092285
0.001221 -0.289673 0.980347 0.008423 -0.009399 -0.100586
-0.024170 -0.335205 0.979370 -0.059692 0.017578 -0.091919
-0.042969 -0.380615 0.984619 -0.125366 0.040283 -0.060913
-0.043213 -0.391479 0.977173 -0.176514 0.062744 -0.022827
-0.042358 -0.384033 0.959839 -0.187500 0.086548 0.014771
-0.006836 -0.340454 0.951050 -0.152588 0.096191 0.036499
0.010132 -0.329956 0.965698 -0.113403 0.110596 0.048096
-0.008301 -0.383179 0.960205 -0.073608 0.135864 0.044189
-0.039185 -0.423096 0.940674 -0.067993 0.154053 0.041382
-0.059326 -0.442017 0.929688 -0.092773 0.167969 0.051636
-0.070923 -0.447266 0.931396 -0.122681 0.170410 0.076294
-0.090210 -0.469849 0.923462 -0.142578 0.158447 0.104736
-0.076172 -0.460815 0.945557 -0.130249 0.115967 0.117432
-0.050415 -0.457153 0.975830 -0.114746 0.066650 0.113281
-0.034790 -0.442505 0.992798 -0.116577 0.025757 0.091797
-0.010986 -0.437622 1.008057 -0.111206 -0.016235 0.056030
-0.002075 -0.431030 0.998047 -0.108643 -0.048340 0.016357
-0.031128 -0.476807 0.981812 -0.112305 -0.065186 -0.021973
-0.060181 -0.517822 0.974976 -0.087036 -0.085327 -0.047852
-0.069702 -0.542358 0.975952 -0.041382 -0.111328 -0.054688
-0.064819 -0.564331 0.984863 0.008911 -0.137451 -0.043335
-0.056152 -0.569946 0.985596 0.047485 -0.167480 -0.021973
-0.038330 -0.561768 1.000488 0.122681 -0.192261 0.009521
-0.000977 -0.500854 1.006836 0.209229 -0.194824 0.037720
0.017578 -0.445190 0.979248 0.243774 -0.171387 0.061401
0.033325 -0.413940 0.954712 0.245483 -0.146729 0.079468
0.041138 -0.404297 0.955566 0.215454 -0.134277 0.072388
0.032959 -0.434448 0.965820 0.176636 -0.129517 0.053101
0.025269 -0.467163 0.975586 0.164429 -0.125732 0.039795
0.029297 -0.473999 0.978638 0.170776 -0.112305 0.043335
0.028809 -0.481567 0.966064 0.163208 -0.091431 0.060425
0.023560 -0.478027 0.956177 0.152710 -0.072998 0.075562
0.012085 -0.493408 0.940918 0.158203 -0.061401 0.094360
0.008667 -0.503540 0.935547 0.164673 -0.065552 0.105469
0.021118 -0.502319 0.953125 0.172119 -0.080811 0.116211
0.038086 -0.481812 0.953247 0.185425 -0.086426 0.125610
0.033325 -0.476196 0.930420 0.178223 -0.081421 0.134155
0.030029 -0.456421 0.910767 0.176514 -0.081055 0.141113
0.029541 -0.441528 0.905640 0.169067 -0.094116 0.150146
0.031006 -0.437256 0.906128 0.163696 -0.115234 0.154419
0.046265 -0.418335 0.908691 0.164307 -0.135742 0.159180
0.062622 -0.396973 0.924805 0.144409 -0.149170 0.167969
0.069702 -0.373169 0.918945 0.123535 -0.152100 0.179199
0.080566 -0.361572 0.919556 0.133301 -0.155029 0.186768
0.094482 -0.343140 0.919312 0.147217 -0.163574 0.186279
0.110840 -0.307495 0.937866 0.142822 -0.170044 0.180542
0.129883 -0.284912 0.940063 0.139038 -0.168213 0.174438
0.127441 -0.290894 0.952271 0.124878 -0.159302 0.168335
0.129883 -0.292236 0.962402 0.125244 -0.152466 0.169678
0.129272 -0.291748 0.968262 0.135864 -0.148926 0.170410
0.130493 -0.288208 0.960571 0.153564 -0.149414 0.163574
0.142090 -0.271973 0.970825 0.192749 -0.153442 0.155396
0.152954 -0.259766 0.983398 0.194824 -0.149414 0.154541
0.166626 -0.251465 1.005005 0.150146 -0.125366 0.162109
