-0.083618 -0.544189 1.039673 0.095093 -0.095581 0.035400
-0.078613 -0.514771 1.025879 0.107544 -0.093506 0.066284
-0.066406 -0.496338 1.026611 0.101929 -0.088745 0.092896
-0.060303 -0.477905 1.020386 0.101318 -0.088135 0.109375
-0.060547 -0.481201 1.020142 0.116089 -0.085815 0.119751
-0.057495 -0.467896 1.032227 0.123535 -0.081787 0.131592
-0.051392 -0.466919 1.030884 0.109741 -0.068604 0.156006
-0.043579 -0.453979 1.011108 0.097168 -0.051392 0.183594
-0.041504 -0.446411 0.984253 0.096558 -0.039063 0.205688
-0.032227 -0.446289 0.969727 0.104370 -0.038086 0.217285
-0.028076 -0.451538 0.951172 0.114624 -0.046997 0.217651
-0.026001 -0.454590 0.936646 0.131592 -0.060181 0.218262
-0.018188 -0.450195 0.921875 0.148193 -0.072754 0.227905
-0.002686 -0.432129 0.907715 0.154663 -0.079224 0.241455
0.013062 -0.401978 0.891724 0.144043 -0.082886 0.257813
0.027832 -0.380005 0.881470 0.122559 -0.082153 0.270752
0.041870 -0.357422 0.890747 0.085327 -0.077637 0.275391
0.049805 -0.363037 0.905273 0.032959 -0.075195 0.284180
0.050659 -0.375488 0.932373 0.001831 -0.084717 0.283447
0.065796 -0.365479 0.952026 0.014282 -0.102051 0.278687
0.068115 -0.363770 0.963013 0.030396 -0.117676 0.282837
0.095947 -0.340088 0.989502 0.042725 -0.137207 0.285645
0.121948 -0.319092 0.996826 0.057983 -0.147705 0.286133
0.153320 -0.285400 1.026001 0.068726 -0.145874 0.277222
0.168213 -0.263062 1.019409 0.075317 -0.125732 0.265869
0.161499 -0.235840 0.997925 0.069580 -0.100586 0.249146
0.154297 -0.224854 0.975586 0.059937 -0.083984 0.233765
0.154663 -0.218750 0.959839 0.047607 -0.077515 0.216675
0.165771 -0.196655 0.960083 0.041748 -0.074341 0.198120
0.165161 -0.192993 0.967407 0.027710 -0.068848 0.177124
0.161011 -0.181763 0.952759 0.021851 -0.062866 0.147827
0.146118 -0.170654 0.935181 0.031128 -0.058838 0.119507
0.140015 -0.165039 0.927979 0.024048 -0.062256 0.094238
0.136353 -0.161743 0.943726 0.010010 -0.072266 0.068604
0.135742 -0.144775 0.961548 0.003662 -0.079102 0.043335
0.142212 -0.135498 0.979248 -0.017090 -0.074219 0.034424
0.134399 -0.122070 0.980347 -0.015625 -0.059814 0.015625
0.128784 -0.108643 0.979248 0.017090 -0.065918 -0.013184
0.139771 -0.086914 0.996948 0.014771 -0.080566 -0.040894
0.149780 -0.076904 1.015991 -0.005371 -0.080078 -0.059937
0.156128 -0.053955 1.038330 -0.012695 -0.064697 -0.082153
0.166504 -0.030518 1.044434 -0.025757 -0.038574 -0.103149
0.148926 -0.036133 1.036987 -0.081665 -0.015747 -0.120972
0.126343 -0.045288 1.035889 -0.123169 -0.001953 -0.144531
0.106201 -0.063232 1.036743 -0.148682 -0.003662 -0.166504
0.108521 -0.073364 1.061157 -0.152710 -0.015747 -0.185791
0.118286 -0.057861 1.093384 -0.148926 -0.021118 -0.206177
0.105835 -0.060913 1.094360 -0.158691 -0.014648 -0.221680
0.087036 -0.064087 1.072876 -0.161011 -0.009888 -0.237793
0.079834 -0.045532 1.070557 -0.148193 -0.013062 -0.259033
0.070313 -0.050781 1.060669 -0.155640 -0.016479 -0.276489
0.061523 -0.042480 1.044067 -0.167236 -0.010986 -0.294434
0.061890 -0.050415 1.042114 -0.201538 0.003418 -0.303467
0.051147 -0.080566 1.050903 -0.285400 0.030762 -0.308838
0.039795 -0.098022 1.067993 -0.359863 0.063232 -0.323608
0.017334 -0.153687 1.077637 -0.432007 0.087524 -0.330200
-0.007568 -0.205322 1.088257 -0.492676 0.101563 -0.338989
-0.042725 -0.278931 1.104614 -0.526733 0.097778 -0.340088
-0.057617 -0.336304 1.129150 -0.517212 0.080200 -0.331177
-0.078003 -0.403809 1.139404 -0.474243 0.054077 -0.316406
-0.068359 -0.430786 1.163818 -0.371826 0.027588 -0.302368
-0.069214 -0.448853 1.160889 -0.260376 0.007568 -0.275635
-0.030151 -0.382324 1.147705 -0.155762 0.001465 -0.249634
-0.015259 -0.324585 1.106445 -0.099243 0.006226 -0.230103
0.015137 -0.290771 1.097534 -0.061035 0.005859 -0.229004
0.035889 -0.286011 1.104492 -0.045410 0.021240 -0.232788
0.031494 -0.283569 1.082520 -0.079224 0.066772 -0.225586
0.010010 -0.311768 1.053101 -0.146606 0.112915 -0.208130
-0.003174 -0.355713 1.029785 -0.193115 0.142944 -0.188110
-0.026123 -0.419556 1.033081 -0.199463 0.150879 -0.176392
-0.047607 -0.467285 1.021484 -0.179199 0.140625 -0.172852
-0.085449 -0.502808 0.984131 -0.114380 0.108276 -0.177246
-0.092773 -0.513184 0.970581 0.011108 0.045898 -0.186890
-0.072998 -0.487671 0.977173 0.111572 -0.013550 -0.187134
-0.039063 -0.445313 0.981323 0.172852 -0.038208 -0.172852
-0.011719 -0.403931 0.987305 0.174561 -0.026978 -0.150513
-0.007690 -0.387817 0.979126 0.118652 0.006592 -0.126465
-0.004272 -0.374390 0.963135 0.076294 0.040527 -0.107544
-0.001831 -0.377441 0.966187 0.038818 0.060059 -0.092041
-0.004028 -0.373657 0.953857 0.005859 0.077148 -0.078003
-0.024048 -0.378052 0.919922 -0.033936 0.088379 -0.064819
-0.041382 -0.398315 0.897217 -0.051514 0.072998 -0.058350
-0.050781 -0.416992 0.884521 -0.011475 0.028076 -0.077637
-0.071289 -0.467773 0.880859 0.027100 -0.025391 -0.110596
-0.075439 -0.493286 0.901611 0.095337 -0.076172 -0.131714
-0.075073 -0.510132 0.918335 0.137939 -0.105225 -0.128418
-0.065186 -0.507935 0.929321 0.139282 -0.106445 -0.110107
-0.067261 -0.500122 0.930420 0.110962 -0.091064 -0.078857
-0.078857 -0.500366 0.927979 0.085571 -0.072510 -0.044556
-0.077515 -0.489014 0.916504 0.068237 -0.064575 -0.016724
-0.085205 -0.506226 0.910889 0.059082 -0.067749 0.004883
-0.090698 -0.531372 0.910522 0.062866 -0.084351 0.015869
-0.082520 -0.546265 0.919434 0.087646 -0.107178 0.019409
-0.063721 -0.556519 0.932495 0.108521 -0.119751 0.027710
-0.052246 -0.565063 0.937500 0.105469 -0.116455 0.050293
-0.041504 -0.580933 0.947632 0.091431 -0.105713 0.082031
-0.029907 -0.593872 0.952759 0.085327 -0.099976 0.116455
-0.007446 -0.596680 0.963257 0.086792 -0.113525 0.152222
0.007568 -0.588623 0.950684 0.069702 -0.123657 0.184570
0.036133 -0.567139 0.965942 0.093140 -0.126465 0.204956
0.064087 -0.534546 0.965820 0.157715 -0.132568 0.208008
0.095825 -0.509644 0.978394 0.208984 -0.144165 0.200195
0.114502 -0.483521 0.987671 0.225220 -0.148438 0.196289
0.120605 -0.472046 0.969849 0.217407 -0.138306 0.206909
0.138062 -0.449341 0.962891 0.208130 -0.132446 0.221924
0.153809 -0.414063 0.955688 0.218994 -0.112183 0.234619
0.163452 -0.382813 0.936157 0.204956 -0.091797 0.245117
0.165527 -0.368774 0.924194 0.198242 -0.084595 0.237915
0.158325 -0.359619 0.911743 0.182251 -0.093384 0.222168
0.151489 -0.356201 0.898071 0.184692 -0.109253 0.204224
0.144531 -0.356079 0.892456 0.192017 -0.132690 0.189209
0.140869 -0.331055 0.879517 0.210327 -0.149780 0.178589
0.143188 -0.325195 0.885986 0.218262 -0.154297 0.179199
0.152954 -0.311035 0.897217 0.192505 -0.150757 0.185913
0.149414 -0.300049 0.902466 0.134766 -0.134399 0.197876
0.148682 -0.292725 0.921997 0.079346 -0.116577 0.211792
0.136719 -0.297852 0.917603 0.041748 -0.111572 0.219971
0.131348 -0.287842 0.931152 0.035156 -0.117798 0.215576
0.123901 -0.281372 0.962402 0.045898 -0.133545 0.202148
0.163574 -0.244385 0.986206 0.098267 -0.160400 0.187866
0.182983 -0.230347 1.022339 0.119019 -0.147339 0.169922
0.155273 -0.249023 1.010010 0.079468 -0.107544 0.162964
0.128906 -0.257690 0.989502 0.052979 -0.076294 0.167480
0.114258 -0.243530 0.979248 0.034546 -0.069336 0.173828
0.127319 -0.211914 0.988281 0.037354 -0.078369 0.172729
0.140381 -0.201538 1.013184 0.028320 -0.081421 0.167236
0.141724 -0.191162 1.018066 -0.008057 -0.070313 0.161865
0.132202 -0.182983 1.018799 -0.046021 -0.054565 0.157715
0.112549 -0.193848 1.014526 -0.072876 -0.047119 0.152222
0.103149 -0.182373 1.009644 -0.073120 -0.058594 0.139160
0.103394 -0.176758 1.009277 -0.044434 -0.078003 0.122559
0.109253 -0.159302 1.028809 -0.011230 -0.088989 0.104614
0.127319 -0.131104 1.053589 0.007202 -0.080566 0.090942
0.127441 -0.117676 1.059326 -0.002075 -0.056030 0.086670
0.122437 -0.123413 1.063354 -0.022583 -0.035400 0.078003
0.115356 -0.117554 1.067383 -0.038940 -0.021240 0.067017
0.104126 -0.132202 1.061523 -0.039063 -0.015625 0.059326
0.103516 -0.126343 1.053955 -0.032104 -0.021973 0.045898
0.115723 -0.122192 1.076416 -0.023071 -0.031006 0.033936
0.120728 -0.131348 1.091431 -0.022949 -0.020874 0.025146
0.109985 -0.138306 1.089722 -0.031250 -0.000244 0.016479
0.107422 -0.139648 1.081421 -0.038574 0.017212 0.011475
0.101318 -0.155273 1.075928 -0.036133 0.022949 0.008423
0.105957 -0.160645 1.080078 -0.021729 0.016479 -0.002197
0.111450 -0.161133 1.082886 -0.005859 0.006592 -0.019409
0.116699 -0.163208 1.079956 0.009766 -0.005127 -0.039795
0.117188 -0.162842 1.077515 0.017212 -0.010498 -0.053345
0.116699 -0.177979 1.075806 0.012939 -0.004639 -0.053223
0.117676 -0.183350 1.081421 -0.003784 0.013306 -0.051636
0.102051 -0.202148 1.067261 -0.035400 0.040527 -0.045410
