-0.121216 -0.427612 0.962524 -0.172729 -0.004517 -0.351807
-0.148071 -0.446533 0.957031 -0.222900 -0.002808 -0.331665
-0.174316 -0.467041 0.975830 -0.244751 0.017822 -0.294678
-0.211792 -0.507568 0.961792 -0.256348 0.017090 -0.230347
-0.226685 -0.541138 0.973633 -0.258789 -0.000488 -0.172974
-0.233398 -0.584595 0.980591 -0.241943 -0.020142 -0.121704
-0.204834 -0.586914 1.010376 -0.188110 -0.055420 -0.102051
-0.198853 -0.572632 1.005615 -0.135742 -0.092285 -0.105835
-0.203369 -0.581787 1.000854 -0.058838 -0.126831 -0.107300
-0.191528 -0.580444 1.005981 0.020142 -0.150635 -0.096313
-0.178955 -0.574585 1.005615 0.065308 -0.153687 -0.063477
-0.165283 -0.548584 0.983765 0.089722 -0.147461 -0.026367
-0.159424 -0.556519 0.973999 0.106445 -0.147217 0.005005
-0.139526 -0.551270 0.977661 0.121216 -0.156128 0.021362
-0.130005 -0.550537 0.973145 0.137207 -0.162720 0.029541
-0.112793 -0.548340 0.982178 0.157959 -0.166992 0.039795
-0.102295 -0.532227 0.969849 0.159424 -0.161621 0.057861
-0.105835 -0.535889 0.945068 0.159790 -0.153320 0.087524
-0.093262 -0.532593 0.936890 0.180176 -0.154297 0.109741
-0.076660 -0.530029 0.929810 0.194458 -0.165649 0.124512
-0.064941 -0.536133 0.936279 0.206543 -0.177979 0.135742
-0.038696 -0.520630 0.938721 0.219116 -0.180786 0.146484
-0.025269 -0.513306 0.930176 0.210083 -0.170898 0.165283
-0.015259 -0.505981 0.927734 0.203735 -0.153198 0.185669
-0.009766 -0.503174 0.915039 0.198242 -0.141846 0.207153
-0.001099 -0.498779 0.903198 0.196289 -0.147827 0.220581
0.012817 -0.501343 0.908569 0.194702 -0.159790 0.227905
0.023315 -0.492065 0.908447 0.190552 -0.158325 0.232300
0.029419 -0.481201 0.899170 0.195679 -0.156616 0.245361
0.030640 -0.476929 0.888794 0.195313 -0.156128 0.258057
0.036621 -0.464111 0.872559 0.190918 -0.167480 0.266235
0.038818 -0.460815 0.868408 0.187866 -0.190063 0.265625
0.051392 -0.440796 0.869019 0.213257 -0.223022 0.252808
0.070557 -0.426025 0.884399 0.245728 -0.256104 0.236572
0.082397 -0.417236 0.892090 0.272949 -0.270508 0.230225
0.101929 -0.408936 0.920410 0.280640 -0.268677 0.236328
0.119629 -0.386108 0.938599 0.246582 -0.253296 0.255615
0.130493 -0.370605 0.950806 0.191528 -0.232910 0.280029
0.143677 -0.355957 0.965820 0.147217 -0.216431 0.295654
0.139038 -0.349121 0.969727 0.114746 -0.195435 0.307617
0.135864 -0.348633 0.969238 0.104980 -0.179688 0.320679
0.138672 -0.337036 0.966064 0.109741 -0.179565 0.318237
0.143555 -0.311768 0.978882 0.128540 -0.186157 0.303589
0.144409 -0.284424 0.969238 0.149658 -0.196655 0.285522
0.157349 -0.258789 0.968506 0.172607 -0.209229 0.273315
0.183838 -0.229126 0.984131 0.172241 -0.208862 0.264648
0.185181 -0.218140 1.019165 0.160767 -0.189453 0.262817
0.204102 -0.176758 1.007080 0.138672 -0.163696 0.249390
0.176758 -0.195068 0.983521 0.097656 -0.129761 0.236572
0.165649 -0.195923 0.987549 0.108521 -0.127319 0.211914
0.163940 -0.195923 0.981567 0.123535 -0.131104 0.184692
0.169556 -0.180664 1.000610 0.121704 -0.124146 0.166016
0.174316 -0.159180 0.988159 0.094360 -0.100708 0.154663
0.146240 -0.161987 0.961548 0.048828 -0.069580 0.151611
0.121948 -0.159546 0.935425 0.020874 -0.051758 0.147583
0.122681 -0.141968 0.929443 0.005005 -0.046387 0.139160
0.114868 -0.148926 0.925537 -0.018921 -0.051025 0.125732
0.119507 -0.139893 0.932251 -0.030396 -0.060547 0.107178
0.130493 -0.131104 0.942017 -0.035034 -0.068115 0.087524
0.139160 -0.125122 0.956909 -0.044556 -0.071045 0.067871
0.143311 -0.125854 0.975098 -0.061035 -0.063721 0.049805
0.152588 -0.126221 0.997925 -0.053711 -0.058716 0.039063
0.172119 -0.108154 1.026367 -0.070679 -0.058960 0.028076
0.184937 -0.101440 1.045166 -0.079468 -0.054565 0.007690
0.186401 -0.097412 1.052490 -0.078857 -0.045776 -0.018433
0.184082 -0.089233 1.057129 -0.083984 -0.036377 -0.042114
0.187378 -0.083740 1.065552 -0.095093 -0.018433 -0.062378
0.180420 -0.080078 1.072632 -0.134033 0.007324 -0.075684
0.172485 -0.078003 1.082886 -0.174194 0.031006 -0.084106
0.162964 -0.087769 1.082642 -0.195435 0.047241 -0.093384
0.153198 -0.089478 1.089966 -0.195679 0.048096 -0.109863
0.152344 -0.085449 1.087524 -0.176025 0.041870 -0.132813
0.148926 -0.078003 1.062744 -0.156006 0.031982 -0.157104
0.157837 -0.057007 1.049438 -0.135010 0.019897 -0.193481
0.147827 -0.060425 1.034546 -0.144653 0.014282 -0.229980
0.123779 -0.087402 1.038940 -0.179321 0.015015 -0.255859
0.107056 -0.111450 1.055420 -0.236328 0.022949 -0.260498
0.094238 -0.124634 1.071167 -0.308105 0.034546 -0.248779
0.089111 -0.133545 1.082397 -0.365967 0.044067 -0.234009
0.090454 -0.135376 1.104858 -0.369019 0.049927 -0.237305
0.086182 -0.155151 1.118408 -0.352661 0.044067 -0.259399
0.078735 -0.171753 1.123779 -0.319580 0.026489 -0.297852
0.068237 -0.211060 1.147827 -0.286621 0.013184 -0.327515
0.073730 -0.230347 1.154297 -0.256836 0.008545 -0.338379
0.078857 -0.235596 1.163086 -0.234985 0.016235 -0.334473
0.079712 -0.241577 1.162720 -0.227295 0.043579 -0.318970
0.090454 -0.225098 1.153076 -0.208618 0.076660 -0.301758
0.081909 -0.222290 1.123291 -0.221802 0.112549 -0.281616
0.069702 -0.230835 1.085815 -0.229248 0.132080 -0.272827
0.059326 -0.249268 1.060791 -0.211182 0.139526 -0.283203
0.038452 -0.300293 1.057739 -0.174805 0.134766 -0.298706
0.029175 -0.325928 1.050415 -0.085693 0.146851 -0.315430
-0.007202 -0.365356 1.030884 -0.013184 0.163574 -0.322144
-0.026001 -0.382202 1.005859 0.042847 0.152100 -0.309937
-0.036499 -0.380127 0.992920 0.071533 0.138062 -0.282959
-0.055664 -0.392334 0.970215 0.061768 0.131836 -0.240112
-0.063477 -0.392700 0.956299 0.049805 0.114014 -0.190186
-0.060425 -0.398560 0.959351 0.026123 0.097534 -0.136230
-0.026001 -0.373413 0.970703 -0.001099 0.088013 -0.095093
0.000122 -0.343140 0.982666 -0.055786 0.086670 -0.081055
-0.009399 -0.340698 0.956787 -0.102295 0.081909 -0.089844
-0.037109 -0.362061 0.927490 -0.127075 0.060547 -0.115112
-0.039795 -0.382324 0.925171 -0.101318 0.014160 -0.146729
-0.008911 -0.403442 0.979858 -0.039185 -0.041870 -0.173096
-0.010742 -0.440308 1.004517 -0.023926 -0.059570 -0.184326
-0.034668 -0.483887 1.001465 -0.037109 -0.058350 -0.173096
-0.047119 -0.506592 1.006104 -0.051392 -0.053345 -0.146851
-0.055054 -0.518188 0.991821 -0.050049 -0.037598 -0.111816
-0.059082 -0.521851 0.975952 -0.026489 -0.014404 -0.070923
-0.040894 -0.499146 0.969604 -0.025879 -0.002563 -0.029419
-0.049194 -0.501343 0.958740 -0.046753 -0.001709 0.004395
-0.040039 -0.501831 0.952637 -0.038208 -0.018799 0.023804
-0.021729 -0.494751 0.967896 -0.025146 -0.041504 0.020142
-0.023071 -0.515015 0.972412 0.013428 -0.060913 -0.002075
-0.021118 -0.525024 0.989136 0.077881 -0.081055 -0.027222
-0.020874 -0.523315 0.997681 0.110718 -0.087646 -0.033203
-0.021973 -0.521118 0.991699 0.112915 -0.075439 -0.013794
-0.030029 -0.516235 0.970093 0.100342 -0.061279 0.014404
-0.037354 -0.518433 0.953979 0.092041 -0.058350 0.042847
-0.023926 -0.505615 0.945801 0.098022 -0.067505 0.068970
-0.007690 -0.503784 0.964600 0.110352 -0.076538 0.090942
0.012817 -0.483643 0.974365 0.117065 -0.081909 0.101807
0.025757 -0.470215 0.973999 0.114014 -0.075928 0.112061
0.015869 -0.478149 0.957520 0.095947 -0.063965 0.121338
0.000244 -0.492676 0.943970 0.084717 -0.061523 0.136963
0.010864 -0.487305 0.944702 0.087769 -0.071411 0.154419
0.022095 -0.478394 0.949829 0.109497 -0.084839 0.169556
0.050903 -0.447388 0.965942 0.144287 -0.096802 0.177612
0.082275 -0.414307 0.977417 0.160034 -0.098022 0.184204
0.089233 -0.398315 0.971558 0.159790 -0.084106 0.183716
0.087646 -0.390625 0.955811 0.150757 -0.067383 0.180542
0.070435 -0.414063 0.929077 0.142944 -0.056641 0.184204
0.075684 -0.404175 0.923462 0.141357 -0.065186 0.186523
0.088379 -0.405518 0.934570 0.165771 -0.067627 0.187500
0.095337 -0.396484 0.938965 0.164185 -0.071899 0.192993
0.108032 -0.377808 0.932739 0.167236 -0.073242 0.201782
0.127319 -0.356934 0.933594 0.140869 -0.072754 0.217773
0.139648 -0.344360 0.932251 0.109741 -0.064087 0.230835
0.139404 -0.333496 0.923828 0.080444 -0.059937 0.233765
0.134399 -0.345337 0.902832 0.067383 -0.067993 0.229248
0.145508 -0.344360 0.913330 0.083130 -0.088257 0.215210
0.164185 -0.327759 0.916626 0.095337 -0.102051 0.204590
0.180786 -0.309326 0.917847 0.097778 -0.099731 0.199219
0.190063 -0.297363 0.912964 0.081055 -0.084351 0.202148
0.192627 -0.288086 0.912720 0.035034 -0.060303 0.209839
0.169434 -0.282349 0.872437 -0.018677 -0.034058 0.217773
0.131104 -0.291504 0.831299 -0.066528 -0.019897 0.215210
0.103760 -0.302612 0.825562 -0.088013 -0.035889 0.204590
0.103394 -0.318604 0.870972 -0.083252 -0.073242 0.197754
0.119995 -0.314331 0.926514 -0.037231 -0.110352 0.194214
