0.088989 -0.288086 1.041870 0.042847 -0.077393 -0.078003
0.084229 -0.306763 1.055542 0.007813 -0.044556 -0.072754
0.075684 -0.318604 1.038696 -0.024658 -0.012207 -0.063110
0.055786 -0.332275 1.009888 -0.043823 0.009521 -0.049194
0.034668 -0.350342 0.984741 -0.024292 0.012207 -0.038086
0.037964 -0.345703 0.990845 0.005859 -0.004028 -0.031738
0.037720 -0.345581 0.991333 0.035767 -0.017578 -0.025635
0.041382 -0.320313 0.999268 0.063477 -0.032471 -0.027832
0.048706 -0.313110 0.974365 0.070190 -0.044434 -0.033813
0.052246 -0.297607 0.976318 0.076172 -0.055786 -0.035400
0.048950 -0.298584 0.983154 0.073853 -0.057617 -0.036865
0.046387 -0.300537 0.967285 0.050293 -0.055542 -0.040649
0.039307 -0.298950 0.969238 0.021606 -0.057373 -0.045288
0.039063 -0.304932 0.969116 0.005737 -0.061890 -0.047974
0.043457 -0.319092 0.968506 -0.007446 -0.070068 -0.050171
0.051025 -0.323364 0.984619 -0.022217 -0.078247 -0.050537
0.048584 -0.351196 0.998169 -0.017700 -0.079102 -0.041626
0.058228 -0.355591 1.015625 -0.003662 -0.074463 -0.035034
0.047119 -0.363892 1.020508 -0.010742 -0.059814 -0.026978
0.036011 -0.375488 1.021118 -0.008301 -0.043335 -0.015991
0.029053 -0.393311 1.013550 -0.013794 -0.031738 -0.001709
0.013306 -0.403931 0.993652 -0.031860 -0.027344 0.015137
0.009399 -0.407227 0.985840 -0.017212 -0.030762 0.029053
0.006470 -0.414795 0.994873 -0.010254 -0.039307 0.037109
0.019531 -0.416382 1.011963 -0.000488 -0.054688 0.044800
0.037476 -0.407715 1.030273 0.018066 -0.067139 0.050781
0.041748 -0.407104 1.029785 0.026855 -0.066040 0.061279
0.053467 -0.399780 1.040649 0.055054 -0.062378 0.069580
0.060913 -0.390381 1.034912 0.091064 -0.053955 0.076294
0.062256 -0.389771 1.040161 0.076660 -0.044556 0.083130
0.061890 -0.398682 1.040283 0.052734 -0.034302 0.086182
0.055054 -0.395508 1.046021 0.054565 -0.029419 0.089233
0.054688 -0.379517 1.042358 0.070190 -0.028564 0.093140
0.040894 -0.375000 1.020264 0.070435 -0.022217 0.107300
0.037842 -0.361694 0.998291 0.089844 -0.023682 0.127441
0.048218 -0.335571 0.993164 0.093872 -0.028931 0.151733
0.052002 -0.324707 0.985229 0.062866 -0.029419 0.175049
0.035034 -0.330811 0.964966 0.000244 -0.012817 0.188477
0.021118 -0.332642 0.940674 -0.062988 0.010376 0.197998
0.032104 -0.314941 0.938843 -0.083008 0.011230 0.193604
0.038086 -0.329468 0.941040 -0.117798 0.000366 0.181396
0.030396 -0.356201 0.936401 -0.154297 -0.002319 0.171997
0.019653 -0.381104 0.925537 -0.193848 -0.001831 0.168823
-0.002441 -0.439819 0.917969 -0.227661 -0.006104 0.180908
0.009155 -0.442993 0.916748 -0.154175 -0.021240 0.201660
0.031860 -0.418335 0.898071 -0.106079 -0.052979 0.213745
0.048218 -0.416138 0.908691 -0.121216 -0.083740 0.218872
0.086060 -0.377319 0.947266 -0.105957 -0.097534 0.225708
0.106079 -0.385254 0.957397 -0.103394 -0.092163 0.239502
0.120728 -0.380615 0.960815 -0.088135 -0.067505 0.242310
0.136841 -0.373291 0.961792 -0.108521 -0.051025 0.233521
0.137329 -0.375000 0.954956 -0.128418 -0.033081 0.210083
0.111328 -0.409302 0.940918 -0.129028 -0.026245 0.178467
0.097412 -0.431519 0.912842 -0.129272 -0.038086 0.165527
0.104126 -0.440308 0.916504 -0.101807 -0.061523 0.160645
0.128906 -0.424194 0.936890 -0.056396 -0.090820 0.157837
0.143677 -0.398804 0.949707 -0.032959 -0.109863 0.172607
0.180420 -0.361084 0.982178 -0.003174 -0.107544 0.192749
0.187622 -0.328979 0.981812 -0.012085 -0.087402 0.200562
0.199097 -0.307129 0.979370 -0.051392 -0.062744 0.202026
0.191772 -0.275146 0.964844 -0.071289 -0.026367 0.189331
0.188599 -0.216919 0.928589 0.006836 0.013916 0.160889
0.159912 -0.201294 0.891235 -0.005737 0.031372 0.125244
0.129028 -0.206665 0.881836 -0.057495 0.023804 0.087646
0.131226 -0.194824 0.896484 -0.063843 0.002930 0.055542
0.125366 -0.195679 0.916748 -0.053345 -0.024658 0.021973
0.141235 -0.192749 0.957886 -0.021606 -0.061035 -0.014160
0.169556 -0.162964 1.010010 0.022461 -0.086792 -0.046631
0.187378 -0.127808 1.034668 0.034302 -0.077271 -0.064209
0.190063 -0.097778 1.038330 0.013306 -0.046753 -0.067139
0.188599 -0.082153 1.014526 -0.034180 -0.006958 -0.063965
0.189941 -0.052979 0.990234 -0.103027 0.019287 -0.065186
0.171875 -0.068115 0.981445 -0.161865 0.024048 -0.091675
0.166504 -0.108032 1.021851 -0.146484 0.004272 -0.144287
0.171143 -0.130127 1.070313 -0.113525 -0.027222 -0.192017
0.190918 -0.136963 1.116699 -0.094116 -0.047485 -0.221802
0.200562 -0.119141 1.151611 -0.065186 -0.056641 -0.247314
0.218018 -0.104248 1.177856 -0.032227 -0.052612 -0.269653
0.208008 -0.126953 1.231934 0.009399 -0.027344 -0.285156
0.213867 -0.143921 1.301025 0.027954 0.023071 -0.281860
0.188965 -0.183472 1.341553 0.016968 0.119019 -0.250244
0.144531 -0.220337 1.290283 -0.007202 0.216187 -0.210449
0.082275 -0.207642 1.180908 -0.048096 0.259155 -0.193604
0.038940 -0.203003 1.079712 -0.095703 0.226318 -0.200806
0.012573 -0.233765 1.011230 -0.127319 0.132202 -0.238892
0.026245 -0.262329 1.035889 -0.112061 0.012085 -0.301880
0.055908 -0.277588 1.081543 -0.067383 -0.086182 -0.378540
0.073853 -0.289673 1.128296 -0.003662 -0.135376 -0.446655
0.061768 -0.299072 1.113525 0.050415 -0.111084 -0.462891
0.021240 -0.298706 1.042603 0.060547 -0.052856 -0.431030
-0.011963 -0.303711 0.988037 0.060425 -0.000488 -0.388306
-0.009766 -0.272217 0.961182 0.053467 -0.009766 -0.343384
-0.010010 -0.268677 0.964844 0.044922 -0.032715 -0.305908
0.002197 -0.268555 0.966675 0.053467 -0.047363 -0.267090
0.026367 -0.258423 1.006104 0.053223 -0.049805 -0.216064
0.067017 -0.210693 1.030151 0.001831 -0.017822 -0.179443
0.091309 -0.177002 1.051147 -0.053345 0.015259 -0.158569
0.101074 -0.147339 1.037598 -0.100586 0.065796 -0.157104
0.086914 -0.137451 1.010498 -0.154785 0.082275 -0.157837
0.072754 -0.135132 0.984253 -0.235474 0.121704 -0.166016
0.069214 -0.127075 0.987427 -0.351196 0.148560 -0.172241
0.056885 -0.157471 1.002930 -0.516602 0.168823 -0.189087
0.032715 -0.248291 1.019653 -0.597290 0.177856 -0.214966
0.008301 -0.281372 0.991821 -0.586182 0.164307 -0.259644
-0.032104 -0.361450 0.935425 -0.493408 0.126221 -0.295776
-0.051514 -0.436279 0.980103 -0.323730 0.080444 -0.304077
-0.052490 -0.454346 0.989624 -0.249390 0.059692 -0.275391
-0.057739 -0.467041 0.991821 -0.249878 0.069946 -0.208984
-0.067261 -0.452637 0.951904 -0.281616 0.089111 -0.133423
-0.077637 -0.480713 0.934570 -0.308594 0.111450 -0.064941
-0.063721 -0.469238 0.937012 -0.317993 0.107544 -0.022705
-0.051514 -0.479736 0.963989 -0.327393 0.089844 -0.007568
-0.047607 -0.478760 0.962769 -0.310303 0.066040 -0.015137
-0.055298 -0.490845 0.946655 -0.277100 0.039795 -0.037598
-0.070068 -0.518677 0.901489 -0.201660 0.004150 -0.081177
-0.074951 -0.576416 0.908081 -0.068115 -0.056641 -0.133667
-0.073486 -0.634277 0.962769 0.045166 -0.109497 -0.160767
-0.073242 -0.667480 0.972656 0.078003 -0.129639 -0.135620
-0.074585 -0.683960 0.978271 0.060913 -0.125366 -0.071655
-0.080566 -0.676758 0.983643 0.059448 -0.103882 0.010620
-0.071411 -0.645508 0.980347 0.102905 -0.070679 0.086304
-0.038818 -0.611694 0.974731 0.139893 -0.050781 0.141846
-0.016602 -0.573730 0.956909 0.175659 -0.043701 0.173218
-0.010132 -0.545898 0.939697 0.225464 -0.044678 0.187256
-0.002197 -0.530273 0.919678 0.269653 -0.055176 0.197021
0.007568 -0.500122 0.924194 0.287720 -0.077393 0.195801
0.017456 -0.520630 0.912842 0.283203 -0.105469 0.191528
0.041992 -0.528198 0.933472 0.311279 -0.120728 0.193237
0.058716 -0.521118 0.939209 0.326538 -0.106323 0.201538
0.050903 -0.531982 0.925415 0.308960 -0.077759 0.214111
0.035767 -0.547363 0.903687 0.273804 -0.059937 0.235962
0.037354 -0.556641 0.903931 0.231689 -0.061523 0.257324
0.058350 -0.564087 0.953979 0.202393 -0.075562 0.283325
0.089966 -0.534058 0.938843 0.226196 -0.102173 0.316772
0.098755 -0.508179 0.919922 0.215820 -0.098145 0.321899
0.095825 -0.492676 0.888916 0.146484 -0.102295 0.306641
0.105835 -0.503296 0.897461 0.128418 -0.118896 0.279663
0.114502 -0.522827 0.913086 0.128052 -0.149292 0.259521
0.116211 -0.526123 0.923340 0.130981 -0.171387 0.247559
0.110596 -0.547119 0.925293 0.156250 -0.179565 0.253052
0.112183 -0.548340 0.915039 0.156494 -0.177612 0.261597
0.122559 -0.526245 0.913208 0.148315 -0.154907 0.275513
0.133667 -0.482178 0.896484 0.168945 -0.098999 0.288940
0.132080 -0.451904 0.870605 0.159424 -0.079102 0.300171
0.133789 -0.419434 0.854004 0.154175 -0.081299 0.288696
0.142334 -0.389648 0.850586 0.116211 -0.104004 0.264160
0.150635 -0.382935 0.876587 0.110596 -0.123413 0.229370
0.160400 -0.369019 0.873047 0.142578 -0.144775 0.198853
0.150391 -0.371338 0.900024 0.161987 -0.156250 0.187134
0.159546 -0.358398 0.905029 0.161743 -0.158813 0.192505
