-0.006104 -0.421997 0.948975 -0.096680 -0.009521 -0.056274
0.001709 -0.408691 0.960083 -0.058228 -0.026733 -0.069214
0.001343 -0.402710 0.961304 -0.026733 -0.031982 -0.081177
0.000366 -0.399292 0.955933 -0.020020 -0.030151 -0.087402
0.000244 -0.379761 0.932373 -0.044800 -0.029175 -0.087769
-0.000732 -0.369995 0.937256 -0.077515 -0.034058 -0.086670
-0.013184 -0.390259 0.925415 -0.109375 -0.037109 -0.091187
-0.038574 -0.434570 0.920776 -0.112549 -0.049438 -0.101318
-0.049316 -0.472656 0.924805 -0.083862 -0.075928 -0.109131
-0.048584 -0.497192 0.937622 -0.046143 -0.106445 -0.107910
-0.017090 -0.474121 0.955078 -0.002075 -0.128906 -0.096313
0.005859 -0.468628 0.967773 0.009888 -0.125610 -0.082886
0.005127 -0.476807 0.963501 -0.018921 -0.105591 -0.074463
-0.023682 -0.515747 0.953125 -0.048584 -0.080811 -0.058594
-0.044312 -0.553955 0.932739 -0.063965 -0.072510 -0.045532
-0.055298 -0.587280 0.932373 -0.053345 -0.082397 -0.036255
-0.057861 -0.607422 0.931519 -0.021851 -0.102783 -0.026367
-0.053955 -0.614502 0.942749 0.015503 -0.122681 -0.012451
-0.035889 -0.626953 0.963989 0.054077 -0.137451 0.000732
-0.035400 -0.634277 0.972412 0.091919 -0.140137 0.010132
-0.041992 -0.639282 0.943604 0.118042 -0.140869 0.023193
-0.034668 -0.635986 0.949707 0.141602 -0.146851 0.039551
-0.040161 -0.653198 0.952393 0.148071 -0.151855 0.057617
-0.042725 -0.671509 0.948120 0.167969 -0.157471 0.075195
-0.028687 -0.669678 0.970825 0.203735 -0.175049 0.090454
0.000610 -0.630005 0.977417 0.267334 -0.198608 0.112915
0.008789 -0.615356 0.972412 0.268677 -0.191772 0.137573
0.023926 -0.592773 0.980713 0.244995 -0.169922 0.162720
0.029541 -0.574219 0.952393 0.248901 -0.138062 0.192017
0.020264 -0.561523 0.921265 0.231323 -0.111084 0.217773
0.022949 -0.549805 0.911255 0.221680 -0.101563 0.232300
0.041626 -0.527710 0.899536 0.244019 -0.110718 0.234741
0.070068 -0.488281 0.914551 0.278320 -0.124023 0.235107
0.088501 -0.473633 0.920410 0.265137 -0.113892 0.248901
0.073730 -0.479370 0.906738 0.225464 -0.087524 0.265869
0.057251 -0.472656 0.883911 0.201904 -0.079468 0.275635
0.044922 -0.467651 0.879028 0.196289 -0.095215 0.281738
0.051025 -0.457642 0.885254 0.210205 -0.132446 0.282104
0.064819 -0.427734 0.891724 0.248169 -0.170166 0.281372
0.084229 -0.413330 0.916260 0.255859 -0.183105 0.286743
0.103394 -0.389404 0.940186 0.218506 -0.178467 0.297852
0.099731 -0.389526 0.939209 0.177979 -0.165894 0.309692
0.104858 -0.375977 0.936401 0.195679 -0.165894 0.304810
0.127563 -0.330933 0.962402 0.210693 -0.169800 0.288696
0.147827 -0.301514 0.982178 0.200195 -0.154663 0.288086
0.155640 -0.286743 0.966064 0.161011 -0.120972 0.300415
0.146851 -0.273315 0.954346 0.117554 -0.083618 0.311646
0.146240 -0.260376 0.934814 0.072021 -0.057129 0.314575
0.144409 -0.234863 0.913086 0.061157 -0.044678 0.303345
0.130249 -0.228027 0.899414 0.060425 -0.047729 0.277954
0.134277 -0.221558 0.906860 0.047119 -0.061035 0.246948
0.133057 -0.223267 0.919312 0.024292 -0.065308 0.221802
0.131348 -0.219238 0.921753 0.018188 -0.058716 0.203857
0.130249 -0.200806 0.914307 0.018555 -0.053955 0.185181
0.131958 -0.178955 0.908691 0.013062 -0.057983 0.167480
0.151123 -0.149048 0.919556 0.027100 -0.064941 0.148682
0.179077 -0.133667 0.959106 0.033936 -0.067993 0.133301
0.197021 -0.132690 0.992188 -0.023560 -0.046875 0.116089
0.191040 -0.139038 1.004517 -0.068237 -0.014771 0.094360
0.177124 -0.140259 1.014282 -0.091675 0.007446 0.069458
0.172607 -0.147583 1.004761 -0.099854 0.011597 0.042480
0.172241 -0.149170 1.022461 -0.111084 0.010498 0.015625
0.181519 -0.146118 1.039185 -0.104858 0.020020 -0.012573
0.180664 -0.137695 1.041260 -0.121338 0.033936 -0.040894
0.170166 -0.133423 1.034302 -0.145020 0.041138 -0.070557
0.164917 -0.135742 1.029907 -0.117432 0.033813 -0.105957
0.166992 -0.155518 1.049683 -0.094360 0.013428 -0.140991
0.197266 -0.155151 1.094116 -0.043701 0.001709 -0.166870
0.221924 -0.145752 1.141479 -0.046509 0.022583 -0.181763
0.225586 -0.123657 1.140503 -0.115723 0.070068 -0.190918
0.188843 -0.150879 1.119385 -0.224976 0.105469 -0.190308
0.171509 -0.169067 1.115479 -0.252686 0.134766 -0.205444
0.166382 -0.174316 1.097290 -0.232422 0.140869 -0.221558
0.139771 -0.193848 1.094849 -0.266113 0.127930 -0.245117
0.127441 -0.200317 1.085205 -0.260376 0.118530 -0.264160
0.110352 -0.210327 1.079102 -0.228149 0.107300 -0.281128
0.101563 -0.197632 1.093384 -0.202271 0.090332 -0.296875
0.089966 -0.203613 1.087524 -0.202026 0.078491 -0.303467
0.062988 -0.230347 1.073486 -0.187622 0.066528 -0.306396
0.051392 -0.249023 1.094971 -0.121826 0.045532 -0.303711
0.038452 -0.270508 1.069702 -0.039307 0.020630 -0.282227
0.033691 -0.262939 1.040649 0.061279 0.000854 -0.241333
0.079224 -0.251221 1.077881 0.125854 -0.005737 -0.189087
0.115234 -0.223877 1.109497 0.133545 0.026367 -0.156372
0.168945 -0.197144 1.160767 0.129883 0.098999 -0.151611
0.158569 -0.123657 1.087280 0.035156 0.172974 -0.205933
0.043945 -0.165283 0.930542 -0.014893 0.206177 -0.261353
0.009033 -0.187134 0.872803 -0.021240 0.155396 -0.327881
-0.004150 -0.265015 0.920166 -0.082764 0.096313 -0.389282
-0.047119 -0.363647 0.931519 -0.155151 0.087280 -0.406128
-0.086426 -0.436279 0.933350 -0.206543 0.087769 -0.382080
-0.105713 -0.477173 0.963623 -0.258301 0.092651 -0.327881
-0.122925 -0.492798 0.937256 -0.315308 0.082397 -0.253540
-0.152954 -0.508423 0.908081 -0.338989 0.050659 -0.194214
-0.132080 -0.488770 0.925659 -0.230469 0.012207 -0.160889
-0.048706 -0.459961 1.011719 -0.184570 -0.018188 -0.150146
-0.027344 -0.434814 1.054077 -0.178345 -0.035034 -0.162476
-0.026367 -0.403687 0.997437 -0.124512 -0.022339 -0.184326
-0.024780 -0.400513 0.990479 -0.111084 -0.009399 -0.197876
-0.004395 -0.397705 1.022461 -0.140503 0.009644 -0.191772
-0.003906 -0.440186 1.042969 -0.201172 0.056641 -0.168335
-0.020752 -0.489868 1.035156 -0.298706 0.115479 -0.137329
-0.083374 -0.561890 0.984253 -0.376343 0.153809 -0.105957
-0.143066 -0.635132 0.944092 -0.374023 0.132324 -0.092041
-0.172485 -0.697021 0.941040 -0.296021 0.062012 -0.081787
-0.153076 -0.715210 0.976929 -0.189697 -0.021362 -0.070557
-0.118286 -0.688843 1.031494 -0.083252 -0.079956 -0.061401
-0.114014 -0.651611 1.003784 0.011719 -0.110840 -0.048706
-0.107910 -0.622681 0.977539 0.082520 -0.133545 -0.041992
-0.081421 -0.577393 0.993652 0.128662 -0.154907 -0.029419
-0.068481 -0.550659 0.994507 0.142822 -0.150391 -0.000366
-0.059570 -0.530518 0.983643 0.152588 -0.135376 0.031494
-0.050293 -0.502686 0.971802 0.174805 -0.128174 0.057373
-0.040039 -0.488037 0.946411 0.195557 -0.127930 0.081787
-0.028076 -0.470337 0.941772 0.220947 -0.135132 0.092651
-0.014771 -0.460205 0.939819 0.241455 -0.143066 0.092163
-0.014893 -0.470703 0.941772 0.254639 -0.143188 0.098755
-0.004395 -0.459595 0.941406 0.278320 -0.141113 0.123291
-0.010742 -0.446899 0.931885 0.259155 -0.133301 0.153320
-0.009888 -0.463379 0.915771 0.248047 -0.124023 0.195190
0.009399 -0.427856 0.912476 0.244019 -0.124878 0.215576
0.017578 -0.409058 0.904907 0.236450 -0.124512 0.234009
0.039551 -0.388184 0.918823 0.225098 -0.117554 0.247314
0.044678 -0.379150 0.904053 0.187622 -0.104126 0.251587
0.038940 -0.375366 0.882080 0.147949 -0.093262 0.240601
0.034668 -0.387695 0.882324 0.121948 -0.102417 0.215942
0.035767 -0.426514 0.914185 0.098877 -0.124023 0.191772
0.044678 -0.456177 0.919800 0.120850 -0.167114 0.186768
0.047241 -0.474121 0.939941 0.123047 -0.179932 0.187988
0.064087 -0.481812 0.942993 0.111206 -0.183472 0.206177
0.081421 -0.468506 0.945679 0.126343 -0.179077 0.223511
0.092041 -0.453735 0.937012 0.136597 -0.159058 0.229980
0.105347 -0.437134 0.938843 0.138794 -0.129028 0.236084
0.114014 -0.421143 0.943848 0.134399 -0.097168 0.248779
0.125122 -0.413452 0.932617 0.110229 -0.074463 0.265625
0.136963 -0.384766 0.921143 0.070313 -0.067139 0.264038
0.144409 -0.373657 0.919189 0.047729 -0.065552 0.242676
0.138306 -0.388306 0.902100 0.017456 -0.068237 0.213989
0.140991 -0.424316 0.930542 -0.038208 -0.083862 0.182373
0.130005 -0.481689 0.950806 -0.095459 -0.094482 0.166138
0.128906 -0.461060 0.949585 -0.122070 -0.098145 0.170654
0.120239 -0.474976 0.928589 -0.126099 -0.088989 0.201294
0.126221 -0.453735 0.929810 -0.112671 -0.092529 0.223145
0.128784 -0.431885 0.917725 -0.114502 -0.102295 0.234375
0.139160 -0.408203 0.922363 -0.067871 -0.110474 0.231445
0.143677 -0.387451 0.938354 -0.010620 -0.111328 0.233032
0.147583 -0.354004 0.931763 0.026123 -0.108521 0.224854
0.142090 -0.344849 0.942383 0.046997 -0.113037 0.216797
0.164551 -0.311768 0.965210 0.074341 -0.122070 0.204346
0.175049 -0.291016 0.992676 0.090210 -0.126587 0.185913
