-0.087524 -0.529785 0.929077 0.034912 -0.087280 -0.010864
-0.081055 -0.539307 0.930908 0.058105 -0.107910 -0.001587
-0.069580 -0.543091 0.944214 0.089844 -0.124390 0.002319
-0.045654 -0.545654 0.975586 0.117554 -0.128296 0.010132
-0.031738 -0.560913 0.985962 0.105469 -0.107178 0.034180
-0.041504 -0.582397 0.973267 0.070801 -0.074097 0.067139
-0.045654 -0.585571 0.953369 0.046509 -0.057373 0.101196
-0.037842 -0.593018 0.958496 0.056763 -0.066772 0.134277
-0.028687 -0.598633 0.939941 0.107910 -0.096558 0.146729
-0.027100 -0.605347 0.935913 0.117310 -0.115967 0.146973
-0.009399 -0.612671 0.944336 0.160522 -0.140381 0.145508
0.020142 -0.599976 0.947388 0.217529 -0.161011 0.138550
0.015991 -0.620972 0.948853 0.216187 -0.153320 0.129883
0.008423 -0.637329 0.938232 0.231934 -0.142700 0.118408
0.002930 -0.662354 0.921875 0.282959 -0.151611 0.102783
-0.006714 -0.682983 0.904663 0.321167 -0.185913 0.096436
0.025269 -0.667969 0.940430 0.366943 -0.214233 0.114502
0.071167 -0.615845 0.967163 0.373169 -0.203735 0.167236
0.123657 -0.541382 0.973633 0.325439 -0.154297 0.246338
0.158081 -0.449463 0.962158 0.236572 -0.081787 0.317383
0.172607 -0.376221 0.917480 0.143799 -0.019409 0.360474
0.166992 -0.343018 0.887207 0.073608 0.014526 0.368408
0.154907 -0.340942 0.884033 0.040894 0.022705 0.351685
0.152100 -0.339233 0.891724 0.022461 0.007446 0.334717
0.163696 -0.327515 0.905273 0.041748 -0.016479 0.312378
0.179688 -0.308350 0.922119 0.074585 -0.045898 0.279541
0.194824 -0.275269 0.932617 0.103516 -0.058228 0.247314
0.222534 -0.241333 0.949097 0.107910 -0.059692 0.237061
0.237915 -0.208862 0.958374 0.077759 -0.041504 0.231201
0.218872 -0.186401 0.938232 0.025391 -0.009766 0.224243
0.192627 -0.170532 0.897583 -0.005249 0.009277 0.216553
0.164307 -0.187988 0.878540 -0.037842 -0.004395 0.200806
0.162476 -0.182373 0.893555 -0.050293 -0.033691 0.171875
0.171143 -0.182617 0.930054 -0.017456 -0.043823 0.140015
0.166504 -0.185425 0.937378 -0.032227 -0.047119 0.115723
0.146362 -0.207275 0.938965 -0.050903 -0.043579 0.096313
0.149536 -0.205078 0.954834 -0.052734 -0.046021 0.083008
0.136108 -0.220337 0.949097 -0.056152 -0.038330 0.082153
0.135254 -0.212036 0.980103 -0.065063 -0.037598 0.072998
0.132935 -0.197632 0.983887 -0.068604 -0.024292 0.057373
0.144897 -0.177246 0.985229 -0.057861 -0.016357 0.043457
0.128906 -0.193237 1.013794 -0.101807 -0.015747 0.026245
0.135620 -0.184692 1.018921 -0.108521 -0.015625 0.002686
0.135132 -0.167114 1.021606 -0.098511 -0.009277 -0.022949
0.136353 -0.167236 1.050781 -0.102539 -0.005371 -0.040894
0.136353 -0.153931 1.061035 -0.130127 0.008179 -0.056152
0.124634 -0.152710 1.056030 -0.162354 0.025024 -0.069458
0.122070 -0.140991 1.057861 -0.166992 0.031250 -0.088379
0.115967 -0.132324 1.059570 -0.162720 0.035034 -0.109131
0.111206 -0.125122 1.064941 -0.168335 0.039795 -0.126221
0.102417 -0.115112 1.052368 -0.176025 0.048584 -0.143921
0.089722 -0.119507 1.049194 -0.184570 0.055176 -0.166504
0.074707 -0.119507 1.051392 -0.198608 0.061768 -0.187866
0.056152 -0.128418 1.041382 -0.219727 0.069824 -0.204346
0.042847 -0.135986 1.029053 -0.242554 0.065674 -0.228394
0.050537 -0.122314 1.019165 -0.250610 0.055542 -0.257935
0.050659 -0.131470 1.019409 -0.285767 0.044434 -0.302490
0.060059 -0.139893 1.023804 -0.311523 0.032104 -0.364380
0.064453 -0.165894 1.041626 -0.347168 0.032227 -0.437256
0.053467 -0.249146 1.088867 -0.425049 0.046875 -0.482544
0.038696 -0.353027 1.111572 -0.481079 0.080933 -0.488281
0.005981 -0.449951 1.121948 -0.510254 0.122192 -0.466187
-0.011108 -0.495728 1.126099 -0.508423 0.157227 -0.416504
-0.010986 -0.496094 1.116211 -0.445190 0.188599 -0.362793
-0.007324 -0.479126 1.094604 -0.358521 0.196289 -0.324585
-0.011353 -0.471069 1.070068 -0.273193 0.181885 -0.316162
-0.012207 -0.458252 1.041870 -0.173218 0.144775 -0.326294
0.000977 -0.446899 1.028076 -0.080566 0.098389 -0.344482
0.021362 -0.427612 1.019531 -0.036499 0.064331 -0.356567
0.031372 -0.437622 1.031860 -0.044922 0.066406 -0.344849
0.024292 -0.453735 1.017944 -0.117188 0.106567 -0.302856
-0.001221 -0.492065 1.000854 -0.186646 0.150879 -0.245117
-0.024414 -0.503784 0.974121 -0.255493 0.170776 -0.183960
-0.042358 -0.518433 0.940674 -0.279175 0.161743 -0.131348
-0.043945 -0.506592 0.928223 -0.236694 0.134766 -0.106079
-0.027344 -0.472534 0.913208 -0.177002 0.096436 -0.102783
-0.019165 -0.435059 0.891968 -0.091553 0.061646 -0.118896
0.004883 -0.407227 0.900146 -0.033936 0.017578 -0.142334
0.022949 -0.411255 0.921875 -0.021729 -0.002197 -0.158203
0.004272 -0.448608 0.928589 -0.044556 0.005981 -0.169067
-0.009888 -0.457031 0.909180 -0.055054 0.013306 -0.165649
-0.026978 -0.478149 0.906982 -0.078125 0.013306 -0.146606
-0.040527 -0.520630 0.915039 -0.084106 0.008057 -0.116333
-0.053833 -0.530762 0.901978 -0.072632 0.001709 -0.082886
-0.051392 -0.541382 0.894287 -0.057373 -0.017334 -0.054565
-0.051025 -0.553467 0.897705 -0.017822 -0.045776 -0.044067
-0.033203 -0.542969 0.904541 0.041748 -0.079956 -0.050903
-0.016113 -0.545776 0.920044 0.090210 -0.105713 -0.056396
0.010010 -0.551270 0.960327 0.101807 -0.103516 -0.046753
0.035400 -0.534546 0.963135 0.045532 -0.069946 -0.022339
0.014526 -0.537354 0.938599 -0.050537 -0.018066 0.005981
-0.004395 -0.521484 0.888550 -0.129639 0.012451 0.016113
-0.038574 -0.558228 0.874756 -0.199707 0.008545 -0.001831
-0.055908 -0.621582 0.904907 -0.185303 -0.023804 -0.021240
-0.073120 -0.677002 0.916626 -0.090942 -0.059326 -0.037964
-0.082031 -0.688477 0.907715 0.002319 -0.099121 -0.043945
-0.064819 -0.681641 0.922485 0.077759 -0.139526 -0.039063
-0.021484 -0.636108 0.947144 0.130005 -0.167114 -0.022217
-0.002441 -0.621704 0.959839 0.143677 -0.160645 0.006470
0.002686 -0.600830 0.956299 0.156128 -0.133179 0.038940
0.004639 -0.581787 0.947021 0.153564 -0.110840 0.074219
0.012695 -0.579834 0.935425 0.124146 -0.101440 0.111084
0.017334 -0.572876 0.932373 0.094849 -0.092285 0.136108
0.011353 -0.584106 0.917236 0.092896 -0.088379 0.153442
0.009399 -0.588989 0.908691 0.122803 -0.093994 0.166260
0.022705 -0.586426 0.893921 0.140503 -0.101807 0.181396
0.033447 -0.575928 0.896362 0.161377 -0.106689 0.189819
0.041138 -0.562500 0.897827 0.197510 -0.107178 0.190674
0.046143 -0.554688 0.894531 0.220825 -0.108398 0.200439
0.055786 -0.550781 0.892578 0.251343 -0.110229 0.207520
0.058350 -0.540161 0.887939 0.279053 -0.114990 0.210693
0.058350 -0.532104 0.879517 0.299194 -0.126587 0.215332
0.073853 -0.513794 0.879517 0.316772 -0.143188 0.219116
0.084229 -0.495850 0.885132 0.325684 -0.157959 0.223022
0.106079 -0.474487 0.893921 0.322754 -0.166992 0.229004
0.112915 -0.475098 0.898071 0.306763 -0.163452 0.240479
0.124268 -0.473022 0.920776 0.271240 -0.156372 0.253662
0.129639 -0.457275 0.926636 0.242432 -0.140747 0.259644
0.127441 -0.427002 0.911743 0.227173 -0.124634 0.263672
0.118652 -0.421021 0.898315 0.204102 -0.116943 0.268677
0.109741 -0.420288 0.874634 0.195801 -0.122803 0.264893
0.112915 -0.411743 0.881714 0.208740 -0.143066 0.252808
0.116455 -0.415283 0.896118 0.228760 -0.165771 0.236938
0.122437 -0.404297 0.900879 0.252197 -0.184448 0.218628
0.128174 -0.391113 0.904907 0.250977 -0.196289 0.211670
0.132568 -0.370972 0.905029 0.229980 -0.195923 0.215332
0.154419 -0.335693 0.913330 0.217773 -0.191162 0.216309
0.164673 -0.329590 0.927002 0.190186 -0.185425 0.206665
0.177612 -0.317871 0.956665 0.182617 -0.181396 0.184448
0.191284 -0.313110 0.995117 0.192383 -0.167847 0.163818
0.199829 -0.289307 1.003418 0.162598 -0.144043 0.152832
0.195313 -0.273560 1.000732 0.117432 -0.109253 0.144653
0.186890 -0.256226 0.996948 0.078247 -0.079468 0.135498
0.166992 -0.257935 0.996216 0.044434 -0.057129 0.123779
0.146606 -0.261841 0.991821 0.032837 -0.048340 0.109375
0.145386 -0.246826 1.004883 0.042480 -0.046387 0.099731
0.139282 -0.236084 1.010376 0.024780 -0.033081 0.106812
0.129883 -0.220093 1.004517 -0.023315 -0.018677 0.117065
0.116943 -0.213623 1.000000 -0.058228 -0.010498 0.115112
0.122925 -0.193481 0.997925 -0.056152 -0.010620 0.099731
0.122803 -0.175903 1.000977 -0.045654 -0.009155 0.073120
0.098145 -0.194336 0.993530 -0.038330 -0.005371 0.043335
0.091553 -0.209351 1.014404 -0.008423 -0.010376 0.021606
0.099731 -0.211548 1.047485 -0.005981 -0.010986 0.016357
0.105225 -0.192017 1.053833 -0.027832 0.003540 0.019409
0.093628 -0.195190 1.044922 -0.054199 0.019531 0.025513
0.086670 -0.205200 1.037964 -0.064331 0.018188 0.023071
0.089233 -0.208984 1.040161 -0.063232 0.001221 0.013428
0.093140 -0.216797 1.056763 -0.035889 -0.020020 -0.000488
0.108521 -0.218140 1.066772 0.017578 -0.039063 -0.015137
