0.005371 -0.433838 1.029175 0.017334 -0.089478 0.028320
0.003418 -0.463501 1.029785 0.010498 -0.073975 0.024048
-0.014771 -0.502808 1.019165 0.001831 -0.056519 0.018677
-0.040894 -0.564575 1.009521 -0.004883 -0.042969 0.021973
-0.065674 -0.594727 0.997681 -0.000854 -0.039673 0.039795
-0.078491 -0.610962 0.992798 0.023315 -0.053467 0.067505
-0.060913 -0.609741 1.010620 0.061646 -0.079346 0.098755
-0.047974 -0.608276 1.016235 0.111328 -0.099365 0.127197
-0.031616 -0.569092 1.013794 0.169556 -0.109009 0.159180
-0.009033 -0.533691 0.992676 0.191040 -0.118408 0.198486
0.020508 -0.488037 0.983276 0.203491 -0.110474 0.223511
0.039673 -0.459351 0.977661 0.164795 -0.084717 0.244629
0.043823 -0.445435 0.963257 0.125244 -0.052979 0.265259
0.039673 -0.437866 0.939575 0.093018 -0.033325 0.279053
0.039307 -0.427979 0.926514 0.057983 -0.033081 0.295776
0.041138 -0.435303 0.913330 0.053833 -0.040039 0.314331
0.045776 -0.427246 0.906982 0.065674 -0.063721 0.316406
0.058472 -0.411377 0.904907 0.100098 -0.092773 0.312134
0.069336 -0.390381 0.909546 0.130127 -0.115967 0.303345
0.071411 -0.382568 0.904785 0.147705 -0.131592 0.295288
0.087280 -0.350342 0.911011 0.160889 -0.145874 0.292236
0.091553 -0.340698 0.904663 0.141968 -0.150635 0.297852
0.095581 -0.336914 0.917847 0.116455 -0.152100 0.301636
0.104248 -0.319702 0.915527 0.095947 -0.152954 0.306641
0.110229 -0.315552 0.921997 0.085327 -0.158569 0.310791
0.123901 -0.289551 0.923828 0.096680 -0.175415 0.299438
0.147339 -0.264526 0.938232 0.104980 -0.188232 0.284302
0.168945 -0.262573 0.972900 0.086792 -0.186157 0.272217
0.190674 -0.217773 0.985352 0.061890 -0.167480 0.263184
0.182129 -0.218018 0.974976 0.023804 -0.126343 0.270020
0.157471 -0.235229 0.936523 -0.016968 -0.097412 0.263672
0.157227 -0.224609 0.919434 0.003296 -0.096313 0.246216
0.139160 -0.240112 0.912842 0.004517 -0.101440 0.221558
0.134888 -0.246582 0.923584 0.015015 -0.114258 0.199097
0.145630 -0.236694 0.931763 0.024414 -0.128662 0.181519
0.157715 -0.206421 0.939209 0.005615 -0.133667 0.166748
0.167114 -0.192017 0.929688 -0.025635 -0.129272 0.164185
0.178223 -0.178467 0.933594 -0.056396 -0.124268 0.156006
0.184570 -0.169556 0.945068 -0.083374 -0.117432 0.141846
0.190674 -0.177734 0.973511 -0.106934 -0.109009 0.126831
0.201294 -0.188965 1.011475 -0.121948 -0.100830 0.105225
0.217041 -0.187500 1.046997 -0.141479 -0.083130 0.082031
0.213745 -0.178223 1.053101 -0.132935 -0.046143 0.057373
0.202026 -0.171387 1.037231 -0.100708 -0.023926 0.029419
0.190430 -0.169312 1.017456 -0.118164 -0.015869 -0.003418
0.174438 -0.175293 1.017212 -0.118774 -0.008179 -0.035522
0.171387 -0.186768 1.020264 -0.100586 -0.000610 -0.062744
0.169800 -0.188354 1.032471 -0.104248 0.009155 -0.090210
0.157349 -0.197754 1.046875 -0.127808 0.027954 -0.108398
0.144165 -0.198120 1.049561 -0.143188 0.041016 -0.115845
0.145874 -0.183716 1.061523 -0.154419 0.050781 -0.122925
0.139893 -0.173218 1.062256 -0.173950 0.061523 -0.134277
0.138916 -0.169922 1.062744 -0.186646 0.067749 -0.149048
0.129883 -0.167358 1.049072 -0.190674 0.072266 -0.167969
0.125610 -0.167969 1.058228 -0.176514 0.069092 -0.188965
0.128906 -0.169800 1.080811 -0.176514 0.060059 -0.209351
0.125488 -0.162720 1.083252 -0.174805 0.056763 -0.226929
0.125854 -0.159424 1.086426 -0.174805 0.057739 -0.236816
0.128662 -0.157715 1.088013 -0.182007 0.063965 -0.248779
0.143311 -0.141479 1.105225 -0.182861 0.073608 -0.263794
0.153442 -0.132446 1.128052 -0.192871 0.081421 -0.281860
0.155640 -0.139893 1.143188 -0.193604 0.092529 -0.307739
0.152832 -0.142212 1.154785 -0.181763 0.101074 -0.342407
0.141235 -0.140991 1.157959 -0.168335 0.109619 -0.376465
0.110718 -0.177979 1.153076 -0.168701 0.118408 -0.403687
0.089355 -0.204346 1.145508 -0.162964 0.116089 -0.420166
0.070313 -0.232788 1.137329 -0.150879 0.114868 -0.420898
0.056030 -0.255859 1.128540 -0.136353 0.116089 -0.417847
0.032227 -0.268433 1.100830 -0.129761 0.121826 -0.411865
0.017456 -0.277344 1.073608 -0.131592 0.130371 -0.397583
0.007324 -0.281128 1.054443 -0.145508 0.137939 -0.373413
0.004639 -0.289185 1.045898 -0.172607 0.149536 -0.346924
-0.008667 -0.322632 1.043579 -0.218018 0.164673 -0.324585
-0.027588 -0.354248 1.025024 -0.240356 0.187500 -0.310913
-0.046387 -0.397827 1.014526 -0.224365 0.199219 -0.313965
-0.082397 -0.443115 0.991455 -0.215576 0.183594 -0.328491
-0.123535 -0.486084 0.970459 -0.176147 0.162720 -0.338989
-0.139771 -0.518433 0.972778 -0.134521 0.130371 -0.323853
-0.143188 -0.527588 0.978516 -0.117920 0.107544 -0.281006
-0.138550 -0.504761 0.970581 -0.105347 0.105469 -0.225342
-0.130371 -0.474365 0.950439 -0.124512 0.103394 -0.165161
-0.100342 -0.440430 0.957642 -0.159180 0.100098 -0.114990
-0.078735 -0.409180 0.964355 -0.165039 0.094360 -0.099731
-0.076416 -0.392334 0.940430 -0.123657 0.084839 -0.113159
-0.082520 -0.414673 0.924683 -0.078491 0.056519 -0.144653
-0.094482 -0.462280 0.922485 -0.028442 0.011719 -0.177734
-0.110840 -0.523071 0.931274 0.032959 -0.034546 -0.189453
-0.125122 -0.564941 0.937866 0.075439 -0.072021 -0.176270
-0.119995 -0.579346 0.942017 0.095093 -0.098877 -0.139404
-0.105103 -0.566895 0.951050 0.084106 -0.111084 -0.084351
-0.089966 -0.564453 0.961182 0.053223 -0.106934 -0.016479
-0.056274 -0.540527 0.974854 0.018066 -0.087158 0.052856
-0.012085 -0.497925 0.990112 -0.005859 -0.056396 0.100342
0.001587 -0.462769 0.972778 -0.022949 -0.027832 0.102539
-0.010376 -0.439941 0.934448 -0.019287 -0.021606 0.067993
-0.009766 -0.441406 0.908081 -0.003784 -0.047485 0.017212
-0.039185 -0.496460 0.937866 0.010498 -0.092285 -0.036011
-0.034790 -0.534668 0.952393 0.093872 -0.142944 -0.058960
-0.021118 -0.539917 0.965454 0.160522 -0.164795 -0.047729
-0.000610 -0.526855 0.966675 0.165527 -0.161499 -0.006714
0.010010 -0.537109 0.963623 0.154053 -0.140869 0.046143
0.025024 -0.504272 0.972290 0.134644 -0.126099 0.091064
0.024902 -0.507935 0.959961 0.113403 -0.112061 0.124268
0.039551 -0.493408 0.952026 0.100952 -0.106934 0.139038
0.038818 -0.499878 0.923706 0.102295 -0.106079 0.140381
0.036865 -0.498413 0.912598 0.131958 -0.111084 0.130615
0.045288 -0.503784 0.902832 0.151489 -0.115601 0.126831
0.056763 -0.499512 0.909180 0.139404 -0.116211 0.135376
0.060913 -0.509277 0.908081 0.119629 -0.112305 0.154541
0.057129 -0.514160 0.897095 0.112183 -0.113159 0.166504
0.055664 -0.513428 0.887817 0.130737 -0.126709 0.175415
0.068726 -0.509155 0.881348 0.158203 -0.145630 0.182617
0.084839 -0.487915 0.891357 0.177490 -0.164551 0.184692
0.108765 -0.472168 0.924683 0.197998 -0.174072 0.187134
0.136841 -0.456299 0.936279 0.229980 -0.187012 0.202148
0.153442 -0.437500 0.937988 0.237305 -0.179077 0.211426
0.156982 -0.427246 0.939453 0.148804 -0.166016 0.221069
0.157227 -0.417236 0.939819 0.151611 -0.147827 0.224854
0.171631 -0.395264 0.936401 0.136963 -0.139893 0.222412
0.155273 -0.395874 0.919556 0.093018 -0.113281 0.217285
0.148315 -0.400757 0.933472 0.093506 -0.083130 0.219727
0.141113 -0.396606 0.931396 0.073486 -0.071167 0.228638
0.133789 -0.388428 0.901123 0.064209 -0.066895 0.230225
0.125977 -0.376953 0.912964 0.055176 -0.073730 0.218994
0.131592 -0.364258 0.917236 0.082153 -0.082886 0.206665
0.129150 -0.364502 0.924805 0.096558 -0.088257 0.200073
0.126587 -0.365479 0.929932 0.087524 -0.097900 0.196777
0.132935 -0.358398 0.957031 0.092773 -0.101074 0.196289
0.142334 -0.339111 0.971436 0.080566 -0.095093 0.200073
0.149170 -0.325195 0.990234 0.047119 -0.083374 0.207642
0.138550 -0.333252 1.001953 0.011353 -0.066406 0.215698
0.127319 -0.339722 0.997070 -0.020752 -0.050903 0.228027
0.117188 -0.334351 0.991089 -0.022827 -0.048340 0.239380
0.122192 -0.320068 0.985962 -0.009521 -0.061523 0.238403
0.132568 -0.296509 1.002197 0.020874 -0.073242 0.223999
0.151367 -0.274292 1.028076 0.055664 -0.078369 0.203857
0.142700 -0.278442 1.026978 0.057617 -0.069092 0.186890
0.130127 -0.271973 1.006470 0.052490 -0.059082 0.176270
0.139404 -0.265137 1.022705 0.045410 -0.054932 0.170166
0.144287 -0.246338 1.030762 0.021973 -0.039673 0.166870
0.133423 -0.235474 1.016968 -0.006104 -0.016968 0.169067
0.116699 -0.236084 1.013794 -0.040894 -0.002563 0.170776
0.099487 -0.238770 0.999756 -0.065308 -0.001343 0.176147
0.099243 -0.226196 0.999023 -0.051880 -0.017456 0.175781
0.122559 -0.187134 1.021484 -0.035156 -0.042114 0.162720
0.130249 -0.183472 1.044189 -0.018677 -0.053223 0.143921
0.141968 -0.159790 1.054321 0.005371 -0.052124 0.122314
0.139282 -0.146484 1.052856 0.014771 -0.039673 0.102051
0.144897 -0.127563 1.054321 0.016235 -0.024292 0.084595
0.126343 -0.137207 1.042603 0.004639 -0.003296 0.072510
