0.054932 -0.284790 1.021240 -0.028198 0.003174 -0.010742
0.046143 -0.287964 1.013062 -0.017334 0.003052 -0.014648
0.044678 -0.298462 1.010376 -0.004761 -0.002075 -0.020386
0.039673 -0.302002 1.009521 0.000488 -0.006348 -0.021118
0.031128 -0.323120 1.006592 -0.004028 -0.005371 -0.012695
0.017334 -0.322510 1.007690 -0.001831 -0.009277 -0.008667
0.030518 -0.339722 1.013184 -0.003906 -0.026855 -0.016602
0.026733 -0.359497 1.013306 -0.006958 -0.017334 0.000244
0.015381 -0.386108 1.007690 -0.006348 -0.015381 0.016846
0.012573 -0.382324 1.004761 -0.001343 -0.021240 0.029907
0.014893 -0.376587 1.005127 0.010864 -0.030518 0.044434
0.020386 -0.363525 1.005981 0.028320 -0.041870 0.055054
0.025635 -0.348633 1.000977 0.037354 -0.051270 0.067383
0.029419 -0.341187 1.002441 0.041748 -0.061279 0.078979
0.036743 -0.326294 0.987793 0.039795 -0.073608 0.088013
0.058472 -0.331909 1.005737 0.044800 -0.082031 0.093872
0.077271 -0.332275 1.024292 0.055664 -0.079224 0.102295
0.068848 -0.312256 1.008911 0.062012 -0.066284 0.104004
0.018555 -0.314819 0.931274 0.085815 -0.073120 0.083496
-0.002686 -0.333862 0.908813 0.178711 -0.135132 0.027710
0.018433 -0.336060 0.948853 0.293945 -0.216064 -0.025269
0.066528 -0.308350 1.011353 0.343262 -0.264038 -0.031616
0.119141 -0.266724 1.071777 0.308838 -0.243286 0.003540
0.146240 -0.205566 1.098633 0.186157 -0.160767 0.070435
0.126587 -0.200928 1.048218 0.028198 -0.065552 0.143066
0.097656 -0.194580 0.983398 -0.078857 -0.006592 0.182373
0.077393 -0.220581 0.942383 -0.118408 0.008423 0.184082
0.075562 -0.228394 0.940796 -0.102905 -0.014648 0.154297
0.079590 -0.217773 0.951050 -0.068359 -0.051880 0.116577
0.091064 -0.220215 0.956787 -0.043091 -0.079590 0.096558
0.097046 -0.228394 0.974121 -0.043701 -0.093018 0.088013
0.098633 -0.247437 0.974243 -0.053467 -0.106445 0.086548
0.113403 -0.257080 0.998779 -0.045654 -0.121094 0.093262
0.140015 -0.250000 1.032959 -0.044678 -0.126953 0.108032
0.150757 -0.229614 1.045288 -0.057983 -0.113037 0.120361
0.151001 -0.203979 1.037842 -0.053711 -0.093994 0.135132
0.143799 -0.188232 1.023926 -0.055298 -0.080811 0.144653
0.149170 -0.178589 1.022339 -0.075317 -0.077515 0.146606
0.161865 -0.184082 1.031372 -0.084961 -0.069336 0.138794
0.158813 -0.197266 1.047974 -0.120850 -0.054077 0.122803
0.150879 -0.217651 1.048462 -0.119385 -0.032104 0.118164
0.129150 -0.243652 1.033691 -0.123169 -0.011841 0.119141
0.109009 -0.261963 1.016968 -0.130127 -0.000732 0.126465
0.101440 -0.259277 1.009033 -0.119263 -0.004272 0.141235
0.101074 -0.251221 1.009521 -0.124878 -0.010864 0.154541
0.114990 -0.229370 1.018555 -0.120850 -0.015015 0.155762
0.119995 -0.211670 1.017944 -0.114258 -0.013916 0.144653
0.118042 -0.220581 1.007813 -0.105835 -0.011230 0.129272
0.120117 -0.224487 1.003906 -0.083008 -0.016357 0.115356
0.128052 -0.222168 1.020874 -0.073853 -0.028809 0.106689
0.152588 -0.224365 1.047241 -0.080566 -0.034668 0.099487
0.155396 -0.216675 1.064819 -0.095703 -0.019409 0.094849
0.134644 -0.214233 1.042236 -0.099609 0.009888 0.102295
0.105347 -0.236206 1.008423 -0.107056 0.023071 0.109985
0.092407 -0.234497 1.001953 -0.099609 0.008667 0.103882
0.095093 -0.234985 1.004028 -0.068237 -0.018555 0.091064
0.112427 -0.232422 1.030029 -0.035889 -0.041504 0.070679
0.126465 -0.222534 1.040039 -0.006226 -0.045288 0.055420
0.125977 -0.208252 1.025635 -0.004639 -0.030518 0.060181
0.121826 -0.206299 1.011353 -0.053711 -0.011230 0.076538
0.113892 -0.206787 0.999146 -0.110352 0.001831 0.084839
0.092651 -0.224731 0.981689 -0.132446 0.000610 0.072144
0.089233 -0.240723 0.990112 -0.091919 -0.017578 0.049927
0.090332 -0.246460 0.991699 -0.056519 -0.043945 0.026855
0.105347 -0.244141 1.015625 -0.029907 -0.065063 0.015015
0.125977 -0.241333 1.043213 -0.015503 -0.073364 0.011475
0.134399 -0.234497 1.054321 -0.011597 -0.063232 0.008545
0.131836 -0.226440 1.042969 -0.022339 -0.044556 0.012817
0.131592 -0.216797 1.033081 -0.031860 -0.031128 0.017578
0.135986 -0.208008 1.036255 -0.043579 -0.021362 0.019043
0.132446 -0.202271 1.026978 -0.052612 -0.008789 0.023438
0.134521 -0.210205 1.024780 -0.072632 0.003540 0.025024
0.124512 -0.217773 1.015869 -0.087524 0.009399 0.012939
0.115967 -0.230469 1.008789 -0.082764 0.012695 0.003418
0.110840 -0.233887 1.010864 -0.073853 0.003662 -0.007446
0.121948 -0.222290 1.008911 -0.063599 -0.005493 -0.006104
0.127441 -0.215332 1.015381 -0.062622 -0.009277 -0.002319
0.122192 -0.218140 1.004639 -0.067993 -0.013306 -0.003662
0.119629 -0.215698 1.005859 -0.054077 -0.021484 -0.015747
0.119385 -0.221436 1.009033 -0.039307 -0.031250 -0.031128
0.127930 -0.219727 1.016357 -0.037476 -0.035522 -0.042236
0.137451 -0.217041 1.025635 -0.050537 -0.027344 -0.046509
0.125366 -0.217163 1.006226 -0.078735 -0.012329 -0.043213
0.110107 -0.218384 0.985840 -0.116333 -0.002930 -0.033813
0.101440 -0.230713 0.984741 -0.126831 -0.008667 -0.030762
0.104980 -0.250854 0.984375 -0.117920 -0.019409 -0.034668
0.107788 -0.257690 1.000610 -0.108887 -0.031494 -0.046997
0.124146 -0.238281 1.013916 -0.083740 -0.035645 -0.062744
0.127319 -0.223633 1.008911 -0.078247 -0.032227 -0.074707
0.124634 -0.212158 1.000732 -0.088257 -0.026367 -0.081665
0.120605 -0.214355 0.998291 -0.103760 -0.021240 -0.086670
0.126953 -0.208618 0.993896 -0.100586 -0.014160 -0.091431
0.130371 -0.212036 0.995117 -0.111450 0.008545 -0.097290
0.121826 -0.219971 0.994629 -0.153442 0.026001 -0.100952
0.120972 -0.234985 1.014648 -0.166992 0.041382 -0.105225
0.118286 -0.230469 1.032837 -0.197510 0.056763 -0.095947
0.107910 -0.229126 1.024414 -0.194458 0.063110 -0.080200
0.102417 -0.221313 1.015015 -0.186523 0.059570 -0.075562
0.115723 -0.210693 1.023071 -0.160400 0.041138 -0.087280
0.134033 -0.201660 1.047607 -0.156494 0.016479 -0.119751
0.140015 -0.207153 1.048950 -0.138428 0.000732 -0.147217
0.153931 -0.196533 1.081909 -0.077271 -0.003418 -0.183716
0.160034 -0.209839 1.102905 -0.083862 0.004150 -0.196167
0.157837 -0.197876 1.096802 -0.105347 0.015869 -0.195923
0.138062 -0.217529 1.079956 -0.121704 0.046631 -0.195313
0.120850 -0.231812 1.060181 -0.111572 0.055054 -0.201294
0.105957 -0.260254 1.041016 -0.108887 0.051514 -0.213623
0.097290 -0.272095 1.046631 -0.097412 0.033203 -0.222778
0.106567 -0.275635 1.062744 -0.071533 0.020020 -0.224243
0.117188 -0.278809 1.077637 -0.054688 0.022217 -0.227661
0.113770 -0.291748 1.084351 -0.056274 0.037598 -0.228516
0.099976 -0.308105 1.073975 -0.054199 0.047363 -0.228638
0.087158 -0.307007 1.054199 -0.047485 0.057251 -0.222168
0.075195 -0.301392 1.043335 -0.055786 0.057007 -0.210571
0.075684 -0.301758 1.033203 -0.056519 0.049561 -0.199585
0.077759 -0.299561 1.034668 -0.046143 0.040405 -0.195679
0.089844 -0.297241 1.058960 -0.025269 0.027710 -0.196533
0.108521 -0.285156 1.073853 0.002686 0.016602 -0.201782
0.117188 -0.265381 1.086304 0.029053 0.020508 -0.208374
0.111328 -0.255005 1.077515 0.030518 0.034668 -0.203613
0.110840 -0.241943 1.062012 0.015869 0.047241 -0.189819
0.095825 -0.222534 1.041748 -0.008057 0.058838 -0.176758
0.083740 -0.213379 1.020874 -0.019409 0.061157 -0.171753
0.079346 -0.213501 1.018555 -0.004761 0.048584 -0.176025
0.076172 -0.221558 1.032471 0.008179 0.037964 -0.180664
0.090698 -0.218384 1.060303 0.039795 0.030762 -0.190430
0.088623 -0.229736 1.083008 0.008789 0.042847 -0.186646
0.095337 -0.248413 1.101929 -0.008301 0.050781 -0.175171
0.078857 -0.274170 1.090332 0.011719 0.079468 -0.168701
0.055908 -0.274902 1.043335 0.034546 0.095215 -0.151245
0.054199 -0.258301 1.063232 0.077515 0.098999 -0.125488
0.044922 -0.249390 1.029663 0.043579 0.093628 -0.114136
0.044312 -0.231689 1.012695 0.044678 0.080688 -0.108887
0.056641 -0.232056 1.013428 0.046143 0.072388 -0.113281
0.063843 -0.235474 1.018921 0.032349 0.067627 -0.124512
0.075684 -0.234985 1.034912 0.007080 0.068481 -0.131592
0.073853 -0.273071 1.039917 -0.026733 0.088501 -0.133911
0.055054 -0.312378 1.037476 -0.054565 0.109985 -0.128296
0.017822 -0.321289 0.993652 -0.050415 0.121826 -0.121338
-0.011353 -0.335083 0.977417 -0.018555 0.100708 -0.121460
-0.016602 -0.350952 0.993042 -0.000977 0.049072 -0.125732
-0.011719 -0.358398 1.014038 0.019775 0.009277 -0.125244
0.006592 -0.356323 1.041504 0.051147 -0.016113 -0.112549
0.044922 -0.328369 1.076660 0.065186 -0.027832 -0.100830
0.054810 -0.311768 1.078979 0.061279 -0.019531 -0.100586
0.052734 -0.306519 1.052246 0.072021 0.000488 -0.112427
0.037720 -0.321045 1.007935 0.079224 0.004150 -0.133667
0.019531 -0.333740 0.982056 0.109619 -0.006348 -0.150757
0.007568 -0.353638 0.942139 0.143066 -0.025146 -0.150635
0.024902 -0.329590 0.913452 0.168335 -0.048706 -0.134399
