-0.084106 -0.581299 1.027466 0.023315 -0.146973 -0.045044
-0.076172 -0.583252 1.023315 0.038574 -0.136963 -0.011963
-0.062134 -0.587280 1.031860 0.047485 -0.125977 0.023315
-0.049194 -0.585205 1.039307 0.044189 -0.113892 0.057739
-0.039307 -0.570435 1.044556 0.042969 -0.102417 0.086304
-0.025146 -0.565063 1.018066 0.076904 -0.112183 0.112427
-0.023926 -0.563477 1.000244 0.089111 -0.119263 0.118652
-0.015503 -0.559814 1.002319 0.108154 -0.131470 0.124390
0.006836 -0.541138 1.007324 0.163208 -0.141602 0.125610
0.017334 -0.528809 0.994751 0.189209 -0.146973 0.128540
0.034546 -0.506470 0.988525 0.197266 -0.142090 0.135742
0.044800 -0.485718 0.982056 0.200439 -0.131592 0.147217
0.058350 -0.456543 0.972412 0.197388 -0.118896 0.163086
0.062378 -0.443970 0.944580 0.172119 -0.105957 0.180664
0.062744 -0.430664 0.932007 0.174194 -0.101929 0.191162
0.064331 -0.420044 0.918579 0.191406 -0.116699 0.188843
0.071899 -0.423462 0.903076 0.203491 -0.143677 0.178955
0.089722 -0.411255 0.920654 0.228638 -0.172241 0.164673
0.107544 -0.392822 0.930908 0.249634 -0.187256 0.159546
0.129395 -0.369385 0.936768 0.247314 -0.182495 0.163696
0.138794 -0.342285 0.940308 0.218018 -0.164307 0.176147
0.131348 -0.343506 0.932373 0.186035 -0.142212 0.185913
0.120483 -0.344238 0.916260 0.167114 -0.147949 0.181641
0.104980 -0.348877 0.899292 0.180542 -0.180908 0.162964
0.121338 -0.331055 0.912476 0.218506 -0.227295 0.139282
0.147949 -0.318237 0.945313 0.253784 -0.268188 0.122070
0.176758 -0.289185 0.978149 0.276245 -0.287354 0.104858
0.186401 -0.288208 1.013306 0.285522 -0.281616 0.093872
0.191895 -0.280640 1.024780 0.277222 -0.262085 0.091064
0.205566 -0.259399 1.034790 0.256226 -0.233765 0.095459
0.228516 -0.215088 1.047485 0.212769 -0.196899 0.112549
0.250122 -0.181274 1.062256 0.133667 -0.130371 0.149902
0.242065 -0.153076 1.025391 0.033203 -0.040039 0.189697
0.220581 -0.131714 0.979980 -0.052002 0.039429 0.209229
0.180298 -0.138428 0.916870 -0.127441 0.090210 0.205078
0.143188 -0.145142 0.852295 -0.147217 0.101929 0.182007
0.114868 -0.160522 0.821045 -0.134766 0.079712 0.143188
0.117798 -0.170166 0.818970 -0.106201 0.035156 0.099854
0.136597 -0.185669 0.885986 -0.083252 -0.010132 0.062988
0.156006 -0.188599 0.914551 -0.023926 -0.031128 0.039063
0.176025 -0.156738 0.983032 0.014771 -0.043091 0.028687
0.182007 -0.131470 0.982422 -0.028442 -0.036865 0.016724
0.185669 -0.116089 0.978638 -0.080444 -0.025269 0.003174
0.186646 -0.091064 0.978516 -0.101929 -0.015137 0.000488
0.199951 -0.034424 1.004517 -0.110107 -0.002319 -0.010376
0.187744 -0.050049 0.980957 -0.169922 0.020020 -0.027344
0.173950 -0.041992 0.953735 -0.205811 0.043823 -0.054688
0.138794 -0.057617 0.917603 -0.244263 0.072754 -0.079590
0.096924 -0.099487 0.884888 -0.293823 0.094971 -0.090454
0.077637 -0.116821 0.880981 -0.351318 0.085449 -0.102051
0.075684 -0.151123 0.924805 -0.384766 0.063599 -0.111450
0.098389 -0.168823 0.996216 -0.415039 0.033936 -0.125854
0.128784 -0.179443 1.079468 -0.421631 0.014648 -0.145996
0.152710 -0.205566 1.155396 -0.437744 0.000610 -0.162598
0.166992 -0.218262 1.197632 -0.461670 0.003906 -0.179688
0.164917 -0.243774 1.255127 -0.467041 0.032959 -0.203613
0.174194 -0.281616 1.352051 -0.447144 0.058350 -0.218018
0.153809 -0.339111 1.427734 -0.455078 0.121582 -0.220581
0.122803 -0.410645 1.513184 -0.391357 0.207764 -0.203613
0.095093 -0.436401 1.473633 -0.323730 0.301392 -0.160889
0.053833 -0.411133 1.342163 -0.350830 0.343384 -0.110474
0.021606 -0.357788 1.209351 -0.345825 0.336060 -0.088013
0.019287 -0.309326 1.118896 -0.261353 0.275757 -0.124390
0.032227 -0.249146 1.049683 -0.173218 0.160400 -0.208374
0.041016 -0.263062 0.996338 -0.098755 0.043091 -0.314819
0.054077 -0.295654 1.044312 -0.044434 -0.040405 -0.414185
0.057739 -0.366211 1.073975 0.025757 -0.052734 -0.450195
0.048584 -0.381836 1.065186 0.068359 -0.003662 -0.429565
0.033203 -0.370361 1.012695 0.031128 0.057251 -0.354858
0.031250 -0.328369 0.971924 -0.031738 0.105347 -0.262207
0.017578 -0.296143 0.924805 -0.112793 0.153442 -0.182617
0.026245 -0.257324 0.885132 -0.163086 0.170898 -0.139282
0.018799 -0.236816 0.873535 -0.156494 0.167236 -0.156372
0.002563 -0.242188 0.836304 -0.112671 0.133423 -0.195557
-0.008301 -0.265259 0.829712 -0.064087 0.092285 -0.244263
-0.010498 -0.303101 0.854370 -0.033936 0.048096 -0.277100
-0.021240 -0.350952 0.864990 -0.034790 0.023926 -0.278442
-0.042114 -0.400391 0.871338 -0.043335 0.013306 -0.252075
-0.051514 -0.412598 0.870728 -0.057861 0.003052 -0.207031
-0.067383 -0.417358 0.855835 -0.070923 -0.010010 -0.159058
-0.066040 -0.433716 0.861572 -0.048828 -0.038086 -0.126221
-0.054077 -0.430908 0.892944 -0.014404 -0.078003 -0.113525
-0.032349 -0.440063 0.917236 0.044800 -0.114868 -0.113647
-0.004761 -0.420410 0.935791 0.111816 -0.140869 -0.133667
-0.004150 -0.437622 0.945435 0.147705 -0.157227 -0.152710
-0.006470 -0.473999 0.966309 0.169556 -0.168091 -0.157471
0.008179 -0.468384 0.991333 0.155518 -0.161011 -0.141113
0.002930 -0.521606 1.020996 0.098145 -0.127930 -0.100708
0.003174 -0.521851 1.030518 0.066650 -0.086426 -0.047729
-0.011230 -0.532104 0.995361 0.034058 -0.061646 0.006836
-0.012451 -0.531616 0.974976 0.039063 -0.065674 0.038818
0.004272 -0.527710 0.996338 0.065552 -0.085327 0.050781
0.022827 -0.529053 1.023926 0.092285 -0.100342 0.039917
0.034912 -0.516235 1.039551 0.127930 -0.099121 0.021606
0.029541 -0.517212 1.037720 0.130127 -0.083374 0.012207
0.010254 -0.538330 1.023926 0.095459 -0.065308 0.024780
0.004395 -0.544800 1.010742 0.064087 -0.053101 0.048584
0.005127 -0.542603 1.008423 0.049438 -0.047607 0.075928
0.004150 -0.539063 0.994995 0.046631 -0.050903 0.103027
0.003418 -0.519531 0.970703 0.064575 -0.064575 0.122437
0.018311 -0.481201 0.974487 0.100220 -0.088501 0.124268
0.039307 -0.443726 0.968262 0.124878 -0.113647 0.112915
0.054077 -0.420410 0.972168 0.147095 -0.132446 0.089478
0.059814 -0.410645 0.970581 0.160889 -0.144653 0.069580
0.067139 -0.419800 0.973022 0.173584 -0.145386 0.066162
0.074707 -0.422241 0.977539 0.171021 -0.137451 0.083618
0.083740 -0.405273 0.971680 0.135864 -0.123047 0.105713
0.081055 -0.397949 0.968750 0.088013 -0.110962 0.119385
0.075195 -0.385742 0.944092 0.086792 -0.098877 0.120728
0.070923 -0.388184 0.930176 0.113159 -0.098877 0.116943
0.078369 -0.388550 0.927002 0.130127 -0.110474 0.113892
0.084473 -0.392456 0.930908 0.141724 -0.118652 0.115601
0.099731 -0.394653 0.939697 0.141724 -0.123291 0.122803
0.112915 -0.384766 0.950073 0.144043 -0.122070 0.128418
0.123047 -0.382568 0.957275 0.138306 -0.116333 0.133423
0.139404 -0.392944 0.974731 0.142212 -0.103882 0.139526
0.142090 -0.381714 0.963013 0.120483 -0.089722 0.148315
0.136353 -0.389160 0.953369 0.099487 -0.075195 0.155273
0.139160 -0.384277 0.948120 0.096558 -0.069824 0.159424
0.148560 -0.377197 0.946411 0.097168 -0.065186 0.167236
0.154297 -0.381836 0.955078 0.097290 -0.057739 0.175415
0.148926 -0.383301 0.949097 0.095947 -0.053711 0.180786
0.151489 -0.384888 0.942749 0.100342 -0.054810 0.183838
0.155396 -0.368408 0.940918 0.091064 -0.064209 0.183350
0.157349 -0.369873 0.934814 0.093628 -0.072021 0.178711
0.169067 -0.351685 0.946777 0.097412 -0.079346 0.169189
0.179077 -0.333862 0.948364 0.098267 -0.078979 0.163574
0.176758 -0.338013 0.966797 0.091064 -0.073853 0.161133
0.169800 -0.340942 0.960938 0.084229 -0.067383 0.157471
0.170898 -0.333008 0.965698 0.078125 -0.064941 0.154907
0.180420 -0.313721 0.983398 0.067871 -0.061768 0.153809
0.167358 -0.305786 0.964722 0.050537 -0.046509 0.156738
0.159790 -0.302979 0.967896 0.040771 -0.037231 0.158936
0.159668 -0.296631 0.973389 0.017090 -0.037598 0.162476
0.156616 -0.297974 0.976563 0.006714 -0.040405 0.164673
0.155640 -0.291260 0.979980 0.007324 -0.046143 0.156250
0.158569 -0.274292 0.983032 0.005249 -0.051758 0.143799
0.160278 -0.273804 0.997803 0.020264 -0.057861 0.134033
0.167603 -0.273315 1.018311 0.022583 -0.059448 0.124878
0.172729 -0.262817 1.031982 0.006836 -0.051025 0.124756
0.167969 -0.261719 1.040405 -0.012207 -0.033691 0.135132
0.171509 -0.246704 1.050659 -0.022217 -0.015625 0.136963
0.174072 -0.232666 1.038208 -0.031982 0.003052 0.133057
0.162720 -0.234497 1.031616 -0.037598 0.019653 0.124756
0.153076 -0.227905 1.023315 -0.048462 0.028442 0.117676
0.137207 -0.232178 1.007202 -0.047363 0.037476 0.116455
0.125488 -0.229004 0.998657 -0.047974 0.037354 0.106567
0.120117 -0.221313 0.996460 -0.048340 0.033447 0.095581
0.112793 -0.220337 0.996704 -0.037720 0.030151 0.081177
0.096558 -0.229614 0.985840 -0.027466 0.023315 0.069458
