0.030273 -0.361572 0.997437 -0.028076 -0.010376 -0.022827
0.038452 -0.374512 1.009888 -0.002319 -0.030640 -0.028320
0.053467 -0.383911 1.030396 0.010986 -0.040649 -0.025879
0.062622 -0.387695 1.043091 0.012085 -0.033203 -0.011963
0.053955 -0.385742 1.038086 -0.006226 -0.011719 0.013550
0.042114 -0.386719 1.007446 -0.032349 0.005249 0.041382
0.023193 -0.395264 0.988281 -0.046021 0.009155 0.059692
0.016724 -0.396362 0.975220 -0.031006 -0.005005 0.067627
0.029053 -0.383911 0.987671 -0.002075 -0.029907 0.067871
0.037231 -0.377441 0.994507 0.006958 -0.049316 0.069092
0.057129 -0.357300 1.000977 0.030029 -0.055054 0.078857
0.061646 -0.356934 0.998291 0.026611 -0.049072 0.086792
0.055054 -0.364136 0.985596 0.007935 -0.041992 0.099243
0.057617 -0.338501 0.977417 0.002197 -0.038696 0.116577
0.057007 -0.333984 0.960571 -0.021606 -0.033325 0.135864
0.063110 -0.301514 0.945313 -0.031372 -0.033325 0.148071
0.064209 -0.288452 0.926025 -0.042114 -0.035889 0.160156
0.065186 -0.269043 0.922241 -0.055298 -0.041748 0.153442
0.062378 -0.267700 0.909180 -0.053467 -0.049683 0.142822
0.057861 -0.269775 0.910767 -0.055542 -0.061768 0.133667
0.064209 -0.267334 0.926880 -0.054321 -0.073486 0.134521
0.083740 -0.281006 0.953857 -0.076294 -0.086548 0.140747
0.113770 -0.278809 0.996338 -0.073608 -0.095703 0.144043
0.124756 -0.282227 1.032593 -0.081055 -0.083618 0.143188
0.122925 -0.288696 1.027222 -0.075684 -0.064453 0.143555
0.102661 -0.283569 1.017944 -0.072388 -0.055420 0.139160
0.097778 -0.296387 1.014893 -0.066406 -0.060791 0.147095
0.114380 -0.290894 1.045776 -0.062988 -0.074219 0.150269
0.125977 -0.283691 1.067139 -0.055420 -0.077148 0.148193
0.132202 -0.280518 1.078735 -0.039429 -0.061523 0.146362
0.133423 -0.266968 1.076660 -0.041260 -0.040039 0.143921
0.119019 -0.255371 1.045410 -0.054199 -0.012207 0.140015
0.106689 -0.255371 1.022583 -0.062866 0.002075 0.134277
0.098145 -0.255981 1.023071 -0.071533 0.000977 0.123779
0.100342 -0.264771 1.019531 -0.057861 -0.006592 0.111084
0.103027 -0.283691 1.032959 -0.034912 -0.020142 0.098389
0.098145 -0.283936 1.038818 -0.034058 -0.039185 0.090332
0.100708 -0.295166 1.052734 -0.017090 -0.044312 0.096069
0.118652 -0.262451 1.061646 0.001709 -0.046509 0.103271
0.119263 -0.242554 1.058960 -0.010254 -0.028687 0.116089
0.126587 -0.197144 1.041260 -0.017578 0.000366 0.126831
0.100952 -0.214600 1.003418 -0.072021 0.031738 0.130981
0.084229 -0.231567 0.976318 -0.099243 0.040283 0.119751
0.065674 -0.243042 0.960571 -0.093750 0.026245 0.100464
0.071655 -0.259521 0.975220 -0.073608 -0.001465 0.079956
0.087280 -0.261597 0.990479 -0.033691 -0.026123 0.064453
0.085449 -0.264038 1.005127 -0.022827 -0.040527 0.051392
0.092285 -0.262695 0.998779 0.003906 -0.048706 0.042603
0.085449 -0.274536 0.995239 0.028198 -0.055908 0.026733
0.082031 -0.260010 0.985840 0.050049 -0.062378 0.014771
0.084473 -0.236328 0.974121 0.058105 -0.061279 0.016968
0.088989 -0.210571 0.967529 0.033813 -0.053833 0.025635
0.083496 -0.216553 0.953979 -0.008301 -0.044922 0.033203
0.093994 -0.193481 0.972412 -0.007690 -0.048706 0.022949
0.090698 -0.202759 0.980469 -0.001587 -0.059326 0.006226
0.107056 -0.207764 1.009155 0.034180 -0.083130 -0.017822
0.150513 -0.172974 1.063232 0.066528 -0.095459 -0.029297
0.159058 -0.154053 1.076660 0.046143 -0.070557 -0.019775
0.163452 -0.145630 1.080811 0.001343 -0.031128 -0.005737
0.153076 -0.144897 1.056519 -0.044067 0.006714 -0.001831
0.135742 -0.149048 1.027100 -0.069092 0.030518 -0.010010
0.119751 -0.176392 1.004150 -0.067017 0.033203 -0.028687
0.120483 -0.191772 1.017334 -0.048950 0.020264 -0.049316
0.116699 -0.204102 1.033813 -0.058716 0.015137 -0.063232
0.111572 -0.204834 1.030273 -0.063354 0.018311 -0.063721
0.098877 -0.201172 1.014771 -0.066406 0.022949 -0.060913
0.096069 -0.203369 0.999512 -0.073853 0.023438 -0.057373
0.091309 -0.201294 0.996826 -0.072388 0.010498 -0.061646
0.089966 -0.208130 1.005615 -0.044067 -0.009399 -0.080566
0.103394 -0.219238 1.035278 -0.011597 -0.027832 -0.097290
0.128296 -0.207520 1.077271 -0.018921 -0.030762 -0.106323
0.139771 -0.208862 1.106201 -0.053955 -0.006714 -0.104858
0.133057 -0.207153 1.097168 -0.085815 0.028809 -0.104980
0.105713 -0.235352 1.070923 -0.112061 0.057007 -0.103760
0.086548 -0.263306 1.048828 -0.125732 0.064331 -0.105225
0.082642 -0.282104 1.040283 -0.122559 0.054810 -0.108643
0.081177 -0.280762 1.039673 -0.104126 0.040283 -0.111206
0.094604 -0.263306 1.040649 -0.098999 0.030396 -0.105713
0.105591 -0.257813 1.055054 -0.100464 0.028076 -0.102051
0.101440 -0.258057 1.036621 -0.109253 0.033813 -0.096313
0.099976 -0.252319 1.026733 -0.105225 0.035400 -0.095947
0.104248 -0.249756 1.041260 -0.097412 0.031616 -0.107666
0.100464 -0.246460 1.045410 -0.074341 0.029785 -0.120117
0.096069 -0.243896 1.047852 -0.066895 0.027954 -0.129639
0.108032 -0.225342 1.062012 -0.075806 0.024170 -0.137207
0.109741 -0.220459 1.062256 -0.080322 0.026245 -0.144287
0.098267 -0.228638 1.049683 -0.075562 0.034180 -0.151978
0.100586 -0.237061 1.060913 -0.069458 0.035034 -0.155396
0.109619 -0.246582 1.076660 -0.085815 0.035034 -0.151367
0.119141 -0.224487 1.100098 -0.101929 0.039307 -0.151245
0.112549 -0.213501 1.100952 -0.108276 0.047729 -0.152344
0.094971 -0.209473 1.083740 -0.098511 0.055298 -0.161865
0.062012 -0.229492 1.045898 -0.085571 0.063110 -0.174316
0.049561 -0.223999 1.018555 -0.067261 0.046631 -0.180786
0.051025 -0.216431 1.021484 -0.047852 0.036011 -0.177368
0.058716 -0.223022 1.033325 -0.069214 0.031982 -0.162720
0.072510 -0.225098 1.057617 -0.099854 0.026489 -0.151489
0.083862 -0.239746 1.080078 -0.116455 0.038086 -0.149780
0.081299 -0.255493 1.091309 -0.136353 0.059204 -0.147827
0.063354 -0.270630 1.079102 -0.144409 0.077759 -0.139038
0.048340 -0.249390 1.045166 -0.132813 0.092285 -0.129028
0.034912 -0.261230 1.031860 -0.150635 0.099243 -0.112549
0.022461 -0.265503 1.022217 -0.161133 0.090820 -0.101807
0.016846 -0.271606 1.020874 -0.138916 0.080322 -0.100098
0.020630 -0.271240 1.020386 -0.093628 0.057251 -0.105225
0.046265 -0.264160 1.034546 -0.056396 0.031738 -0.111206
0.074219 -0.232178 1.056763 -0.023193 0.015503 -0.118530
0.089111 -0.202271 1.055298 -0.001587 0.019897 -0.120117
0.103516 -0.175171 1.057617 -0.001587 0.025757 -0.121094
0.106445 -0.162109 1.049683 0.002319 0.038330 -0.124390
0.096802 -0.174927 1.047974 -0.003418 0.062500 -0.123901
0.086792 -0.196533 1.043091 -0.025879 0.089966 -0.108765
0.067871 -0.224487 1.026855 -0.074219 0.116699 -0.079712
0.050537 -0.245361 1.019409 -0.123779 0.133789 -0.045898
0.047119 -0.244873 1.025757 -0.141846 0.135010 -0.029907
0.034790 -0.234985 1.023682 -0.119385 0.135254 -0.036377
-0.000732 -0.236450 0.984741 -0.096313 0.125244 -0.058960
-0.012207 -0.249756 0.973999 -0.041626 0.112061 -0.094482
-0.023804 -0.298096 0.982056 -0.059937 0.091553 -0.118530
-0.001953 -0.309448 1.011108 -0.041016 0.043823 -0.126221
0.001343 -0.329102 1.041870 -0.026001 0.049927 -0.123901
0.018433 -0.344849 1.068359 -0.033203 0.066284 -0.110474
0.001831 -0.357178 1.050537 -0.090942 0.102295 -0.090332
-0.032593 -0.390137 1.008179 -0.161499 0.138184 -0.060303
-0.057007 -0.399292 0.976929 -0.170654 0.129639 -0.039551
-0.082886 -0.393433 0.940552 -0.125977 0.093262 -0.037231
-0.102051 -0.381592 0.911865 -0.064941 0.041870 -0.056885
-0.070801 -0.370361 0.931641 0.019409 -0.023560 -0.090942
-0.042236 -0.377075 0.982178 0.032349 -0.060547 -0.123413
-0.015625 -0.378174 1.009033 0.049927 -0.071899 -0.141357
0.008057 -0.357178 1.015259 0.048218 -0.064575 -0.137817
0.005981 -0.357300 1.019897 0.019653 -0.025879 -0.119385
-0.013672 -0.404053 1.001343 -0.015137 0.009277 -0.093140
-0.034546 -0.436035 0.980103 -0.070923 0.024414 -0.053833
-0.041870 -0.447876 0.974976 -0.106567 0.019653 -0.015381
-0.050415 -0.434570 0.958130 -0.113037 0.009766 0.002075
-0.049561 -0.412354 0.935669 -0.071899 -0.016357 0.000000
-0.049438 -0.391602 0.928345 -0.029419 -0.062134 -0.024536
-0.026001 -0.379517 0.937866 0.034302 -0.111328 -0.052002
-0.000854 -0.368286 0.960571 0.076660 -0.147949 -0.071899
0.026611 -0.352173 0.973267 0.092529 -0.168701 -0.081543
0.049683 -0.332642 0.987793 0.099976 -0.178589 -0.096802
0.072876 -0.308228 1.035889 0.076904 -0.175537 -0.111938
0.088013 -0.331299 1.049561 0.010620 -0.138184 -0.093140
0.067993 -0.375732 1.038940 -0.053101 -0.081787 -0.064575
0.016113 -0.435791 0.983398 -0.109009 -0.046509 -0.036743
-0.014404 -0.457886 0.955688 -0.101563 -0.047852 -0.013428
-0.025879 -0.471191 0.933105 -0.066650 -0.079590 0.005737
-0.014038 -0.449463 0.941528 -0.022339 -0.129028 0.013916
0.017700 -0.413940 0.966675 0.012817 -0.177246 0.013184
