-0.301636 -0.706421 0.976685 -0.731079 0.625610 -0.401123
-0.138062 -0.747559 0.864624 0.045898 -0.192383 -0.447388
-0.076050 -0.591797 0.934814 0.492676 -0.395386 -0.882446
0.036011 -0.222290 0.986694 0.531128 -0.310303 -1.004150
-0.033936 -0.615601 1.131592 0.247925 -0.155640 -0.842041
-0.041016 -0.623413 1.094849 0.394409 -0.067139 -0.911255
0.022339 -0.347046 0.893066 0.681030 -0.100952 -0.940674
-0.032837 -0.070923 0.611328 0.601929 -0.053101 -0.861084
-0.027588 -0.008545 0.523071 0.164795 0.112183 -0.316162
-0.095093 -0.425049 0.792358 -0.385498 0.308716 0.134399
-0.172852 -0.685181 0.949097 -0.333008 0.370605 0.214844
-0.102417 -0.630005 0.900757 0.010620 0.325439 0.252441
-0.061157 -0.418457 0.890991 0.081909 0.308228 0.111694
-0.000122 -0.337769 1.012207 -0.044556 0.318359 0.187866
-0.192261 -0.828735 0.886597 -0.316528 0.392578 0.267334
-0.127686 -0.531372 0.870239 -0.380737 0.363281 0.123779
-0.191895 -0.574829 0.639160 -0.564331 0.385132 0.062744
-0.170288 -0.436035 0.645508 -0.784668 0.258667 -0.143555
-0.133057 -0.461792 0.702148 -0.773560 0.028320 -0.356567
-0.116821 -0.592896 0.840942 -0.611572 -0.276733 -0.598511
-0.043335 -0.699097 1.690430 -0.554810 -0.404541 -0.837402
-0.123901 -0.938843 1.273804 0.591553 0.101929 -0.631226
-0.257568 -0.537109 0.646973 2.576172 0.140015 -0.311279
-0.324097 -0.897583 0.290894 2.664673 0.065918 0.070801
-0.156128 -0.691528 0.763306 0.042236 0.071167 -0.105103
-0.122559 -0.635620 1.040283 -0.951782 0.016602 -0.424316
-0.077881 -0.686523 0.842896 -0.252197 0.067627 -0.211792
-0.173340 -0.787842 0.818970 -0.676880 0.181641 -0.231201
-0.167236 -0.786743 0.747192 -0.825195 0.151245 -0.252686
-0.236328 -0.883057 0.795532 -0.320435 0.234009 -0.203369
-0.282227 -0.908203 0.619141 0.230103 0.236816 -0.111450
-0.274414 -0.791382 0.493896 0.602539 0.138306 -0.129639
-0.213379 -0.664063 0.541870 1.066040 -0.116577 -0.197754
-0.169067 -0.713745 0.686523 1.425049 -0.339355 -0.210449
-0.059448 -0.669189 0.813354 1.485474 -0.438965 -0.199097
0.036865 -0.569824 0.882324 1.302734 -0.428345 -0.218018
0.090698 -0.526367 0.920776 0.975098 -0.345581 -0.265625
0.164185 -0.340820 0.970215 0.700684 -0.258179 -0.335449
0.088623 -0.474976 0.807007 0.989136 -0.145752 -0.282349
-0.127930 -0.937500 0.847046 0.477905 -0.145386 -0.274536
-0.171143 -0.766235 0.549194 -0.504761 -0.004150 -0.299805
-0.032227 -0.617432 0.609375 0.076050 -0.124512 -0.203613
0.008423 -0.717041 0.742554 0.425537 -0.220093 -0.227173
0.018799 -0.781982 0.894043 0.329956 -0.226196 -0.322632
-0.020874 -0.817139 0.932251 0.501221 -0.176514 -0.317139
-0.058350 -0.800781 0.807495 0.823853 -0.108398 -0.172119
-0.069824 -0.748535 0.807495 0.726685 -0.077759 -0.067993
-0.072388 -0.724854 0.771729 0.539551 -0.073120 0.043945
-0.086670 -0.717407 0.671143 0.403076 -0.106079 0.124756
-0.072144 -0.710449 0.732178 0.280640 -0.182129 0.107056
-0.051147 -0.727661 0.797974 0.076294 -0.234131 0.043335
-0.009277 -0.649658 0.888062 -0.129395 -0.264282 -0.039551
0.010254 -0.617676 0.928223 -0.227173 -0.261597 -0.106689
-0.027832 -0.677002 0.918579 -0.119263 -0.211792 -0.122314
-0.054565 -0.672485 0.863403 -0.060913 -0.175659 -0.124878
-0.084229 -0.682495 0.833496 -0.052856 -0.162720 -0.111206
-0.074463 -0.631348 0.851929 -0.058350 -0.171021 -0.069214
-0.104858 -0.685669 0.825317 -0.057983 -0.183350 0.008667
-0.085327 -0.653809 0.861084 0.082275 -0.223755 0.077637
-0.023926 -0.596558 0.925537 0.177246 -0.258423 0.123169
0.029907 -0.505371 0.963989 0.193115 -0.250854 0.146118
0.055664 -0.448730 1.011597 0.186523 -0.206543 0.156860
0.028687 -0.448975 0.965088 0.138672 -0.154663 0.143311
0.011963 -0.446045 0.929932 0.082642 -0.142090 0.121582
0.009766 -0.442383 0.916138 0.070190 -0.164673 0.098633
0.025024 -0.432617 0.935059 0.115112 -0.201538 0.071533
0.049561 -0.431641 0.995239 0.135498 -0.223389 0.052246
0.054688 -0.482544 1.051880 0.124878 -0.188599 0.065186
0.058472 -0.447144 1.042358 0.037109 -0.124390 0.092163
0.048096 -0.380249 1.007202 -0.072388 -0.073975 0.112061
0.015991 -0.366577 0.937988 -0.101196 -0.053467 0.127563
-0.006104 -0.357422 0.903809 -0.060913 -0.089478 0.122070
0.005737 -0.366333 0.933838 0.019775 -0.141724 0.114624
0.021606 -0.349365 0.967529 0.105225 -0.169434 0.112671
0.027100 -0.331421 0.948975 0.171875 -0.167358 0.123779
0.045776 -0.323364 0.993408 0.167847 -0.150757 0.132202
0.057007 -0.303711 1.035278 0.105225 -0.103516 0.144287
0.041626 -0.313721 0.980591 0.037842 -0.043579 0.154663
0.009155 -0.318237 0.929932 0.009399 -0.028442 0.143677
0.002441 -0.321655 0.943481 0.000244 -0.060425 0.109863
0.021362 -0.327271 1.014282 0.022461 -0.081177 0.091309
0.045044 -0.284912 1.052246 0.020386 -0.066040 0.096680
0.032959 -0.263306 1.023315 -0.007568 -0.030640 0.114014
0.021240 -0.274902 0.997070 -0.014648 -0.021606 0.119385
0.044922 -0.259277 1.025146 0.018555 -0.038940 0.103882
0.039551 -0.264771 1.018677 0.081055 -0.048950 0.090576
0.045044 -0.257568 1.007568 0.140503 -0.044556 0.094971
0.054321 -0.246582 0.994263 0.148071 -0.018555 0.123169
0.039551 -0.251343 0.957886 0.098999 0.020630 0.149658
0.015259 -0.254395 0.913940 0.104980 0.044678 0.164795
-0.005249 -0.271362 0.897217 0.155396 0.024170 0.149536
-0.015503 -0.292969 0.912476 0.173462 -0.043701 0.106567
-0.008301 -0.300171 0.978760 0.221436 -0.082275 0.066772
-0.003052 -0.333984 1.059082 0.341675 -0.108276 0.035767
-0.000122 -0.331055 1.070923 0.401245 -0.092773 0.037720
0.005371 -0.299194 1.061890 0.307007 -0.058838 0.054565
0.018188 -0.295288 1.088135 0.159790 -0.024414 0.069946
0.013428 -0.295166 1.089844 0.010620 0.022217 0.086914
-0.008301 -0.316162 1.027466 -0.072021 0.062622 0.103149
-0.015991 -0.295654 0.983521 -0.086914 0.062012 0.096436
-0.011719 -0.297241 0.965698 -0.081055 0.039429 0.090698
-0.012207 -0.324829 0.981201 -0.043823 0.007935 0.071899
-0.015747 -0.342651 0.983032 -0.013794 -0.026123 0.044922
-0.016113 -0.342651 0.986450 0.017944 -0.051514 0.032471
0.006348 -0.321411 1.009521 0.046265 -0.060669 0.029175
0.027588 -0.321167 1.046387 0.025513 -0.038940 0.048584
0.039673 -0.286499 1.032471 -0.036865 -0.003418 0.063843
0.031860 -0.268677 1.005981 -0.067627 0.026245 0.069092
0.015015 -0.275024 0.965088 -0.063354 0.033936 0.066040
-0.004395 -0.296387 0.953857 -0.036133 0.015869 0.057617
0.010742 -0.285645 0.956421 -0.004517 -0.015137 0.051636
0.025635 -0.259277 0.996338 0.026489 -0.033691 0.048584
0.023193 -0.251953 1.005737 0.027588 -0.036255 0.052856
0.019165 -0.249390 1.000610 0.021606 -0.045532 0.056152
0.032227 -0.247925 1.020508 0.047974 -0.062622 0.062256
0.058350 -0.239868 1.065308 0.065674 -0.072876 0.060547
0.072144 -0.251343 1.109497 0.063354 -0.063477 0.047363
0.073730 -0.240356 1.126831 0.040771 -0.037964 0.026489
0.061279 -0.230347 1.090698 0.018799 -0.002197 0.014038
0.024170 -0.252075 1.034546 0.030273 0.010864 0.001587
0.003296 -0.291382 1.020752 0.084473 -0.014893 -0.008545
0.008667 -0.302124 1.041748 0.147461 -0.043335 -0.008911
0.019531 -0.265747 1.054932 0.154907 -0.050293 -0.001709
0.041260 -0.247559 1.062622 0.115112 -0.030518 0.009766
0.036133 -0.255249 1.076294 0.062988 0.008179 0.014893
0.013062 -0.273682 1.018921 -0.001465 0.041504 0.018921
0.005127 -0.269165 0.975220 -0.024536 0.037842 0.011475
0.009033 -0.302368 0.996704 0.006714 0.005493 -0.006470
0.008667 -0.310181 1.018188 0.032227 -0.026367 -0.025146
0.008179 -0.323975 1.027710 0.048828 -0.035156 -0.022095
0.025269 -0.289795 1.048340 0.035034 -0.027466 -0.009766
0.017090 -0.273438 1.026611 0.001709 -0.008545 0.007446
0.004517 -0.265259 1.000366 0.016357 0.001587 0.021851
0.010620 -0.279053 1.008423 0.044922 -0.003296 0.029541
0.017578 -0.270630 1.019897 0.040039 -0.003296 0.027710
0.025635 -0.264648 1.030029 0.029541 0.006226 0.016113
0.014526 -0.287354 1.013428 0.015869 0.018188 -0.004761
-0.003174 -0.297363 0.989136 -0.001709 0.017212 -0.020630
-0.007080 -0.300903 0.999268 -0.002930 0.006836 -0.019287
-0.011108 -0.306641 1.008057 -0.013184 0.003174 -0.007446
-0.010986 -0.300049 1.001831 -0.027832 -0.001099 0.006958
0.002075 -0.262817 1.008667 -0.011719 -0.009399 0.006104
0.006104 -0.237915 1.004761 0.017456 -0.014893 0.000732
-0.003174 -0.260376 0.995117 0.040527 -0.020508 -0.002441
0.001465 -0.273804 1.004395 0.056641 -0.028687 -0.006592
0.008545 -0.269043 1.014893 0.030396 -0.026489 -0.007568
0.009399 -0.271118 1.025635 0.004761 -0.012817 -0.010986
0.009888 -0.266968 1.015381 0.002197 -0.003052 -0.026489
0.001099 -0.264282 0.997314 0.015137 -0.008301 -0.043945
-0.010010 -0.289551 0.997314 0.029907 -0.018677 -0.039795
