-0.045532 -0.330933 1.019043 0.061523 -0.131958 -0.103271
-0.020874 -0.307739 1.050537 0.045044 -0.117554 -0.077148
-0.012085 -0.288818 1.054077 0.021851 -0.067871 -0.045044
-0.010254 -0.266846 1.022705 -0.002930 -0.020630 -0.038330
-0.026855 -0.286255 1.009644 -0.040283 0.012451 -0.055054
-0.050049 -0.308838 0.989624 -0.062866 0.020386 -0.074097
-0.072510 -0.325439 0.965942 -0.051758 0.001587 -0.085938
-0.070557 -0.328003 0.975220 -0.018311 -0.032959 -0.092163
-0.073242 -0.348145 0.986572 -0.005249 -0.053955 -0.082031
-0.069580 -0.350952 0.997803 0.000854 -0.059937 -0.069824
-0.065674 -0.354126 1.016724 -0.016235 -0.061768 -0.058594
-0.062012 -0.353394 1.002563 -0.042969 -0.064819 -0.057007
-0.054810 -0.346436 1.023071 -0.047607 -0.071289 -0.066406
-0.051880 -0.339233 1.012695 -0.056274 -0.073608 -0.076172
-0.054688 -0.333008 1.006592 -0.069580 -0.075806 -0.083008
-0.056030 -0.348267 1.019775 -0.072021 -0.078369 -0.083618
-0.061523 -0.376343 1.030518 -0.048340 -0.075806 -0.065796
-0.054199 -0.363037 1.011841 -0.030640 -0.076782 -0.053955
-0.037842 -0.344482 1.014648 -0.028076 -0.083618 -0.051880
-0.042236 -0.330444 1.006348 -0.012695 -0.087769 -0.047607
-0.031250 -0.314331 1.008911 0.024536 -0.081787 -0.027588
-0.049683 -0.331543 1.011963 0.042236 -0.060059 0.011719
-0.055054 -0.347778 1.000854 0.041870 -0.047485 0.042603
-0.049683 -0.327026 0.993530 0.047852 -0.048096 0.050537
-0.046387 -0.307373 0.969727 0.052979 -0.060547 0.041138
-0.042847 -0.305054 0.969971 0.080200 -0.082153 0.018921
-0.036743 -0.296631 0.994629 0.093384 -0.108643 -0.009521
-0.023560 -0.279663 1.006348 0.087769 -0.125366 -0.027222
-0.008301 -0.260498 1.010498 0.066406 -0.127075 -0.042480
-0.005859 -0.258301 1.008179 0.018311 -0.120850 -0.058838
-0.013916 -0.284424 1.021118 -0.002319 -0.116333 -0.066650
-0.011353 -0.288574 1.035522 -0.009277 -0.109131 -0.066650
-0.004883 -0.294434 1.041382 -0.040527 -0.082886 -0.050293
-0.016113 -0.302856 1.024292 -0.074585 -0.050781 -0.031860
-0.026001 -0.302002 0.988892 -0.096191 -0.039551 -0.028687
-0.040771 -0.330933 0.973877 -0.089966 -0.058960 -0.044434
-0.034058 -0.315063 0.980225 -0.060425 -0.098145 -0.072876
-0.030762 -0.326172 0.985107 -0.031860 -0.130615 -0.085815
-0.019531 -0.321289 1.014526 0.010620 -0.148438 -0.085571
-0.017578 -0.326904 1.028564 0.018921 -0.145264 -0.071289
-0.017700 -0.330444 1.016235 0.003906 -0.132202 -0.050415
-0.018799 -0.328125 0.994263 -0.012451 -0.129028 -0.042603
-0.016602 -0.333862 0.994019 -0.027466 -0.141479 -0.047729
-0.007324 -0.321533 1.019165 -0.023804 -0.151489 -0.043457
-0.005615 -0.331543 1.009644 -0.007324 -0.145508 -0.018311
0.008789 -0.303955 1.005981 0.027588 -0.140747 0.004272
0.007202 -0.309326 1.005005 0.056885 -0.138672 0.021973
0.016235 -0.305420 1.017090 0.088501 -0.147949 0.027588
0.028076 -0.302002 1.046265 0.097534 -0.153442 0.027954
0.039673 -0.300537 1.066040 0.087891 -0.140747 0.028931
0.035034 -0.285400 1.049072 0.076294 -0.116699 0.039063
0.025635 -0.282593 1.035645 0.093140 -0.097412 0.050049
0.020142 -0.268677 1.025391 0.093994 -0.087646 0.058716
0.018921 -0.268188 1.005615 0.061523 -0.081421 0.068970
0.016113 -0.251099 0.990112 0.037231 -0.087402 0.070801
0.020874 -0.225830 0.983887 0.045532 -0.104004 0.067993
0.040283 -0.198486 0.997314 0.071777 -0.122314 0.054688
0.050537 -0.192261 1.013184 0.060791 -0.129272 0.034912
0.055176 -0.200317 1.033569 0.036621 -0.117432 0.026611
0.053345 -0.209595 1.020874 -0.000610 -0.091187 0.031372
0.050293 -0.189575 1.015259 -0.044434 -0.066772 0.040527
0.041382 -0.186279 1.003418 -0.089111 -0.052002 0.045044
0.038330 -0.192627 0.987427 -0.094971 -0.057617 0.038818
0.037842 -0.212769 1.003052 -0.063477 -0.076050 0.028687
0.041992 -0.221191 1.026245 -0.013916 -0.095581 0.018921
0.047974 -0.237305 1.052124 0.024658 -0.102905 0.016602
0.058960 -0.225830 1.076538 0.025269 -0.093384 0.025024
0.056030 -0.218262 1.077759 -0.010742 -0.065552 0.041260
0.044189 -0.224487 1.066162 -0.041748 -0.037231 0.066406
0.032837 -0.216431 1.037109 -0.073364 -0.023682 0.083496
0.020752 -0.219849 1.017822 -0.086670 -0.030029 0.088135
0.030273 -0.214355 1.035645 -0.077148 -0.054443 0.086426
0.045044 -0.208008 1.059082 -0.055420 -0.078369 0.080688
0.066650 -0.207397 1.098755 -0.046387 -0.083496 0.072632
0.075195 -0.211670 1.116821 -0.052002 -0.060059 0.064209
0.070313 -0.198242 1.095581 -0.068726 -0.022949 0.055054
0.051270 -0.212891 1.066406 -0.074097 0.007568 0.046875
0.041138 -0.227539 1.049683 -0.062134 0.017456 0.032593
0.021118 -0.253418 1.033569 -0.036987 0.014404 0.023438
0.010986 -0.263794 1.025146 0.005615 0.004639 0.031250
0.015015 -0.243408 1.019287 0.030396 -0.009399 0.048340
0.029175 -0.193481 0.994751 0.035889 -0.023926 0.058838
0.045898 -0.158691 0.987671 0.020630 -0.039429 0.056641
0.063354 -0.156616 1.025391 -0.004395 -0.048584 0.045410
0.069092 -0.158081 1.030029 -0.027588 -0.039307 0.032471
0.060669 -0.188354 1.026855 -0.049438 -0.019165 0.030396
0.059082 -0.196655 1.021240 -0.081665 0.000122 0.027222
0.049805 -0.209229 1.020752 -0.103149 0.016479 0.026245
0.039063 -0.224854 1.026367 -0.118286 0.029907 0.024780
0.025146 -0.238037 1.001099 -0.128418 0.035034 0.021973
0.018555 -0.237305 0.984375 -0.121582 0.026733 0.022095
0.016357 -0.232056 0.978638 -0.108154 0.011719 0.029785
0.019287 -0.237671 0.990356 -0.075806 -0.005859 0.037842
0.020752 -0.250244 0.996094 -0.047241 -0.022583 0.042969
0.036987 -0.235352 1.027710 -0.026855 -0.033203 0.043701
0.049194 -0.217407 1.034424 -0.013428 -0.024414 0.053345
0.048096 -0.213135 1.023193 -0.037354 -0.006836 0.059570
0.039307 -0.219482 1.014282 -0.079590 0.005493 0.061646
0.038940 -0.231567 1.021118 -0.096313 0.008911 0.063232
0.035522 -0.247192 1.021606 -0.103394 0.011108 0.059814
0.028076 -0.250366 1.009644 -0.099976 0.013794 0.056396
0.022583 -0.256470 1.008179 -0.088379 0.012817 0.054565
0.024414 -0.245728 1.012085 -0.065186 0.008423 0.050049
0.027710 -0.251465 1.009399 -0.031982 -0.001831 0.041016
0.029297 -0.268066 1.045410 0.012695 -0.010620 0.031616
0.030640 -0.273926 1.064087 0.033325 -0.005127 0.034546
0.025391 -0.275513 1.046753 0.026367 0.010376 0.050903
0.022827 -0.263062 1.034912 0.009521 0.021240 0.060303
0.019409 -0.265381 1.030762 -0.012573 0.022217 0.067261
0.017944 -0.263184 1.033569 -0.006958 0.015381 0.073486
0.021484 -0.253784 1.034790 0.008057 0.003174 0.072266
0.026367 -0.222290 1.030640 0.015015 -0.005615 0.064453
0.031250 -0.206177 1.001953 0.005737 -0.012817 0.052734
0.034790 -0.201416 1.019165 0.008057 -0.021484 0.030029
0.031006 -0.222656 1.015869 -0.000122 -0.021606 0.013916
0.022095 -0.235474 1.028687 0.003906 -0.017944 0.008057
0.025269 -0.244385 1.032837 0.000732 -0.008545 0.013672
0.023193 -0.253540 1.034912 -0.028320 0.004028 0.023071
0.025146 -0.244751 1.027954 -0.052368 0.014893 0.029053
0.017822 -0.241089 1.010986 -0.061646 0.025269 0.030762
0.008789 -0.245850 0.989502 -0.047852 0.025635 0.027832
0.002808 -0.251099 0.973267 -0.031738 0.015991 0.020752
-0.002808 -0.246826 0.956787 -0.003418 -0.004517 0.012207
-0.004028 -0.249878 0.951172 0.048340 -0.034424 0.004761
0.009033 -0.234863 0.978149 0.092285 -0.065918 -0.001099
0.021362 -0.233032 1.012329 0.094116 -0.078003 0.008057
0.037964 -0.210815 1.031494 0.050537 -0.059937 0.033569
0.037598 -0.198486 1.023926 -0.026245 -0.022583 0.061157
0.026245 -0.197876 0.997925 -0.080811 0.003296 0.079712
0.022095 -0.193848 0.977539 -0.101440 0.001221 0.088867
0.021729 -0.186646 0.966431 -0.092896 -0.021362 0.086182
0.042236 -0.164551 0.982178 -0.072144 -0.053589 0.071533
0.070435 -0.164307 1.052612 -0.045410 -0.070313 0.049927
0.075928 -0.167236 1.087158 -0.031738 -0.051636 0.020752
0.056885 -0.186401 1.056030 -0.034912 -0.022461 -0.011475
0.033813 -0.212280 1.030518 -0.017700 -0.005127 -0.035889
0.018066 -0.224731 1.027832 0.010986 0.001099 -0.035645
0.007935 -0.247681 1.012695 0.019775 0.003784 -0.017700
0.004517 -0.250732 1.013184 0.011597 -0.000610 0.003296
0.020508 -0.239868 1.019165 0.008545 -0.009277 0.021606
0.032715 -0.229980 1.047241 0.003418 -0.012573 0.027588
0.042358 -0.218384 1.070801 -0.017334 -0.006104 0.029541
0.045532 -0.209839 1.051025 -0.026001 0.007446 0.025146
0.039551 -0.201416 1.036743 -0.013306 0.015381 0.017578
0.035034 -0.208130 1.037598 -0.008911 0.015869 0.009155
0.029419 -0.217773 1.030762 -0.016357 0.023682 0.006958
0.019775 -0.218018 1.016357 -0.043335 0.028687 0.009644
0.022705 -0.205322 1.019165 -0.066772 0.020630 0.007324
0.020752 -0.219238 1.027954 -0.076416 0.009888 -0.002563
0.011841 -0.238770 1.034058 -0.067139 0.002686 -0.010010
