0.041016 -0.239258 1.064331 -0.114746 -0.042358 -0.011597
0.020020 -0.247070 1.034302 -0.137085 -0.020386 -0.031738
0.000000 -0.270996 1.006714 -0.125610 -0.017090 -0.040039
-0.008301 -0.279663 1.006714 -0.096313 -0.024292 -0.042236
-0.006836 -0.272705 1.000488 -0.078247 -0.034912 -0.041626
-0.010864 -0.272339 0.991699 -0.074341 -0.046143 -0.040649
-0.011719 -0.284790 0.994141 -0.053955 -0.054321 -0.027588
-0.006958 -0.281128 1.013428 -0.049316 -0.059204 -0.017212
0.001343 -0.284668 1.043579 -0.046387 -0.048096 -0.002808
0.007690 -0.285400 1.059570 -0.062134 -0.017944 0.006348
0.001343 -0.291870 1.049438 -0.097778 0.012939 0.010620
-0.009399 -0.292114 1.017822 -0.115723 0.033447 0.010010
-0.021729 -0.293579 0.993408 -0.118652 0.030884 -0.003174
-0.018555 -0.292603 1.003052 -0.120605 0.012817 -0.018311
-0.017578 -0.306763 1.005859 -0.123047 0.000732 -0.021729
-0.012451 -0.314209 1.016235 -0.103638 -0.006836 -0.021484
-0.015869 -0.327271 1.013184 -0.091675 -0.014160 -0.020874
-0.015137 -0.327026 1.001465 -0.072998 -0.027344 -0.025513
-0.005005 -0.319946 1.025391 -0.026855 -0.038574 -0.024292
0.005615 -0.311646 1.036987 -0.020020 -0.035278 -0.018311
0.004761 -0.311401 1.017700 -0.043579 -0.018555 -0.004761
-0.002686 -0.318970 1.002686 -0.061035 -0.003662 0.002441
-0.005859 -0.321289 0.989502 -0.068237 -0.005737 0.003174
0.008301 -0.310425 0.997559 -0.059204 -0.020752 -0.002075
0.017090 -0.309204 1.007324 -0.054810 -0.037598 -0.019653
0.019043 -0.305908 1.020386 -0.031006 -0.047241 -0.036743
0.014893 -0.310669 1.031128 -0.025635 -0.043579 -0.045532
0.010132 -0.313110 1.023193 -0.052612 -0.028931 -0.037109
0.007080 -0.308960 0.999146 -0.080566 -0.018921 -0.024292
0.006592 -0.302856 0.998047 -0.104004 -0.024414 -0.020142
0.009888 -0.289673 0.994263 -0.114624 -0.038940 -0.020996
0.015991 -0.288818 0.992798 -0.109131 -0.053955 -0.025391
0.021851 -0.287598 1.009644 -0.092041 -0.067871 -0.038330
0.016724 -0.296387 1.010376 -0.081665 -0.075562 -0.051514
0.002319 -0.309570 0.978882 -0.052979 -0.089233 -0.065430
-0.002686 -0.312012 0.972046 0.009521 -0.124878 -0.084595
0.005249 -0.318237 0.987427 0.072754 -0.161987 -0.102905
0.022583 -0.305054 1.021606 0.098999 -0.177979 -0.109375
0.034668 -0.306641 1.052490 0.078613 -0.156494 -0.095581
0.048584 -0.297852 1.080322 0.013916 -0.107422 -0.067139
0.048340 -0.302734 1.075439 -0.099121 -0.041260 -0.031616
0.036621 -0.311279 1.034180 -0.197144 0.013672 -0.005249
0.021851 -0.316528 0.997803 -0.243896 0.028687 -0.002441
0.014038 -0.310669 0.969482 -0.234863 0.008057 -0.017456
0.015381 -0.321777 0.978149 -0.173340 -0.025513 -0.042358
0.016602 -0.330933 1.000977 -0.101074 -0.053711 -0.070801
0.001465 -0.346191 0.979004 -0.052979 -0.068481 -0.091064
-0.004639 -0.362793 0.981079 -0.002441 -0.086670 -0.095459
0.005493 -0.370605 1.016602 0.033325 -0.096924 -0.085083
0.016357 -0.372192 1.041138 0.019653 -0.080688 -0.060181
0.035889 -0.360718 1.055420 -0.030151 -0.041504 -0.024780
0.031860 -0.348145 1.056885 -0.110107 0.007813 -0.006592
0.012329 -0.358398 1.000854 -0.169434 0.045654 0.006226
-0.006714 -0.351929 0.962036 -0.171143 0.050293 0.010376
-0.014893 -0.354736 0.940918 -0.135498 0.027222 0.007080
-0.012695 -0.357910 0.946899 -0.085571 -0.009155 -0.003662
-0.006348 -0.363037 0.971191 -0.042603 -0.037109 -0.008911
-0.007202 -0.360962 0.963013 -0.026855 -0.047852 -0.000732
0.005249 -0.351929 0.970459 -0.021484 -0.058594 0.005737
0.012939 -0.342529 0.962524 -0.014771 -0.062744 0.013062
0.019409 -0.320801 0.970825 0.005249 -0.062500 0.018066
0.023926 -0.310547 0.967896 0.018921 -0.061401 0.015015
0.023560 -0.287476 0.967041 0.031738 -0.069092 -0.001831
0.026733 -0.265991 0.961426 0.044434 -0.090210 -0.029663
0.036987 -0.248535 0.971680 0.047241 -0.117188 -0.059937
0.050903 -0.231689 1.000122 0.040405 -0.135620 -0.080688
0.057007 -0.253418 1.026978 0.020630 -0.128540 -0.074707
0.060303 -0.267212 1.058960 0.008911 -0.103516 -0.052490
0.063354 -0.266846 1.051147 -0.020874 -0.062622 -0.018433
0.058228 -0.284790 1.031738 -0.064331 -0.025391 0.011841
0.061035 -0.278687 1.026245 -0.087158 -0.009521 0.019531
0.054932 -0.277466 1.010376 -0.080078 -0.010986 0.016113
0.046265 -0.283203 1.002930 -0.054688 -0.028564 0.002930
0.034424 -0.297363 0.997314 -0.020142 -0.060791 -0.015137
0.038330 -0.304932 1.030151 0.045532 -0.095215 -0.025757
0.055664 -0.301636 1.062134 0.093994 -0.112305 -0.025513
0.070801 -0.286987 1.102051 0.101685 -0.104370 -0.011963
0.083862 -0.257935 1.118896 0.076416 -0.066650 0.016724
0.082764 -0.242065 1.107300 0.009033 -0.012939 0.051392
0.074829 -0.219238 1.068115 -0.061035 0.032959 0.078125
0.064209 -0.208740 1.032471 -0.106567 0.056763 0.087158
0.052124 -0.213135 1.005127 -0.127075 0.054199 0.068970
0.048584 -0.218018 1.004883 -0.106079 0.035156 0.034546
0.035767 -0.230347 1.002441 -0.064209 0.016357 0.005493
0.024536 -0.262695 0.996826 -0.029053 0.000000 -0.007202
0.025024 -0.267578 1.013184 -0.012207 -0.019531 -0.016968
0.020386 -0.282227 1.017090 -0.005371 -0.030151 -0.012085
0.014771 -0.289795 1.015259 0.011108 -0.032227 0.006348
0.013794 -0.275391 0.997192 0.013184 -0.033691 0.028809
0.004883 -0.248535 0.977783 0.008423 -0.037842 0.042480
0.005127 -0.233765 0.959839 0.005127 -0.051025 0.050659
0.016968 -0.214355 0.973267 0.019165 -0.075195 0.046753
0.031494 -0.204834 0.994507 0.052002 -0.099854 0.026855
0.047607 -0.203125 1.012939 0.093750 -0.122192 -0.002319
0.050293 -0.213623 1.040161 0.126099 -0.136108 -0.031860
0.056152 -0.231812 1.068237 0.152466 -0.132324 -0.038818
0.063721 -0.237427 1.090210 0.118286 -0.099121 -0.013428
0.061401 -0.235962 1.076172 0.011719 -0.046997 0.029297
0.066040 -0.211182 1.058838 -0.089478 0.000488 0.063354
0.060669 -0.208862 1.026123 -0.154297 0.026489 0.067627
0.048950 -0.228394 1.012817 -0.147705 0.027100 0.050903
0.040161 -0.246826 1.001953 -0.109009 0.015381 0.026489
0.026855 -0.267334 0.992065 -0.069946 0.003906 0.008301
0.025635 -0.276733 0.990479 -0.038330 -0.006470 0.002808
0.038330 -0.274902 1.008301 -0.028809 -0.012085 -0.000977
0.038086 -0.283203 1.005493 -0.025635 -0.010376 -0.006348
0.036865 -0.289917 0.998291 -0.024414 -0.012085 -0.011475
0.034058 -0.295776 1.005371 -0.031494 -0.010498 -0.006714
0.033325 -0.298218 1.002930 -0.042236 -0.003906 0.005615
0.026733 -0.302124 0.993896 -0.060303 -0.001465 0.016602
0.021973 -0.307739 0.987061 -0.062256 -0.008179 0.024902
0.029297 -0.306152 0.992798 -0.054199 -0.023560 0.028076
0.033447 -0.302124 0.984497 -0.039551 -0.040771 0.023315
0.039673 -0.295898 0.999390 -0.009033 -0.060669 0.014038
0.049316 -0.302490 1.020386 0.014404 -0.071045 0.006226
0.051147 -0.302979 1.029541 0.022217 -0.068359 0.007690
0.053589 -0.299561 1.033081 0.009521 -0.055054 0.025391
0.054077 -0.283203 1.036133 -0.023926 -0.033081 0.049561
0.052979 -0.273315 1.017578 -0.067749 -0.011597 0.072021
0.056885 -0.266724 1.008911 -0.088989 -0.003540 0.078247
0.057617 -0.268433 0.999756 -0.090820 -0.006104 0.068970
0.048706 -0.279297 1.002075 -0.080200 -0.012817 0.054932
0.047119 -0.291382 0.994385 -0.070190 -0.016968 0.049438
0.044312 -0.293823 1.004150 -0.063721 -0.019409 0.044922
0.044189 -0.297485 1.014038 -0.064575 -0.021851 0.041748
0.039673 -0.299438 1.000366 -0.051270 -0.025146 0.039917
0.043945 -0.299316 0.999023 -0.022217 -0.034302 0.039063
0.046021 -0.306030 1.016968 -0.015015 -0.039917 0.042480
0.047607 -0.296997 1.018677 -0.019043 -0.037109 0.053467
0.060791 -0.276489 1.029663 -0.036377 -0.029785 0.061279
0.062622 -0.270142 1.017700 -0.044556 -0.020020 0.060181
0.054077 -0.270264 1.001831 -0.027710 -0.017456 0.053589
0.053711 -0.263306 0.997681 -0.014526 -0.022339 0.043945
0.049927 -0.267090 0.988770 -0.010376 -0.027100 0.043823
0.058228 -0.260498 1.006958 -0.004883 -0.030396 0.041626
0.058960 -0.262207 1.019287 -0.006470 -0.025269 0.039429
0.046509 -0.260620 1.001831 -0.013672 -0.015381 0.035889
0.033691 -0.259399 0.977051 -0.011475 -0.016846 0.031250
0.030640 -0.263550 0.974243 -0.002563 -0.030273 0.030029
0.036255 -0.259277 0.983887 -0.001587 -0.041870 0.031860
0.046021 -0.264771 1.003052 -0.007935 -0.042480 0.044922
0.057373 -0.256348 1.020264 -0.040894 -0.030151 0.051636
0.054077 -0.252075 0.999634 -0.062256 -0.014282 0.051392
0.045532 -0.255737 0.984619 -0.051636 -0.014526 0.040649
0.036499 -0.276245 0.990967 -0.036499 -0.032593 0.026245
0.036133 -0.281860 1.005981 -0.006470 -0.051147 0.017700
0.045166 -0.277222 1.031738 0.015747 -0.064331 0.014893
0.045898 -0.271729 1.031616 0.031494 -0.065430 0.016357
0.042725 -0.267822 1.027466 0.049927 -0.065063 0.015869
0.047241 -0.271240 1.038574 0.058472 -0.065674 0.013916
