-0.073853 -0.526733 1.006836 -0.119873 -0.069092 -0.023071
-0.051270 -0.508911 1.014160 -0.196655 -0.003784 0.069702
-0.041992 -0.480347 1.046509 -0.269043 0.045288 0.109253
-0.045044 -0.431274 0.994141 -0.291016 0.070923 0.107300
-0.068237 -0.409546 0.927490 -0.216309 0.064453 0.070313
-0.084717 -0.406616 0.880005 -0.077026 0.017944 0.015259
-0.083862 -0.411865 0.884277 0.024902 -0.044189 -0.033325
-0.081055 -0.421875 0.897705 0.079834 -0.098389 -0.056641
-0.077026 -0.433472 0.913940 0.087158 -0.128662 -0.052979
-0.065186 -0.452881 0.941162 0.038818 -0.131958 -0.023926
-0.047485 -0.455933 0.976318 -0.051636 -0.105591 0.022583
-0.010132 -0.419922 1.026245 -0.140869 -0.057739 0.061646
-0.001465 -0.397583 1.026611 -0.199341 -0.006958 0.068848
-0.025391 -0.395386 0.972534 -0.182007 0.027588 0.049561
-0.068604 -0.427979 0.908936 -0.136597 0.029297 0.019775
-0.091797 -0.444092 0.875610 -0.087524 -0.012207 -0.004395
-0.085693 -0.433960 0.894775 -0.019653 -0.071533 -0.009766
-0.064331 -0.437744 0.935791 0.027832 -0.119019 0.002563
-0.042847 -0.418945 0.956299 0.046509 -0.145508 0.022705
-0.019531 -0.402954 0.997314 0.054321 -0.141235 0.040649
-0.000854 -0.380005 1.012573 0.037231 -0.118652 0.042603
-0.004639 -0.371582 1.000610 0.006836 -0.097290 0.030640
-0.009399 -0.373657 1.006958 0.002441 -0.086670 0.024780
-0.006958 -0.379639 1.018433 -0.003784 -0.080078 0.025391
-0.005859 -0.378662 1.024048 -0.017456 -0.068359 0.025635
-0.011475 -0.381470 1.027100 -0.033569 -0.054199 0.027466
-0.015503 -0.382813 1.006714 -0.053345 -0.050903 0.033813
-0.004639 -0.371582 1.013306 -0.065796 -0.061646 0.029541
0.001953 -0.367310 1.007202 -0.051147 -0.077271 0.021973
0.017944 -0.366943 1.035522 -0.008301 -0.083984 0.016602
0.026611 -0.357300 1.039917 0.005493 -0.072144 0.012695
0.027222 -0.362183 1.034790 0.003784 -0.049072 0.011108
0.022827 -0.364380 1.021362 -0.003052 -0.031006 0.006470
0.020752 -0.369995 1.017822 -0.012085 -0.026611 -0.001221
0.014648 -0.364136 1.005127 -0.005493 -0.027344 -0.007446
0.006348 -0.365967 0.970825 -0.000244 -0.031250 -0.011230
-0.001587 -0.356689 0.946777 -0.007568 -0.042480 -0.013672
-0.007202 -0.344116 0.913818 -0.002441 -0.060303 -0.006958
0.003174 -0.340210 0.919556 0.013794 -0.089966 0.002930
0.035645 -0.339844 0.971313 0.014771 -0.117188 0.006958
0.072510 -0.344727 1.039551 0.006348 -0.119751 -0.005249
0.083618 -0.328491 1.071899 0.000610 -0.099121 -0.041138
0.074219 -0.347778 1.051270 0.016357 -0.067749 -0.062500
0.054199 -0.369263 1.044678 0.019287 -0.028809 -0.076172
0.021851 -0.402588 1.000977 -0.016846 0.009277 -0.068970
-0.006470 -0.408691 0.963745 -0.033569 0.037720 -0.044189
-0.028931 -0.398438 0.910645 -0.067383 0.038696 -0.024902
-0.052490 -0.420044 0.879395 -0.090820 0.003662 -0.013794
-0.049683 -0.430420 0.898438 -0.042236 -0.054932 -0.007935
-0.035034 -0.444580 0.948364 0.014526 -0.108643 -0.010376
-0.021362 -0.427856 0.983398 0.070068 -0.140747 -0.021240
-0.000610 -0.402832 1.025757 0.118042 -0.150879 -0.043579
-0.007813 -0.419312 1.042603 0.111938 -0.133179 -0.063721
-0.035767 -0.438232 1.007813 0.098877 -0.103394 -0.058838
-0.050659 -0.447388 0.985840 0.085205 -0.092407 -0.039795
-0.046997 -0.429077 0.980469 0.068115 -0.105591 -0.021118
-0.041992 -0.408447 0.976563 0.069702 -0.133789 -0.008789
-0.023193 -0.397217 0.989990 0.093994 -0.169189 -0.007690
0.003296 -0.377197 1.032227 0.125732 -0.200806 -0.026489
0.010010 -0.373535 1.032227 0.158936 -0.224731 -0.059937
-0.000366 -0.384155 1.017212 0.243042 -0.254517 -0.102173
-0.001587 -0.387451 1.004883 0.362061 -0.291504 -0.135986
0.011963 -0.400513 1.067261 0.468506 -0.316772 -0.142822
0.056030 -0.369507 1.158081 0.493774 -0.279297 -0.096558
0.073730 -0.297119 1.158691 0.386353 -0.155884 -0.001587
0.069580 -0.242065 1.087891 0.209595 -0.015381 0.095825
0.070190 -0.179321 1.027466 0.056641 0.073608 0.135132
0.055542 -0.148193 0.956665 -0.044189 0.103760 0.124878
0.042603 -0.178955 0.946411 -0.050781 0.085571 0.088379
0.033447 -0.206665 0.959351 -0.011963 0.047241 0.037109
0.016846 -0.223267 0.951294 0.029053 0.006104 -0.001465
0.019897 -0.217896 0.958130 0.076172 -0.035767 -0.026855
0.028931 -0.227051 0.964600 0.097778 -0.070557 -0.045532
0.036011 -0.224487 0.998657 0.094482 -0.084717 -0.051025
0.035889 -0.214722 1.009399 0.046143 -0.060181 -0.022705
0.035767 -0.194336 0.990723 -0.024658 -0.019287 0.017822
0.032715 -0.176025 0.974243 -0.099365 0.003784 0.039917
0.028931 -0.168457 0.969116 -0.127197 -0.001221 0.038208
0.021973 -0.172607 0.951050 -0.094360 -0.027832 0.020630
0.026855 -0.177979 0.949463 -0.041504 -0.072632 -0.008545
0.052734 -0.196899 1.018677 -0.009399 -0.117188 -0.045410
0.067627 -0.213013 1.089111 -0.008667 -0.127563 -0.065186
0.069458 -0.225586 1.104736 -0.024170 -0.100098 -0.060181
0.065796 -0.213745 1.089111 -0.058594 -0.061157 -0.038452
0.070190 -0.204956 1.062866 -0.099121 -0.025146 -0.009155
0.069092 -0.195313 1.057617 -0.124146 -0.004883 0.010254
0.072144 -0.195190 1.041138 -0.109985 0.007202 0.019165
0.061279 -0.187744 1.024414 -0.063110 0.017944 0.017456
0.049194 -0.188721 0.988281 -0.022705 0.025146 0.003052
0.044434 -0.186035 0.975464 0.006714 0.021851 -0.020508
0.035767 -0.212891 0.973022 0.016235 0.013062 -0.037109
0.027954 -0.240356 1.010376 0.008667 -0.000977 -0.040527
0.024658 -0.260010 1.022949 -0.005615 -0.011963 -0.026489
0.027710 -0.245483 1.016479 0.009521 -0.024902 -0.010498
0.041138 -0.216675 1.032715 0.049438 -0.039429 -0.002197
0.059082 -0.192261 1.041870 0.072998 -0.038574 0.003052
0.059326 -0.195557 1.067749 0.046509 -0.019043 0.004150
0.056396 -0.206909 1.072144 -0.017334 0.007202 0.005493
0.046875 -0.220825 1.046021 -0.059204 0.034790 0.010498
0.028809 -0.229492 0.999390 -0.078613 0.045288 0.009766
0.019409 -0.244019 0.996704 -0.078247 0.031616 0.007690
0.036133 -0.256104 1.025391 -0.065308 0.012939 0.006592
0.042480 -0.258911 1.047729 -0.057373 0.005615 0.005737
0.037354 -0.258545 1.025269 -0.043091 0.011353 0.015137
0.023315 -0.257080 1.004150 -0.025879 0.011108 0.019653
0.022949 -0.242554 0.999023 -0.015015 0.002441 0.024292
0.034424 -0.234619 1.021973 -0.007202 -0.003174 0.031494
0.049316 -0.223633 1.049683 -0.024048 0.007324 0.040527
0.057495 -0.234863 1.063110 -0.068726 0.035156 0.052856
0.057251 -0.235596 1.080933 -0.128174 0.073486 0.069214
0.039551 -0.240967 1.048340 -0.170532 0.110229 0.089600
0.023926 -0.246582 1.023315 -0.177612 0.127441 0.099976
0.004639 -0.256592 1.002075 -0.170044 0.121094 0.098999
-0.001099 -0.255981 1.006592 -0.137695 0.098877 0.096313
-0.005859 -0.252075 0.998901 -0.102905 0.073730 0.093018
0.000244 -0.241211 1.001953 -0.066772 0.047974 0.092651
0.012939 -0.202271 1.020508 -0.045044 0.024780 0.088989
0.021606 -0.186157 1.024170 -0.036377 0.003784 0.072998
0.030518 -0.192017 1.048218 -0.001831 -0.012451 0.055786
0.036011 -0.191284 1.066772 0.011597 -0.013550 0.040405
0.034668 -0.191406 1.060913 -0.009766 0.002563 0.034180
0.036133 -0.189697 1.064941 -0.034912 0.025879 0.031616
0.018188 -0.200195 1.036987 -0.072510 0.049316 0.027832
-0.000244 -0.215576 1.001343 -0.098389 0.060669 0.026978
-0.003418 -0.230469 0.985229 -0.109009 0.056030 0.024048
-0.009399 -0.229370 0.978271 -0.101074 0.046265 0.021118
-0.022583 -0.246948 0.963745 -0.072144 0.035034 0.019897
-0.023926 -0.248779 0.979126 -0.025391 0.014160 0.012939
-0.026001 -0.251099 0.994141 0.010742 -0.014404 0.004639
-0.026855 -0.250488 1.001343 0.050293 -0.038208 0.001343
-0.017944 -0.223022 1.007080 0.082397 -0.054199 -0.000732
-0.011719 -0.217163 1.011719 0.102661 -0.062134 0.003418
0.000488 -0.203491 1.028320 0.103516 -0.060791 0.011475
0.005249 -0.209839 1.024170 0.071533 -0.042480 0.026978
-0.000122 -0.211304 1.008423 0.019775 -0.024414 0.040894
-0.000244 -0.208374 0.994995 -0.016479 -0.015137 0.048828
0.004150 -0.202026 0.995117 -0.013794 -0.015503 0.045288
0.005737 -0.210938 0.996826 0.016968 -0.026245 0.030273
0.011108 -0.207397 1.015869 0.052246 -0.039795 0.010620
0.006592 -0.232178 1.007324 0.084961 -0.051147 -0.006226
-0.001831 -0.248413 1.023804 0.136963 -0.069824 -0.023193
-0.004517 -0.263550 1.035522 0.200439 -0.085815 -0.028931
-0.005493 -0.276245 1.054932 0.263428 -0.090454 -0.020508
0.007446 -0.266968 1.100952 0.261719 -0.073975 0.004150
0.019287 -0.241455 1.116577 0.159790 -0.027100 0.046997
0.014771 -0.229736 1.093872 0.030640 0.038818 0.094849
0.000977 -0.214355 1.053711 -0.046997 0.093872 0.133301
-0.007080 -0.193481 0.986816 -0.070313 0.115967 0.147827
-0.014526 -0.184937 0.961304 -0.067139 0.093628 0.126831
-0.015625 -0.197388 0.966309 -0.053101 0.047119 0.087646
