0.069824 -0.293091 1.017578 0.028931 -0.004272 -0.008423
0.072876 -0.291992 1.019531 0.022095 0.002197 -0.009399
0.067627 -0.285156 1.022095 -0.003662 0.007080 -0.015015
0.058594 -0.288940 1.000732 -0.003906 0.011841 -0.019165
0.052124 -0.299438 0.992798 0.004028 0.006714 -0.028320
0.051880 -0.295776 0.995972 0.006592 -0.003784 -0.032104
0.058594 -0.305908 1.004150 0.018188 -0.010132 -0.026245
0.065918 -0.298584 1.016968 0.024048 -0.009277 -0.021973
0.067139 -0.300537 1.018311 0.008545 -0.004761 -0.016113
0.068115 -0.304443 1.016724 0.000000 -0.000244 -0.014404
0.062012 -0.309448 1.007568 0.011963 0.003418 -0.015381
0.055054 -0.318604 0.996216 0.011597 0.001587 -0.018677
0.060791 -0.324341 1.000366 -0.001953 -0.008667 -0.024170
0.064209 -0.317505 1.004883 -0.022217 -0.016968 -0.027954
0.058472 -0.335327 0.999268 -0.050049 -0.019653 -0.028564
0.054810 -0.350708 0.996704 -0.040771 -0.020142 -0.029175
0.062378 -0.360718 0.992798 -0.029419 -0.028198 -0.031860
0.061768 -0.373047 0.996948 -0.022095 -0.031616 -0.025879
0.063965 -0.372681 0.995728 -0.007202 -0.030029 -0.024780
0.062622 -0.365479 0.994019 -0.000488 -0.033447 -0.033203
0.063721 -0.372070 0.999634 0.003174 -0.037109 -0.044922
0.063477 -0.367920 1.002686 0.002319 -0.037109 -0.048462
0.072266 -0.359741 1.003906 -0.013306 -0.034424 -0.043091
0.077148 -0.348511 1.016724 -0.042114 -0.033936 -0.049194
0.078003 -0.364624 1.006836 -0.067017 -0.037720 -0.074951
0.077515 -0.378052 1.002441 -0.052002 -0.043945 -0.099854
0.080933 -0.412109 1.022827 -0.055176 -0.055298 -0.116089
0.080688 -0.418579 1.025024 -0.083618 -0.057861 -0.113159
0.062256 -0.429688 1.001953 -0.093872 -0.044067 -0.078857
0.046753 -0.422241 0.976318 -0.115845 -0.035400 -0.034424
0.026978 -0.436890 0.952026 -0.127686 -0.039917 0.007324
0.027222 -0.407471 0.939331 -0.073242 -0.050415 0.025024
0.040527 -0.369263 0.940430 -0.025513 -0.085693 0.025146
0.072510 -0.347900 0.971924 -0.001465 -0.123779 0.007813
0.090942 -0.324219 0.999512 0.040894 -0.138184 -0.018555
0.105835 -0.302490 1.014404 0.075684 -0.134766 -0.036743
0.108276 -0.291138 1.020996 0.047485 -0.128662 -0.047607
0.106079 -0.311768 1.024170 0.016479 -0.110718 -0.034180
0.091797 -0.327515 0.999146 0.000977 -0.092773 -0.009277
0.083862 -0.339844 0.983398 0.014893 -0.082153 0.026367
0.093506 -0.324219 0.990479 0.036987 -0.089966 0.045776
0.108276 -0.298096 1.006104 0.043213 -0.106323 0.043579
0.121338 -0.253052 1.019531 0.049316 -0.113525 0.025879
0.133911 -0.239868 1.023193 0.042603 -0.108765 0.016602
0.137939 -0.237061 1.028198 0.029785 -0.090942 0.008179
0.125244 -0.234863 1.014893 0.008911 -0.065430 0.012817
0.114380 -0.220337 0.991455 -0.010864 -0.036255 0.027222
0.103149 -0.216187 0.972046 -0.048706 -0.024170 0.029175
0.092773 -0.240479 0.963257 -0.083618 -0.026611 0.022705
0.089478 -0.270996 0.968872 -0.081543 -0.031494 0.015991
0.085205 -0.280518 0.979248 -0.056519 -0.041016 0.005249
0.078125 -0.291748 0.974976 -0.036499 -0.051270 0.001831
0.089233 -0.297729 0.996460 -0.014404 -0.060059 0.013672
0.093994 -0.273438 0.996826 -0.014038 -0.056641 0.034302
0.095703 -0.267090 1.004883 -0.034180 -0.051880 0.047241
0.091309 -0.267456 1.001465 -0.034424 -0.053833 0.042358
0.080933 -0.281372 0.995972 -0.016479 -0.063599 0.033569
0.100464 -0.270020 1.020508 0.010010 -0.076782 0.031006
0.114746 -0.269165 1.044922 0.004395 -0.078247 0.040283
0.122803 -0.254883 1.051514 -0.013794 -0.065796 0.047607
0.117432 -0.258423 1.042358 -0.031494 -0.042480 0.055908
0.114868 -0.257446 1.029175 -0.053467 -0.020386 0.064331
0.098999 -0.264404 1.007324 -0.069946 -0.004395 0.067017
0.084351 -0.294312 0.994019 -0.062378 -0.003662 0.062744
0.078979 -0.310425 1.002930 -0.038330 -0.020874 0.055664
0.085571 -0.323120 1.012817 -0.012329 -0.035278 0.054688
0.093872 -0.316162 1.030884 0.008301 -0.044800 0.058228
0.095947 -0.314697 1.031372 0.006592 -0.042480 0.071045
0.105225 -0.301636 1.041626 -0.008545 -0.030273 0.091919
0.087402 -0.290161 1.027222 -0.025146 -0.010132 0.112793
0.081055 -0.290039 1.007202 -0.020264 0.002319 0.123657
0.086060 -0.306885 1.011353 -0.016968 0.000244 0.131470
0.098755 -0.312012 1.026489 -0.004395 -0.002441 0.139282
0.100830 -0.297363 1.040405 -0.004150 -0.001221 0.146973
0.091064 -0.278564 1.014404 -0.014282 0.003540 0.154175
0.082031 -0.289185 0.988281 -0.020142 -0.002197 0.154541
0.078979 -0.286621 0.989624 -0.024902 -0.022827 0.146484
0.080688 -0.280029 0.991089 -0.022339 -0.037842 0.143555
0.079346 -0.271240 0.976563 -0.016602 -0.043701 0.132935
0.083984 -0.261963 0.986206 0.001465 -0.051270 0.112183
0.088623 -0.266113 0.993896 0.006470 -0.058960 0.090698
0.099365 -0.276367 1.002930 -0.003906 -0.067505 0.071899
0.101807 -0.295410 1.008789 -0.000366 -0.067993 0.058838
0.100708 -0.290649 1.010742 0.010376 -0.061646 0.058716
0.106934 -0.282593 1.025513 0.008423 -0.060059 0.060913
0.116211 -0.264893 1.028564 0.003784 -0.054199 0.058350
0.113525 -0.255249 1.027954 -0.007813 -0.046509 0.054443
0.123413 -0.254395 1.037842 -0.033325 -0.036865 0.049072
0.123169 -0.257324 1.040283 -0.059937 -0.023804 0.039917
0.111694 -0.264893 1.021240 -0.087158 -0.002563 0.038086
0.090088 -0.292236 0.988770 -0.106323 0.013306 0.036377
0.081177 -0.304199 0.986572 -0.114624 0.005737 0.034790
0.070679 -0.304321 0.982544 -0.109253 0.003784 0.052124
0.063232 -0.298462 0.974487 -0.098633 0.003662 0.088379
0.063721 -0.274414 0.961792 -0.084351 -0.002441 0.115723
0.068359 -0.262085 0.945190 -0.066040 -0.020752 0.120117
0.087769 -0.237915 0.962158 -0.034790 -0.046387 0.103760
0.105347 -0.226807 0.988525 -0.023438 -0.066772 0.085449
0.121460 -0.221313 1.003662 -0.016602 -0.064575 0.078613
0.134033 -0.218384 1.022583 -0.033936 -0.054810 0.080688
0.124756 -0.242188 1.026123 -0.066772 -0.036133 0.080811
0.113647 -0.258423 1.005493 -0.069580 -0.022339 0.070679
0.100098 -0.271729 1.002319 -0.065796 -0.030884 0.062500
0.111938 -0.288452 1.023926 -0.046021 -0.049194 0.057129
0.131226 -0.273560 1.058838 -0.024292 -0.061523 0.046875
0.143066 -0.263062 1.072266 -0.016235 -0.055420 0.039063
0.140625 -0.252441 1.074951 -0.025391 -0.041138 0.034302
0.130859 -0.268188 1.070313 -0.055664 -0.025757 0.039795
0.131470 -0.268921 1.068481 -0.069946 -0.013306 0.040649
0.121094 -0.257935 1.060669 -0.068115 -0.005005 0.023315
0.106812 -0.275879 1.045410 -0.047729 0.001221 0.005493
0.094849 -0.297607 1.028809 -0.020874 -0.002075 -0.010864
0.091431 -0.302734 1.022827 -0.001587 -0.013916 -0.010620
0.110718 -0.294067 1.041626 0.006104 -0.026855 0.001221
0.113525 -0.284546 1.047974 0.003540 -0.027344 0.012207
0.107056 -0.274780 1.031616 -0.004150 -0.019897 0.022583
0.102295 -0.268311 1.012573 -0.008667 -0.017578 0.025269
0.101685 -0.264160 1.003052 -0.001099 -0.022217 0.022217
0.096924 -0.265503 0.998657 -0.006958 -0.028809 0.022095
0.094971 -0.261475 1.001953 -0.011963 -0.035400 0.017944
0.095093 -0.261719 1.010010 -0.002686 -0.040527 0.011597
0.092041 -0.249878 1.008667 0.013550 -0.047852 0.001465
0.098755 -0.237305 1.012817 0.029907 -0.060913 -0.011475
0.104492 -0.235474 1.023071 0.043335 -0.071045 -0.014893
0.121826 -0.223633 1.028931 0.039795 -0.072266 -0.006836
0.124512 -0.215454 1.028198 0.015503 -0.066895 0.000244
0.128296 -0.211426 1.028198 0.017822 -0.057007 -0.007324
0.142578 -0.200073 1.047363 0.020508 -0.046509 -0.010498
0.142212 -0.203735 1.046753 -0.018555 -0.024902 -0.004028
0.122925 -0.221313 1.023071 -0.058716 -0.003662 0.007202
0.110474 -0.225342 1.015015 -0.080811 -0.000610 0.008667
0.111816 -0.240845 1.023315 -0.075684 -0.009155 -0.003540
0.109375 -0.254028 1.029663 -0.042847 -0.015747 -0.019897
0.117065 -0.259644 1.037964 -0.026001 -0.018433 -0.029663
0.122681 -0.254150 1.047485 -0.031128 -0.016235 -0.026367
0.121460 -0.260254 1.043091 -0.046753 -0.008667 -0.018921
0.108276 -0.270142 1.024414 -0.057373 -0.002075 -0.018677
0.102295 -0.288452 1.013794 -0.059937 -0.001465 -0.022095
0.098389 -0.298340 1.007935 -0.056152 -0.005737 -0.027466
0.092041 -0.295532 1.003540 -0.046021 -0.007202 -0.032715
0.099976 -0.288208 1.005127 -0.043335 -0.012817 -0.039917
0.103271 -0.296997 1.015137 -0.043945 -0.002075 -0.034790
0.098877 -0.307129 1.008057 -0.047241 0.006592 -0.032715
0.090942 -0.313843 0.999756 -0.048828 0.008057 -0.036499
0.095581 -0.316406 1.004028 -0.036377 0.005127 -0.037354
0.105347 -0.312622 1.017944 -0.040039 0.002563 -0.035400
0.106567 -0.317993 1.019287 -0.058350 0.012817 -0.025879
0.104858 -0.319336 1.010132 -0.072510 0.023315 -0.022339
0.097656 -0.319336 0.995972 -0.083130 0.030762 -0.018677
0.085571 -0.324097 0.991943 -0.084106 0.029175 -0.020386
