-0.032471 -0.187622 0.923950 -0.583984 0.481201 0.114136
-0.142090 -0.301147 0.752563 -0.646851 0.432983 0.048096
-0.215210 -0.423218 0.692139 -0.561401 0.258545 -0.022827
-0.218140 -0.487549 0.758667 -0.355469 0.034912 -0.061035
-0.167603 -0.481201 0.865967 -0.131714 -0.135254 -0.069092
-0.075073 -0.401611 1.017212 0.028931 -0.224365 -0.062622
-0.006104 -0.311157 1.113525 0.047852 -0.212402 -0.072754
0.006714 -0.279663 1.111450 0.018188 -0.123291 -0.094482
-0.034790 -0.341187 1.055908 -0.085327 -0.022339 -0.120239
-0.071777 -0.385620 1.024780 -0.202881 0.044922 -0.136597
-0.118652 -0.449097 0.975952 -0.246460 0.082153 -0.130981
-0.152832 -0.489502 0.954224 -0.221191 0.077759 -0.122070
-0.172852 -0.520386 0.924683 -0.213623 0.041138 -0.103516
-0.178711 -0.520752 0.904053 -0.172241 -0.015991 -0.080444
-0.155640 -0.500732 0.915894 -0.091187 -0.094727 -0.077026
-0.102417 -0.445923 1.001099 -0.002319 -0.172241 -0.097168
-0.078125 -0.426147 1.024780 0.048584 -0.204956 -0.112793
-0.070313 -0.404419 1.015869 0.108032 -0.203247 -0.121948
-0.062866 -0.388794 0.998535 0.145630 -0.190674 -0.118896
-0.054199 -0.381714 1.004517 0.154907 -0.174194 -0.105469
-0.027832 -0.357788 1.046387 0.134766 -0.150635 -0.093506
-0.005737 -0.334229 1.057983 0.050049 -0.108398 -0.087524
-0.017334 -0.339111 1.040161 -0.079346 -0.061035 -0.096069
-0.031494 -0.359619 0.998291 -0.164795 -0.035400 -0.096436
-0.046387 -0.377441 0.976074 -0.157227 -0.037598 -0.099609
-0.063110 -0.384277 0.949219 -0.099365 -0.055542 -0.106201
-0.073853 -0.395996 0.916016 -0.013916 -0.096313 -0.110596
-0.060669 -0.400635 0.952026 0.069580 -0.147583 -0.114624
-0.041138 -0.413452 0.983276 0.090210 -0.180054 -0.112671
-0.014893 -0.388306 1.039917 0.091187 -0.186523 -0.112183
0.010254 -0.357666 1.077881 0.069214 -0.154175 -0.102295
0.008179 -0.343750 1.049927 0.024170 -0.095215 -0.080811
-0.008423 -0.347290 0.997925 -0.000732 -0.052002 -0.065308
-0.021851 -0.365234 0.978394 -0.022217 -0.047363 -0.059692
-0.023193 -0.385010 0.998169 -0.003662 -0.068359 -0.052734
-0.002197 -0.368408 1.016846 0.025757 -0.088013 -0.048340
0.009521 -0.331909 0.976685 0.031982 -0.102783 -0.052124
0.010620 -0.321167 0.962402 0.049805 -0.134644 -0.077515
0.014771 -0.329590 0.991089 0.092285 -0.181519 -0.115479
0.029297 -0.345581 1.046631 0.135132 -0.204102 -0.130493
0.050293 -0.323486 1.105103 0.129395 -0.172974 -0.117188
0.048096 -0.318848 1.092285 0.047241 -0.099609 -0.082153
0.029053 -0.325073 1.031738 -0.048950 -0.033813 -0.052002
0.002075 -0.329102 0.972778 -0.104980 -0.013672 -0.039063
-0.006470 -0.327148 0.957520 -0.083008 -0.035156 -0.034790
-0.009888 -0.334473 0.954346 -0.013550 -0.071777 -0.031128
-0.003906 -0.342041 0.973511 0.065186 -0.111938 -0.028809
0.011597 -0.338623 1.015869 0.128418 -0.141113 -0.026489
0.026123 -0.325684 1.041260 0.147339 -0.144043 -0.022217
0.030884 -0.310059 1.042847 0.129639 -0.129761 -0.024048
0.037842 -0.292358 1.044678 0.083984 -0.106201 -0.020386
0.035522 -0.280273 1.038452 0.002563 -0.071411 -0.005981
0.026245 -0.248779 0.990845 -0.073730 -0.042725 0.000977
0.018677 -0.223999 0.928467 -0.126099 -0.046021 -0.016724
0.007446 -0.242554 0.898071 -0.139038 -0.089355 -0.063965
0.014893 -0.272583 0.930176 -0.110229 -0.153687 -0.123535
0.029175 -0.319580 1.000000 -0.083618 -0.201660 -0.168213
0.030029 -0.366577 1.044556 -0.076538 -0.206177 -0.170776
0.016113 -0.398193 1.047974 -0.060181 -0.177002 -0.123047
0.019775 -0.390015 1.031128 -0.042847 -0.149170 -0.054810
0.030762 -0.359009 1.011230 -0.035767 -0.140015 -0.003174
0.047119 -0.326782 1.012817 -0.013428 -0.145630 0.021484
0.069702 -0.290649 1.035034 0.011230 -0.151001 0.027588
0.077271 -0.290527 1.045166 0.018921 -0.147095 0.027222
0.090454 -0.286011 1.068604 0.024170 -0.132202 0.027710
0.089355 -0.280640 1.076416 0.012085 -0.109253 0.030029
0.086426 -0.279053 1.064087 0.012817 -0.089233 0.034424
0.094360 -0.266968 1.072144 0.026611 -0.073120 0.037476
0.089600 -0.269043 1.068604 0.013794 -0.056030 0.036377
0.087158 -0.276489 1.071655 -0.000244 -0.037598 0.032227
0.078125 -0.291504 1.068115 -0.011719 -0.011719 0.035156
0.066895 -0.294922 1.039917 -0.026123 0.011353 0.044067
0.042114 -0.310059 1.011108 -0.025024 0.017456 0.053833
0.040405 -0.308594 0.998169 -0.002686 0.004639 0.066040
0.045288 -0.295044 1.005005 -0.001099 -0.015137 0.070923
0.056763 -0.287476 1.033203 -0.006226 -0.021484 0.074707
0.052490 -0.279663 1.018188 0.003418 -0.010986 0.078491
0.050659 -0.256226 1.009277 0.006348 -0.005981 0.072510
0.040405 -0.260986 1.009155 -0.000977 -0.011841 0.064087
0.036255 -0.265259 1.027466 -0.000366 -0.022705 0.056274
0.027466 -0.276367 1.020874 -0.008057 -0.032471 0.058472
0.025879 -0.269165 1.016357 0.002441 -0.041870 0.068481
0.036743 -0.249634 1.017944 0.019409 -0.049316 0.080444
0.050659 -0.215332 1.024292 0.014038 -0.046509 0.090698
0.060181 -0.197021 1.017334 -0.015991 -0.038330 0.088379
0.046997 -0.206177 0.998657 -0.029419 -0.036743 0.066895
0.023193 -0.227905 0.966797 -0.007813 -0.053223 0.034912
0.003784 -0.261963 0.952637 0.024292 -0.085083 0.014893
-0.001465 -0.272827 0.977783 0.049683 -0.117920 0.006836
0.005493 -0.263184 0.992065 0.081177 -0.131836 0.015015
0.014771 -0.262817 1.007080 0.088623 -0.125000 0.034058
0.019653 -0.250000 1.006714 0.048462 -0.109009 0.054443
0.025513 -0.232788 0.979492 0.002930 -0.093262 0.076294
0.039307 -0.226318 0.981812 -0.025146 -0.095947 0.087646
0.056396 -0.221313 0.993652 -0.036255 -0.112061 0.083862
0.071045 -0.215454 1.015747 -0.034912 -0.122925 0.077026
0.077393 -0.227295 1.025879 -0.031250 -0.122681 0.068848
0.078003 -0.234253 1.035522 -0.016602 -0.115845 0.063354
0.077637 -0.251465 1.032715 -0.024658 -0.104614 0.062866
0.076538 -0.261108 1.044312 -0.045898 -0.094116 0.067993
0.086670 -0.251831 1.055298 -0.059082 -0.073730 0.088623
0.083984 -0.237915 1.031616 -0.086792 -0.050415 0.104492
0.073853 -0.245850 1.010620 -0.098511 -0.043579 0.107666
0.070068 -0.251587 0.996704 -0.083618 -0.052979 0.109863
0.071777 -0.256470 0.990845 -0.076416 -0.069946 0.107788
0.085205 -0.255005 1.022583 -0.075928 -0.078857 0.106934
0.078003 -0.272339 1.015625 -0.084717 -0.065308 0.113281
0.076050 -0.265503 0.989868 -0.100586 -0.046021 0.123291
0.065063 -0.259766 0.963257 -0.125732 -0.036621 0.129395
0.057129 -0.269409 0.961670 -0.128540 -0.039063 0.137573
0.056641 -0.288696 0.987549 -0.114380 -0.048828 0.150269
0.069336 -0.278564 1.025635 -0.111206 -0.054443 0.160156
0.084595 -0.268921 1.036865 -0.110474 -0.042847 0.174194
0.088135 -0.249756 1.020020 -0.107178 -0.027344 0.170776
0.080566 -0.249878 0.983032 -0.111206 -0.025146 0.151489
0.074707 -0.286377 1.011108 -0.095215 -0.041504 0.124756
0.085327 -0.299194 1.053833 -0.070068 -0.054932 0.104370
0.091064 -0.289551 1.054321 -0.045410 -0.047119 0.097778
0.086792 -0.275635 1.032227 -0.032593 -0.038452 0.093018
0.081909 -0.270874 1.018188 -0.028931 -0.044189 0.082764
0.083130 -0.272949 1.032104 -0.014160 -0.057495 0.075317
0.093140 -0.263794 1.048462 0.009521 -0.058838 0.081421
0.103516 -0.249756 1.064941 0.017212 -0.044189 0.090942
0.103882 -0.238403 1.047729 -0.003052 -0.015503 0.098022
0.086914 -0.247437 1.010254 -0.053833 0.006958 0.103271
0.074463 -0.259521 0.989258 -0.092285 0.007935 0.106201
0.082031 -0.268433 1.006470 -0.101563 -0.007202 0.108643
0.091309 -0.274536 1.044189 -0.089233 -0.016724 0.107300
0.096436 -0.260742 1.046387 -0.066406 -0.005615 0.106812
0.085449 -0.248047 1.009888 -0.069824 0.009033 0.101685
0.078125 -0.244751 0.996582 -0.075317 0.008179 0.094360
0.077881 -0.248169 1.003784 -0.078491 -0.001709 0.088867
0.081177 -0.249512 1.019043 -0.082764 -0.013062 0.078613
0.081909 -0.257813 1.025269 -0.068237 -0.010376 0.075684
0.072754 -0.264282 1.020874 -0.069946 -0.002686 0.073242
0.074341 -0.259766 1.016602 -0.072632 0.001465 0.068970
0.067627 -0.260010 1.000610 -0.071777 0.001343 0.061279
0.055908 -0.280029 0.982300 -0.056641 -0.005981 0.060425
0.056519 -0.296753 0.998413 -0.039185 -0.022339 0.062988
0.070801 -0.295166 1.038208 -0.043945 -0.029175 0.071289
0.076416 -0.285400 1.055542 -0.062988 -0.013062 0.082397
0.066040 -0.289307 1.031494 -0.083496 0.010864 0.096436
0.061157 -0.289185 1.026978 -0.082275 0.014771 0.104980
0.066895 -0.284058 1.044189 -0.069946 0.004883 0.106079
0.077759 -0.279419 1.063232 -0.047852 -0.002075 0.102661
0.082764 -0.257690 1.058105 -0.023438 0.006836 0.096436
0.076660 -0.252075 1.030762 -0.022339 0.020264 0.085449
0.064941 -0.252075 1.015869 -0.030396 0.023315 0.070923
0.062134 -0.257568 1.008179 -0.016479 0.020874 0.062256
0.058472 -0.271118 1.009766 -0.005493 0.014648 0.059570
