0.070801 -0.283203 1.006836 -0.041260 0.005493 -0.030273
0.066528 -0.279419 1.005859 -0.043091 -0.002441 -0.027954
0.067871 -0.284180 1.002808 -0.039673 -0.007324 -0.022461
0.079224 -0.283691 1.010132 -0.018677 -0.010864 -0.022217
0.080811 -0.283325 1.015991 -0.028076 -0.012451 -0.022705
0.079956 -0.276367 1.006836 -0.031738 -0.012207 -0.022095
0.078857 -0.283691 1.016602 -0.034546 -0.013306 -0.021484
0.080933 -0.275757 1.019653 -0.041138 -0.015015 -0.021606
0.080688 -0.273560 1.023315 -0.040283 -0.012939 -0.021362
0.078369 -0.285034 1.018433 -0.041260 -0.008301 -0.017090
0.070801 -0.294067 1.008911 -0.050903 -0.006226 -0.015625
0.066772 -0.301270 1.004639 -0.046143 -0.009277 -0.016724
0.068237 -0.296021 1.007935 -0.029297 -0.016479 -0.018799
0.072021 -0.298706 1.011963 -0.017822 -0.023926 -0.021973
0.079102 -0.290527 1.022705 -0.004761 -0.026611 -0.024048
0.081421 -0.298218 1.028442 -0.004761 -0.022827 -0.022217
0.082031 -0.291626 1.024048 -0.014038 -0.019775 -0.020508
0.077881 -0.299072 1.021973 -0.021484 -0.016113 -0.017456
0.072144 -0.299805 1.012817 -0.021362 -0.015015 -0.014038
0.068848 -0.289551 1.002686 -0.013550 -0.017578 -0.013306
0.068604 -0.281250 0.999512 -0.003418 -0.020020 -0.011353
0.071411 -0.286133 1.002197 0.017456 -0.022827 -0.008179
0.073486 -0.292847 1.012085 0.036499 -0.027588 -0.008667
0.082642 -0.296143 1.020386 0.033691 -0.030762 -0.008179
0.090454 -0.293091 1.032593 0.018677 -0.028198 -0.004150
0.097534 -0.285522 1.038696 -0.001587 -0.016968 0.003296
0.092163 -0.288208 1.028076 -0.020996 -0.005249 0.007935
0.083740 -0.306763 1.027222 -0.034180 0.001709 0.011230
0.074829 -0.332764 1.026611 -0.033691 0.007446 0.012817
0.066650 -0.345581 1.020142 -0.031860 0.011353 0.019531
0.053467 -0.359009 1.004028 -0.036743 0.011963 0.035645
0.050171 -0.310059 0.998047 -0.037842 0.001465 0.037964
0.041870 -0.327759 0.990601 -0.037964 -0.013550 0.050781
0.056885 -0.302734 1.011230 -0.006592 -0.025269 0.048584
0.067139 -0.304321 1.018188 -0.002319 -0.033936 0.052124
0.069946 -0.301880 1.028564 0.007202 -0.035645 0.043091
0.086182 -0.273560 1.035767 0.009766 -0.035645 0.039673
0.092407 -0.258789 1.035156 -0.007446 -0.027832 0.040649
0.097900 -0.264038 1.029175 -0.055420 -0.028076 0.023071
0.080566 -0.276733 1.018311 -0.116821 -0.030273 0.007690
0.083252 -0.281616 0.996948 -0.059937 -0.017944 0.010498
0.085205 -0.296509 1.000610 -0.045532 -0.023315 0.006226
0.084473 -0.295288 1.006104 -0.063110 -0.028076 0.003418
0.090332 -0.291138 1.016235 -0.072388 -0.028931 -0.001587
0.086426 -0.285767 1.012695 -0.087158 -0.033447 -0.021484
0.078613 -0.307251 0.998901 -0.070068 -0.037476 -0.035278
0.075195 -0.312744 0.993408 -0.030518 -0.033447 -0.034302
0.081299 -0.308594 0.995728 -0.029907 -0.041260 -0.031128
0.095215 -0.307251 1.017700 -0.041504 -0.045532 -0.031738
0.100586 -0.318848 1.029297 -0.052856 -0.039551 -0.029663
0.096069 -0.324341 1.027588 -0.057007 -0.018799 -0.020752
0.087402 -0.343018 1.009888 -0.057861 -0.001221 -0.010498
0.080933 -0.354614 1.007813 -0.077026 0.002197 -0.009399
0.078613 -0.370483 1.007690 -0.095215 -0.000366 -0.009399
0.071289 -0.353271 0.999512 -0.082886 0.004150 -0.006592
0.060547 -0.329346 0.974243 -0.117310 0.002808 -0.008179
0.038452 -0.324219 0.969727 -0.156738 -0.013794 -0.018555
0.022583 -0.356934 0.956299 -0.168091 -0.011597 -0.017578
0.039063 -0.329834 0.976440 -0.131592 -0.050781 -0.019775
0.061401 -0.328979 1.002930 -0.081055 -0.065674 -0.032227
0.080200 -0.311523 1.024048 -0.050171 -0.066650 -0.036499
0.088989 -0.307739 1.025269 -0.048340 -0.055908 -0.026489
0.088745 -0.317017 1.016602 -0.052124 -0.042480 -0.008423
0.097534 -0.329590 1.021973 -0.039917 -0.029663 0.003784
0.093628 -0.332275 1.016968 -0.038452 -0.024414 0.005127
0.090576 -0.323853 1.013916 -0.038330 -0.022461 0.003174
0.081299 -0.330078 1.020996 -0.017822 -0.014648 0.009277
0.077637 -0.305786 1.003540 -0.004761 -0.007080 0.014038
0.072998 -0.293213 0.991333 -0.010986 -0.009399 0.012451
0.072388 -0.290894 0.994385 -0.008057 -0.020020 -0.003052
0.072144 -0.293457 0.997559 0.003906 -0.031372 -0.015503
0.072510 -0.289307 0.987671 0.003784 -0.043213 -0.025879
0.089478 -0.310913 1.012085 0.000732 -0.056152 -0.034546
0.105225 -0.303467 1.030273 0.004272 -0.058228 -0.027466
0.108521 -0.286743 1.028564 -0.000610 -0.042480 -0.021973
0.102539 -0.282227 1.020508 -0.012451 -0.030396 -0.024536
0.097046 -0.294312 1.017456 -0.025146 -0.020630 -0.024170
0.091309 -0.287231 1.005615 -0.016724 -0.013672 -0.026611
0.091553 -0.276855 0.990601 -0.011353 -0.011597 -0.031006
0.089355 -0.278320 0.982788 -0.003784 -0.012695 -0.039307
0.083252 -0.280762 0.970215 0.027466 -0.013672 -0.056763
0.089966 -0.273926 0.983643 0.071411 -0.015381 -0.073486
0.092896 -0.271362 0.992188 0.093140 -0.015625 -0.078125
0.098877 -0.265137 1.006592 0.093018 -0.016235 -0.072632
0.102539 -0.262451 1.022461 0.093140 -0.007324 -0.061157
0.064087 -0.225952 1.013794 0.062134 0.005615 -0.044434
0.102661 -0.261963 1.017944 0.035767 0.009155 -0.023438
0.105835 -0.271362 1.018677 -0.002563 0.001831 -0.014038
0.088135 -0.280518 1.004395 -0.030029 0.001099 -0.002930
0.086792 -0.273804 1.001709 -0.038696 -0.014771 -0.003418
0.084473 -0.277954 0.993896 -0.049072 -0.032715 -0.006714
0.081665 -0.277344 0.999146 -0.040649 -0.045532 -0.015991
0.077881 -0.294067 1.008667 -0.013550 -0.051636 -0.021240
0.086792 -0.303467 1.027710 0.007568 -0.049072 -0.025757
0.098877 -0.297485 1.043945 0.019165 -0.036865 -0.028076
0.092407 -0.292603 1.030640 0.012207 -0.024292 -0.023560
0.094360 -0.294678 1.038452 0.023682 -0.017578 -0.026978
0.091797 -0.283936 1.027100 0.046631 -0.011719 -0.030029
0.090088 -0.279907 1.021362 0.041870 -0.010254 -0.024902
0.095337 -0.267578 1.021973 0.027100 -0.007813 -0.012085
0.091675 -0.270508 1.011475 -0.007080 -0.001953 0.000366
0.096436 -0.270386 1.014648 -0.029785 -0.000854 0.010498
0.091919 -0.260132 1.011108 -0.054810 -0.002319 0.014282
0.076782 -0.264893 0.983765 -0.068848 -0.003662 0.016113
0.086182 -0.276978 0.989746 -0.054810 -0.012817 0.012573
0.091187 -0.272949 1.004517 -0.036499 -0.017944 0.000610
0.092285 -0.281616 1.014404 -0.009644 -0.011353 -0.011108
0.096436 -0.274658 1.020630 -0.001343 -0.007935 -0.011841
0.097900 -0.269043 1.017212 -0.003784 0.003784 -0.002930
0.093994 -0.276001 1.022827 -0.014404 0.013062 0.013672
0.093018 -0.285034 1.040771 -0.027466 0.020752 0.025635
0.088867 -0.284790 1.034302 -0.038330 0.029419 0.036987
0.082397 -0.278809 1.022827 -0.041870 0.036743 0.047241
0.073608 -0.282959 1.023438 -0.046631 0.035889 0.053101
0.062988 -0.279297 1.014648 -0.044922 0.028564 0.054199
0.064575 -0.276123 1.008545 -0.046753 0.017456 0.057007
0.065430 -0.276489 1.010742 -0.057373 0.004761 0.057251
0.067871 -0.272949 1.011230 -0.050049 0.000122 0.051636
0.073486 -0.268433 1.022095 -0.051270 -0.001831 0.045410
0.060791 -0.276611 1.009888 -0.056885 0.000122 0.037231
0.060303 -0.281616 1.001953 -0.039429 -0.000732 0.032593
0.054932 -0.277832 0.994385 -0.029785 -0.007690 0.028198
0.052856 -0.286255 0.981812 -0.022949 -0.016479 0.026855
0.057861 -0.298218 1.001465 -0.010742 -0.026489 0.031494
0.061279 -0.287109 1.010620 -0.006104 -0.030396 0.045532
0.055908 -0.272095 0.996216 -0.009155 -0.029053 0.050537
0.059570 -0.270142 0.996948 -0.003906 -0.038818 0.046997
0.077515 -0.272583 1.025024 -0.003784 -0.048218 0.047485
0.073242 -0.277466 1.012329 -0.018799 -0.044189 0.051392
0.069580 -0.274414 1.016357 -0.023071 -0.045288 0.048584
0.066040 -0.278320 1.014160 -0.019043 -0.052246 0.046875
0.075195 -0.292725 1.025146 -0.014038 -0.060425 0.048218
0.083374 -0.273071 1.031982 -0.007813 -0.057495 0.060181
0.088013 -0.260498 1.029785 -0.022583 -0.045166 0.076660
0.097778 -0.262573 1.036011 -0.034668 -0.034668 0.083496
0.095093 -0.260742 1.039795 -0.029419 -0.019287 0.073730
0.089478 -0.258179 1.034180 -0.003784 -0.006470 0.057129
0.088623 -0.253418 1.029541 0.014648 -0.004150 0.044678
0.089355 -0.244873 1.033569 0.019531 0.002686 0.034058
0.059570 -0.240356 1.021362 0.010620 0.010620 0.027710
0.081299 -0.269409 1.013062 0.007080 0.020996 0.036743
0.065186 -0.288696 1.008911 -0.014160 0.028564 0.037231
0.066162 -0.268555 1.000488 -0.032959 0.024658 0.048950
0.065552 -0.271240 0.990845 -0.073242 0.019897 0.062500
0.061768 -0.260864 0.984741 -0.097534 0.009277 0.074219
0.061890 -0.259155 0.973389 -0.099487 -0.003784 0.078979
0.067261 -0.276001 0.974731 -0.093262 -0.017700 0.074097
0.070068 -0.277344 0.990112 -0.070435 -0.026245 0.056641
0.072998 -0.289795 0.992432 -0.047119 -0.029053 0.046509
0.072388 -0.272461 1.002441 -0.025513 -0.032837 0.030273
