0.001587 -0.304199 1.002563 -0.009888 0.037720 -0.068726
0.019409 -0.299561 1.017700 -0.043091 0.006104 -0.063477
-0.004883 -0.321777 1.020630 -0.080933 -0.012817 -0.060059
0.035156 -0.269043 1.009521 -0.073242 -0.028564 -0.074097
0.034668 -0.277344 1.030518 -0.065796 -0.020508 -0.069214
0.043579 -0.271240 1.043213 -0.098389 -0.011719 -0.063843
0.048462 -0.258423 1.042114 -0.146851 0.011475 -0.051025
0.030029 -0.290283 1.026489 -0.182617 0.043335 -0.038208
0.031128 -0.277344 1.009033 -0.183716 0.058716 -0.038330
0.010864 -0.307251 0.981689 -0.177734 0.063599 -0.028564
0.005005 -0.306152 0.971436 -0.175049 0.044800 -0.028442
-0.000977 -0.308472 0.958374 -0.151001 0.018188 -0.038818
-0.004639 -0.317627 0.954224 -0.116211 -0.019287 -0.054077
-0.005737 -0.323975 0.956421 -0.085327 -0.062012 -0.075439
0.006836 -0.338379 0.966187 -0.061401 -0.097534 -0.094849
0.031128 -0.345825 1.003662 -0.043701 -0.112793 -0.105103
0.037354 -0.363159 1.023926 -0.074097 -0.101929 -0.099243
0.030151 -0.371460 1.010742 -0.103638 -0.075928 -0.086548
0.018188 -0.386963 1.000854 -0.106323 -0.054932 -0.071411
0.007690 -0.396118 0.973999 -0.122437 -0.046997 -0.051147
0.006958 -0.403809 0.974731 -0.096436 -0.046753 -0.031616
0.012207 -0.407104 0.974365 -0.069946 -0.058228 -0.026001
0.011719 -0.418213 0.970093 -0.030396 -0.071655 -0.031372
0.012817 -0.426392 0.966309 0.001709 -0.084595 -0.034302
0.016846 -0.428711 0.968872 0.010986 -0.088501 -0.025513
0.024902 -0.426636 0.969360 0.007813 -0.085327 -0.012207
0.028564 -0.428345 0.968750 0.014648 -0.082764 -0.005249
0.035645 -0.440186 0.973267 0.011963 -0.084717 -0.004883
0.024048 -0.462280 0.958008 -0.006958 -0.089111 -0.006348
0.019531 -0.487793 0.962402 -0.016113 -0.101929 -0.006958
-0.001709 -0.519531 0.945801 -0.025146 -0.122559 -0.008179
-0.020508 -0.547974 0.932617 -0.010864 -0.149780 -0.005981
-0.027710 -0.553589 0.918945 0.030884 -0.187744 0.007080
-0.006104 -0.537598 0.940552 0.079102 -0.229126 0.032104
0.018677 -0.507690 0.953003 0.134155 -0.255615 0.054199
0.045410 -0.475098 0.968506 0.188232 -0.268433 0.065918
0.063477 -0.444336 0.977783 0.212646 -0.268799 0.077026
0.077393 -0.418823 0.987549 0.199463 -0.256104 0.095947
0.114868 -0.387695 1.011963 0.184082 -0.240845 0.123047
0.141479 -0.341309 1.032837 0.163086 -0.207397 0.141357
0.143799 -0.312744 1.024048 0.093872 -0.163208 0.148193
0.139648 -0.292847 1.011841 0.056641 -0.128662 0.145508
0.127075 -0.286499 0.998901 0.040161 -0.108765 0.134033
0.111572 -0.278442 0.984985 0.021240 -0.099854 0.119385
0.103394 -0.280151 0.981812 0.015381 -0.104614 0.108643
0.100586 -0.279297 0.988892 0.015503 -0.110840 0.103760
0.094360 -0.271240 0.979370 0.021118 -0.109619 0.100342
0.090210 -0.265137 0.967285 0.017090 -0.104126 0.102661
0.086670 -0.259521 0.968628 -0.015259 -0.097656 0.106079
0.083618 -0.271118 0.959595 -0.035645 -0.095703 0.107788
0.074707 -0.279297 0.958496 -0.037109 -0.100830 0.101440
0.075195 -0.278564 0.948120 0.005859 -0.110596 0.084717
0.070557 -0.285278 0.943237 0.058228 -0.131714 0.067261
0.082764 -0.269043 0.958374 0.097900 -0.158569 0.048340
0.083252 -0.265503 0.952271 0.102783 -0.168579 0.039063
0.081177 -0.264404 0.963501 0.096802 -0.173584 0.026489
0.102417 -0.260986 0.974121 0.089355 -0.170410 0.013428
0.086304 -0.274536 1.001465 0.086304 -0.159302 0.012451
0.107910 -0.253052 1.036499 0.105469 -0.157593 0.025146
0.115967 -0.270386 1.051270 0.122681 -0.139648 0.052124
0.137817 -0.241943 1.087402 0.146973 -0.117554 0.072754
0.174072 -0.189209 1.117310 0.154297 -0.088379 0.086182
0.170532 -0.206421 1.084351 0.091187 -0.035889 0.103882
0.161499 -0.167358 1.077881 0.035400 0.003174 0.111328
0.146973 -0.166260 1.037109 -0.030029 0.025513 0.114014
0.141479 -0.172363 1.021851 -0.056763 0.020020 0.095703
0.144897 -0.171143 1.031616 -0.050293 0.001343 0.069214
0.153198 -0.195313 1.061768 -0.025024 -0.002563 0.053711
0.166626 -0.184204 1.070801 -0.032349 0.020142 0.052246
0.145386 -0.196045 1.043945 -0.073975 0.064575 0.064087
0.123169 -0.216919 1.012695 -0.123291 0.092529 0.075684
0.100098 -0.244507 1.013306 -0.152344 0.091431 0.081177
0.100830 -0.253174 1.018188 -0.146240 0.072754 0.073730
0.105103 -0.259033 1.035400 -0.085205 0.051025 0.054810
0.109009 -0.257568 1.043457 -0.026733 0.031982 0.041992
0.115723 -0.240112 1.049927 -0.020264 0.017212 0.037109
0.117188 -0.241089 1.044678 -0.034424 0.014648 0.035522
0.119629 -0.234253 1.047729 -0.025146 0.019287 0.028442
0.103760 -0.249512 1.035522 -0.024292 0.025269 0.019043
0.110962 -0.239014 1.036987 -0.027710 0.025024 0.011353
0.115112 -0.245483 1.044312 -0.039063 0.033203 0.014893
0.104492 -0.259644 1.040161 -0.066284 0.056885 0.019897
0.085205 -0.265625 1.003784 -0.089355 0.077026 0.030273
0.070679 -0.271240 0.986206 -0.101440 0.081421 0.043579
0.063721 -0.266113 0.969238 -0.105225 0.069458 0.045898
0.062256 -0.278320 0.980469 -0.081787 0.045532 0.042480
0.071045 -0.275879 1.009644 -0.054199 0.021362 0.039185
0.077881 -0.279175 1.016846 -0.039551 0.012085 0.039673
0.068726 -0.273193 1.007446 -0.037720 0.010498 0.045898
0.079468 -0.258545 1.018677 -0.037109 0.010742 0.057495
0.086304 -0.258667 1.031616 -0.057007 0.012085 0.065186
0.091431 -0.239746 1.026001 -0.055908 0.015991 0.066284
0.090698 -0.226563 1.020752 -0.050659 0.026001 0.068848
0.089233 -0.221558 1.006104 -0.055054 0.035767 0.072021
0.083130 -0.220215 0.992554 -0.064575 0.042603 0.077026
0.074707 -0.228027 0.979736 -0.068115 0.037842 0.076538
0.082153 -0.210449 0.990723 -0.054565 0.020630 0.072876
0.091919 -0.208618 1.001587 -0.047485 0.003418 0.066284
0.106323 -0.193237 1.015991 -0.040771 -0.010376 0.055664
0.115234 -0.192261 1.036865 -0.031860 -0.015015 0.042236
0.113770 -0.196655 1.038208 -0.027832 -0.015137 0.027588
0.112427 -0.208008 1.045776 -0.030151 -0.010986 0.023560
0.118042 -0.201416 1.040894 -0.045776 -0.001465 0.027100
0.108276 -0.197144 1.036133 -0.073608 0.010254 0.027100
0.100098 -0.210693 1.023560 -0.080811 0.016235 0.022461
0.093506 -0.220825 1.019897 -0.074341 0.012451 0.008301
0.093262 -0.227051 1.020386 -0.049683 0.000244 -0.007813
0.095093 -0.236328 1.034058 -0.026367 -0.009521 -0.020752
0.102295 -0.239990 1.035889 -0.019165 -0.010986 -0.028198
0.094604 -0.251831 1.030518 -0.023193 -0.001587 -0.033569
0.085693 -0.264160 1.024902 -0.026611 0.007080 -0.037476
0.071899 -0.284058 1.017944 -0.042480 0.011597 -0.036499
0.066040 -0.291870 1.014404 -0.058105 0.012573 -0.032837
0.065796 -0.288574 1.018555 -0.058228 0.011475 -0.027466
0.068481 -0.285522 1.007446 -0.055542 0.008301 -0.025146
0.059814 -0.294922 0.995850 -0.036255 0.005249 -0.031494
0.055298 -0.297607 0.989746 -0.016602 -0.006348 -0.040771
0.063354 -0.295288 1.003174 -0.001221 -0.011841 -0.043579
0.074341 -0.293945 1.011475 0.002197 -0.010254 -0.041016
0.073853 -0.296875 1.012207 -0.032837 0.000732 -0.033447
0.075806 -0.303101 1.017822 -0.057007 0.016479 -0.025146
0.068359 -0.302124 1.006592 -0.074341 0.028931 -0.019043
0.066040 -0.305176 1.003662 -0.067871 0.038086 -0.016479
0.054443 -0.317749 0.995483 -0.065430 0.035767 -0.018677
0.047485 -0.316284 0.980347 -0.053711 0.028809 -0.020752
0.040771 -0.318115 0.976074 -0.039063 0.009399 -0.026245
0.048218 -0.306152 0.986694 -0.023926 -0.013184 -0.032837
0.054199 -0.302124 1.003906 -0.014404 -0.022461 -0.036377
0.058350 -0.304321 1.001831 -0.019287 -0.022949 -0.037109
0.059204 -0.302124 1.006470 -0.020386 -0.015503 -0.035400
0.059814 -0.294922 1.008301 -0.030640 -0.005005 -0.030151
0.062378 -0.287598 1.007446 -0.045654 0.006470 -0.022583
0.059814 -0.285278 1.000244 -0.054321 0.015503 -0.016724
0.054199 -0.297119 0.989380 -0.051636 0.014160 -0.015991
0.056152 -0.293579 0.996094 -0.054321 0.004517 -0.017456
0.069702 -0.289429 1.015503 -0.065308 -0.001099 -0.015625
0.080566 -0.270264 1.019653 -0.091553 0.003784 -0.007813
0.086304 -0.266724 1.015991 -0.120972 0.023682 -0.003174
0.070068 -0.287598 0.988892 -0.155151 0.043213 -0.000977
0.027832 -0.355103 0.865234 -0.142090 0.046997 -0.007935
0.055908 -0.279663 1.011475 -0.053955 0.015869 -0.018677
0.026367 -0.344727 0.980225 -0.079224 0.023315 -0.020142
0.031128 -0.338013 0.987915 -0.052979 0.000610 -0.027710
0.035034 -0.330566 0.998413 -0.029907 -0.023193 -0.033813
0.042969 -0.327637 0.989746 -0.014404 -0.039307 -0.034546
0.050903 -0.308350 1.032349 0.016113 -0.054443 -0.035400
0.065552 -0.304810 1.030640 0.007935 -0.049438 -0.035645
0.071899 -0.304321 1.038940 -0.015747 -0.028687 -0.030518
0.067017 -0.309937 1.027222 -0.049438 -0.004028 -0.022583
0.054077 -0.317749 1.009766 -0.069458 0.014282 -0.015503
