0.043701 -0.368042 1.015503 0.023682 -0.045166 -0.023682
0.050659 -0.342407 1.014893 0.020630 -0.038818 -0.024658
0.048706 -0.339111 1.005249 0.011353 -0.024536 -0.021118
0.046875 -0.333130 1.001709 0.001343 -0.013672 -0.019287
0.042603 -0.334961 0.996704 -0.011353 -0.005737 -0.022583
0.032593 -0.349121 0.984863 -0.015503 -0.002441 -0.027832
0.026611 -0.355591 0.978027 -0.009155 -0.005493 -0.032349
0.022827 -0.360107 0.969238 -0.011353 -0.014893 -0.032471
0.027222 -0.362793 0.973022 -0.006836 -0.022949 -0.034180
0.038086 -0.357056 0.981445 0.007202 -0.029907 -0.036377
0.048706 -0.359497 0.998657 0.002686 -0.034302 -0.039917
0.064819 -0.352783 1.015625 0.000977 -0.031860 -0.047241
0.063232 -0.346802 1.006592 0.002930 -0.018555 -0.060059
0.043091 -0.363892 0.984009 -0.002441 -0.004272 -0.071289
0.031738 -0.367188 0.946167 -0.014771 -0.000854 -0.069092
0.016968 -0.390625 0.945923 -0.009399 0.003296 -0.053955
0.015137 -0.380127 0.942017 -0.004639 -0.003906 -0.040283
0.015503 -0.389526 0.940430 -0.015625 -0.015259 -0.037476
0.025146 -0.386475 0.955566 -0.006470 -0.031006 -0.040161
0.035889 -0.386597 0.967163 -0.000488 -0.036865 -0.037720
0.031616 -0.383911 0.956665 -0.006226 -0.032959 -0.034668
0.022095 -0.381836 0.947754 -0.009766 -0.027710 -0.038208
0.012085 -0.395386 0.941284 -0.022583 -0.029663 -0.042114
-0.001343 -0.412720 0.945801 -0.033936 -0.037231 -0.041260
-0.006226 -0.425903 0.946289 -0.035278 -0.048828 -0.028442
-0.000732 -0.420532 0.949341 -0.036499 -0.062134 -0.010742
0.015259 -0.398560 0.955322 -0.035889 -0.071411 0.002319
0.025269 -0.396851 0.953857 -0.028076 -0.073486 0.014526
0.036865 -0.397339 0.968994 -0.026367 -0.072510 0.016357
0.030151 -0.410034 0.974609 -0.026367 -0.068970 0.015015
0.021729 -0.429810 0.968872 -0.023804 -0.071167 0.012573
0.020752 -0.425659 0.971436 -0.013794 -0.081299 0.011841
0.032349 -0.424561 0.982666 -0.004028 -0.088623 0.014404
0.052124 -0.394653 1.002563 -0.006958 -0.091675 0.017212
0.065430 -0.395874 1.012817 0.002197 -0.076660 0.028687
0.064575 -0.383057 0.992188 -0.000732 -0.054810 0.038574
0.058960 -0.394409 0.982056 -0.019165 -0.030396 0.056396
0.068848 -0.385376 0.993774 -0.038696 -0.018921 0.063843
0.070923 -0.379272 1.012939 -0.052612 -0.013184 0.052979
0.054199 -0.372559 0.979858 -0.042358 -0.013062 0.026611
0.044067 -0.364868 0.968262 -0.030029 -0.024170 0.005127
0.031738 -0.370483 0.959595 -0.021484 -0.035278 0.005127
0.023315 -0.378418 0.961060 -0.004150 -0.049683 0.007690
0.035522 -0.381592 0.973755 0.019775 -0.062866 0.018188
0.047852 -0.373291 0.988647 0.024414 -0.064453 0.031616
0.061279 -0.357666 0.999512 0.009521 -0.058838 0.039917
0.075562 -0.329712 1.001221 -0.010132 -0.044556 0.046143
0.072144 -0.327393 0.981567 -0.050171 -0.025879 0.052246
0.063110 -0.329834 0.976563 -0.088379 -0.013916 0.054565
0.049316 -0.355713 0.958984 -0.116699 -0.012085 0.054077
0.035767 -0.368530 0.966797 -0.118164 -0.019897 0.050781
0.031250 -0.373413 0.960571 -0.101685 -0.030029 0.050537
0.041748 -0.375977 0.982910 -0.079590 -0.045288 0.042114
0.044922 -0.371338 0.998535 -0.056519 -0.058228 0.031860
0.046997 -0.377197 0.996338 -0.044800 -0.065552 0.032837
0.060669 -0.362183 1.019897 -0.034912 -0.069336 0.043213
0.077026 -0.359131 1.039429 -0.031860 -0.055664 0.064453
0.091797 -0.345215 1.061523 -0.048706 -0.031250 0.078125
0.102051 -0.320313 1.031128 -0.068359 -0.000366 0.082275
0.057007 -0.350952 1.075073 -0.044922 0.024048 0.091797
0.067627 -0.336304 1.041138 -0.061279 0.029419 0.081787
0.042603 -0.351929 1.007324 -0.081543 0.037354 0.076538
0.049438 -0.331055 1.007935 -0.050049 0.015259 0.069946
0.058594 -0.309082 1.017456 -0.008301 0.001465 0.060669
0.074219 -0.286743 1.031738 0.023438 -0.005493 0.046875
0.078125 -0.281128 1.055908 0.031494 0.000244 0.030518
0.067017 -0.296875 1.051270 0.028809 0.016357 0.022949
0.057007 -0.310669 1.040283 0.030884 0.028931 0.020142
0.046509 -0.294189 1.018921 0.045898 0.030151 0.012329
0.046875 -0.294067 1.001465 0.079102 0.027710 0.005249
0.055298 -0.289795 1.029419 0.088257 0.030396 0.003052
0.040894 -0.308228 1.018311 0.045044 0.044678 0.009521
0.020142 -0.317993 0.989258 0.023560 0.051880 0.020752
0.004639 -0.312866 0.966919 0.022705 0.036133 0.017700
-0.007324 -0.315308 0.941162 0.044800 0.004272 0.007324
0.000610 -0.303101 0.963379 0.086060 -0.029175 -0.007813
0.010986 -0.302856 0.966064 0.086060 -0.041626 -0.018433
0.015747 -0.299805 0.994141 0.065186 -0.040527 -0.013184
0.015747 -0.298340 0.989624 0.034058 -0.030273 -0.006226
0.014404 -0.297852 0.978394 -0.007446 -0.023804 -0.001099
0.017578 -0.301758 0.983276 -0.022949 -0.026245 0.001221
0.022583 -0.305054 0.988037 -0.035278 -0.030640 -0.004517
0.025757 -0.310669 0.989014 -0.034180 -0.030396 -0.007324
0.028931 -0.315552 0.986450 -0.036255 -0.021484 -0.007690
0.030884 -0.322754 0.995605 -0.045898 -0.009644 -0.002197
0.033691 -0.324463 1.003296 -0.070313 0.004150 0.012817
0.020752 -0.338867 0.988281 -0.090942 0.019653 0.033081
0.014771 -0.344849 0.980225 -0.087158 0.022705 0.043945
0.009766 -0.351685 0.962280 -0.070801 0.014648 0.048462
0.010864 -0.341431 0.964233 -0.047729 0.005615 0.046997
0.015015 -0.332642 0.964966 -0.031738 -0.005859 0.042847
0.026733 -0.317139 0.974365 -0.018555 -0.019043 0.036621
0.023682 -0.321167 0.976318 -0.028442 -0.024414 0.036865
0.030151 -0.316772 0.971436 -0.009033 -0.026733 0.035522
0.035156 -0.305542 0.989136 0.008179 -0.036255 0.026245
0.034058 -0.314941 0.984253 0.010986 -0.039551 0.016846
0.046265 -0.306030 1.001099 0.007568 -0.035767 0.015381
0.042114 -0.308472 0.997437 -0.015625 -0.017822 0.022339
0.037720 -0.301392 0.991943 -0.032837 -0.004272 0.026367
0.032471 -0.306152 0.993774 -0.042847 -0.002563 0.026245
0.030884 -0.312378 1.004639 -0.025024 -0.008423 0.013428
0.020508 -0.325928 0.994385 -0.002808 -0.015991 -0.000977
0.013672 -0.338379 0.997437 0.007690 -0.024536 -0.006226
0.010376 -0.345703 1.000488 0.000610 -0.031982 -0.000122
0.016968 -0.331909 1.012939 -0.001221 -0.033447 0.013428
0.025269 -0.317017 1.014648 -0.005127 -0.029419 0.028564
0.028320 -0.311157 1.004639 -0.010376 -0.025391 0.036255
0.029053 -0.312988 1.006714 -0.010864 -0.024902 0.035645
0.027710 -0.308960 1.010620 -0.004028 -0.025269 0.029907
0.035645 -0.299805 1.022095 0.001831 -0.025879 0.023071
0.033813 -0.303711 1.020874 0.002686 -0.024902 0.021851
0.035767 -0.303589 1.020630 0.000854 -0.026245 0.020630
0.044922 -0.293945 1.028320 0.004395 -0.030640 0.014771
0.040039 -0.296753 1.021240 0.010010 -0.035889 0.002808
0.038208 -0.303223 1.013916 0.025513 -0.041626 -0.012695
0.035278 -0.303589 1.013916 0.034302 -0.038452 -0.012085
0.035278 -0.299316 0.996948 0.016846 -0.026978 0.006592
0.029297 -0.300781 0.994873 -0.015869 -0.014648 0.023804
0.029175 -0.295898 0.984497 -0.035034 -0.005371 0.030518
0.024414 -0.301270 0.990845 -0.043945 -0.005005 0.020630
0.014282 -0.316772 0.992065 -0.025146 -0.011597 0.001587
0.007080 -0.324341 0.985962 0.001953 -0.022461 -0.008179
0.012817 -0.322754 0.995239 0.013916 -0.035278 -0.004028
0.034912 -0.298584 1.017822 0.012085 -0.037842 0.009399
0.037231 -0.290039 1.006958 -0.010742 -0.023926 0.024902
0.032227 -0.286133 0.996460 -0.024414 -0.012085 0.031860
0.034058 -0.288452 0.999390 -0.031250 -0.004272 0.031738
0.013916 -0.306885 0.982178 -0.030518 -0.001099 0.025513
0.007324 -0.316650 0.977661 -0.005005 -0.011230 0.016479
0.016357 -0.309082 0.991577 0.011841 -0.028198 0.010620
0.024780 -0.312256 1.010498 0.000000 -0.034302 0.014404
0.026001 -0.306396 1.007080 -0.022095 -0.033936 0.023193
0.025391 -0.291626 1.003662 -0.026733 -0.034424 0.028809
0.023560 -0.285400 1.004272 -0.017822 -0.042114 0.023315
0.030151 -0.287476 1.008789 0.002075 -0.051147 0.014160
0.041382 -0.277954 1.018677 0.012817 -0.054932 0.004883
0.049683 -0.276855 1.025757 -0.007446 -0.049438 0.003296
0.063477 -0.267090 1.048340 -0.031006 -0.034424 0.006104
0.063232 -0.270508 1.043701 -0.051514 -0.012573 0.009644
0.051392 -0.275146 1.033325 -0.069092 0.006104 0.013306
0.038208 -0.298462 1.023926 -0.076294 0.013306 0.013550
0.030151 -0.309814 1.020386 -0.061157 0.010498 0.010986
0.026367 -0.308960 1.015259 -0.047363 0.003784 0.008423
0.027466 -0.313110 1.015259 -0.040527 -0.006226 0.009033
0.043091 -0.293091 1.030396 -0.023071 -0.012329 0.007568
0.042603 -0.291626 1.031982 -0.016357 -0.012085 0.000732
0.038696 -0.288452 1.020508 -0.008911 -0.011963 -0.007690
0.041382 -0.278320 1.018677 -0.000610 -0.017090 -0.015503
0.045044 -0.281738 1.029663 0.013184 -0.014526 -0.018555
0.041504 -0.291504 1.023438 0.007690 -0.008057 -0.020386
