0.013550 -0.437134 1.024292 -0.212769 -0.086670 -0.031128
0.029419 -0.453735 1.045776 -0.161133 -0.086426 -0.065063
0.024048 -0.464478 1.030151 -0.093994 -0.080444 -0.099976
0.023071 -0.461304 1.031006 -0.053467 -0.077515 -0.114258
0.021973 -0.449585 1.009399 -0.037598 -0.066040 -0.111206
0.018799 -0.458374 0.996826 -0.025635 -0.051880 -0.103516
0.014893 -0.467529 0.993896 -0.009521 -0.035034 -0.088257
0.001099 -0.484375 0.980347 0.001465 -0.013184 -0.067749
0.015137 -0.457397 0.995361 0.000000 -0.015503 -0.054688
0.019775 -0.465820 1.005127 0.012817 -0.014648 -0.054565
0.022827 -0.453857 1.001587 0.028687 -0.016846 -0.057495
0.019409 -0.446167 0.994141 0.023560 -0.017212 -0.056396
0.018311 -0.447998 0.988403 0.013184 -0.017090 -0.048950
0.008545 -0.437500 0.975342 0.013428 -0.016968 -0.038574
0.009399 -0.426880 0.968750 0.015015 -0.021729 -0.036011
0.010376 -0.418823 0.972656 0.013794 -0.027832 -0.038696
0.014771 -0.408203 0.971313 0.017944 -0.027832 -0.034302
0.013672 -0.404907 0.965210 0.010010 -0.026245 -0.025757
0.014893 -0.391357 0.961426 0.007690 -0.028442 -0.025513
0.023804 -0.388062 0.971802 0.014893 -0.033081 -0.028931
0.015503 -0.380493 0.954712 0.024048 -0.028076 -0.032715
0.006104 -0.383545 0.954590 0.022705 -0.021118 -0.033936
0.013062 -0.386597 0.969849 0.021118 -0.019165 -0.026001
0.021484 -0.381348 0.974243 0.024902 -0.015869 -0.018066
0.023682 -0.378784 0.970947 0.026611 -0.018799 -0.012573
0.034058 -0.370361 0.970215 0.025635 -0.023438 -0.011108
0.038940 -0.359619 0.975830 0.025391 -0.024536 -0.018799
0.032227 -0.368042 0.967896 0.016846 -0.023560 -0.028809
0.026611 -0.362305 0.962158 0.005615 -0.025391 -0.034912
0.018921 -0.371948 0.947388 0.002441 -0.028320 -0.033813
0.025391 -0.359497 0.950562 0.000854 -0.036987 -0.036377
0.027588 -0.368164 0.953369 -0.012573 -0.039063 -0.037598
0.031616 -0.382568 0.964111 -0.012329 -0.040894 -0.043579
0.035034 -0.398560 0.981812 -0.015747 -0.039429 -0.047485
0.035278 -0.407715 0.989502 -0.023560 -0.028564 -0.046509
0.019653 -0.419800 0.970947 -0.031006 -0.015137 -0.038574
0.003174 -0.423340 0.952881 -0.020752 -0.013428 -0.030640
0.010254 -0.414307 0.951782 -0.016113 -0.026245 -0.025757
0.016724 -0.405151 0.954712 -0.018311 -0.033813 -0.020386
0.023926 -0.405029 0.969604 -0.014404 -0.033813 -0.019409
0.027222 -0.413696 0.976563 -0.015503 -0.032227 -0.022217
0.022827 -0.408203 0.963379 -0.012207 -0.028320 -0.022583
0.026123 -0.413940 0.967041 -0.010010 -0.027710 -0.018066
0.022827 -0.423462 0.970947 -0.016724 -0.025391 -0.013428
0.012695 -0.422363 0.961670 -0.020630 -0.020264 -0.007080
0.000977 -0.427490 0.950684 -0.030396 -0.019165 -0.001953
-0.005005 -0.442505 0.942261 -0.026367 -0.028809 -0.000244
0.001343 -0.431396 0.947021 -0.014893 -0.046509 -0.002686
0.003052 -0.435913 0.956787 -0.014404 -0.056641 0.000000
0.016968 -0.437622 0.969360 -0.006470 -0.066406 0.006104
0.029419 -0.435181 0.978760 -0.007080 -0.067627 0.013428
0.019653 -0.447510 0.966431 -0.011353 -0.062866 0.020020
0.023071 -0.452026 0.976074 0.003540 -0.064209 0.017944
0.026611 -0.455688 0.986450 0.010742 -0.066650 0.020630
0.025635 -0.450073 0.977417 0.012085 -0.065186 0.028442
0.030273 -0.447021 0.976196 0.006348 -0.062256 0.036865
0.027100 -0.435303 0.961670 -0.000977 -0.057495 0.046997
0.019043 -0.420288 0.937866 -0.005615 -0.060547 0.055176
0.016113 -0.426270 0.932373 0.005615 -0.078979 0.054810
0.035156 -0.416504 0.955200 0.027710 -0.105347 0.044189
0.048828 -0.415283 0.972778 0.039551 -0.117554 0.040161
0.061279 -0.399780 0.971313 0.031494 -0.113770 0.040771
0.059570 -0.378296 0.963989 0.013916 -0.101440 0.046997
0.060059 -0.371582 0.963623 -0.008301 -0.092041 0.055908
0.059692 -0.360474 0.954834 -0.022461 -0.094238 0.056030
0.057007 -0.351196 0.946289 -0.012085 -0.103271 0.045532
0.050171 -0.348511 0.910645 0.006714 -0.114868 0.032349
0.059937 -0.314331 0.975830 0.036499 -0.133179 0.019409
0.060669 -0.336304 0.965454 0.008911 -0.133911 0.005371
0.071289 -0.333008 0.982178 0.003784 -0.131226 -0.006348
0.067505 -0.339111 0.983521 -0.001343 -0.115112 -0.003174
0.058594 -0.346924 0.980957 -0.008179 -0.099243 0.004883
0.050903 -0.356812 0.987061 -0.002930 -0.096802 0.013184
0.056641 -0.357422 0.999634 0.012573 -0.100464 0.011963
0.066895 -0.351929 1.019775 0.025635 -0.097778 0.015747
0.074341 -0.345459 1.036133 0.011597 -0.078491 0.028564
0.071533 -0.340454 1.035400 -0.024048 -0.048584 0.051025
0.064819 -0.338989 1.024658 -0.057739 -0.018677 0.075684
0.054321 -0.337158 1.008911 -0.068481 -0.002808 0.087036
0.056519 -0.329956 0.997559 -0.063965 -0.003662 0.084595
0.055176 -0.331665 1.006592 -0.050537 -0.010254 0.072876
0.049438 -0.341064 1.001953 -0.037964 -0.019165 0.058838
0.049561 -0.341675 1.012329 -0.027710 -0.037231 0.042725
0.052124 -0.337524 1.013306 -0.024048 -0.047607 0.035889
0.062012 -0.340210 1.022095 -0.031250 -0.043823 0.036987
0.065674 -0.342651 1.034546 -0.052002 -0.032715 0.041992
0.055542 -0.369751 1.038452 -0.066772 -0.014038 0.051880
0.051880 -0.382080 1.034668 -0.060181 0.001465 0.061523
0.040405 -0.375854 1.014160 -0.045166 0.012573 0.071533
0.039673 -0.369629 1.004639 -0.037720 0.016357 0.082886
0.043945 -0.353149 0.994629 -0.037842 0.012695 0.089844
0.045410 -0.346802 0.993896 -0.031372 0.007813 0.088135
0.054321 -0.340210 1.005249 -0.020630 0.003052 0.079956
0.055664 -0.340454 1.009766 -0.052368 0.002563 0.071533
0.049194 -0.355957 0.994995 -0.101074 0.010742 0.070313
0.042236 -0.344604 0.989868 -0.065796 0.021729 0.067383
0.029663 -0.354492 0.971558 -0.078857 0.021118 0.065552
0.031982 -0.354492 0.976196 -0.083618 0.012451 0.057617
0.030884 -0.372314 0.981323 -0.076904 0.003174 0.055664
0.022217 -0.375122 0.981934 -0.065430 0.000488 0.061890
0.021118 -0.388916 0.965942 -0.027588 0.001465 0.076904
0.034180 -0.354614 0.972046 0.012939 -0.004761 0.079468
0.044434 -0.343262 0.982666 0.018555 -0.006348 0.089844
0.044678 -0.339966 0.985229 0.011230 0.000977 0.097534
0.046021 -0.335083 0.989380 0.009644 0.002197 0.096924
0.042236 -0.348022 0.988281 0.002441 0.001221 0.093872
0.038208 -0.358276 0.994385 -0.009644 -0.005249 0.088623
0.037231 -0.356079 0.986328 -0.013916 -0.014404 0.083008
0.035645 -0.352051 0.987915 -0.013306 -0.023315 0.077515
0.046387 -0.344482 0.993408 -0.015747 -0.030518 0.068359
0.059570 -0.330200 1.005981 -0.030151 -0.026001 0.063965
0.057861 -0.333862 1.004761 -0.054932 -0.008789 0.063477
0.043457 -0.343872 0.984131 -0.079224 0.001587 0.062622
0.005859 -0.408081 0.887329 -0.079712 -0.002075 0.068848
0.046631 -0.323730 1.025024 -0.024414 -0.030151 0.063599
0.030884 -0.370850 0.982910 -0.084595 -0.009521 0.065063
0.045410 -0.348267 0.977417 -0.073730 -0.007568 0.059326
0.039673 -0.335815 0.989746 -0.050781 -0.015869 0.057861
0.045166 -0.332764 0.973022 -0.050415 -0.016724 0.049072
0.041504 -0.338501 0.974854 -0.046875 -0.020630 0.041138
0.037109 -0.350708 0.984253 -0.035767 -0.023682 0.036377
0.042358 -0.336548 1.015381 -0.022217 -0.026001 0.030762
0.041870 -0.352173 1.012085 -0.022095 -0.016113 0.037964
0.038208 -0.356445 1.011353 -0.036255 -0.004761 0.046021
0.039063 -0.346069 1.014282 -0.063354 0.008789 0.059082
0.027466 -0.358154 0.983765 -0.099609 0.026245 0.076050
0.014282 -0.364380 0.969116 -0.118042 0.033325 0.078491
0.003296 -0.374878 0.955811 -0.121216 0.024048 0.073730
-0.002441 -0.372314 0.948730 -0.116455 0.003540 0.062622
0.004761 -0.383057 0.949219 -0.073120 -0.033447 0.031372
0.006226 -0.348511 0.961304 -0.013672 -0.066895 0.014282
-0.005859 -0.347534 0.942505 -0.014282 -0.085205 -0.004761
0.005859 -0.378662 0.950073 -0.001099 -0.106323 -0.023560
0.002808 -0.392700 0.954834 0.027100 -0.095215 -0.013672
0.016479 -0.354980 0.959717 0.037476 -0.084229 0.003174
0.018311 -0.352783 0.967407 0.027222 -0.068359 0.023315
0.022583 -0.333984 0.957886 0.013916 -0.053467 0.038940
0.010986 -0.366333 0.944214 0.005615 -0.047729 0.051025
0.024536 -0.352783 0.973267 0.008057 -0.062134 0.044434
0.031250 -0.355225 0.982666 0.012817 -0.072998 0.035400
0.044067 -0.356567 1.005371 0.029297 -0.077759 0.026611
0.041748 -0.365356 1.016357 0.023926 -0.076660 0.022217
0.045776 -0.371216 1.019409 0.013306 -0.070190 0.024780
0.048828 -0.370483 1.014648 -0.003540 -0.060791 0.031128
0.053223 -0.338745 1.009644 -0.008789 -0.053955 0.036865
0.065063 -0.340576 1.010864 -0.008667 -0.037598 0.046143
0.062256 -0.330322 1.012695 -0.023560 -0.015259 0.050049
0.039673 -0.355957 0.992798 -0.043579 0.003540 0.054688
0.031982 -0.355103 0.975830 -0.049805 0.002075 0.048828
0.027344 -0.355591 0.970581 -0.041992 -0.010376 0.038452
