0.022461 -0.328125 0.982422 -0.023193 -0.009155 -0.035278
0.024658 -0.323364 0.993652 -0.025879 -0.009277 -0.036621
0.019897 -0.330811 0.989136 -0.029297 -0.009155 -0.036255
0.022705 -0.330811 0.996094 -0.029541 -0.013184 -0.036865
0.029663 -0.335815 1.016113 -0.027954 -0.017578 -0.036377
0.035156 -0.336792 1.020996 -0.031250 -0.013672 -0.030762
0.031738 -0.329834 1.014648 -0.032471 -0.005005 -0.020142
0.026367 -0.330811 0.997559 -0.038696 0.000122 -0.013062
0.019897 -0.327637 0.987915 -0.038452 -0.004517 -0.012573
0.016602 -0.324951 0.987793 -0.032959 -0.010620 -0.013672
0.023804 -0.313843 0.983032 -0.026245 -0.017700 -0.015991
0.034058 -0.304321 0.991821 -0.012085 -0.024292 -0.019775
0.044434 -0.303467 1.006226 -0.007568 -0.027222 -0.025879
0.055298 -0.307617 1.025513 -0.011475 -0.020874 -0.025757
0.049072 -0.314209 1.024048 -0.033325 -0.005859 -0.023315
0.045654 -0.325684 1.014648 -0.050049 0.005493 -0.020996
0.034302 -0.341431 1.014404 -0.064331 0.008789 -0.021729
0.021729 -0.350220 1.006592 -0.063843 0.011108 -0.020508
0.006958 -0.357422 0.990723 -0.041870 0.005371 -0.023438
0.003174 -0.367920 0.991333 -0.016724 -0.012939 -0.025024
0.019653 -0.374268 1.018311 0.004272 -0.035767 -0.023438
0.035278 -0.348511 1.029297 0.012207 -0.046387 -0.016724
0.054688 -0.330933 1.034180 0.008301 -0.042480 -0.005371
0.063843 -0.311279 1.038208 0.001343 -0.036499 -0.000244
0.065063 -0.304810 1.026611 -0.010498 -0.026001 -0.003540
0.060669 -0.304932 1.017334 -0.020020 -0.015625 -0.010254
0.046143 -0.316528 1.001221 -0.020264 -0.006714 -0.017334
0.036011 -0.316162 0.976563 -0.022095 -0.005615 -0.022339
0.033569 -0.324585 0.973633 -0.013428 -0.010498 -0.021484
0.044800 -0.322998 0.978760 -0.009399 -0.019409 -0.022339
0.043945 -0.324585 0.971802 -0.018311 -0.020142 -0.018799
0.036255 -0.332886 0.962646 -0.032104 -0.020996 -0.015015
0.030518 -0.342407 0.953491 -0.037964 -0.026978 -0.019775
0.033081 -0.352173 0.954956 -0.026733 -0.036011 -0.024048
0.036255 -0.363037 0.960327 -0.026367 -0.036865 -0.026001
0.040527 -0.380493 0.967041 -0.029907 -0.028076 -0.025757
0.034424 -0.408936 0.974487 -0.044922 -0.017944 -0.026978
0.026611 -0.444946 0.983765 -0.059692 -0.010010 -0.026367
0.022461 -0.466553 0.983032 -0.066040 -0.007446 -0.024414
0.016846 -0.484131 0.982178 -0.069458 -0.008911 -0.021973
0.020264 -0.503296 0.981445 -0.055664 -0.014038 -0.027100
0.036133 -0.467285 0.996216 -0.018311 -0.026855 -0.045776
0.049316 -0.471191 1.005371 0.011353 -0.030396 -0.051392
0.074707 -0.442017 1.030029 0.018677 -0.021851 -0.059937
0.067993 -0.422607 1.011353 -0.003418 -0.004028 -0.072021
0.049683 -0.427734 0.986206 -0.029663 0.004395 -0.076050
0.043579 -0.433228 0.984253 -0.034546 0.011230 -0.078735
0.031616 -0.455688 0.978027 -0.069580 0.013428 -0.054199
0.028809 -0.440430 0.981934 -0.064209 0.028931 -0.024292
0.010498 -0.449097 0.954468 -0.055054 0.036743 0.006348
0.017212 -0.409912 0.947266 -0.045166 0.022217 0.023682
0.019043 -0.398682 0.925415 -0.032959 0.000244 0.038452
0.027222 -0.343018 0.942017 -0.006714 -0.019653 0.046631
0.036011 -0.329224 0.943359 -0.002808 -0.028442 0.060547
0.044922 -0.315918 0.944458 -0.009399 -0.032349 0.062134
0.056641 -0.301270 0.932007 -0.001343 -0.039185 0.052002
0.043091 -0.294800 0.956177 0.010010 -0.044434 0.046753
0.042847 -0.291382 0.931274 -0.019653 -0.041870 0.047852
0.034180 -0.295776 0.928833 -0.065552 -0.041016 0.058472
0.035889 -0.294189 0.931885 -0.096680 -0.042480 0.070679
0.036255 -0.307983 0.944458 -0.117188 -0.042358 0.075195
0.023071 -0.321289 0.950562 -0.121704 -0.046753 0.070190
0.019409 -0.328491 0.951050 -0.105347 -0.060669 0.062988
0.030884 -0.318604 0.967773 -0.073730 -0.083984 0.054443
0.042603 -0.293579 0.981323 -0.041260 -0.102417 0.040161
0.053833 -0.302002 1.014893 -0.026489 -0.107422 0.031128
0.070068 -0.311035 1.035522 -0.034790 -0.104736 0.046631
0.098267 -0.286621 1.064209 -0.035156 -0.085205 0.059204
0.103638 -0.282227 1.070068 -0.044556 -0.056274 0.067993
0.110718 -0.266235 1.063477 -0.049927 -0.026489 0.067383
0.123047 -0.258423 1.075562 -0.060181 0.002197 0.059814
0.118652 -0.253784 1.063843 -0.074951 0.030762 0.039551
0.075562 -0.292603 1.042603 -0.085083 0.048706 0.019287
0.059326 -0.339355 1.040283 -0.081787 0.053589 0.013062
0.058960 -0.334106 1.032715 -0.058105 0.051880 0.010254
0.050049 -0.328979 1.014282 -0.036255 0.047852 0.005859
0.037476 -0.341064 0.988281 -0.029907 0.041016 0.000366
0.020142 -0.338989 0.987793 -0.018433 0.033081 -0.009277
0.012085 -0.337280 0.972412 -0.021240 0.017944 -0.005859
0.005493 -0.334839 0.966797 -0.040039 0.006592 0.002441
-0.001953 -0.324463 0.964722 -0.034912 -0.002075 0.002319
0.007446 -0.333374 0.979614 -0.016724 -0.017090 0.008545
0.026367 -0.324707 1.009155 -0.013062 -0.024902 0.002319
0.034180 -0.330078 1.026855 -0.023560 -0.018799 0.002686
0.022705 -0.338867 1.015015 -0.025391 -0.009399 0.008057
0.011963 -0.344971 1.005981 -0.011841 -0.006470 0.008667
0.014038 -0.350952 1.007568 -0.002319 -0.014893 0.006836
0.024536 -0.344116 1.032715 0.008179 -0.018799 0.005615
0.031738 -0.332764 1.032959 0.008301 -0.012207 0.004150
0.027466 -0.327637 1.023560 -0.004272 -0.001587 0.005981
0.011963 -0.336060 1.003662 -0.015991 0.004761 0.011597
-0.001709 -0.348999 0.993164 -0.010376 0.000244 0.016602
-0.014771 -0.351685 0.966064 0.004761 -0.010254 0.025269
0.001099 -0.326904 0.967896 0.019043 -0.026367 0.033203
0.029297 -0.304321 0.982422 0.024414 -0.033447 0.032227
0.030640 -0.300415 0.985962 0.016357 -0.023682 0.024170
0.024780 -0.305298 0.975220 0.012329 -0.010742 0.019409
0.024780 -0.303345 0.964966 0.001587 -0.010864 0.012939
0.026489 -0.293579 0.954102 -0.005249 -0.016602 0.003418
0.030640 -0.301636 0.977051 0.007690 -0.019531 -0.012085
0.031494 -0.316162 0.993652 -0.030151 -0.018311 -0.018677
0.015991 -0.349365 0.980591 -0.059204 -0.006714 -0.011719
-0.003296 -0.350464 1.008057 -0.068237 -0.002563 0.010132
-0.011841 -0.365356 0.982178 -0.066895 -0.002075 0.028809
-0.026489 -0.376465 0.971924 -0.052246 -0.025146 0.033081
-0.015991 -0.368896 0.988403 -0.006470 -0.056152 0.035889
0.002563 -0.352417 1.000122 0.055908 -0.078979 0.035522
0.017944 -0.324829 1.005981 0.071289 -0.093628 0.040039
0.036133 -0.298340 1.014648 0.068604 -0.092041 0.045532
0.054565 -0.284546 1.024902 0.055298 -0.085571 0.049927
0.058594 -0.279541 1.027954 0.032715 -0.074707 0.044434
0.051025 -0.294312 1.024902 0.032104 -0.064087 0.030273
0.051392 -0.297607 1.021362 0.040649 -0.056519 0.020508
0.038086 -0.308472 1.011963 0.033936 -0.046997 0.017944
0.037964 -0.306152 1.006470 0.027832 -0.042114 0.018433
0.030029 -0.313721 0.988892 0.023682 -0.041016 0.024536
0.026611 -0.323486 0.999268 0.029785 -0.048218 0.027954
0.042358 -0.316406 1.011108 0.042847 -0.053589 0.030762
0.044678 -0.307739 1.020264 0.036255 -0.050659 0.032593
0.049927 -0.301758 1.023315 0.029419 -0.045410 0.031616
0.042114 -0.306152 1.023071 0.034058 -0.036377 0.029663
0.041260 -0.306274 1.014160 0.046265 -0.033203 0.027100
0.045044 -0.308838 1.014771 0.060181 -0.035889 0.028687
0.059448 -0.289795 1.024048 0.063721 -0.033569 0.030396
0.054932 -0.282593 1.016113 0.038818 -0.021240 0.033936
0.042969 -0.295288 1.002930 0.016846 -0.008545 0.037842
0.020508 -0.308594 0.979126 0.016357 -0.005981 0.041748
0.011475 -0.308716 0.969849 0.027954 -0.018311 0.041504
0.023804 -0.298096 0.981689 0.041260 -0.035156 0.043701
0.031738 -0.282227 0.993164 0.034424 -0.041870 0.049438
0.043579 -0.280518 1.000244 0.016724 -0.034790 0.053223
0.040161 -0.285156 0.999268 -0.000977 -0.021240 0.050903
0.034790 -0.281372 0.986328 -0.012817 -0.010376 0.039185
0.017334 -0.290894 0.965332 -0.010864 -0.005493 0.028809
0.015015 -0.300781 0.978638 0.002075 -0.013672 0.015503
0.010742 -0.314453 0.994995 0.020142 -0.022339 0.007568
0.020996 -0.303101 1.009399 0.026855 -0.029663 0.010498
0.026245 -0.296265 1.007690 0.018921 -0.027710 0.021606
0.030396 -0.288330 1.001831 0.008667 -0.027100 0.026978
0.027588 -0.289429 1.007080 0.002808 -0.029663 0.027466
0.029541 -0.288330 0.997314 0.001221 -0.032837 0.031006
0.035767 -0.277466 1.007202 -0.000854 -0.035889 0.028198
0.046143 -0.263184 1.011353 -0.001709 -0.031494 0.028076
0.038452 -0.264771 0.990601 -0.006592 -0.014160 0.032227
0.055176 -0.248657 1.009766 -0.023193 -0.001953 0.031372
0.052246 -0.262939 1.007568 -0.051392 0.019043 0.043457
0.050293 -0.259644 1.009766 -0.074219 0.034546 0.038330
0.047485 -0.269775 1.009644 -0.083618 0.043579 0.025757
0.047119 -0.285156 1.033447 -0.100342 0.047241 0.013428
0.034424 -0.296997 1.034546 -0.101685 0.056885 0.008911
