0.005005 -0.336548 1.023071 -0.077271 0.002441 -0.005005
-0.002808 -0.326172 1.009033 -0.080811 0.011719 -0.001221
-0.014404 -0.326904 0.989380 -0.086548 0.015015 0.002808
-0.029419 -0.331543 0.974243 -0.066528 0.001465 -0.004150
-0.021118 -0.331299 0.980957 -0.023804 -0.026123 -0.015991
-0.003174 -0.319458 0.997803 0.001221 -0.048096 -0.025635
0.015747 -0.308594 1.025757 0.004517 -0.048096 -0.027344
0.019165 -0.290649 1.027344 -0.023193 -0.025879 -0.019653
0.005249 -0.307617 1.018799 -0.060547 0.000366 -0.012573
-0.011597 -0.318481 1.008545 -0.083496 0.014038 -0.010376
-0.031250 -0.333496 0.989624 -0.085327 0.018066 -0.005371
-0.031494 -0.344238 0.994873 -0.061646 0.010132 -0.002075
-0.019775 -0.335815 1.015869 -0.043945 -0.004639 -0.005005
-0.003296 -0.325562 1.024048 -0.032227 -0.014526 -0.012939
0.009399 -0.321777 1.038940 -0.005981 -0.018555 -0.027954
0.012329 -0.312622 1.032349 0.006958 -0.013794 -0.039429
0.003906 -0.316895 1.005249 0.006348 0.004517 -0.039307
-0.012695 -0.338745 1.003052 -0.019287 0.018433 -0.034302
-0.027954 -0.344971 0.981079 -0.020752 0.025513 -0.019531
-0.029053 -0.335571 0.964478 -0.010132 0.016602 -0.008667
-0.017822 -0.322388 0.970703 -0.008667 -0.006104 -0.013306
-0.010254 -0.317871 0.984741 0.005127 -0.020996 -0.022095
-0.013916 -0.322388 0.970459 0.005737 -0.027466 -0.033691
-0.015869 -0.336426 0.977783 0.011108 -0.032593 -0.038818
-0.019531 -0.326782 0.979370 0.008545 -0.032715 -0.034912
-0.024536 -0.336792 0.973145 -0.004639 -0.029053 -0.026245
-0.019897 -0.337524 0.967773 -0.014160 -0.031006 -0.022705
-0.022339 -0.345093 0.967041 -0.020386 -0.037231 -0.024902
-0.016357 -0.346313 0.971924 -0.017944 -0.047729 -0.026489
-0.013916 -0.351685 0.978149 -0.014160 -0.055664 -0.026978
-0.009888 -0.346924 0.978027 -0.005371 -0.063477 -0.030518
-0.002930 -0.367188 0.981445 -0.007935 -0.072754 -0.037964
0.003906 -0.383545 1.010376 -0.003296 -0.076904 -0.045410
-0.001953 -0.415405 1.012817 -0.005859 -0.065063 -0.039673
-0.023193 -0.452026 1.002808 -0.019165 -0.053711 -0.029297
-0.031616 -0.458496 0.999756 -0.019531 -0.047974 -0.014893
-0.042358 -0.479858 0.987305 -0.028320 -0.043579 0.009888
-0.038086 -0.476074 0.981567 -0.035645 -0.052124 0.029663
-0.024902 -0.461426 0.991821 -0.036133 -0.063110 0.043823
-0.013428 -0.435181 0.990845 -0.028442 -0.070557 0.055786
-0.002808 -0.421265 0.979980 -0.010742 -0.077759 0.060425
0.003296 -0.404785 0.972656 0.014282 -0.093140 0.051025
0.018311 -0.369141 0.958862 0.040771 -0.104614 0.031616
0.012329 -0.367188 0.949829 0.057739 -0.112061 0.024048
0.023315 -0.360840 0.949951 0.065918 -0.120239 0.014160
0.026245 -0.347656 0.953735 0.060791 -0.125610 0.013916
0.028564 -0.350830 0.983398 0.037720 -0.116577 0.023438
0.027344 -0.358887 0.981323 -0.003296 -0.097290 0.039185
0.021606 -0.368408 0.972778 -0.027344 -0.083984 0.051636
0.011108 -0.378906 0.968262 -0.030151 -0.078125 0.055420
0.011475 -0.378662 0.975220 -0.029419 -0.081299 0.055420
0.005737 -0.380127 0.966919 -0.044312 -0.087891 0.061157
0.016113 -0.374512 0.982056 -0.028320 -0.086426 0.070190
0.043335 -0.349487 1.010742 -0.022461 -0.088379 0.078735
0.041992 -0.357666 1.000977 -0.035645 -0.080566 0.082642
0.052368 -0.344849 1.010986 -0.033936 -0.073853 0.086060
0.064697 -0.332031 1.010986 -0.039429 -0.063599 0.090332
0.073486 -0.317139 1.015747 -0.058472 -0.045776 0.093384
0.073853 -0.312378 1.007935 -0.081787 -0.024536 0.091675
0.058350 -0.329224 0.992188 -0.099487 -0.002441 0.086914
0.042969 -0.321777 0.974609 -0.118042 0.008789 0.080444
0.028076 -0.325928 0.953003 -0.139404 0.007568 0.065552
0.024292 -0.325806 0.962402 -0.173096 0.002930 0.058228
0.001343 -0.361328 0.958618 -0.205444 0.019775 0.078125
-0.006836 -0.376343 0.952393 -0.157471 0.031372 0.100220
-0.016602 -0.369385 0.931274 -0.113892 0.030151 0.114746
-0.018555 -0.363647 0.925415 -0.082397 0.010498 0.126587
0.006470 -0.311279 0.965698 -0.022949 -0.023682 0.123047
0.024902 -0.316284 0.994019 -0.006104 -0.042603 0.115356
0.033936 -0.307495 1.004883 -0.005493 -0.046753 0.105225
0.032837 -0.299561 1.024536 0.003052 -0.037109 0.101196
0.032349 -0.292358 1.029663 -0.018311 -0.016724 0.099121
0.012573 -0.308472 1.021729 -0.050903 0.006470 0.097656
0.005859 -0.306885 1.017944 -0.065552 0.014160 0.088257
-0.009155 -0.324829 1.009644 -0.080811 0.015503 0.074585
-0.017700 -0.332031 1.001831 -0.073853 0.004028 0.061890
-0.004395 -0.318604 1.015625 -0.059204 -0.011841 0.057739
0.004883 -0.312988 1.009521 -0.067383 -0.009644 0.065674
0.009155 -0.309326 1.010376 -0.084839 0.001465 0.074097
0.014038 -0.303955 1.012085 -0.105103 0.014282 0.080811
0.006714 -0.302002 0.998657 -0.128662 0.027954 0.083740
-0.000366 -0.305298 0.999146 -0.137939 0.033813 0.081665
-0.012329 -0.331055 0.981323 -0.127686 0.030762 0.077759
-0.027344 -0.350952 0.970093 -0.096680 0.019165 0.070068
-0.016357 -0.350708 1.011230 -0.068115 -0.003174 0.062134
-0.000122 -0.348755 1.047485 -0.079346 -0.016846 0.057007
0.007324 -0.352783 1.058960 -0.078735 -0.015381 0.060303
0.005249 -0.357178 1.064697 -0.062500 -0.003296 0.066162
0.000488 -0.350708 1.045898 -0.059082 0.004150 0.067749
-0.003784 -0.333008 1.020142 -0.041260 0.000854 0.062012
-0.000732 -0.311646 0.994751 -0.028076 -0.014038 0.044800
-0.011475 -0.317383 0.988403 -0.023193 -0.021240 0.026245
0.006226 -0.317017 1.006226 0.031372 -0.024780 0.008789
0.012695 -0.317139 1.002686 0.023682 -0.022705 0.001953
0.013184 -0.323242 1.011719 0.004761 -0.011475 0.007324
0.005371 -0.322266 0.995483 -0.010742 -0.001221 0.010010
-0.012573 -0.328003 0.976929 -0.008911 -0.001587 0.006714
-0.013672 -0.332397 0.975342 0.009399 -0.010132 -0.001343
-0.025024 -0.344360 0.955078 0.019043 -0.017090 -0.009766
-0.019287 -0.330078 0.962891 0.036377 -0.030151 -0.016357
-0.018555 -0.332764 0.964355 0.034912 -0.038452 -0.015747
-0.020752 -0.333130 0.965454 0.031250 -0.050903 -0.014038
-0.022461 -0.354858 0.967896 0.035645 -0.066284 -0.008179
-0.000488 -0.326294 0.986694 0.043091 -0.082153 -0.002808
0.020630 -0.322266 1.007568 0.014648 -0.077393 0.012329
0.033203 -0.311157 1.020264 -0.020996 -0.049316 0.035400
0.018555 -0.312256 0.999512 -0.068115 -0.009521 0.054688
-0.015503 -0.328491 0.954102 -0.102905 0.012573 0.063599
-0.052612 -0.348755 0.916992 -0.099609 0.000366 0.059692
-0.060181 -0.353638 0.921631 -0.055786 -0.037476 0.051270
-0.058105 -0.339478 0.932251 -0.013794 -0.079834 0.041016
-0.047607 -0.327759 0.932251 0.048950 -0.115723 0.026367
-0.018921 -0.321655 0.985840 0.094727 -0.158447 0.007446
-0.005371 -0.341187 1.030762 0.093994 -0.178101 -0.005493
0.015991 -0.334839 1.057983 0.078003 -0.172119 -0.000244
0.026611 -0.328979 1.077515 0.057373 -0.145142 0.012329
0.033203 -0.313477 1.082397 0.034790 -0.109131 0.024658
0.026367 -0.310181 1.070923 0.002197 -0.077637 0.034790
0.004883 -0.333252 1.045654 0.000732 -0.055664 0.039795
-0.003418 -0.330444 1.033569 0.016968 -0.054321 0.032715
-0.002075 -0.331055 1.031128 0.026855 -0.060425 0.025391
0.005737 -0.326416 1.032227 0.032227 -0.065186 0.022583
0.011475 -0.308594 1.025635 0.041382 -0.061890 0.026001
0.012817 -0.308594 1.017944 0.041016 -0.058716 0.031982
0.015259 -0.312256 1.015259 0.048950 -0.057373 0.027466
0.014893 -0.311646 1.011475 0.061890 -0.057861 0.016357
0.020630 -0.327271 0.999512 0.068237 -0.055420 0.010742
0.022949 -0.307861 1.025513 0.075439 -0.052734 0.017822
0.025635 -0.291138 1.008301 0.035400 -0.033569 0.032349
0.025513 -0.277954 0.981201 -0.014404 -0.016479 0.042969
0.018677 -0.279419 0.942749 -0.042603 -0.012329 0.050171
-0.006836 -0.280762 0.931641 -0.036621 -0.027100 0.040649
-0.039307 -0.301392 0.885498 -0.009277 -0.067261 0.011353
-0.013306 -0.277588 0.909668 0.065796 -0.151489 -0.055908
0.005737 -0.280884 0.933350 0.140747 -0.200806 -0.092285
0.022949 -0.306396 0.983398 0.168091 -0.242310 -0.112549
0.073975 -0.303223 1.075562 0.142822 -0.255127 -0.105591
0.100586 -0.297363 1.112671 0.078857 -0.203857 -0.065796
0.093628 -0.299927 1.113403 0.003906 -0.118652 -0.012573
0.073853 -0.294678 1.075928 -0.052979 -0.046997 0.027710
0.055542 -0.288696 1.046143 -0.076050 -0.008667 0.040894
0.041870 -0.289551 1.025269 -0.053711 -0.001099 0.025024
0.031982 -0.279663 1.011475 -0.012939 -0.009766 -0.003906
0.031006 -0.279175 0.995483 0.023926 -0.020752 -0.023560
0.029907 -0.288330 0.994751 0.026611 -0.036499 -0.036743
0.041138 -0.282471 1.024536 0.014038 -0.046143 -0.042847
0.044067 -0.295166 1.033569 0.008179 -0.033936 -0.031982
0.040283 -0.296021 1.034180 -0.011841 -0.012939 -0.014526
0.034058 -0.292603 1.018188 -0.026611 0.008545 0.010620
0.023315 -0.283447 0.989868 -0.024780 0.023560 0.032227
