0.018677 -0.344116 0.980347 -0.052368 -0.012085 -0.019165
0.015869 -0.350586 0.982544 -0.055786 -0.017456 -0.016113
0.016357 -0.351563 0.982788 -0.050171 -0.025024 -0.010132
0.031860 -0.339478 0.991089 -0.043945 -0.037354 -0.011719
0.038330 -0.334106 1.005859 -0.039917 -0.044800 -0.016113
0.052734 -0.334229 1.020264 -0.037842 -0.045288 -0.018921
0.060181 -0.326050 1.018066 -0.045898 -0.036743 -0.021118
0.046997 -0.320435 1.006104 -0.062622 -0.026611 -0.020996
0.034668 -0.336670 0.992432 -0.067871 -0.024902 -0.020142
0.035400 -0.342896 0.985107 -0.061035 -0.035156 -0.021606
0.042603 -0.331665 0.989136 -0.044556 -0.047607 -0.024170
0.051147 -0.339966 1.000732 -0.024902 -0.054077 -0.024048
0.060669 -0.344604 1.016846 -0.013428 -0.054932 -0.028687
0.072876 -0.337280 1.025391 -0.016724 -0.045410 -0.032837
0.065674 -0.343140 1.015137 -0.028931 -0.029175 -0.033203
0.048218 -0.353516 0.978760 -0.040649 -0.017090 -0.034790
0.039673 -0.361938 0.973633 -0.047485 -0.014893 -0.034790
0.037720 -0.364868 0.970215 -0.049805 -0.018799 -0.033203
0.036621 -0.367065 0.963989 -0.044189 -0.022827 -0.031616
0.033447 -0.378296 0.967773 -0.041870 -0.028320 -0.025879
0.034302 -0.390137 0.975342 -0.047852 -0.032959 -0.022095
0.036499 -0.390869 0.971191 -0.050171 -0.038330 -0.019287
0.038452 -0.390747 0.968628 -0.043945 -0.043701 -0.019165
0.041870 -0.400635 0.969360 -0.024658 -0.052124 -0.025024
0.041626 -0.411743 0.971313 -0.016724 -0.061279 -0.032227
0.047729 -0.421265 0.982422 -0.011230 -0.064331 -0.036377
0.043457 -0.438843 0.993042 -0.025757 -0.060059 -0.034302
0.019409 -0.489258 0.986328 -0.052368 -0.048950 -0.023193
-0.009277 -0.515381 0.969360 -0.080688 -0.046387 -0.009521
-0.008179 -0.473511 0.958130 -0.067871 -0.061279 0.004395
0.007202 -0.467041 0.943604 -0.047485 -0.078857 0.041626
0.025024 -0.446411 0.947876 -0.036255 -0.096802 0.048462
0.051147 -0.411499 0.980713 -0.044434 -0.121582 0.039673
0.066406 -0.417236 0.991089 -0.007324 -0.135132 0.038940
0.089355 -0.370117 0.990601 0.072021 -0.133545 0.028931
0.099487 -0.349976 0.996460 0.058472 -0.133057 0.021362
0.124634 -0.344116 1.007080 0.032471 -0.125366 0.017700
0.117554 -0.356934 1.008179 -0.031860 -0.095215 0.015991
0.111572 -0.384155 1.015015 -0.096558 -0.067383 0.018188
0.099121 -0.410889 1.020874 -0.115112 -0.046021 0.024536
0.074097 -0.438354 0.993164 -0.108276 -0.022827 0.034058
0.046387 -0.432983 0.970581 -0.097534 -0.019409 0.040283
0.040161 -0.436157 0.930908 -0.074585 -0.042114 0.038208
0.043945 -0.432129 0.963379 -0.039673 -0.065552 0.029663
0.046997 -0.449463 0.967285 -0.014404 -0.074707 0.044678
0.064087 -0.418213 0.979858 0.004639 -0.077759 0.062012
0.080444 -0.387695 0.979980 -0.000366 -0.077271 0.078735
0.096191 -0.360840 0.983032 -0.006714 -0.067993 0.075439
0.091431 -0.362305 0.981323 -0.028931 -0.060791 0.067505
0.087036 -0.374023 0.988525 -0.030396 -0.044678 0.065430
0.079956 -0.380127 0.982300 -0.042969 -0.027344 0.071533
0.068359 -0.379639 0.969727 -0.059814 -0.014160 0.079468
0.069702 -0.373291 0.977905 -0.061646 -0.019165 0.079712
0.059448 -0.390381 0.980713 -0.061035 -0.028198 0.069092
0.050903 -0.392212 0.973511 -0.043823 -0.036743 0.062744
0.041626 -0.395508 0.965454 -0.016113 -0.042480 0.070313
0.050537 -0.379883 0.978516 0.001465 -0.044434 0.089844
0.071533 -0.336670 0.982300 -0.008301 -0.035156 0.106079
0.070435 -0.322510 0.968262 -0.035400 -0.015137 0.110229
0.062622 -0.320313 0.960449 -0.060791 -0.004028 0.104370
0.062988 -0.330566 0.961670 -0.093018 -0.006714 0.104370
0.081909 -0.323608 0.977539 -0.101685 -0.009644 0.104248
0.080566 -0.322388 0.981079 -0.129883 0.005249 0.099487
0.076782 -0.324097 0.959961 -0.135132 0.011475 0.097046
0.066650 -0.328369 0.966919 -0.123535 0.007568 0.087158
0.055786 -0.332397 0.968506 -0.105347 0.004395 0.074707
0.034058 -0.353394 0.959595 -0.088623 -0.008789 0.061890
0.024292 -0.368896 0.959106 -0.063110 -0.028198 0.045044
0.045898 -0.364380 1.000366 -0.031372 -0.050781 0.041870
0.058594 -0.359131 1.014893 -0.031616 -0.054199 0.053101
0.064453 -0.354248 1.028809 -0.039551 -0.043091 0.068359
0.062500 -0.354126 1.014282 -0.049805 -0.032471 0.086548
0.075439 -0.337280 1.017578 -0.057495 -0.016235 0.102051
0.084106 -0.325806 1.020508 -0.074341 0.005493 0.109253
0.071655 -0.339111 1.023193 -0.099976 0.030151 0.112183
0.067749 -0.339478 1.012695 -0.105469 0.044800 0.109375
0.051392 -0.352417 0.998535 -0.103027 0.046143 0.105103
0.048462 -0.345703 0.988525 -0.071655 0.037598 0.096313
0.051025 -0.330200 0.988403 -0.051636 0.027222 0.088013
0.059814 -0.326416 0.994019 -0.047241 0.027832 0.085571
0.054565 -0.330322 0.988281 -0.057495 0.038574 0.084473
0.044189 -0.344360 0.979858 -0.075562 0.046509 0.084717
0.035400 -0.350098 0.976074 -0.085449 0.042236 0.077881
0.028809 -0.360962 0.975952 -0.079834 0.032349 0.071289
0.032104 -0.362549 0.988403 -0.071411 0.021851 0.072266
0.027344 -0.360474 0.975342 -0.054321 0.018188 0.075562
0.027344 -0.338501 0.969360 -0.040039 0.013794 0.073975
0.020508 -0.343262 0.947266 -0.042603 0.009277 0.068481
0.015869 -0.329224 0.934326 -0.038086 -0.002808 0.054443
0.009155 -0.343384 0.927734 -0.032349 -0.017578 0.033569
0.004028 -0.353027 0.923096 -0.020630 -0.034424 0.007813
-0.009399 -0.387817 0.923340 -0.012451 -0.052002 -0.010254
-0.005737 -0.412231 0.946289 0.000977 -0.068115 -0.011719
0.006958 -0.404419 0.977051 0.004272 -0.069092 0.002808
0.022461 -0.394287 0.996338 -0.030151 -0.036987 0.052490
0.013550 -0.384766 0.958374 -0.099243 0.002686 0.098389
0.002441 -0.373169 0.924805 -0.126099 0.016968 0.120117
-0.003906 -0.388916 0.933472 -0.130737 -0.002075 0.118896
0.008179 -0.385742 0.945313 -0.108276 -0.030151 0.107910
0.017212 -0.379517 0.961060 -0.081787 -0.054565 0.088867
0.024414 -0.391846 0.969360 -0.050415 -0.082031 0.061523
0.043823 -0.392212 1.013062 0.002441 -0.110474 0.034058
0.046997 -0.408081 1.026489 0.030273 -0.120728 0.020508
0.048584 -0.406982 1.024780 0.052246 -0.127686 0.020996
0.065674 -0.386963 1.036133 0.074829 -0.130615 0.027954
0.081177 -0.364258 1.050659 0.078369 -0.114746 0.039917
0.100708 -0.343018 1.073120 0.062378 -0.076416 0.058594
0.098633 -0.342651 1.059448 0.001953 -0.024170 0.080933
0.075439 -0.344727 1.032104 -0.043579 0.020142 0.096313
0.059570 -0.356812 1.009766 -0.045898 0.034790 0.093872
0.048828 -0.340454 1.003540 -0.024170 0.023682 0.080566
0.042480 -0.380737 0.995605 0.021973 -0.000122 0.062500
0.047241 -0.363281 0.999878 0.056030 -0.033569 0.038208
0.057739 -0.346191 1.005981 0.081543 -0.050415 0.022583
0.065796 -0.330933 1.006836 0.091064 -0.055298 0.012939
0.066162 -0.327515 1.006836 0.070190 -0.041626 0.014771
0.061890 -0.334595 1.009888 0.034790 -0.016846 0.026489
0.053711 -0.343384 0.997070 0.003174 0.011108 0.042358
0.047729 -0.343140 0.990234 -0.025635 0.033325 0.056030
0.051636 -0.335571 0.993774 -0.054688 0.046509 0.059692
0.040649 -0.331421 0.977051 -0.065063 0.051514 0.051514
0.026123 -0.348633 0.951416 -0.054077 0.048340 0.041016
0.029175 -0.350708 0.966187 -0.025757 0.034424 0.027100
0.031006 -0.355469 0.978760 -0.015015 0.023804 0.012695
0.018799 -0.367676 0.967773 -0.004272 0.016235 0.001465
0.024292 -0.363525 0.984619 0.005371 0.011108 0.003174
0.037842 -0.342896 0.996338 -0.018555 0.020264 0.020996
0.035522 -0.335327 0.997925 -0.054199 0.039185 0.037964
0.039673 -0.339600 1.006714 -0.066284 0.052124 0.040283
0.047852 -0.333862 1.027344 -0.061157 0.055664 0.027588
0.044434 -0.329102 1.015137 -0.052734 0.062256 0.008789
0.038940 -0.338013 1.003296 -0.045288 0.068359 -0.013184
0.039429 -0.328247 1.007935 -0.041626 0.071167 -0.025635
0.028687 -0.349365 0.995239 -0.040649 0.078369 -0.026733
0.015015 -0.352783 0.984741 -0.031616 0.076904 -0.031006
0.005493 -0.360596 0.977051 -0.016846 0.070557 -0.034546
-0.002075 -0.355347 0.974731 0.005127 0.052490 -0.042725
-0.009521 -0.360718 0.962646 0.034424 0.023804 -0.056152
0.004517 -0.352173 0.981445 0.079956 -0.010864 -0.074463
0.019409 -0.335327 1.006348 0.110840 -0.028809 -0.083740
0.019653 -0.339233 1.010132 0.096313 -0.018799 -0.067261
0.018921 -0.335327 1.006836 0.048584 0.000244 -0.038574
0.025024 -0.315674 1.009521 -0.009277 0.024170 -0.009766
0.015625 -0.320801 0.989014 -0.056152 0.047241 0.005249
0.003052 -0.335571 0.981812 -0.061646 0.053345 -0.000977
-0.014282 -0.350464 0.974487 -0.049561 0.044556 -0.012329
-0.014404 -0.353516 0.973999 -0.042358 0.030029 -0.012329
-0.012207 -0.361328 0.982666 -0.043335 0.016357 -0.006714
-0.006104 -0.358154 0.988159 -0.041626 0.006348 -0.004639
-0.003296 -0.353149 0.989990 -0.039917 0.001709 -0.003662
