0.026611 -0.413452 0.994873 -0.089844 -0.020874 -0.078125
0.002930 -0.439697 0.991333 -0.067383 -0.010864 -0.060791
0.005981 -0.420166 0.998779 -0.031982 -0.021606 -0.046387
0.002930 -0.416016 0.995483 -0.032104 -0.028442 -0.036987
0.022949 -0.390991 1.001587 -0.033447 -0.031860 -0.025879
0.027344 -0.393921 1.002441 -0.048584 -0.025635 -0.022583
0.034302 -0.380127 1.003052 -0.050049 -0.022949 -0.028931
0.026489 -0.383057 0.988159 -0.050293 -0.017578 -0.038208
0.023071 -0.367188 0.976318 -0.030396 -0.020020 -0.048218
0.020874 -0.378052 0.984741 -0.003052 -0.025513 -0.047485
0.015503 -0.389404 0.971436 0.006104 -0.024658 -0.048462
0.009521 -0.413208 0.975098 0.026611 -0.024292 -0.047363
0.017212 -0.407837 1.000488 0.049438 -0.019531 -0.039429
0.040405 -0.395142 0.993896 0.068726 -0.001343 -0.015625
0.051880 -0.370605 1.014893 0.023804 0.026489 -0.012207
0.031372 -0.376587 0.988159 -0.045898 0.040527 -0.020020
0.004517 -0.396362 0.957642 -0.044067 0.039063 -0.034058
-0.017578 -0.417114 0.929565 -0.028809 0.011841 -0.050903
-0.014282 -0.412842 0.931030 0.009521 -0.027954 -0.069092
0.004272 -0.416016 0.965088 0.054443 -0.058228 -0.070923
0.028809 -0.393677 0.982056 0.069092 -0.064697 -0.061035
0.058228 -0.358276 0.987549 0.056519 -0.051025 -0.038818
0.055420 -0.345825 0.971436 0.007935 -0.015625 -0.025635
0.041504 -0.358276 0.952393 -0.049316 0.003662 -0.028931
0.024170 -0.380493 0.932373 -0.058228 0.008911 -0.042358
0.012207 -0.400146 0.928955 -0.044434 0.004028 -0.056152
-0.001465 -0.428223 0.932007 -0.034790 -0.007813 -0.063232
-0.003540 -0.440552 0.924683 -0.013916 -0.030151 -0.060669
0.012207 -0.438599 0.939575 0.006958 -0.057251 -0.058594
0.030640 -0.438599 0.960571 0.005493 -0.069092 -0.056030
0.038818 -0.443604 0.963013 -0.004883 -0.061401 -0.058716
0.032837 -0.469482 0.957153 -0.014893 -0.043823 -0.065674
0.007202 -0.517944 0.942261 -0.040649 -0.026489 -0.065063
-0.016479 -0.551880 0.914551 -0.058472 -0.021606 -0.056396
-0.017700 -0.572632 0.923340 -0.051880 -0.031616 -0.040283
-0.018433 -0.605957 0.932739 -0.043457 -0.043701 -0.020386
-0.007568 -0.615601 0.942017 -0.036865 -0.057861 -0.007202
-0.013794 -0.621948 0.943970 -0.035156 -0.066040 0.011108
-0.010498 -0.591553 0.937256 -0.026367 -0.082275 0.029419
0.007935 -0.540039 0.944214 0.000977 -0.107300 0.043091
0.027100 -0.489746 0.960815 0.027954 -0.133545 0.044922
0.054321 -0.450928 0.974121 0.050171 -0.153076 0.040771
0.079712 -0.425293 1.002686 0.054199 -0.159912 0.031006
0.095215 -0.412964 1.026489 0.050415 -0.149292 0.025635
0.104492 -0.395630 1.042236 0.048340 -0.124023 0.026001
0.112915 -0.392822 1.047363 0.031006 -0.087524 0.030762
0.100708 -0.385742 1.045532 -0.000366 -0.039917 0.037109
0.071289 -0.393555 1.018311 -0.041504 0.012085 0.054443
0.044678 -0.391968 0.983887 -0.079590 0.047119 0.069214
0.009399 -0.400513 0.949341 -0.101929 0.057007 0.078613
-0.005981 -0.396484 0.926880 -0.069092 0.037842 0.085571
-0.004272 -0.390747 0.925659 -0.021606 0.005493 0.089844
0.022583 -0.354370 0.945190 0.013306 -0.023315 0.090088
0.058716 -0.315430 0.962646 0.023071 -0.035645 0.085083
0.066650 -0.296631 0.964966 0.006470 -0.024780 0.076050
0.058594 -0.309814 0.953857 -0.021484 -0.005371 0.069458
0.044678 -0.321167 0.940918 -0.048096 0.010742 0.065308
0.029419 -0.328979 0.919922 -0.072266 0.020264 0.063232
0.026367 -0.335693 0.926636 -0.079712 0.022217 0.057739
0.011108 -0.342773 0.925171 -0.088379 0.023682 0.047607
-0.012085 -0.376465 0.919556 -0.083740 0.015625 0.037842
-0.010864 -0.384155 0.945923 -0.064209 -0.003540 0.038086
-0.014282 -0.408813 0.969238 -0.052002 -0.015137 0.058716
0.011230 -0.390625 1.013306 -0.035278 -0.030273 0.074463
0.031860 -0.365723 1.044556 -0.031860 -0.036865 0.082031
0.043701 -0.360596 1.067261 -0.018677 -0.035767 0.090088
0.056152 -0.355103 1.091553 -0.010254 -0.030640 0.095093
0.067627 -0.360962 1.114136 -0.012939 -0.015991 0.104736
0.059692 -0.351929 1.103760 -0.029297 0.006104 0.115112
0.054810 -0.333984 1.088989 -0.041504 0.022583 0.122070
0.050049 -0.314087 1.078369 -0.035889 0.030884 0.112183
0.040527 -0.301147 1.046021 -0.017822 0.035889 0.093140
0.029297 -0.313721 1.027466 -0.000122 0.034546 0.074219
0.022583 -0.309570 1.017090 0.006592 0.026123 0.066772
0.027832 -0.314697 1.016357 0.008789 0.020142 0.069458
0.020508 -0.324829 1.010498 0.009888 0.015747 0.066895
0.013672 -0.323853 0.995117 0.023804 0.009277 0.058838
0.013428 -0.315308 0.993286 0.034180 0.000610 0.048218
0.004517 -0.316528 0.975586 0.032349 -0.003052 0.043579
-0.000122 -0.317017 0.962646 0.019531 -0.006348 0.044312
0.001831 -0.307129 0.959106 0.001343 -0.005615 0.051147
-0.002808 -0.302734 0.945801 -0.026367 -0.001343 0.057251
-0.004761 -0.298096 0.940674 -0.045776 -0.004761 0.058472
-0.007690 -0.306519 0.935425 -0.053101 -0.012817 0.057007
-0.007080 -0.311523 0.937378 -0.051758 -0.025024 0.050659
-0.000854 -0.312866 0.940430 -0.039795 -0.036621 0.044678
0.010498 -0.303101 0.941162 -0.029175 -0.044678 0.040161
0.018555 -0.305542 0.945557 -0.042725 -0.047363 0.035034
0.029297 -0.300293 0.951294 -0.045654 -0.045654 0.025879
0.018555 -0.318481 0.945313 -0.048584 -0.036377 0.022095
0.017944 -0.316162 0.978760 -0.044678 -0.035767 0.018799
0.009521 -0.323364 0.967041 -0.067017 -0.021484 0.020752
-0.007568 -0.346436 0.955811 -0.088013 -0.005737 0.031006
-0.011230 -0.348145 0.955444 -0.097290 -0.007935 0.036621
-0.019043 -0.354248 0.951172 -0.091675 -0.024414 0.031006
-0.014648 -0.353149 0.952026 -0.067993 -0.049438 0.018799
0.002075 -0.346680 0.977051 -0.052368 -0.069580 0.009521
0.016113 -0.342285 1.000977 -0.052856 -0.071045 0.015869
0.020630 -0.357300 1.023438 -0.050049 -0.059937 0.024658
0.022583 -0.348022 1.027710 -0.055298 -0.046143 0.028687
0.012939 -0.361816 1.007690 -0.089111 -0.027344 0.037598
0.002686 -0.354858 0.990356 -0.097778 -0.025513 0.044556
0.010498 -0.342651 0.978638 -0.093628 -0.033203 0.045044
0.016113 -0.340820 0.976929 -0.091309 -0.044067 0.032471
0.015259 -0.341064 0.957520 -0.065063 -0.057617 0.006836
0.001587 -0.340576 0.910767 -0.005249 -0.082275 -0.029175
0.000977 -0.351563 0.911499 0.065063 -0.131592 -0.073608
0.036011 -0.371704 0.972046 0.129639 -0.182373 -0.109985
0.062744 -0.381226 1.038940 0.162720 -0.182983 -0.114502
0.080444 -0.360474 1.070313 0.115234 -0.123291 -0.085693
0.063354 -0.375366 1.055542 -0.009399 -0.032104 -0.028320
0.034668 -0.368896 1.024780 -0.106567 0.036011 0.027100
0.015869 -0.364990 0.984619 -0.143555 0.066528 0.062744
0.013916 -0.358521 0.979248 -0.128418 0.059937 0.064209
0.017456 -0.370972 1.002563 -0.076782 0.035889 0.040649
0.002197 -0.376953 0.988403 -0.028320 0.010132 0.012329
-0.007935 -0.387329 0.978516 0.022095 -0.023193 -0.017700
-0.010010 -0.385376 0.980713 0.079346 -0.064331 -0.042969
0.005737 -0.388550 1.021118 0.124390 -0.095825 -0.056396
0.036987 -0.353638 1.051880 0.144897 -0.092529 -0.046509
0.043091 -0.325195 1.055786 0.094971 -0.055054 -0.020020
0.035767 -0.312866 1.027466 0.025146 -0.013062 0.007690
0.032593 -0.303711 1.006470 -0.025024 0.018311 0.018799
0.015625 -0.313354 0.988281 -0.056030 0.041260 0.024902
0.005005 -0.327148 0.979248 -0.068848 0.052368 0.030151
0.003052 -0.334961 0.974243 -0.077881 0.054810 0.034546
-0.001953 -0.345825 0.978027 -0.089722 0.050659 0.034546
-0.013672 -0.347046 0.958740 -0.074707 0.041016 0.030273
-0.011841 -0.334717 0.961792 -0.054199 0.023438 0.026733
-0.007568 -0.330078 0.959473 -0.040894 -0.000366 0.019775
0.002563 -0.329224 0.964111 -0.008789 -0.026367 0.005249
0.013306 -0.334351 0.985474 0.010864 -0.043335 -0.002808
0.035767 -0.325439 1.021240 -0.002075 -0.042114 0.000488
0.045166 -0.328735 1.047363 -0.030762 -0.022827 0.006714
0.045044 -0.327637 1.052734 -0.049683 0.003540 0.013428
0.036743 -0.324341 1.045898 -0.076050 0.028442 0.019775
0.035522 -0.307495 1.031860 -0.090942 0.041870 0.019653
0.030884 -0.312134 1.019043 -0.083618 0.044922 0.018799
0.023315 -0.322632 1.001221 -0.070190 0.038086 0.007690
0.018921 -0.342651 1.008545 -0.053589 0.022339 -0.006714
0.015747 -0.341675 1.002686 -0.037109 0.008911 -0.020508
0.010864 -0.348145 1.002930 -0.021240 -0.003052 -0.026611
0.014771 -0.357910 1.018555 -0.016846 -0.012939 -0.024414
0.019409 -0.346680 1.028442 -0.014038 -0.007080 -0.015381
0.026123 -0.322266 1.032715 -0.020752 0.008667 -0.004517
0.019775 -0.318848 1.011353 -0.041870 0.027100 0.005005
0.008911 -0.330811 1.001953 -0.053833 0.031372 0.003296
0.007324 -0.335083 1.005493 -0.049805 0.024048 -0.006348
0.002441 -0.333252 0.996094 -0.034546 0.012329 -0.016724
0.006836 -0.339355 0.996704 -0.016602 -0.000854 -0.024902
