0.069580 -0.351929 1.008057 -0.019775 0.000366 -0.024048
0.040771 -0.371338 0.981812 -0.029541 0.017212 -0.027466
0.034546 -0.382813 0.977783 -0.033447 0.017822 -0.033691
0.029541 -0.404419 0.984375 -0.031616 0.019043 -0.030518
0.023071 -0.405396 0.978394 -0.040771 0.027466 -0.016968
0.006592 -0.416626 0.955811 -0.046509 0.028076 -0.000122
0.012085 -0.411377 0.949585 -0.038086 0.008301 0.007080
0.020752 -0.384521 0.947998 -0.028931 -0.017578 0.000488
0.039795 -0.368164 0.958374 -0.012573 -0.042603 -0.021240
0.056030 -0.364502 0.960938 0.009155 -0.055908 -0.046875
0.051392 -0.397583 0.972412 -0.000244 -0.050659 -0.060913
0.042114 -0.427612 0.969116 -0.012085 -0.036011 -0.056030
0.033813 -0.428833 0.951294 -0.020264 -0.029907 -0.044189
0.041260 -0.433594 0.949707 -0.022583 -0.035278 -0.033691
0.046021 -0.444092 0.973633 -0.021362 -0.040771 -0.028809
0.048706 -0.453369 0.973267 -0.013428 -0.042603 -0.031494
0.042114 -0.461060 0.965210 -0.000122 -0.042847 -0.030640
0.041870 -0.460449 0.953491 -0.001099 -0.043701 -0.025269
0.038574 -0.459595 0.943848 -0.006592 -0.046387 -0.019531
0.034668 -0.463989 0.942017 -0.008667 -0.051392 -0.016602
0.042358 -0.466187 0.955078 -0.005005 -0.060669 -0.015137
0.051636 -0.463257 0.963867 0.007324 -0.066406 -0.012085
0.051636 -0.467163 0.967407 0.011719 -0.065674 -0.010498
0.052734 -0.466064 0.967529 0.024048 -0.068359 -0.010742
0.049927 -0.459473 0.961426 0.032593 -0.073975 -0.011230
0.045898 -0.447876 0.961548 0.029663 -0.081177 -0.014526
0.029419 -0.449829 0.948853 0.037109 -0.093750 -0.020874
0.026123 -0.431763 0.939453 0.055542 -0.120728 -0.032227
0.019897 -0.421143 0.933105 0.074707 -0.154053 -0.035889
0.022705 -0.413086 0.933105 0.112549 -0.193481 -0.044556
0.024170 -0.406494 0.936401 0.147705 -0.240723 -0.064331
0.046875 -0.397705 0.948486 0.168701 -0.292114 -0.089233
0.100342 -0.372192 1.023071 0.195801 -0.295166 -0.091797
0.125000 -0.361572 1.049683 0.149536 -0.236572 -0.058350
0.129272 -0.360962 1.050415 0.065063 -0.154297 -0.015991
0.129150 -0.352539 1.041382 -0.045288 -0.090576 0.015991
0.116577 -0.357544 1.023071 -0.087524 -0.033691 0.045776
0.120239 -0.352295 1.015991 -0.069336 0.003906 0.066040
0.100708 -0.358521 0.994995 -0.074829 0.024658 0.067871
0.066406 -0.385376 0.959595 -0.095459 0.022095 0.055298
0.048096 -0.409302 0.946045 -0.059937 -0.005493 0.041016
0.050293 -0.393311 0.935425 0.014893 -0.043579 0.028687
0.049683 -0.388306 0.931396 0.056885 -0.075928 0.023438
0.082031 -0.374390 0.962524 0.085815 -0.099121 0.027588
0.100830 -0.357300 0.994141 0.079102 -0.098633 0.039673
0.105347 -0.359131 1.000732 0.046509 -0.076416 0.054077
0.106567 -0.359253 0.998535 0.006104 -0.054321 0.070068
0.103027 -0.370972 0.995972 -0.031738 -0.040161 0.082153
0.104248 -0.367554 0.990601 -0.041748 -0.033447 0.088135
0.099487 -0.361450 0.978760 -0.051147 -0.028320 0.092407
0.093018 -0.356567 0.969849 -0.068115 -0.027710 0.091553
0.078003 -0.365723 0.953125 -0.078247 -0.029053 0.098755
0.077515 -0.346436 0.938477 -0.071533 -0.029541 0.106812
0.072632 -0.327148 0.923584 -0.081787 -0.029907 0.121704
0.075562 -0.307251 0.910522 -0.107666 -0.033936 0.127930
0.084473 -0.296753 0.929077 -0.139038 -0.038940 0.123779
0.082275 -0.289063 0.931274 -0.153564 -0.044067 0.117432
0.083008 -0.316162 0.953247 -0.130981 -0.064575 0.094849
0.096191 -0.328979 0.989624 -0.112305 -0.093628 0.073608
0.107544 -0.358765 1.035400 -0.085571 -0.115967 0.057129
0.128296 -0.367310 1.071655 -0.062134 -0.122681 0.053589
0.146851 -0.356323 1.099243 -0.031494 -0.105835 0.060181
0.151367 -0.351318 1.098999 -0.034790 -0.069580 0.078491
0.141357 -0.343750 1.080078 -0.059082 -0.028076 0.097900
0.133301 -0.332275 1.065430 -0.076172 0.005249 0.115479
0.110107 -0.348267 1.039185 -0.082520 0.036255 0.131836
0.099731 -0.344238 1.013672 -0.081665 0.053833 0.136719
0.085083 -0.348389 0.991333 -0.077271 0.062866 0.129517
0.073364 -0.360474 0.975586 -0.074219 0.060425 0.118042
0.064087 -0.360107 0.962769 -0.068604 0.050171 0.103882
0.059326 -0.346558 0.936523 -0.037476 0.034912 0.092285
0.057373 -0.351929 0.948975 -0.015747 0.015259 0.088135
0.051636 -0.357178 0.951294 0.002808 -0.008301 0.080811
0.067383 -0.341309 0.980713 0.022339 -0.032471 0.065186
0.076904 -0.341797 0.987183 0.025024 -0.041382 0.054077
0.077271 -0.335815 0.998657 0.018921 -0.038940 0.050537
0.080688 -0.327881 0.995483 0.011963 -0.026978 0.055664
0.075928 -0.324951 0.992554 -0.004517 -0.012573 0.069092
0.082764 -0.316650 0.989258 -0.008667 -0.004028 0.080200
0.078003 -0.317749 0.974854 -0.011475 -0.005493 0.081787
0.079468 -0.310547 0.976929 -0.015625 -0.016357 0.075439
0.074341 -0.318726 0.972656 -0.019653 -0.024658 0.071289
0.069946 -0.305786 0.964355 -0.022583 -0.036377 0.064941
0.063965 -0.308105 0.962769 -0.014893 -0.059326 0.052612
0.065063 -0.320068 0.966919 0.020264 -0.092163 0.036743
0.074219 -0.322266 0.993530 0.051636 -0.131714 0.016724
0.095459 -0.347046 1.031860 0.077271 -0.160156 0.005737
0.112671 -0.335449 1.062378 0.097290 -0.159790 0.005127
0.109985 -0.330200 1.061646 0.059204 -0.125977 0.021606
0.121460 -0.310913 1.060059 0.004150 -0.083374 0.043701
0.109497 -0.280273 1.044312 -0.069214 -0.033936 0.071289
0.066650 -0.303711 0.986450 -0.103638 0.010986 0.085938
0.038574 -0.323853 0.941406 -0.108643 0.012695 0.081177
0.020386 -0.354004 0.952148 -0.081665 -0.009766 0.062744
0.027588 -0.339478 0.939087 -0.013306 -0.033691 0.048584
0.034058 -0.344849 0.959839 0.031982 -0.064819 0.025391
0.060791 -0.336426 0.996094 0.062988 -0.083252 0.017334
0.076050 -0.317261 1.002808 0.029541 -0.079468 0.035767
0.092285 -0.311890 1.018188 -0.017944 -0.034424 0.058960
0.076904 -0.310181 0.980225 -0.061157 0.014160 0.075439
0.052002 -0.330811 0.945313 -0.081299 0.032349 0.077271
0.044067 -0.351196 0.922974 -0.079102 0.022217 0.072510
0.046265 -0.369873 0.986206 -0.051880 0.004272 0.072021
0.052856 -0.361572 0.978638 -0.057983 -0.001587 0.075806
0.050415 -0.342651 0.960815 -0.064575 0.003906 0.087280
0.051636 -0.326416 0.955322 -0.071655 -0.003296 0.092896
0.054443 -0.329468 0.953613 -0.064575 -0.015503 0.085327
0.058228 -0.332642 0.962524 -0.042847 -0.041626 0.066162
0.071289 -0.334351 0.980469 -0.010620 -0.065918 0.048218
0.080200 -0.343994 1.011963 0.004028 -0.076782 0.041504
0.113281 -0.334351 1.059448 -0.004028 -0.071777 0.051025
0.123657 -0.322998 1.067871 -0.040161 -0.044678 0.066162
0.117676 -0.323486 1.039307 -0.061646 -0.014038 0.077637
0.106079 -0.317749 1.024414 -0.068115 0.001831 0.080688
0.091797 -0.323364 1.009888 -0.073730 0.004395 0.072021
0.083618 -0.346191 1.006592 -0.066406 -0.004639 0.060303
0.091431 -0.328613 1.017456 -0.027100 -0.012085 0.048950
0.104004 -0.312256 1.031250 -0.004150 -0.012573 0.037231
0.104492 -0.299072 1.015015 -0.007568 -0.005249 0.030396
0.089966 -0.304688 0.990845 -0.022217 0.010376 0.028076
0.070801 -0.335449 0.984131 -0.044922 0.026367 0.031128
0.071045 -0.331909 0.987305 -0.056274 0.034546 0.040527
0.061279 -0.334351 0.978149 -0.075928 0.040771 0.049438
0.063232 -0.328735 0.974487 -0.090820 0.044067 0.053711
0.054321 -0.340698 0.984253 -0.094238 0.042480 0.045776
0.055542 -0.347168 0.992065 -0.082153 0.031616 0.033813
0.059082 -0.336670 0.984985 -0.063843 0.016602 0.025879
0.067139 -0.335815 1.000122 -0.045288 0.006592 0.024536
0.081665 -0.325317 1.021729 -0.032837 0.000244 0.023315
0.082764 -0.304932 1.020142 -0.033691 0.005249 0.025269
0.088867 -0.296875 1.017334 -0.033813 0.014404 0.018555
0.083374 -0.309937 1.022217 -0.039795 0.025146 0.011597
0.071167 -0.325562 1.010254 -0.055664 0.035034 0.009155
0.054565 -0.346680 1.001587 -0.062744 0.036865 0.010010
0.056152 -0.351074 1.004883 -0.053223 0.028076 0.014038
0.062500 -0.338379 1.009033 -0.034180 0.020508 0.014404
0.067017 -0.325684 1.015015 -0.026855 0.017578 0.008911
0.063965 -0.317993 0.997437 -0.025146 0.018311 0.000977
0.057251 -0.324829 0.994385 -0.027466 0.019897 -0.007690
0.052124 -0.342896 0.990356 -0.032837 0.020020 -0.010010
0.042236 -0.356567 0.989014 -0.032715 0.017456 -0.009399
0.043945 -0.359375 0.993164 -0.034180 0.010986 -0.005371
0.051758 -0.363770 1.004639 -0.033569 0.005737 0.000000
0.055908 -0.352051 1.013672 -0.026001 0.000488 -0.006104
0.055664 -0.351807 1.006592 -0.023071 -0.000488 -0.016479
0.052734 -0.346069 1.003418 -0.018188 -0.002686 -0.024902
0.056030 -0.353638 1.012085 -0.009033 -0.002686 -0.032349
0.057251 -0.353638 1.004517 -0.015259 0.004517 -0.029541
0.051636 -0.357178 1.006104 -0.027222 0.013794 -0.017090
0.051758 -0.364380 1.007568 -0.034180 0.018066 -0.011841
