0.078613 -0.252319 1.033447 -0.033813 -0.005615 -0.001465
0.080688 -0.250000 1.027466 -0.033447 0.000122 0.000488
0.073730 -0.256958 1.022827 -0.036743 0.003906 -0.003418
0.074585 -0.264526 1.021606 -0.023560 0.003418 -0.009277
0.071899 -0.260376 1.023193 -0.012329 0.002441 -0.013916
0.072510 -0.258545 1.023193 -0.013916 0.000610 -0.014526
0.074219 -0.255981 1.030273 -0.025635 -0.001221 -0.014160
0.075806 -0.265503 1.028198 -0.031982 0.001953 -0.012817
0.072998 -0.260620 1.023804 -0.015869 0.004272 -0.013794
0.066406 -0.263428 1.012573 -0.017944 0.005005 -0.014526
0.064575 -0.263794 1.007324 -0.024780 0.001465 -0.015503
0.065918 -0.260010 1.001953 -0.028931 -0.007324 -0.016846
0.064575 -0.264038 1.000854 -0.032227 -0.015137 -0.016357
0.067749 -0.259888 1.007813 -0.026489 -0.019531 -0.021484
0.073608 -0.263184 1.005371 -0.026611 -0.021240 -0.025635
0.074463 -0.262085 1.001465 -0.039551 -0.017700 -0.024780
0.074829 -0.277710 0.987183 -0.056641 -0.010498 -0.020996
0.061157 -0.314087 0.977295 -0.079224 -0.011841 -0.026733
0.044189 -0.360962 0.974609 -0.071655 -0.021606 -0.037598
0.036987 -0.380615 0.983765 -0.040894 -0.037842 -0.039307
0.039673 -0.382446 0.994629 -0.040771 -0.052856 -0.027588
0.044922 -0.385010 1.011963 -0.049072 -0.064331 -0.007446
0.049805 -0.382813 1.018433 -0.042603 -0.070923 0.009399
0.050781 -0.382324 1.016724 -0.026367 -0.078369 0.018799
0.065552 -0.372803 1.033569 0.006226 -0.093994 0.019043
0.086548 -0.354980 1.062378 0.031128 -0.103394 0.017578
0.103882 -0.337769 1.077881 0.038940 -0.092163 0.022461
0.105347 -0.317749 1.066040 0.022949 -0.064941 0.032715
0.094971 -0.321167 1.039673 -0.005859 -0.036011 0.047607
0.078979 -0.321777 1.015381 -0.020142 -0.022827 0.053223
0.065674 -0.313965 0.997437 -0.016113 -0.026489 0.050781
0.060791 -0.301636 0.992065 -0.000977 -0.041260 0.038574
0.076904 -0.310913 0.994873 0.008423 -0.059692 0.026611
0.072144 -0.307373 0.988037 0.008789 -0.053467 0.036621
0.070313 -0.272583 0.967651 0.008179 -0.051636 0.039551
0.079224 -0.265015 0.956055 0.003296 -0.068359 0.025269
0.089233 -0.253906 0.969482 0.014404 -0.092285 -0.006714
0.107056 -0.271484 1.005005 0.035767 -0.103394 -0.021240
0.108887 -0.258301 1.034546 -0.025757 -0.107788 -0.031738
0.116821 -0.264771 1.042847 -0.059937 -0.078979 -0.019165
0.101929 -0.236450 1.033081 -0.072021 -0.051147 -0.015503
0.078369 -0.242554 1.004883 -0.119141 -0.046265 -0.016846
0.081421 -0.260742 1.014038 -0.114990 -0.061890 -0.022095
0.093628 -0.275757 1.034058 -0.070801 -0.074341 -0.019653
0.101929 -0.254395 1.036499 -0.036743 -0.081421 -0.017944
0.119873 -0.263184 1.048706 -0.024414 -0.085815 -0.014771
0.128418 -0.272705 1.070313 -0.016602 -0.080811 -0.008789
0.127441 -0.247681 1.072510 -0.010132 -0.066650 -0.009888
0.124146 -0.262817 1.065308 -0.018188 -0.053345 -0.004272
0.127075 -0.271606 1.073608 -0.012207 -0.036865 0.004150
0.120117 -0.262939 1.064209 -0.009766 -0.019409 0.005493
0.109009 -0.273804 1.035889 -0.014282 -0.002930 0.003906
0.099731 -0.274902 1.025513 -0.005005 0.002686 -0.001099
0.092163 -0.260132 1.018188 -0.008545 -0.001587 0.000244
0.095581 -0.258301 1.011719 -0.024048 -0.010132 0.002930
0.102783 -0.267090 1.021606 -0.020386 -0.013794 0.002686
0.108887 -0.280151 1.014526 -0.007324 -0.009766 0.003784
0.116333 -0.278198 1.027954 0.002686 -0.003662 0.009277
0.111938 -0.259277 1.022095 0.008545 0.012451 0.022705
0.107178 -0.250732 1.008911 -0.008301 0.025391 0.038208
0.103516 -0.259033 1.007690 -0.024780 0.031494 0.046509
0.092773 -0.257202 0.998413 -0.038696 0.032959 0.050659
0.084473 -0.249756 0.985840 -0.045044 0.028442 0.047363
0.083496 -0.241943 0.977539 -0.043213 0.012085 0.033813
0.078857 -0.257690 0.985962 -0.032349 -0.003784 0.019531
0.079712 -0.263306 0.988892 -0.006714 -0.017212 0.004883
0.092163 -0.258667 1.009521 0.017334 -0.030518 -0.004883
0.093750 -0.250854 1.005249 0.022339 -0.033813 -0.007202
0.103638 -0.250000 1.025269 0.021240 -0.032959 -0.010986
0.095825 -0.237671 1.012939 0.007935 -0.025146 -0.010620
0.088623 -0.245728 0.999390 -0.014771 -0.018311 -0.007935
0.099121 -0.238770 1.008789 -0.028320 -0.022949 0.001465
0.105347 -0.229614 1.011963 -0.052124 -0.019775 0.011963
0.106934 -0.227173 1.012329 -0.066772 -0.011963 0.008423
0.095337 -0.238159 1.009155 -0.067017 -0.008179 -0.004517
0.083496 -0.249634 0.993530 -0.046753 -0.004639 -0.013184
0.071167 -0.242676 0.983032 -0.039673 -0.016113 -0.014526
0.082031 -0.246948 0.993530 -0.045288 -0.034180 -0.012695
0.103271 -0.241211 1.011597 -0.049805 -0.042847 -0.013184
0.104614 -0.257813 1.023315 -0.062134 -0.037720 -0.010986
0.098389 -0.259888 1.015991 -0.079834 -0.027344 -0.005005
0.084106 -0.261230 1.011108 -0.088257 -0.018677 0.007324
0.073120 -0.270508 1.010742 -0.079956 -0.018799 0.016968
0.076538 -0.272705 1.015015 -0.067627 -0.023315 0.020386
0.070679 -0.284424 1.012939 -0.063843 -0.030151 0.015869
0.072998 -0.283081 1.013062 -0.053223 -0.041870 0.007324
0.059204 -0.278931 0.996826 -0.046753 -0.054565 -0.006592
0.067261 -0.290161 1.006958 -0.016357 -0.073853 -0.018311
0.086426 -0.293457 1.032349 0.012085 -0.093262 -0.028442
0.103760 -0.290649 1.049438 0.016357 -0.096313 -0.024292
0.113770 -0.298462 1.054199 0.001343 -0.080566 -0.007690
0.120239 -0.285767 1.067871 -0.014038 -0.056885 0.014282
0.112305 -0.268433 1.040039 -0.038086 -0.029907 0.033203
0.095947 -0.252197 1.020630 -0.062744 -0.019775 0.043579
0.091553 -0.281616 1.021484 -0.076538 -0.023560 0.055298
0.105957 -0.285400 1.043945 -0.057617 -0.029907 0.049927
0.097412 -0.268555 1.031494 -0.022705 -0.029785 0.037964
0.102905 -0.265503 1.026611 0.001587 -0.035278 0.032227
0.114380 -0.254150 1.046143 0.005859 -0.044434 0.027710
0.116821 -0.250244 1.047852 -0.010376 -0.037598 0.029907
0.116577 -0.256470 1.034790 -0.026489 -0.023071 0.036865
0.106812 -0.250854 1.014282 -0.041138 -0.011841 0.040894
0.090576 -0.263550 0.991821 -0.059326 -0.012939 0.046265
0.091187 -0.285156 0.990723 -0.054321 -0.027710 0.047363
0.105713 -0.282471 1.002930 -0.039429 -0.043457 0.050659
0.127075 -0.278076 1.030273 -0.041504 -0.051270 0.051025
0.124878 -0.260376 1.019775 -0.044556 -0.044067 0.045166
0.107544 -0.256714 0.983276 -0.027100 -0.039795 0.034180
0.116333 -0.259155 0.992188 -0.003418 -0.056152 0.014526
0.135620 -0.256104 1.025635 0.020752 -0.076050 -0.015625
0.151123 -0.255127 1.054321 0.050781 -0.069946 -0.037231
0.151001 -0.227661 1.062134 0.067505 -0.040649 -0.047607
0.144653 -0.249878 1.063843 0.047974 -0.004517 -0.025879
0.131958 -0.270142 1.061035 0.014160 0.028442 0.007813
0.111816 -0.275635 1.027588 -0.021851 0.050293 0.036377
0.083862 -0.281738 0.996826 -0.035767 0.044434 0.042603
0.080200 -0.278076 0.990479 -0.012329 0.017700 0.032104
0.075684 -0.269653 0.979736 0.017944 -0.012573 0.013672
0.068970 -0.270630 0.976563 0.050781 -0.046875 -0.007202
0.091919 -0.254028 1.005371 0.070435 -0.082397 -0.027832
0.115356 -0.234009 1.037354 0.067749 -0.093506 -0.043091
0.121826 -0.238647 1.037598 0.038574 -0.077515 -0.044556
0.103271 -0.248169 1.024292 -0.008179 -0.050659 -0.041138
0.104370 -0.280518 1.019653 -0.038940 -0.020508 -0.025391
0.090698 -0.300903 0.997803 -0.054443 -0.004028 -0.010864
0.082520 -0.314941 0.999512 -0.060059 -0.000488 0.008545
0.077515 -0.306763 0.993774 -0.054932 -0.002563 0.020508
0.068115 -0.296875 0.983154 -0.046997 -0.013306 0.027710
0.067383 -0.290161 0.973511 -0.035767 -0.033569 0.027588
0.081665 -0.267944 0.990845 -0.017090 -0.063477 0.015869
0.097534 -0.261230 1.001587 -0.008301 -0.086792 -0.004517
0.111206 -0.246338 1.013428 0.011597 -0.098022 -0.022461
0.131592 -0.241943 1.030273 0.025146 -0.092163 -0.028931
0.143188 -0.230957 1.037964 0.013428 -0.074951 -0.023438
0.149902 -0.221436 1.032227 -0.013794 -0.040894 -0.007324
0.145996 -0.207642 1.017578 -0.036865 -0.002563 0.003540
0.136108 -0.188843 0.992432 -0.062500 0.029663 0.006470
0.108521 -0.204346 0.946289 -0.084961 0.045654 -0.006958
0.093872 -0.211426 0.947144 -0.065186 0.038574 -0.027832
0.079712 -0.252563 0.921875 -0.046753 0.025635 -0.046021
0.087036 -0.267822 0.936890 -0.005005 0.004028 -0.063477
0.107544 -0.259644 0.981445 0.019043 -0.012329 -0.079590
0.113403 -0.257446 0.996338 0.011719 -0.007324 -0.081787
0.108765 -0.256348 1.000488 0.005127 0.004883 -0.079956
0.093872 -0.268677 0.996216 -0.001953 0.004883 -0.077515
0.112061 -0.276245 1.028931 0.000488 -0.007813 -0.067261
0.119263 -0.258667 1.059326 -0.011841 -0.014282 -0.053345
0.124023 -0.241943 1.064819 -0.026367 -0.005981 -0.033691
0.118774 -0.219849 1.062500 -0.030273 0.004150 -0.027100
0.104370 -0.238037 1.038452 -0.023804 0.002319 -0.036133
