0.032593 -0.476440 0.944214 -0.054077 0.009399 -0.006958
0.042725 -0.464478 0.957397 -0.029541 -0.010254 0.001221
0.057129 -0.437134 0.947632 -0.002686 -0.027954 -0.001099
0.067017 -0.415039 0.954590 0.021240 -0.041016 -0.020020
0.074585 -0.414429 0.952759 0.027954 -0.046021 -0.040649
0.068115 -0.428711 0.963745 0.026611 -0.036865 -0.048462
0.057739 -0.446289 0.951660 0.004028 -0.016846 -0.038940
0.044800 -0.456909 0.931274 -0.028442 0.000244 -0.022217
0.031616 -0.486450 0.914673 -0.044922 0.000732 -0.002808
0.029907 -0.498291 0.910767 -0.037720 -0.012207 0.009155
0.037720 -0.489014 0.906494 -0.021362 -0.029541 0.015259
0.059448 -0.483765 0.923828 -0.009399 -0.040161 0.016235
0.069214 -0.473267 0.927490 -0.018921 -0.039307 0.005981
0.065796 -0.485840 0.922485 -0.024536 -0.032104 -0.001709
0.064453 -0.507690 0.918457 -0.030273 -0.028687 -0.004150
0.067139 -0.519531 0.922241 -0.035034 -0.023682 0.001221
0.066650 -0.541260 0.919067 -0.044556 -0.018921 0.015259
0.058716 -0.551025 0.913330 -0.046143 -0.023682 0.021973
0.056519 -0.566284 0.908447 -0.017578 -0.044556 0.020996
0.060547 -0.562378 0.916748 0.015381 -0.072266 0.017334
0.073853 -0.573120 0.931519 0.022095 -0.087646 0.022583
0.069702 -0.566284 0.925781 0.015991 -0.091187 0.020874
0.081421 -0.532959 0.919922 -0.008057 -0.108643 0.033325
0.072266 -0.534912 0.916260 -0.048462 -0.119873 0.028320
0.085815 -0.525024 0.943970 0.031982 -0.125000 0.017456
0.092041 -0.534424 0.975220 0.057861 -0.134644 0.017212
0.102417 -0.522217 0.995972 0.076660 -0.123413 0.022339
0.089966 -0.527466 0.984131 0.070190 -0.091675 0.048340
0.086304 -0.509277 0.982544 0.061646 -0.066040 0.080322
0.069580 -0.485352 0.952515 0.045044 -0.053345 0.100830
0.068237 -0.472290 0.946899 0.044678 -0.057983 0.110962
0.074463 -0.465210 0.962280 0.058105 -0.075195 0.106079
0.091187 -0.442383 0.978760 0.082764 -0.086914 0.093872
0.096313 -0.433472 0.986084 0.090942 -0.085693 0.083862
0.106323 -0.411499 0.996826 0.090454 -0.078979 0.077148
0.112915 -0.395508 1.000366 0.062866 -0.060181 0.074463
0.092651 -0.399658 0.971680 0.028320 -0.033813 0.080811
0.075806 -0.403198 0.947632 0.010620 -0.015015 0.090942
0.064087 -0.421143 0.938354 -0.010132 -0.008057 0.106812
0.052368 -0.422363 0.932129 -0.019043 -0.009277 0.120361
0.051880 -0.412231 0.925781 -0.005371 -0.013428 0.131592
0.061157 -0.389893 0.942993 -0.004028 -0.019165 0.136841
0.058228 -0.388672 0.937866 -0.010132 -0.024658 0.131104
0.055908 -0.391968 0.930542 0.009277 -0.040771 0.116455
0.071655 -0.379150 0.955078 0.024414 -0.061523 0.101563
0.094482 -0.372314 0.989502 0.024414 -0.071655 0.094116
0.114502 -0.362305 1.019043 0.010498 -0.061401 0.088989
0.114868 -0.362427 1.036865 -0.015991 -0.030884 0.091431
0.108887 -0.357788 1.031250 -0.041260 0.003906 0.099243
0.097046 -0.367310 1.018677 -0.063965 0.029419 0.102783
0.084106 -0.381592 1.021484 -0.075317 0.040771 0.103638
0.063232 -0.400635 1.011108 -0.067505 0.046875 0.109009
0.065063 -0.387085 0.999268 -0.047119 0.049927 0.116943
0.050659 -0.366699 0.981079 -0.029053 0.045654 0.115479
0.044922 -0.355713 0.967651 0.004639 0.026123 0.102173
0.056396 -0.343384 0.974609 0.048218 -0.001465 0.079468
0.076416 -0.332397 0.997925 0.081177 -0.012817 0.064331
0.084473 -0.326660 1.005005 0.066406 0.002808 0.063110
0.074829 -0.323120 0.991455 0.018188 0.040039 0.073364
0.046265 -0.334229 0.964233 -0.039795 0.074463 0.088379
0.021240 -0.342407 0.941406 -0.074097 0.087402 0.100586
0.001831 -0.343140 0.887207 -0.085205 0.078125 0.110107
-0.015869 -0.364014 0.925903 -0.041138 0.049683 0.112671
0.013794 -0.332520 0.951904 -0.002075 0.015381 0.100342
-0.002319 -0.350830 0.915527 -0.009644 0.008179 0.085083
0.010498 -0.327393 0.923462 0.015991 -0.019897 0.070313
0.019043 -0.325317 0.930054 0.030273 -0.038696 0.057495
0.041870 -0.296875 0.947021 0.029297 -0.050415 0.042114
0.042236 -0.322632 0.947510 0.020874 -0.050537 0.028687
0.037109 -0.335205 0.943604 0.024414 -0.049438 0.019409
0.037354 -0.341553 0.954102 0.019897 -0.043823 0.021851
0.022461 -0.351807 0.928101 -0.013062 -0.023071 0.035522
0.025269 -0.331665 0.921265 -0.046631 -0.004272 0.055542
0.008911 -0.332520 0.900757 -0.090210 0.011230 0.071655
-0.000854 -0.342651 0.891724 -0.100098 0.005615 0.069824
-0.001343 -0.356567 0.909668 -0.082642 -0.025757 0.055542
0.007446 -0.378296 0.938477 -0.049683 -0.065430 0.038818
0.036987 -0.364868 0.992432 0.000732 -0.105591 0.015625
0.050537 -0.357056 1.019897 0.042603 -0.126221 -0.007080
0.033081 -0.383545 1.023071 0.079590 -0.138306 -0.027344
0.030151 -0.402466 1.037720 0.135376 -0.157959 -0.042725
0.050293 -0.378662 1.070679 0.164551 -0.166260 -0.036377
0.070313 -0.365234 1.087646 0.138428 -0.143921 -0.002563
0.085938 -0.328369 1.096436 0.079834 -0.101685 0.035278
0.084839 -0.309692 1.080933 0.004883 -0.050537 0.065918
0.070557 -0.306274 1.047852 -0.048340 -0.003662 0.083862
0.038208 -0.320801 0.993408 -0.092163 0.029419 0.093628
0.002319 -0.346924 0.956177 -0.114624 0.040527 0.092896
-0.010620 -0.360107 0.935303 -0.078979 0.027100 0.075806
-0.019409 -0.378906 0.931274 -0.014282 -0.015869 0.049683
-0.006104 -0.386597 0.954590 0.040039 -0.074585 0.023804
0.022095 -0.381836 0.994507 0.086792 -0.119019 0.009888
0.052002 -0.358154 1.031738 0.104248 -0.125244 0.019653
0.077759 -0.334839 1.054565 0.063721 -0.098877 0.047119
0.076172 -0.317261 1.045776 -0.005981 -0.058350 0.072388
0.064697 -0.313354 1.030396 -0.048218 -0.020508 0.083130
0.043213 -0.332520 0.998291 -0.062744 0.001831 0.077637
0.020386 -0.358765 0.977051 -0.044067 0.004517 0.072388
0.025269 -0.359131 0.985107 -0.021606 -0.010620 0.071533
0.030884 -0.356934 0.984375 -0.004639 -0.027588 0.065796
0.042725 -0.341675 0.994629 0.024536 -0.044434 0.054810
0.050171 -0.346191 1.002441 0.042236 -0.046997 0.047607
0.058350 -0.326538 1.015015 0.032104 -0.032471 0.053223
0.044434 -0.327759 0.988770 -0.022583 -0.007324 0.074341
0.037109 -0.318481 0.967529 -0.050293 0.011719 0.089966
0.042114 -0.331543 0.984009 -0.060303 0.012939 0.093140
0.041260 -0.346924 0.994995 -0.053467 0.005249 0.084473
0.045898 -0.355957 1.009033 -0.028198 -0.012573 0.070801
0.063477 -0.341431 1.029053 0.000854 -0.034546 0.054932
0.070435 -0.343262 1.039307 0.019897 -0.045166 0.041748
0.081055 -0.330566 1.051147 0.036499 -0.044312 0.031128
0.089844 -0.316284 1.050659 0.038696 -0.031616 0.027588
0.088745 -0.316895 1.041870 0.020508 -0.010010 0.025513
0.085327 -0.326782 1.046631 -0.002808 0.015747 0.028198
0.073853 -0.330933 1.029541 -0.037109 0.048340 0.033691
0.054565 -0.352051 1.011230 -0.070190 0.078735 0.037842
0.030273 -0.371460 0.981812 -0.087646 0.090332 0.030029
0.010132 -0.383545 0.962280 -0.066284 0.079956 0.018188
0.004639 -0.393799 0.949341 -0.028442 0.051514 0.011353
0.020020 -0.368774 0.961304 0.010132 0.018188 0.000000
0.031128 -0.332275 0.965942 0.041870 -0.004761 -0.014404
0.034058 -0.326416 0.963623 0.056885 -0.021729 -0.028809
0.041260 -0.333252 0.998291 0.056274 -0.033813 -0.031738
0.061279 -0.323853 1.020874 0.038452 -0.027832 -0.017334
0.057617 -0.319214 1.024170 0.005493 -0.007813 0.007446
0.048340 -0.319092 1.013062 -0.026245 0.013062 0.034668
0.038940 -0.314209 0.998169 -0.045410 0.026123 0.055664
0.039917 -0.305176 0.996704 -0.041138 0.024902 0.057739
0.039429 -0.295166 0.992676 -0.022949 0.014648 0.043579
0.035645 -0.299561 0.989014 -0.008179 0.003784 0.025146
0.040649 -0.300781 0.993164 0.000000 -0.010864 0.009155
0.049805 -0.301147 1.008057 0.006958 -0.023071 -0.002441
0.067993 -0.288574 1.027466 0.012451 -0.027344 -0.009766
0.076294 -0.281738 1.030640 0.003174 -0.019653 -0.012939
0.074829 -0.288940 1.036499 -0.019043 -0.002686 -0.014404
0.054932 -0.304199 1.015991 -0.045898 0.014648 -0.013794
0.038086 -0.306030 0.996460 -0.056030 0.018433 -0.012329
0.023315 -0.320435 0.981201 -0.045288 0.011230 -0.010010
0.032471 -0.314819 0.993042 -0.027222 -0.005615 -0.014771
0.042114 -0.311890 1.001709 -0.014282 -0.015503 -0.023315
0.035889 -0.318848 1.003784 -0.009521 -0.015503 -0.030762
0.040283 -0.322144 1.010132 -0.017456 -0.013672 -0.032959
0.042358 -0.328735 1.014526 -0.033325 -0.007324 -0.031860
0.027100 -0.344482 0.997314 -0.048706 0.004517 -0.030396
0.011841 -0.361816 0.980225 -0.053345 0.007690 -0.027954
0.007813 -0.369751 0.983765 -0.047241 0.000000 -0.026611
0.001465 -0.383179 0.984985 -0.039185 -0.005127 -0.024536
-0.001465 -0.387451 0.979248 -0.037354 -0.010254 -0.021973
0.007202 -0.366821 0.981567 -0.039673 -0.021729 -0.022339
0.011108 -0.355347 0.982056 -0.026978 -0.025391 -0.022095
