0.058350 -0.480347 0.974609 -0.017944 -0.070435 -0.047729
0.044067 -0.486694 0.960205 -0.054199 -0.036255 -0.040527
0.021240 -0.527222 0.939697 -0.048218 -0.027466 -0.042114
0.020752 -0.542236 0.939819 -0.012939 -0.041870 -0.051147
0.022461 -0.547852 0.946533 0.011230 -0.058350 -0.053101
0.012817 -0.543823 0.940308 0.027832 -0.070435 -0.050781
0.024292 -0.520386 0.924927 0.058716 -0.083008 -0.048096
0.035767 -0.505859 0.941772 0.059570 -0.088745 -0.041016
0.046997 -0.513672 0.953735 0.042236 -0.079834 -0.024658
0.045410 -0.528320 0.955322 0.029297 -0.067139 -0.013306
0.031738 -0.540771 0.952026 0.025024 -0.057129 -0.004150
0.019897 -0.557983 0.944092 0.035767 -0.056885 0.000977
0.031250 -0.541626 0.954346 0.055908 -0.072388 0.006104
0.032959 -0.536011 0.947754 0.073486 -0.088013 0.013184
0.047119 -0.488403 0.958130 0.103760 -0.101929 0.013306
0.049805 -0.480957 0.940674 0.107666 -0.111694 0.014404
0.057861 -0.472900 0.947144 0.122070 -0.128784 0.004150
0.080566 -0.445679 0.975342 0.137573 -0.133545 -0.003174
0.093018 -0.451904 1.000244 0.114990 -0.113403 0.010986
0.088989 -0.455322 1.005005 0.072510 -0.077637 0.023926
0.078125 -0.448364 0.994019 0.027832 -0.041626 0.037231
0.058472 -0.453125 0.968140 -0.004028 -0.015381 0.052856
0.053955 -0.464355 0.963623 -0.004639 -0.010620 0.054810
0.050049 -0.446533 0.961304 0.012329 -0.015869 0.046997
0.036133 -0.463013 0.949097 0.020142 -0.023438 0.038940
0.048218 -0.433716 0.959351 0.035522 -0.040771 0.019043
0.057739 -0.441406 0.978516 0.035400 -0.042114 0.024414
0.063721 -0.427490 0.981689 0.006592 -0.023193 0.039185
0.052124 -0.436401 0.970337 -0.027222 0.001953 0.066895
0.054810 -0.425537 0.962646 -0.035889 0.018066 0.090454
0.056885 -0.420776 0.959839 -0.045166 0.025391 0.104126
0.053345 -0.399292 0.944580 -0.046265 0.029541 0.104248
0.057495 -0.391846 0.958374 -0.055786 0.032349 0.096558
0.055054 -0.394897 0.978760 -0.090210 0.038696 0.092529
0.031982 -0.416870 0.963013 -0.101074 0.049927 0.098877
0.005859 -0.453247 0.945313 -0.096802 0.050903 0.116089
-0.005615 -0.466431 0.946777 -0.086792 0.035889 0.134521
0.008179 -0.445068 0.959106 -0.079956 0.015991 0.151855
0.038330 -0.409424 0.986694 -0.064209 0.006836 0.161133
0.059204 -0.376709 0.990845 -0.069580 0.009888 0.158203
0.061157 -0.370850 0.976318 -0.110107 0.023315 0.150391
0.041016 -0.384033 0.984741 -0.182861 0.027466 0.128540
0.028564 -0.421753 0.993530 -0.214233 0.026855 0.117188
0.010742 -0.436035 0.984741 -0.181763 0.029541 0.112061
-0.005615 -0.447144 0.963257 -0.139648 0.025757 0.114868
0.000977 -0.418335 0.955566 -0.115967 0.010498 0.122192
-0.000488 -0.416138 0.940430 -0.100830 0.000000 0.126831
0.007324 -0.363525 0.936401 -0.073730 -0.018799 0.120605
0.002563 -0.386963 0.937866 -0.043457 -0.034668 0.112671
0.015991 -0.375732 0.964600 -0.004883 -0.053955 0.084229
0.003662 -0.398315 0.962280 0.005493 -0.059937 0.075073
0.006714 -0.385498 0.970703 0.001099 -0.058594 0.080200
0.007813 -0.381836 0.978882 -0.020874 -0.056030 0.088989
0.020752 -0.372681 0.996216 -0.046997 -0.056519 0.099487
0.025391 -0.382935 1.009888 -0.069458 -0.049683 0.109985
0.012817 -0.379517 1.006348 -0.067871 -0.036743 0.120117
-0.008667 -0.391235 0.978394 -0.043945 -0.027710 0.139771
-0.044556 -0.393066 0.917969 -0.010864 -0.043945 0.143188
-0.053223 -0.379761 0.876343 0.062988 -0.103760 0.116089
-0.018188 -0.348999 0.905518 0.149780 -0.172241 0.075317
0.012695 -0.329590 0.944580 0.179810 -0.196533 0.049683
0.017700 -0.339111 0.963135 0.152222 -0.176636 0.049438
0.013062 -0.336060 0.969482 0.105347 -0.138794 0.063965
-0.014282 -0.350952 0.942261 0.048706 -0.101929 0.086792
-0.023193 -0.367676 0.953247 0.019287 -0.095703 0.099609
-0.010254 -0.363159 0.975952 0.017700 -0.106567 0.107056
0.013184 -0.365479 1.005981 0.020264 -0.114258 0.108398
0.020996 -0.354492 1.014893 0.026733 -0.114136 0.096191
0.014038 -0.365112 1.010010 0.051880 -0.110474 0.077881
0.013550 -0.361206 1.011963 0.084839 -0.114258 0.064941
0.027710 -0.353149 1.017456 0.106445 -0.115723 0.064819
0.054199 -0.330322 1.045288 0.105591 -0.106689 0.069824
0.059326 -0.322876 1.056519 0.082153 -0.079590 0.083374
0.050903 -0.317017 1.029907 0.051025 -0.041748 0.096191
0.033081 -0.308594 0.998535 0.031860 -0.015015 0.099121
0.014282 -0.321167 0.968140 0.018677 -0.006104 0.101929
0.008301 -0.314697 0.955322 0.005737 -0.011475 0.102539
-0.004639 -0.328735 0.924927 0.000122 -0.018555 0.106323
-0.002930 -0.326172 0.938965 -0.003174 -0.041138 0.105591
0.003052 -0.323242 0.934814 -0.023071 -0.069824 0.101685
0.028320 -0.320313 0.966431 -0.043091 -0.102661 0.089355
0.060303 -0.328491 1.019165 -0.048340 -0.122559 0.077271
0.093018 -0.309692 1.054199 -0.045898 -0.119385 0.055542
0.093384 -0.291870 1.039429 -0.052490 -0.091309 0.027100
0.064941 -0.299316 0.996216 -0.063477 -0.061279 -0.002808
0.025391 -0.325195 0.967041 -0.087280 -0.056274 -0.023438
0.007690 -0.364136 0.944458 -0.079834 -0.067383 -0.028809
0.020020 -0.374756 0.962646 -0.039429 -0.092041 -0.033813
0.056396 -0.364136 1.006226 -0.037231 -0.102051 -0.026489
0.065186 -0.357178 1.008301 -0.077271 -0.081543 -0.007690
0.052246 -0.364258 0.981079 -0.171753 -0.062866 0.004028
0.038696 -0.374146 0.988037 -0.188721 -0.047852 0.024536
0.042480 -0.361572 0.981445 -0.103638 -0.039673 0.035400
0.052124 -0.366699 1.001343 -0.066284 -0.055420 0.024414
0.075806 -0.350098 1.031128 -0.034790 -0.064575 0.013672
0.083496 -0.350708 1.041626 -0.035034 -0.046143 0.013672
0.074707 -0.360107 1.030640 -0.053467 -0.020630 0.020264
0.054565 -0.364868 1.006104 -0.056885 -0.000366 0.024048
0.044434 -0.368164 0.983032 -0.038696 0.003296 0.022095
0.058228 -0.350220 0.995117 -0.021729 -0.000122 0.022583
0.065063 -0.342529 0.992065 -0.037598 0.017944 0.032227
0.047852 -0.363037 0.984009 -0.070313 0.041504 0.044922
0.032593 -0.382813 0.977051 -0.087769 0.050049 0.046997
0.027832 -0.385864 0.973755 -0.063232 0.042603 0.042603
0.029663 -0.385986 0.982544 -0.024536 0.029053 0.034668
0.028687 -0.385254 0.989502 -0.003906 0.019287 0.027954
0.027832 -0.374146 0.986084 0.002197 0.014038 0.028809
0.028564 -0.364014 0.963989 0.004517 0.012573 0.033813
0.023315 -0.357666 0.963013 0.022461 0.010010 0.038574
0.039185 -0.322632 1.009155 0.025879 0.009766 0.030518
0.012817 -0.353638 0.968140 -0.035034 0.028564 0.026245
0.004517 -0.355591 0.954834 -0.054077 0.028198 0.025757
-0.005371 -0.378540 0.953247 -0.048950 0.021484 0.029907
-0.003296 -0.386841 0.974121 -0.031128 0.006104 0.027466
-0.001831 -0.399536 0.972534 -0.018921 -0.009888 0.030640
0.001221 -0.407837 0.999634 -0.014160 -0.024292 0.035278
0.022583 -0.396851 1.034790 -0.005981 -0.027954 0.038330
0.028076 -0.399536 1.051147 0.001709 -0.012085 0.039795
0.022217 -0.381714 1.033569 0.001099 0.010986 0.042480
0.006470 -0.376221 1.004761 -0.009644 0.026001 0.045654
0.006592 -0.364258 0.999756 -0.016602 0.026611 0.051025
0.002686 -0.382080 1.000000 -0.017822 0.024658 0.057983
0.006226 -0.374023 0.991333 -0.012817 0.017456 0.060181
0.013184 -0.366211 0.992432 -0.006836 0.017212 0.063232
0.022095 -0.349976 1.003784 -0.008423 0.016846 0.063232
0.031982 -0.331055 1.005005 -0.014038 0.018921 0.056519
0.025146 -0.328247 0.995239 -0.014404 0.020752 0.043335
0.021362 -0.328979 0.991699 -0.007568 0.019409 0.029053
0.021484 -0.340820 0.996948 -0.002319 0.022583 0.023315
0.020630 -0.344849 1.001465 -0.012329 0.025513 0.027222
0.014771 -0.349365 0.990845 -0.030518 0.028809 0.032959
0.017456 -0.338135 0.981567 -0.037598 0.029419 0.032959
0.010498 -0.342163 0.972412 -0.035767 0.027466 0.032349
0.012939 -0.343628 0.988159 -0.034424 0.021606 0.027466
0.015503 -0.339233 0.986694 -0.035156 0.015991 0.021362
0.015747 -0.336426 0.988403 -0.030396 0.010132 0.018677
0.021606 -0.325073 0.985352 -0.028198 0.003784 0.014893
0.024048 -0.316528 0.989624 -0.021240 0.001587 0.006470
0.028198 -0.323975 0.987549 -0.017822 0.000244 -0.003540
0.025635 -0.330200 0.992798 -0.022583 0.000366 -0.016235
0.018555 -0.337769 0.981445 -0.036377 0.002563 -0.023560
0.015381 -0.338379 0.976196 -0.043823 0.006470 -0.019653
0.015869 -0.355469 0.989014 -0.049316 0.010986 -0.015747
0.009521 -0.381226 0.995239 -0.059326 0.016724 -0.014526
-0.005127 -0.398560 0.989136 -0.060913 0.019165 -0.010620
-0.007080 -0.388306 0.984619 -0.053589 0.013062 -0.009277
0.000977 -0.374512 0.993164 -0.046143 0.006104 -0.013062
0.002441 -0.372437 0.991455 -0.037842 0.006104 -0.020508
-0.000854 -0.366089 0.980347 -0.030151 0.009888 -0.029297
-0.003784 -0.375854 0.978516 -0.040161 0.017700 -0.030640
