0.093872 -0.254272 1.020752 -0.057251 -0.002563 -0.012451
0.082642 -0.265015 1.011108 -0.060425 0.000000 -0.013062
0.076538 -0.268799 1.007080 -0.045288 -0.004028 -0.016113
0.082886 -0.268066 1.012451 -0.029419 -0.012451 -0.016968
0.092896 -0.260132 1.026733 -0.029297 -0.015503 -0.020752
0.096191 -0.262817 1.024170 -0.023926 -0.012451 -0.022705
0.090820 -0.267578 1.014282 -0.027954 -0.003662 -0.024048
0.082275 -0.268555 1.008667 -0.029541 0.000366 -0.022583
0.076172 -0.277588 0.997803 -0.029419 -0.005371 -0.021484
0.076416 -0.278442 1.002441 -0.032104 -0.017212 -0.021484
0.091553 -0.280762 1.023438 -0.026367 -0.027344 -0.018311
0.102417 -0.280029 1.032471 -0.032837 -0.024902 -0.012207
0.100952 -0.274902 1.030762 -0.041260 -0.015625 -0.012207
0.097778 -0.282593 1.024658 -0.042114 -0.007935 -0.014038
0.093628 -0.284546 1.015991 -0.042725 -0.007080 -0.019287
0.092041 -0.281006 1.006592 -0.040894 -0.012085 -0.025757
0.092529 -0.287598 1.018555 -0.037231 -0.019653 -0.031616
0.091919 -0.289551 1.019897 -0.039551 -0.023926 -0.029663
0.089355 -0.292969 1.015747 -0.034790 -0.022217 -0.024292
0.085449 -0.309204 1.020142 -0.029297 -0.023560 -0.032104
0.089722 -0.272949 1.013428 -0.041016 -0.028442 -0.025269
0.093384 -0.289429 1.020996 -0.025024 -0.020142 -0.021729
0.092285 -0.292725 1.017944 -0.022461 -0.018311 -0.026611
0.089844 -0.298340 1.021729 -0.023071 -0.016113 -0.031250
0.093018 -0.304321 1.027832 -0.010498 -0.014160 -0.034912
0.090576 -0.316406 1.031494 -0.019531 -0.007080 -0.032104
0.078369 -0.326050 1.020386 -0.026489 0.002075 -0.025269
0.068359 -0.343872 1.008423 -0.035156 0.005127 -0.017944
0.056152 -0.346436 0.997070 -0.031250 0.002075 -0.013306
0.046265 -0.348877 0.992432 -0.017822 -0.009644 -0.014160
0.057007 -0.349365 0.989014 -0.009155 -0.046753 -0.034058
0.056396 -0.333984 0.994751 -0.001709 -0.055664 -0.025024
0.070557 -0.339966 0.998535 0.013306 -0.072144 -0.020020
0.080322 -0.326538 0.996582 0.027954 -0.080322 -0.011475
0.084229 -0.321899 0.992432 0.037842 -0.084717 0.002930
0.085449 -0.330688 0.990112 0.045410 -0.096436 -0.001465
0.109009 -0.348633 1.006714 0.037354 -0.115967 -0.014160
0.122681 -0.324219 1.028564 0.021729 -0.117554 -0.006714
0.113770 -0.302979 1.025269 -0.018433 -0.115112 0.011108
0.117798 -0.294800 1.002686 -0.069214 -0.125732 0.015259
0.101929 -0.305908 0.996948 -0.089722 -0.123657 0.012695
0.105225 -0.293823 1.003418 -0.031128 -0.123047 -0.016968
0.108521 -0.257935 1.018311 0.002930 -0.126465 -0.031616
0.120728 -0.264648 1.015137 0.006348 -0.117065 -0.021973
0.139282 -0.262573 1.032227 0.023804 -0.106079 -0.009277
0.150024 -0.254517 1.043457 0.020874 -0.091553 0.007690
0.155640 -0.253174 1.046875 0.007935 -0.069702 0.035767
0.153931 -0.268921 1.047729 0.000488 -0.039185 0.057251
0.152588 -0.263794 1.041870 -0.001709 -0.013672 0.062622
0.146362 -0.267822 1.031982 -0.017578 0.009521 0.068848
0.131836 -0.272217 1.017944 -0.031250 0.028809 0.067505
0.114258 -0.273560 0.994263 -0.041016 0.034302 0.057007
0.108643 -0.281250 0.988159 -0.049316 0.026855 0.045532
0.102173 -0.281494 0.981567 -0.058838 0.016602 0.039551
0.097778 -0.279663 0.977295 -0.073730 0.004272 0.036743
0.099487 -0.291626 0.984009 -0.071411 -0.006592 0.034546
0.110229 -0.296997 0.996216 -0.050537 -0.015015 0.027588
0.120972 -0.298584 1.022583 -0.040894 -0.015503 0.017090
0.122437 -0.296265 1.019653 -0.036499 -0.005005 0.009888
0.112427 -0.315552 1.013794 -0.038574 0.005005 0.006104
0.103149 -0.303955 0.997559 -0.033813 0.002441 -0.006104
0.098877 -0.308838 1.003418 -0.017578 -0.003296 -0.009033
0.108887 -0.291870 1.020630 0.010010 -0.004028 -0.021973
0.102295 -0.280151 1.013916 0.022705 0.000000 -0.024780
0.098755 -0.286011 1.000610 0.024658 -0.000610 -0.017944
0.097656 -0.288574 1.000488 0.028076 -0.014038 -0.031860
0.100464 -0.281250 0.996216 0.028320 -0.034546 -0.053101
0.101929 -0.252197 1.000122 0.029907 -0.063354 -0.077759
0.108398 -0.208862 1.026611 0.019653 -0.085205 -0.076660
0.120483 -0.226074 1.036865 -0.011719 -0.084351 -0.044678
0.122437 -0.213867 1.045532 -0.037598 -0.075439 -0.029541
0.117432 -0.217773 1.028931 -0.108643 -0.070679 -0.018066
0.109131 -0.232788 1.004028 -0.161743 -0.071777 -0.015991
0.112793 -0.214722 1.017578 -0.152588 -0.069458 -0.029297
0.120728 -0.256592 1.011353 -0.142944 -0.061157 -0.009277
0.130127 -0.291382 1.022217 -0.150146 -0.048462 0.002563
0.133057 -0.304932 1.029297 -0.151978 -0.032227 0.016479
0.112183 -0.309937 1.009521 -0.155029 -0.012695 0.031006
0.103394 -0.313965 0.991211 -0.143188 -0.004150 0.049438
0.100342 -0.290649 0.985229 -0.131104 -0.012329 0.059082
0.106201 -0.278564 0.987427 -0.123413 -0.015747 0.070557
0.114868 -0.277344 1.007813 -0.117798 -0.019043 0.075317
0.121704 -0.295654 1.015503 -0.096069 -0.012939 0.077148
0.112427 -0.302368 1.003296 -0.070679 -0.006958 0.075928
0.098022 -0.299561 0.991577 -0.056396 -0.007935 0.074585
0.100342 -0.292725 0.999268 -0.046021 -0.021118 0.073242
0.105957 -0.271729 1.006348 -0.051514 -0.037842 0.065063
0.113037 -0.278076 1.018066 -0.047852 -0.037964 0.060059
0.114136 -0.272095 1.022827 -0.037109 -0.037476 0.044189
0.115112 -0.277344 1.011230 -0.030762 -0.033203 0.032104
0.114502 -0.299927 1.004517 -0.023682 -0.032227 0.025757
0.119141 -0.296387 1.021362 -0.018188 -0.032593 0.038330
0.116455 -0.300659 1.021362 -0.033203 -0.023438 0.055786
0.110840 -0.309937 1.011475 -0.034546 -0.015747 0.058716
0.107544 -0.312988 1.011719 -0.038696 -0.016968 0.050049
0.106934 -0.322510 1.011108 -0.039429 -0.023193 0.047607
0.110840 -0.310791 1.008911 -0.027466 -0.033203 0.043701
0.117188 -0.303345 1.022095 -0.016968 -0.042236 0.045532
0.130737 -0.302856 1.038330 -0.015503 -0.042725 0.048462
0.133179 -0.298584 1.045898 -0.021118 -0.034424 0.045410
0.121338 -0.300903 1.031982 -0.015747 -0.024170 0.040405
0.114502 -0.304321 1.018799 -0.007324 -0.017944 0.031128
0.106323 -0.311401 1.015137 -0.008911 -0.018799 0.026245
0.105591 -0.299805 1.009644 -0.012695 -0.022339 0.029297
0.113159 -0.274414 1.007446 -0.027832 -0.030640 0.032837
0.114014 -0.288818 1.012695 -0.035156 -0.028687 0.036743
0.116211 -0.294189 1.006836 -0.030762 -0.026611 0.038818
0.114380 -0.302734 1.006226 -0.041748 -0.023804 0.041626
0.108398 -0.312744 0.998047 -0.051514 -0.018555 0.049561
0.105103 -0.311768 0.986206 -0.062256 -0.011963 0.055908
0.090698 -0.310059 0.978149 -0.074341 -0.005127 0.061890
0.093628 -0.314331 0.966919 -0.093140 -0.007568 0.062134
0.079834 -0.339844 0.980957 -0.105713 -0.017334 0.052979
0.089966 -0.346191 0.971069 -0.107544 -0.047607 0.028076
0.061890 -0.395508 0.954834 -0.093506 -0.065186 0.037598
0.074341 -0.396606 0.975586 -0.029907 -0.092773 0.038086
0.107422 -0.350708 1.023560 0.067749 -0.121826 0.016357
0.129639 -0.329956 1.043335 0.103394 -0.121216 0.005371
0.148315 -0.309692 1.064453 0.113281 -0.103271 0.001953
0.161255 -0.299805 1.069336 0.090698 -0.068726 0.017578
0.154419 -0.283936 1.061646 0.046509 -0.033691 0.038086
0.136108 -0.278320 1.021606 0.014282 -0.003906 0.055908
0.121338 -0.275391 0.995605 0.000610 0.008057 0.067505
0.120605 -0.274780 0.980957 -0.002441 -0.002930 0.056519
0.118652 -0.253418 0.992432 0.008179 -0.010010 0.055420
0.109497 -0.264526 0.977905 0.007690 -0.012695 0.056641
0.123901 -0.259521 0.999390 0.028320 -0.029297 0.036865
0.132324 -0.249878 1.011230 0.031982 -0.035034 0.020508
0.129395 -0.251587 1.015015 0.023071 -0.029053 0.012939
0.137329 -0.259033 1.025024 0.021851 -0.021240 0.016602
0.132324 -0.269165 1.023438 0.009766 -0.008667 0.020630
0.126831 -0.271240 1.016357 0.006836 0.001953 0.026367
0.119751 -0.275879 1.006958 -0.008057 0.005737 0.037720
0.112671 -0.272827 1.006226 -0.022827 0.004272 0.050659
0.112549 -0.279297 1.001465 -0.022339 0.001831 0.058960
0.116333 -0.276367 1.009644 -0.013550 -0.002686 0.047241
0.127808 -0.272217 1.018433 -0.005371 -0.001587 0.035889
0.124146 -0.261841 1.006958 -0.010376 0.011597 0.032959
0.097168 -0.278687 0.972046 -0.019775 0.019043 0.035522
0.085693 -0.283691 0.953979 -0.016724 0.007324 0.029907
0.085205 -0.288818 0.960693 0.000244 -0.017212 0.022583
0.091187 -0.277954 0.975098 0.022949 -0.039307 0.011597
0.103271 -0.270630 0.995605 0.032471 -0.054077 0.013062
0.115601 -0.266479 1.013062 0.016479 -0.056030 0.027222
0.123413 -0.270630 1.036499 -0.004761 -0.046997 0.040527
0.121460 -0.279053 1.033691 -0.029175 -0.029785 0.057983
0.113281 -0.281616 1.028076 -0.041016 -0.020264 0.062134
0.116821 -0.289795 1.034302 -0.026489 -0.021362 0.055420
0.122437 -0.274292 1.036255 -0.006958 -0.020874 0.052124
0.120972 -0.264648 1.036621 -0.012207 -0.015503 0.058716
