0.090576 -0.253052 1.017456 -0.040283 -0.010254 -0.022339
0.088745 -0.253540 1.020142 -0.039673 -0.015625 -0.029297
0.090576 -0.255859 1.019165 -0.032104 -0.017578 -0.031128
0.086670 -0.253418 1.025024 -0.028076 -0.015991 -0.031128
0.087769 -0.254150 1.010498 -0.033569 -0.017578 -0.030151
0.083496 -0.262695 1.011963 -0.030029 -0.021606 -0.030029
0.094482 -0.257568 1.016968 -0.014526 -0.029297 -0.032837
0.095825 -0.250854 1.018555 -0.007690 -0.023071 -0.025391
0.096924 -0.247192 1.021729 -0.011597 -0.015991 -0.024902
0.091309 -0.263550 1.018921 -0.029175 -0.010498 -0.024292
0.082153 -0.279541 1.004761 -0.043457 -0.010010 -0.022095
0.078735 -0.279419 0.993164 -0.035645 -0.013306 -0.019409
0.080322 -0.277344 0.996826 -0.036377 -0.020386 -0.017456
0.086060 -0.285156 1.005859 -0.040771 -0.024536 -0.014404
0.090088 -0.286133 1.013916 -0.037476 -0.020874 -0.008423
0.094360 -0.288696 1.009644 -0.048218 -0.015747 -0.005615
0.085449 -0.297485 1.012207 -0.045044 -0.010132 -0.002319
0.067993 -0.323853 0.992920 -0.028564 -0.001587 -0.000244
0.052124 -0.331787 0.976929 -0.027466 -0.003418 0.001709
0.046265 -0.337036 0.967285 -0.036621 -0.016357 0.004395
0.048584 -0.323730 0.983276 -0.035400 -0.040527 -0.005127
0.055054 -0.344238 0.996216 -0.017578 -0.063965 -0.007935
0.063843 -0.335327 1.011230 0.005615 -0.081299 -0.015747
0.077271 -0.332764 1.021362 0.006226 -0.095093 -0.010010
0.100708 -0.308716 1.043091 0.018311 -0.098511 -0.004272
0.112549 -0.291870 1.046875 0.007813 -0.089233 0.012451
0.109741 -0.304932 1.045166 -0.023438 -0.077271 0.012451
0.104492 -0.298340 1.026733 -0.016602 -0.061646 0.022583
0.112183 -0.280151 1.021973 0.023438 -0.051758 0.032227
0.115112 -0.293823 1.030884 0.005737 -0.055664 0.033081
0.123169 -0.281738 1.038574 0.002197 -0.057251 0.030273
0.129150 -0.269531 1.038208 -0.000488 -0.055664 0.023438
0.129028 -0.241333 1.029907 -0.014526 -0.056885 0.017212
0.130737 -0.231689 1.016968 -0.025635 -0.055908 0.011719
0.138794 -0.224365 1.019653 -0.043579 -0.053833 0.002441
0.139771 -0.219360 1.029297 -0.061768 -0.049805 -0.009888
0.131470 -0.218628 1.014404 -0.083008 -0.043457 -0.014160
0.129028 -0.219360 1.003540 -0.092896 -0.039551 -0.023560
0.123779 -0.229614 0.992554 -0.097168 -0.048828 -0.039063
0.120728 -0.232666 0.996582 -0.103516 -0.065063 -0.049072
0.134033 -0.248901 1.016479 -0.087891 -0.073120 -0.042358
0.144653 -0.256714 1.046265 -0.083130 -0.070190 -0.036499
0.144653 -0.263794 1.051392 -0.103027 -0.050049 -0.035645
0.134033 -0.256958 1.033325 -0.106445 -0.026001 -0.032471
0.119995 -0.277222 1.011719 -0.091431 -0.009277 -0.027588
0.111450 -0.289429 1.007202 -0.058960 -0.008789 -0.026611
0.109131 -0.305664 1.016846 -0.027588 -0.013428 -0.015259
0.121704 -0.291016 1.030884 -0.020630 -0.020264 -0.010864
0.121216 -0.283569 1.031006 -0.027588 -0.025757 -0.008789
0.130005 -0.277222 1.036255 -0.025879 -0.026245 -0.004272
0.127197 -0.273193 1.022949 -0.037109 -0.024170 -0.008545
0.135498 -0.263428 1.023193 -0.048950 -0.027344 -0.021118
0.131348 -0.274414 1.030273 -0.060059 -0.026001 -0.022461
0.133423 -0.288696 1.030151 -0.066284 -0.017700 -0.019409
0.129639 -0.289673 1.027710 -0.061401 -0.010986 -0.022095
0.126343 -0.303223 1.019409 -0.040039 -0.003418 -0.015381
0.130005 -0.303589 1.022095 -0.019531 0.005493 -0.005737
0.126709 -0.302490 1.025269 -0.034302 0.010986 0.005981
0.121704 -0.290771 1.008179 -0.054443 0.012207 0.010010
0.114258 -0.294189 1.002075 -0.063843 0.006592 0.011108
0.104248 -0.304443 1.000488 -0.054199 0.002563 0.010742
0.110718 -0.303589 1.006348 -0.033691 -0.002441 0.005737
0.110352 -0.315674 1.022339 -0.028809 -0.007813 0.003174
0.117310 -0.318237 1.031006 -0.035034 -0.007446 0.007080
0.118652 -0.312622 1.029907 -0.049805 -0.004517 0.008667
0.112183 -0.298462 1.021362 -0.061401 0.000977 0.012695
0.104248 -0.298096 0.999268 -0.058594 0.005737 0.018555
0.103394 -0.299561 1.008423 -0.040039 0.004883 0.011963
0.099365 -0.298828 1.009644 -0.022949 -0.000610 0.000732
0.096924 -0.297119 1.015625 -0.020874 -0.005371 -0.000610
0.102417 -0.294434 1.017456 -0.026001 -0.008301 0.007690
0.108643 -0.279663 1.024048 -0.026611 -0.007813 0.022705
0.111816 -0.270386 1.015137 -0.042236 0.000122 0.034912
0.105835 -0.255859 1.010010 -0.056274 0.005005 0.030884
0.103271 -0.248535 0.994263 -0.055542 0.005859 0.017944
0.101685 -0.265137 0.995117 -0.046509 0.007202 0.010986
0.100708 -0.276123 0.995605 -0.044434 0.007202 0.011475
0.098267 -0.283691 0.993530 -0.047363 0.003052 0.007446
0.095337 -0.289307 1.002441 -0.042114 -0.002808 0.001831
0.095703 -0.281616 0.992432 -0.041382 -0.009399 0.006104
0.092407 -0.279541 0.989014 -0.040161 -0.008667 0.011597
0.085083 -0.270630 0.984497 -0.033813 -0.007813 0.021240
0.082642 -0.264893 0.981812 -0.040649 -0.016357 0.029785
0.090576 -0.273071 0.992432 -0.035522 -0.032837 0.029053
0.099487 -0.276367 1.014771 -0.017334 -0.049438 0.018311
0.110107 -0.275879 1.027832 0.003174 -0.053711 0.015381
0.121216 -0.264648 1.044189 0.005127 -0.046753 0.015381
0.118774 -0.260864 1.039673 -0.002075 -0.031982 0.012573
0.118042 -0.256592 1.037231 -0.001099 -0.020264 0.010132
0.122070 -0.273804 1.038330 -0.015259 -0.011475 0.014404
0.112305 -0.277466 1.034180 -0.023682 -0.004639 0.021973
0.107910 -0.272705 1.030884 -0.024048 -0.004028 0.027954
0.104492 -0.266479 1.032715 -0.016968 -0.005371 0.026611
0.094727 -0.263062 1.013428 -0.015991 -0.004883 0.025391
0.096191 -0.276489 1.007446 -0.014282 -0.010986 0.025024
0.102295 -0.279907 1.022461 -0.019653 -0.015625 0.032349
0.100952 -0.267822 1.015625 -0.038940 -0.015381 0.037598
0.103638 -0.265625 1.021362 -0.047852 -0.018433 0.034546
0.105957 -0.264282 1.021484 -0.054321 -0.021973 0.026855
0.102539 -0.277466 1.015869 -0.053955 -0.015991 0.022827
0.102173 -0.282959 1.022095 -0.041016 -0.009766 0.019775
0.099976 -0.286743 1.018066 -0.044922 -0.005859 0.020996
0.099121 -0.295044 1.013794 -0.052612 -0.000610 0.019165
0.098877 -0.299194 1.017456 -0.050903 0.001343 0.011841
0.100464 -0.300049 1.021484 -0.051514 0.004150 0.005249
0.106689 -0.292969 1.029541 -0.047607 0.006592 -0.004761
0.097900 -0.275024 1.024658 -0.047852 0.006104 -0.022705
0.100952 -0.271851 1.028809 -0.050659 0.003296 -0.037964
0.097168 -0.274536 1.021851 -0.053223 -0.001953 -0.052368
0.086182 -0.274292 1.008179 -0.050903 -0.018311 -0.074951
0.089111 -0.291138 1.003784 -0.026123 -0.049438 -0.097168
0.106445 -0.275879 1.019287 -0.006470 -0.070679 -0.104736
0.111816 -0.290527 1.005859 -0.012817 -0.072632 -0.101440
0.127686 -0.297485 1.023071 -0.025757 -0.080811 -0.090332
0.118652 -0.297119 1.024170 -0.038330 -0.067383 -0.065552
0.113892 -0.298462 1.016235 -0.020752 -0.027588 -0.037231
0.092285 -0.284790 0.990234 -0.000854 0.002075 -0.028076
0.087036 -0.282837 0.976929 0.018677 0.005859 -0.025513
0.084717 -0.283813 0.978271 0.050049 -0.006470 -0.039185
0.080322 -0.277466 0.970337 0.083252 -0.025513 -0.051514
0.075073 -0.287354 0.960449 0.105469 -0.050049 -0.059937
0.096069 -0.280029 0.989746 0.126587 -0.075195 -0.060547
0.117920 -0.267822 1.009399 0.113647 -0.077881 -0.039551
0.128540 -0.254395 1.030029 0.077393 -0.061646 -0.012451
0.128906 -0.243286 1.021729 0.033691 -0.034668 0.017700
0.125610 -0.233154 1.026367 -0.014893 -0.015259 0.037109
0.110107 -0.234985 0.999634 -0.043945 -0.003784 0.044312
0.092163 -0.249634 0.972168 -0.054199 -0.010742 0.035767
0.098389 -0.264282 0.988770 -0.034668 -0.035034 0.015625
0.098267 -0.277344 0.994629 -0.007935 -0.059692 -0.000854
0.098999 -0.271973 0.995728 0.026245 -0.075684 -0.015259
0.116333 -0.260986 1.021484 0.056885 -0.087769 -0.024048
0.139771 -0.245850 1.045044 0.053711 -0.086548 -0.024536
0.154297 -0.244141 1.056641 0.017090 -0.066528 -0.013672
0.150513 -0.235474 1.041382 -0.026001 -0.036377 0.000854
0.140381 -0.239746 1.036987 -0.068970 -0.018555 0.001221
0.132446 -0.253784 1.026489 -0.097168 -0.014038 -0.012207
0.122314 -0.272705 1.026855 -0.105957 -0.018555 -0.040771
0.101563 -0.294678 1.010376 -0.098877 -0.031616 -0.064331
0.089355 -0.298096 0.979492 -0.065552 -0.057739 -0.086304
0.086060 -0.302612 0.984619 -0.021729 -0.082642 -0.090454
0.126831 -0.267212 1.038818 0.005005 -0.107544 -0.097778
0.145874 -0.252686 1.064331 -0.021362 -0.102905 -0.096680
0.144043 -0.265625 1.046387 -0.076172 -0.067993 -0.078369
0.129028 -0.287109 1.021851 -0.107666 -0.039673 -0.057495
0.111084 -0.302368 0.988892 -0.106323 -0.032959 -0.045288
0.106201 -0.328247 0.985474 -0.077637 -0.045044 -0.031006
0.112427 -0.328979 0.982056 -0.043213 -0.069458 -0.017700
0.139771 -0.338867 1.004517 -0.020386 -0.082886 0.000122
0.160645 -0.319702 1.041260 0.016113 -0.077148 0.015381
