0.062988 -0.296387 0.995972 -0.079956 0.171997 0.204468
0.057495 -0.321045 1.006836 -0.080444 0.165161 0.154297
0.034058 -0.332642 1.001709 -0.047974 0.158447 0.125977
0.027344 -0.330078 0.992798 -0.022705 0.131836 0.102539
0.025391 -0.391113 1.039307 0.028564 0.104736 0.085815
0.065186 -0.334839 1.078735 0.096191 0.081177 0.074951
0.053833 -0.356201 1.080566 0.109863 0.079956 0.078003
0.079712 -0.299927 1.094727 0.133545 0.078247 0.043945
0.043091 -0.299927 1.083740 0.147217 0.104126 0.043457
0.055664 -0.262817 1.101563 0.107422 0.110107 0.035156
0.065430 -0.250610 1.100952 0.009766 0.109741 0.015259
0.036743 -0.282959 1.075928 -0.044189 0.110718 -0.004150
0.024414 -0.279785 1.045898 -0.051147 0.079834 -0.052612
0.012817 -0.250610 1.020386 -0.044189 0.041626 -0.037231
-0.007935 -0.299194 1.010132 -0.028809 0.028442 0.003174
0.010864 -0.288086 1.024658 0.031006 0.017456 0.001343
0.017822 -0.285156 1.022461 0.052002 0.004883 -0.000610
0.013428 -0.282837 0.999390 0.065552 -0.013062 -0.029663
0.024536 -0.252930 0.961670 0.093628 -0.038330 -0.061279
0.007202 -0.286255 0.968506 0.137817 -0.054077 -0.048340
0.031616 -0.276611 0.983521 0.162598 -0.085327 -0.048462
0.081909 -0.237915 1.019897 0.137329 -0.111206 -0.040283
0.095581 -0.239624 1.033813 0.095825 -0.119751 -0.027466
0.106812 -0.211792 1.021606 0.095581 -0.132813 -0.049561
0.108398 -0.191162 1.025635 0.109985 -0.150757 -0.081421
0.117920 -0.186890 0.990723 0.080688 -0.165771 -0.086426
0.150146 -0.186523 1.008179 0.036011 -0.171387 -0.075439
0.175903 -0.181641 1.057617 0.016113 -0.160889 -0.055054
0.200928 -0.148926 1.030273 -0.016357 -0.144287 -0.039551
0.208008 -0.164429 1.036011 -0.035767 -0.135620 -0.046509
0.236816 -0.148071 1.053223 -0.017212 -0.124268 -0.082642
0.248779 -0.150879 1.061646 0.001343 -0.091187 -0.106567
0.247803 -0.167725 1.060181 0.011475 -0.057617 -0.128906
0.244263 -0.159424 1.052490 -0.006836 -0.032959 -0.159668
0.215088 -0.201172 1.023438 -0.041870 -0.015381 -0.192017
0.198486 -0.220215 1.015625 -0.064697 -0.025757 -0.231323
0.205811 -0.235107 1.014038 -0.062256 -0.035522 -0.250244
0.211060 -0.208862 0.988159 -0.043091 -0.028564 -0.262085
0.198608 -0.222168 0.952148 -0.001221 -0.010986 -0.264160
0.187622 -0.234009 0.937012 0.048462 -0.005493 -0.267456
0.183350 -0.248047 0.945923 0.088745 0.000366 -0.261597
0.199829 -0.249756 0.962646 0.112305 0.015625 -0.252563
0.221069 -0.235229 0.996338 0.066040 0.047607 -0.241333
0.187378 -0.262207 0.968262 -0.057983 0.090698 -0.209351
0.158813 -0.254028 0.942749 -0.146118 0.123657 -0.173706
0.141113 -0.272217 0.922485 -0.211670 0.128540 -0.149414
0.125244 -0.307007 0.926270 -0.215698 0.121216 -0.158813
0.127563 -0.317627 0.942261 -0.162842 0.107910 -0.193481
0.109863 -0.347412 0.941406 -0.128418 0.091675 -0.219116
0.113281 -0.330566 0.943848 -0.083618 0.084595 -0.232788
0.112427 -0.303101 0.945923 -0.083618 0.087158 -0.239746
0.089478 -0.325684 0.934937 -0.127563 0.097778 -0.236572
0.078613 -0.307251 0.932007 -0.139771 0.108643 -0.239746
0.061035 -0.315918 0.911377 -0.153809 0.113037 -0.219360
0.041382 -0.366455 0.903809 -0.189941 0.107544 -0.197510
0.057495 -0.373535 0.931519 -0.164551 0.082397 -0.204834
0.050049 -0.389160 0.934448 -0.137329 0.056396 -0.219116
0.055786 -0.357422 0.925781 -0.094727 0.028931 -0.234131
0.077637 -0.341187 0.942383 -0.054932 0.018188 -0.232910
0.082275 -0.355713 0.977295 -0.075439 0.018921 -0.230591
0.080688 -0.348877 0.991455 -0.068970 0.038330 -0.225220
0.059814 -0.382935 0.977783 -0.100220 0.063232 -0.205200
0.053955 -0.395752 0.973633 -0.156006 0.063477 -0.185547
0.031128 -0.430298 0.973755 -0.184448 0.063477 -0.163818
0.027710 -0.446777 0.968750 -0.172974 0.057129 -0.163818
0.024414 -0.462158 0.972046 -0.147217 0.031494 -0.178955
0.014282 -0.492920 0.988281 -0.103882 0.000000 -0.192383
0.030151 -0.507935 1.024414 -0.049438 -0.026001 -0.196655
0.061401 -0.466431 1.058472 -0.029663 -0.029419 -0.167969
0.068237 -0.450439 1.046021 -0.062500 -0.006348 -0.119385
0.055298 -0.442505 1.029297 -0.096313 0.014038 -0.092407
0.046021 -0.442139 1.022095 -0.109131 0.021729 -0.081543
0.037964 -0.435547 0.998169 -0.103027 0.019653 -0.080933
0.021729 -0.440186 0.991577 -0.077271 0.015869 -0.077515
0.003540 -0.436523 0.967407 -0.045044 0.013306 -0.065918
-0.009521 -0.409668 0.942017 -0.030640 -0.000732 -0.055298
-0.012573 -0.411865 0.927979 -0.036255 -0.023804 -0.041748
-0.014404 -0.392334 0.910400 -0.015015 -0.041748 -0.047363
-0.025879 -0.404541 0.902344 0.031128 -0.068359 -0.052612
-0.031982 -0.411133 0.903564 0.065430 -0.103149 -0.065918
-0.009155 -0.397339 0.932129 0.086670 -0.134888 -0.070923
-0.004272 -0.386719 0.935547 0.075562 -0.138672 -0.048462
-0.007446 -0.362305 0.923706 0.035889 -0.132446 -0.024292
-0.015137 -0.349731 0.896973 -0.004395 -0.133545 -0.015869
-0.020386 -0.351440 0.902344 -0.009399 -0.141968 -0.025757
-0.030884 -0.357788 0.895386 -0.017212 -0.166870 -0.032593
-0.020630 -0.371216 0.914917 -0.015015 -0.204102 -0.033203
0.013306 -0.355347 0.957275 0.004028 -0.227051 -0.024048
0.027100 -0.359863 1.001099 0.001709 -0.229492 0.000000
0.054321 -0.345093 1.031738 -0.022461 -0.227539 0.022217
0.066650 -0.339966 1.051392 -0.039551 -0.214478 0.041260
0.075439 -0.339355 1.066650 -0.034302 -0.198853 0.043701
0.072388 -0.344727 1.078979 -0.040771 -0.187866 0.036499
0.065063 -0.378052 1.083984 -0.045532 -0.173340 0.043213
0.062744 -0.389038 1.085571 -0.048584 -0.154297 0.064209
0.061035 -0.382446 1.085571 -0.057617 -0.135620 0.092529
0.065186 -0.366821 1.072388 -0.064331 -0.122437 0.111206
0.055908 -0.349365 1.053589 -0.062988 -0.113281 0.129150
0.050903 -0.367432 1.038452 -0.041260 -0.108521 0.141968
0.064453 -0.366089 1.047363 -0.009155 -0.113159 0.150879
0.068359 -0.347534 1.039795 0.007202 -0.114624 0.155762
0.089233 -0.311401 1.042725 0.020142 -0.113159 0.156128
0.101196 -0.309082 1.057739 0.010376 -0.100952 0.163574
0.114746 -0.293457 1.062866 -0.007568 -0.087036 0.172607
0.125488 -0.296509 1.090942 -0.012817 -0.068604 0.190430
0.147217 -0.293457 1.101318 -0.013062 -0.061401 0.211670
0.151733 -0.284668 1.110352 -0.001465 -0.039673 0.210327
0.156982 -0.269897 1.102783 0.011719 -0.017334 0.200684
0.137451 -0.275269 1.096924 0.004517 -0.005371 0.189941
0.120605 -0.297363 1.086914 0.007568 0.006836 0.181641
0.111938 -0.296387 1.069580 0.000732 0.004272 0.183350
0.105713 -0.289673 1.071045 -0.044434 -0.010254 0.187378
0.121826 -0.284180 1.049072 -0.053589 -0.028931 0.180420
0.108154 -0.291382 1.017334 -0.029907 -0.042725 0.165039
0.097900 -0.325928 1.016724 -0.004028 -0.041138 0.155884
0.100708 -0.330811 1.006836 -0.011353 -0.042847 0.174561
0.112671 -0.301514 0.994263 -0.012085 -0.031006 0.208740
0.102905 -0.292358 0.980835 -0.034058 -0.021606 0.261963
0.095703 -0.318359 0.969849 -0.051270 -0.013550 0.296265
0.110107 -0.306030 0.963623 0.027954 -0.022217 0.294800
0.119507 -0.302856 0.958618 0.028564 -0.028809 0.298462
0.116699 -0.308350 0.988159 0.040161 -0.032837 0.290283
0.125244 -0.289185 0.987915 0.087524 -0.019165 0.282104
0.120972 -0.289795 0.953857 0.096313 -0.020264 0.266235
0.128418 -0.294067 0.968872 0.086060 -0.028687 0.243896
0.123901 -0.287231 0.958496 0.046387 -0.034546 0.240845
0.128296 -0.278687 0.953003 0.010376 -0.032471 0.244019
0.142944 -0.264526 0.953979 -0.002930 -0.021973 0.234375
0.139160 -0.277954 0.948364 0.018677 -0.020630 0.214111
0.136353 -0.295410 0.959229 0.046753 -0.030762 0.202881
0.149780 -0.295288 0.973755 0.061157 -0.034180 0.200928
0.153320 -0.292969 0.976318 0.059082 -0.020874 0.209595
0.146729 -0.288330 0.967285 0.056519 -0.006104 0.213013
0.162476 -0.262939 0.975220 0.048462 -0.003906 0.210205
0.159180 -0.269653 0.967896 0.042358 0.003662 0.213257
0.167603 -0.265869 0.969482 0.046387 0.003662 0.210938
0.181030 -0.239746 0.968384 0.051880 0.001953 0.203125
0.196411 -0.214844 0.973145 0.050781 0.001099 0.185791
0.221436 -0.191772 0.984375 0.046509 0.000244 0.160278
0.226563 -0.202026 0.993164 0.041016 0.003174 0.143311
0.239868 -0.208008 1.014160 0.037231 0.008667 0.126587
0.230591 -0.217529 1.011230 0.016113 0.007202 0.104736
0.228760 -0.230469 0.996948 0.002686 -0.007202 0.084473
0.233521 -0.222900 0.981689 0.010376 -0.028809 0.060547
0.243530 -0.196289 0.974976 0.032715 -0.049194 0.032349
0.266357 -0.180664 0.988770 0.057617 -0.057373 -0.002686
0.272095 -0.180664 1.000977 0.070190 -0.049194 -0.036621
0.266479 -0.181152 0.990112 0.047241 -0.033447 -0.062134
0.256836 -0.177002 0.973267 0.006958 -0.018311 -0.078979
0.234863 -0.202148 0.969727 -0.029297 -0.004150 -0.083618
