0.011353 -0.361084 0.953247 0.050903 -0.155273 0.053589
0.021484 -0.300049 0.981567 0.083496 -0.170898 0.067383
0.033325 -0.263794 1.004639 0.067017 -0.162964 0.086914
0.044434 -0.222290 1.035400 0.030273 -0.145264 0.108398
0.057495 -0.198975 1.067627 -0.004272 -0.126831 0.122437
0.077637 -0.147461 1.089844 -0.011841 -0.110474 0.103394
0.068359 -0.135986 1.097290 0.014404 -0.088135 0.056763
0.045166 -0.146606 1.078491 0.066284 -0.073975 0.017090
0.028564 -0.156616 1.068848 0.104614 -0.083374 -0.004639
0.033691 -0.142944 1.081421 0.128906 -0.097656 -0.000854
0.054199 -0.114624 1.093994 0.130737 -0.101685 0.004639
0.065552 -0.098633 1.102173 0.132568 -0.091064 -0.000977
0.079224 -0.080078 1.108643 0.141235 -0.075684 -0.009399
0.075684 -0.053711 1.089233 0.123291 -0.053101 -0.018555
0.067017 -0.044800 1.070679 0.060425 -0.040527 -0.021606
0.053467 -0.070923 1.059448 0.000488 -0.029907 -0.011108
0.036865 -0.102417 1.038818 -0.026978 -0.022827 -0.006592
0.024780 -0.120850 1.005127 -0.033813 -0.029785 -0.019287
0.021484 -0.126099 0.990967 -0.021729 -0.045776 -0.045410
0.022095 -0.147217 1.000122 -0.001099 -0.061401 -0.073364
0.023926 -0.158447 1.011597 0.002075 -0.073975 -0.082153
0.016235 -0.182007 1.008057 -0.008057 -0.080200 -0.072021
0.017090 -0.188110 1.014160 -0.005371 -0.088013 -0.057983
0.018677 -0.184814 1.009521 0.001221 -0.096436 -0.039673
0.025391 -0.189453 1.014282 0.012451 -0.103027 -0.025391
0.045166 -0.181274 1.043945 0.017578 -0.114014 -0.023560
0.055420 -0.176758 1.051147 -0.000122 -0.121338 -0.022217
0.059204 -0.181274 1.044556 -0.028931 -0.132324 -0.022339
0.054443 -0.178833 1.033691 -0.040161 -0.140869 -0.028198
0.055908 -0.167480 1.025391 -0.022095 -0.145264 -0.039673
0.059448 -0.165649 1.012451 -0.014038 -0.153687 -0.046387
0.070435 -0.159302 1.012329 -0.000854 -0.163330 -0.055176
0.098145 -0.149658 1.034180 0.006104 -0.169678 -0.073486
0.122681 -0.146973 1.064087 -0.010376 -0.164185 -0.084473
0.136230 -0.144409 1.087891 -0.035034 -0.144897 -0.096924
0.120972 -0.148804 1.071411 -0.043579 -0.118896 -0.108765
0.108765 -0.158325 1.050049 -0.041870 -0.100708 -0.117310
0.111206 -0.150391 1.046631 -0.055786 -0.090332 -0.118042
0.106934 -0.161011 1.030151 -0.072266 -0.079956 -0.108154
0.103882 -0.166260 1.026245 -0.082642 -0.080566 -0.103394
0.117920 -0.167480 1.028687 -0.087402 -0.092041 -0.105835
0.141479 -0.158569 1.038330 -0.078003 -0.101318 -0.123291
0.162598 -0.152466 1.049438 -0.067505 -0.104736 -0.151733
0.169678 -0.161621 1.049316 -0.058838 -0.104980 -0.185669
0.181152 -0.147827 1.040283 -0.044189 -0.091797 -0.213501
0.189819 -0.135254 1.034424 -0.037842 -0.066162 -0.229614
0.196777 -0.144653 1.033325 -0.057983 -0.029175 -0.233643
0.186401 -0.157593 1.027222 -0.103638 0.004272 -0.241211
0.171143 -0.191162 1.006714 -0.152710 0.028687 -0.247314
0.168823 -0.210815 1.000122 -0.171509 0.042358 -0.254639
0.161255 -0.239258 1.002686 -0.172729 0.055054 -0.270508
0.136108 -0.270264 0.978516 -0.174316 0.066406 -0.280762
0.120972 -0.280884 0.949341 -0.157104 0.070068 -0.283813
0.106323 -0.283691 0.918335 -0.133057 0.066040 -0.291504
0.099487 -0.281494 0.897339 -0.107178 0.057739 -0.294067
0.086670 -0.288208 0.872803 -0.102295 0.043213 -0.290405
0.088867 -0.283691 0.862305 -0.103149 0.016235 -0.290161
0.102783 -0.283325 0.869873 -0.094727 -0.007568 -0.292603
0.137695 -0.252197 0.901733 -0.093750 -0.019653 -0.298462
0.151855 -0.234985 0.922119 -0.122314 -0.004028 -0.297729
0.149780 -0.254395 0.939331 -0.178101 0.034424 -0.294067
0.132813 -0.283447 0.940674 -0.246826 0.068726 -0.277832
0.112183 -0.313965 0.947021 -0.311157 0.078857 -0.256958
0.108887 -0.336792 0.966064 -0.359985 0.067627 -0.247559
0.106812 -0.343262 0.989380 -0.381836 0.052246 -0.251831
0.099731 -0.359985 0.997681 -0.366699 0.045532 -0.263550
0.098145 -0.374634 1.028687 -0.341553 0.039673 -0.282349
0.103760 -0.380737 1.056152 -0.338135 0.055054 -0.283813
0.078613 -0.407593 1.049438 -0.357422 0.093506 -0.263794
0.031616 -0.458618 1.024170 -0.361206 0.130981 -0.218018
-0.010742 -0.497314 0.990967 -0.346191 0.143799 -0.174194
-0.049438 -0.538574 0.964966 -0.308350 0.123169 -0.143799
-0.068237 -0.558594 0.968750 -0.262939 0.064331 -0.130127
-0.051025 -0.560547 0.997192 -0.192139 0.003784 -0.116455
-0.023560 -0.526489 1.013550 -0.101563 -0.027832 -0.110962
-0.018677 -0.508911 1.019409 -0.046265 -0.038208 -0.097290
-0.008789 -0.482300 1.014160 -0.038818 -0.042358 -0.082153
-0.020630 -0.466919 1.000366 -0.051880 -0.039673 -0.064087
-0.032104 -0.455566 0.969849 -0.054077 -0.035400 -0.046387
-0.039429 -0.448730 0.966309 -0.060303 -0.045044 -0.034790
-0.043213 -0.444092 0.961060 -0.076172 -0.062256 -0.027100
-0.036987 -0.432739 0.971680 -0.078979 -0.082153 -0.019287
-0.031006 -0.433716 0.987793 -0.062256 -0.104004 -0.007324
-0.025757 -0.432129 0.996094 -0.020264 -0.133423 0.000366
-0.009521 -0.401855 1.003052 0.032715 -0.168945 0.002563
0.006958 -0.367432 1.000366 0.065186 -0.202148 0.000488
0.026733 -0.350464 1.019287 0.071655 -0.218506 0.002686
0.046509 -0.317993 1.020874 0.038452 -0.207764 0.018921
0.052368 -0.302246 1.025269 -0.007935 -0.175293 0.037964
0.041138 -0.320557 1.009033 -0.037109 -0.145508 0.033447
0.016113 -0.338867 1.006104 -0.048462 -0.136719 0.010986
-0.022339 -0.368530 0.975342 -0.046997 -0.142700 0.004272
-0.046265 -0.414795 0.956177 0.004150 -0.172852 0.001587
-0.032837 -0.398193 0.977295 0.081299 -0.221069 0.000977
-0.012817 -0.382202 0.984009 0.143188 -0.255981 0.016724
0.017334 -0.361816 1.013550 0.184814 -0.278442 0.032593
0.057861 -0.338013 1.065063 0.194702 -0.284668 0.047729
0.077271 -0.309082 1.078369 0.184082 -0.260498 0.073608
0.093506 -0.270142 1.084473 0.150024 -0.208130 0.118164
0.097534 -0.238892 1.064941 0.084717 -0.142578 0.169434
0.090820 -0.222534 1.040894 0.010864 -0.086304 0.214355
0.080811 -0.228394 1.017822 -0.044189 -0.057495 0.235107
0.087036 -0.243408 1.021851 -0.061279 -0.059692 0.231567
0.117920 -0.263184 1.053467 -0.029907 -0.092041 0.214844
0.109009 -0.293335 1.087158 0.046997 -0.111816 0.175659
0.113892 -0.300537 1.096680 0.138306 -0.121216 0.141602
0.130859 -0.284302 1.107910 0.217163 -0.144531 0.121582
0.158569 -0.276123 1.114258 0.250000 -0.146729 0.130005
0.165405 -0.253296 1.116821 0.235962 -0.107666 0.141968
0.186523 -0.197876 1.119385 0.208008 -0.053101 0.166382
0.187988 -0.177490 1.084106 0.127930 -0.004883 0.199585
0.181519 -0.174683 1.084229 0.052246 0.049072 0.213867
0.165039 -0.189331 1.023315 -0.001587 0.079834 0.221802
0.128662 -0.228027 1.017822 -0.059326 0.105835 0.205444
0.109497 -0.264526 1.000977 -0.053711 0.099243 0.198364
0.105591 -0.297607 1.000122 -0.032349 0.084351 0.188721
0.113403 -0.291748 1.007568 0.014038 0.064575 0.177368
0.114380 -0.278198 0.993408 0.054443 0.046753 0.163574
0.108887 -0.271362 0.984253 0.080688 0.026855 0.154419
0.120361 -0.243042 1.001465 0.085327 0.011719 0.158081
0.128662 -0.239624 1.006470 0.062744 0.019409 0.183350
0.135010 -0.225220 1.009521 0.017456 0.043213 0.198242
0.125732 -0.224487 1.010132 -0.043457 0.064941 0.202148
0.112671 -0.232300 0.997314 -0.078735 0.077759 0.196411
0.097534 -0.250366 0.997559 -0.069702 0.081665 0.185303
0.094482 -0.259399 0.999023 -0.052979 0.075562 0.181030
0.097046 -0.267578 1.005005 -0.058594 0.065430 0.192017
0.095825 -0.261841 1.016724 -0.040894 0.068481 0.203247
0.091919 -0.251221 1.003662 -0.013916 0.073364 0.213379
0.094971 -0.251587 1.009521 0.014160 0.072388 0.219116
0.112549 -0.227539 1.020508 0.024048 0.066650 0.217529
0.116455 -0.223511 1.030273 0.040039 0.074951 0.209229
0.125488 -0.186523 1.020386 0.049194 0.082397 0.192139
0.120361 -0.191528 1.017700 0.034302 0.092407 0.172363
0.109253 -0.209473 1.009277 0.029175 0.100342 0.155762
0.105591 -0.225220 1.014648 -0.008301 0.098999 0.154907
0.106079 -0.225952 1.020752 -0.028931 0.105103 0.166016
0.104980 -0.212891 1.010376 -0.050659 0.110474 0.182373
0.113525 -0.191162 1.006104 -0.054688 0.111938 0.190552
0.116943 -0.175903 1.008179 -0.041138 0.119263 0.184448
0.105347 -0.179565 0.997681 -0.026489 0.133789 0.176270
0.090210 -0.177856 0.987427 -0.007324 0.145996 0.174805
0.085083 -0.161011 0.975586 0.008667 0.156250 0.177734
0.087036 -0.166138 0.964844 0.006836 0.161743 0.181274
0.080566 -0.191162 0.952515 -0.009766 0.167236 0.179443
0.070313 -0.199585 0.964966 -0.030884 0.169189 0.167847
0.038208 -0.222900 0.944946 -0.043823 0.158569 0.157959
0.026733 -0.221069 0.921875 -0.031128 0.132080 0.147217
0.037720 -0.213135 0.911987 -0.033325 0.090088 0.137085
0.052856 -0.195313 0.922363 -0.037231 0.052856 0.138550
