0.007446 -0.252319 0.932495 -0.114624 -0.130493 0.096069
0.017578 -0.231689 0.933350 -0.161255 -0.120117 0.123047
0.019897 -0.233887 0.917236 -0.179443 -0.105469 0.131104
0.034424 -0.238403 0.941528 -0.184082 -0.112427 0.112915
0.035156 -0.264526 0.957153 -0.191284 -0.130127 0.072754
0.025146 -0.298950 0.965088 -0.177856 -0.149170 0.029663
0.006714 -0.311157 0.971191 -0.143433 -0.169678 -0.006592
-0.007080 -0.320068 0.975098 -0.115234 -0.189941 -0.014893
-0.006836 -0.308716 0.984375 -0.108398 -0.202148 -0.003540
-0.001587 -0.308228 1.004761 -0.116699 -0.200562 0.021362
-0.011353 -0.309570 0.994629 -0.125977 -0.193359 0.048340
0.000244 -0.283691 0.994995 -0.133179 -0.197266 0.067017
0.020020 -0.266113 1.017944 -0.123047 -0.197632 0.080811
0.063965 -0.231812 1.067993 -0.117188 -0.188354 0.079224
0.055298 -0.228638 1.074097 -0.117798 -0.167480 0.054810
0.023193 -0.250488 1.058472 -0.094727 -0.153931 0.030640
0.009033 -0.258423 1.056396 -0.071533 -0.160645 0.019043
0.017212 -0.261475 1.068481 -0.062866 -0.167114 0.031982
0.032349 -0.237183 1.073364 -0.054321 -0.166504 0.050659
0.047852 -0.199341 1.079712 -0.039917 -0.167480 0.056396
0.072144 -0.179565 1.088745 -0.016357 -0.174072 0.050903
0.080078 -0.166138 1.100952 -0.007813 -0.174561 0.042603
0.093018 -0.157715 1.104614 -0.016235 -0.167358 0.038818
0.116821 -0.162109 1.114990 -0.037842 -0.155884 0.039185
0.148438 -0.141968 1.142700 -0.055054 -0.131958 0.025269
0.136475 -0.125488 1.103760 -0.052734 -0.095947 -0.003052
0.103516 -0.145020 1.064209 -0.046997 -0.076172 -0.038086
0.091431 -0.171753 1.047363 -0.031860 -0.078125 -0.063477
0.093628 -0.174438 1.053589 -0.010132 -0.083984 -0.073608
0.081787 -0.185547 1.042603 -0.022583 -0.085693 -0.068237
0.081543 -0.181396 1.020386 -0.028198 -0.089844 -0.057129
0.097778 -0.157471 1.016602 -0.020386 -0.100830 -0.049072
0.125732 -0.136475 1.027832 -0.026733 -0.106201 -0.046265
0.159424 -0.113525 1.046021 -0.052612 -0.097046 -0.056152
0.159790 -0.116211 1.035278 -0.090820 -0.077271 -0.080078
0.145020 -0.121338 1.005005 -0.114868 -0.056519 -0.109985
0.136108 -0.132324 0.989746 -0.124023 -0.047974 -0.142212
0.139038 -0.150269 0.994141 -0.131958 -0.049438 -0.171631
0.156860 -0.167358 1.015137 -0.143677 -0.050781 -0.196777
0.176025 -0.184570 1.043457 -0.154419 -0.038452 -0.210693
0.192383 -0.199829 1.058228 -0.178711 -0.008911 -0.210815
0.201904 -0.197876 1.042969 -0.208740 0.034302 -0.208130
0.193970 -0.208618 1.009766 -0.250366 0.072510 -0.211670
0.194458 -0.236450 0.996704 -0.294800 0.094727 -0.219727
0.200684 -0.244141 0.969849 -0.315308 0.111450 -0.231201
0.206421 -0.262451 0.979248 -0.307983 0.135376 -0.257935
0.220947 -0.271729 0.995850 -0.290771 0.164673 -0.283325
0.209595 -0.315552 1.006592 -0.288696 0.204224 -0.301147
0.172729 -0.369507 0.988770 -0.296265 0.233154 -0.324707
0.128052 -0.414185 0.960938 -0.270996 0.239990 -0.343262
0.083862 -0.461792 0.937378 -0.203735 0.226685 -0.346558
0.078613 -0.473877 0.943726 -0.114136 0.190796 -0.352051
0.078125 -0.456055 0.963745 -0.023193 0.146484 -0.355591
0.084351 -0.437378 0.963257 0.072266 0.103882 -0.357666
0.095337 -0.418579 0.973999 0.125732 0.078125 -0.361206
0.103516 -0.399170 0.970825 0.131836 0.070068 -0.360474
0.102051 -0.411621 0.979736 0.099854 0.074463 -0.350952
0.095093 -0.393433 0.990723 0.060303 0.091064 -0.341309
0.071655 -0.389893 0.963867 -0.016846 0.123169 -0.314575
0.026733 -0.425659 0.933716 -0.088501 0.151001 -0.277344
0.006958 -0.443359 0.925537 -0.133423 0.146851 -0.254272
-0.009399 -0.446289 0.909302 -0.150757 0.121948 -0.237305
-0.019165 -0.454346 0.894653 -0.115479 0.084839 -0.232056
-0.007324 -0.421753 0.908081 -0.062622 0.040283 -0.230347
0.009888 -0.394409 0.922363 -0.028687 0.013916 -0.224854
0.035767 -0.365112 0.952515 -0.028687 0.011353 -0.226563
0.036499 -0.341675 0.943237 -0.059692 0.029419 -0.234985
0.015259 -0.362305 0.936646 -0.093140 0.057129 -0.229126
0.003540 -0.375977 0.937500 -0.132935 0.069214 -0.224365
-0.018066 -0.396973 0.928833 -0.166138 0.067871 -0.211914
-0.023438 -0.401367 0.922241 -0.179810 0.053589 -0.203003
-0.021240 -0.401367 0.931519 -0.184326 0.040161 -0.191895
-0.022827 -0.403564 0.918823 -0.197510 0.038696 -0.171753
-0.032837 -0.408081 0.897949 -0.199829 0.036255 -0.149780
-0.036743 -0.430908 0.910156 -0.174805 0.019287 -0.143433
-0.034546 -0.455688 0.923218 -0.140747 -0.009766 -0.154785
-0.026611 -0.456055 0.946899 -0.117920 -0.035645 -0.165039
-0.029663 -0.457397 0.965576 -0.101929 -0.049683 -0.158081
-0.035034 -0.449951 0.967896 -0.084961 -0.057007 -0.146362
-0.029175 -0.438232 0.964600 -0.070313 -0.062988 -0.135010
-0.026367 -0.425049 0.976196 -0.071045 -0.070923 -0.132446
-0.034546 -0.421143 0.964966 -0.086792 -0.062378 -0.139160
-0.055054 -0.436890 0.958496 -0.092651 -0.060181 -0.135254
-0.067017 -0.451294 0.979736 -0.094971 -0.074097 -0.124146
-0.066040 -0.466553 1.009644 -0.098877 -0.098145 -0.111694
-0.063721 -0.468750 1.027954 -0.072144 -0.117310 -0.093140
-0.059448 -0.466553 1.047241 -0.023560 -0.135864 -0.076050
-0.030151 -0.434448 1.078857 0.031250 -0.154541 -0.066650
-0.013794 -0.404175 1.087524 0.076782 -0.152954 -0.053589
-0.000366 -0.359131 1.073486 0.106567 -0.136597 -0.043457
-0.000122 -0.328247 1.057007 0.102173 -0.113403 -0.037842
-0.001587 -0.311890 1.047974 0.071899 -0.085449 -0.028564
-0.016113 -0.325439 1.046387 0.020874 -0.057495 -0.019287
-0.028687 -0.343384 1.052002 -0.023926 -0.040161 -0.008911
-0.028564 -0.355469 1.062988 -0.051880 -0.032471 0.002808
-0.033813 -0.345215 1.046631 -0.045654 -0.031738 0.008545
-0.032593 -0.345337 1.053101 0.000122 -0.029541 0.018311
-0.036377 -0.355835 1.041626 0.039063 -0.026855 0.028320
-0.036377 -0.359863 1.026978 0.064453 -0.029419 0.033203
-0.031494 -0.350586 1.022827 0.076538 -0.038330 0.035522
-0.026123 -0.349487 1.023315 0.073975 -0.047363 0.032837
-0.030762 -0.336548 1.017090 0.078735 -0.055054 0.031738
-0.036621 -0.340454 1.009155 0.091797 -0.061523 0.039673
-0.047241 -0.349854 1.013794 0.108154 -0.072632 0.053955
-0.036987 -0.343506 1.010864 0.119263 -0.088745 0.076904
-0.019165 -0.332520 1.011108 0.124023 -0.099365 0.101074
0.001099 -0.317871 1.024658 0.121460 -0.102905 0.125488
0.049927 -0.299683 1.055542 0.118042 -0.105835 0.156494
0.053345 -0.278198 1.056641 0.105347 -0.082642 0.168945
0.049683 -0.267944 1.044800 0.093018 -0.056641 0.164185
0.039063 -0.276733 1.042603 0.088623 -0.062866 0.151611
0.038452 -0.298462 1.038086 0.088989 -0.073730 0.154663
0.046875 -0.298706 1.057617 0.090210 -0.079102 0.167358
0.059937 -0.296875 1.070923 0.085815 -0.059204 0.184448
0.061157 -0.295044 1.046021 0.064087 -0.042236 0.209351
0.068237 -0.293213 1.052979 0.027954 -0.023560 0.238525
0.076294 -0.295898 1.023560 0.030151 -0.010620 0.269531
0.070557 -0.289307 1.032715 0.005737 0.004761 0.273315
0.097046 -0.279419 1.046509 0.046387 0.020508 0.272339
0.087646 -0.281616 1.033569 0.084229 0.035645 0.261963
0.068359 -0.275635 1.006104 0.097290 0.037354 0.245117
0.058350 -0.284912 0.997559 0.101685 0.024292 0.227905
0.060303 -0.272583 0.996338 0.121704 0.012695 0.221558
0.065796 -0.254028 0.996460 0.123657 0.009033 0.233154
0.080078 -0.242920 0.994873 0.128052 0.020508 0.254395
0.076050 -0.227417 0.985596 0.097412 0.039185 0.257935
0.064453 -0.235352 0.988281 0.055298 0.051147 0.252197
0.057739 -0.250122 0.994507 0.015259 0.055054 0.250977
0.062378 -0.256958 1.010376 -0.006836 0.059814 0.257202
0.069702 -0.244141 1.021118 -0.020142 0.065430 0.265869
0.051514 -0.246338 1.007202 -0.037842 0.076660 0.274292
0.046021 -0.231812 0.986694 -0.021362 0.076904 0.266724
0.045898 -0.229980 0.995850 -0.000610 0.065063 0.256226
0.047607 -0.237671 0.999390 0.019409 0.062378 0.250732
0.053345 -0.229248 1.003906 0.013184 0.058716 0.251709
0.063721 -0.224731 1.013184 0.002441 0.067017 0.256104
0.066528 -0.214478 1.008423 -0.015137 0.080933 0.253540
0.050049 -0.226318 0.994629 -0.041748 0.077881 0.242188
0.050415 -0.215576 0.976563 -0.008911 0.077026 0.219727
0.053345 -0.227783 0.979980 0.003540 0.070190 0.215454
0.052856 -0.237183 0.983154 -0.016357 0.066284 0.218872
0.045288 -0.240845 0.974487 -0.020142 0.064087 0.219971
0.049438 -0.220581 0.979858 -0.003662 0.049438 0.211304
0.064209 -0.200928 0.989990 0.012695 0.035889 0.201904
0.082153 -0.175171 0.999023 0.013184 0.034668 0.202637
0.081665 -0.173950 0.997803 -0.005981 0.047607 0.208740
0.088013 -0.169434 0.994141 -0.021606 0.054077 0.200684
0.096802 -0.170044 1.000244 -0.023560 0.050171 0.177856
0.109863 -0.156372 1.007690 -0.030151 0.044556 0.147095
0.102295 -0.170288 1.004761 -0.041992 0.039429 0.122681
