-0.062012 -0.248779 0.871704 -0.191772 -0.034912 0.100464
-0.078125 -0.271484 0.862793 -0.177246 -0.067139 0.097656
-0.082275 -0.296143 0.883789 -0.130737 -0.111450 0.085327
-0.077148 -0.298218 0.913696 -0.072876 -0.154663 0.073486
-0.065918 -0.283081 0.931274 -0.027954 -0.170898 0.087036
-0.036743 -0.278442 0.973022 -0.074219 -0.175903 0.126099
0.016724 -0.219849 1.011963 -0.137695 -0.138916 0.147827
-0.007324 -0.228882 0.993408 -0.207886 -0.100586 0.143799
-0.048584 -0.255249 0.955078 -0.228760 -0.093750 0.112549
-0.065308 -0.273193 0.935669 -0.220215 -0.114990 0.082886
-0.075562 -0.306152 0.948364 -0.213745 -0.144165 0.085083
-0.064331 -0.312622 0.959961 -0.196045 -0.172852 0.094360
-0.032471 -0.294678 1.002686 -0.161621 -0.194214 0.095581
-0.003174 -0.272949 1.038208 -0.142212 -0.197876 0.099243
0.014160 -0.249512 1.031738 -0.156860 -0.185181 0.114136
0.028564 -0.228760 1.040894 -0.185547 -0.166016 0.131348
0.037109 -0.218506 1.039551 -0.202881 -0.141113 0.126587
0.036011 -0.221802 1.047852 -0.193726 -0.121948 0.089966
0.031494 -0.239258 1.060791 -0.174438 -0.110718 0.045898
0.015137 -0.280273 1.077148 -0.151367 -0.101685 0.020752
0.006592 -0.297485 1.077515 -0.142822 -0.101074 0.015015
0.005249 -0.305420 1.077148 -0.123169 -0.107056 0.014771
0.019897 -0.293701 1.082886 -0.090210 -0.125000 0.006592
0.029541 -0.277466 1.086060 -0.048706 -0.141357 -0.005493
0.033813 -0.260498 1.080322 -0.016846 -0.147949 -0.010254
0.046509 -0.238525 1.096924 -0.011353 -0.148682 -0.007446
0.071167 -0.220459 1.106567 -0.022827 -0.136963 -0.000732
0.083618 -0.207275 1.106079 -0.036011 -0.123169 -0.008423
0.100830 -0.215210 1.121704 -0.035156 -0.115112 -0.031006
0.107300 -0.224976 1.139282 -0.020264 -0.103516 -0.059326
0.098511 -0.225464 1.119751 -0.004028 -0.094604 -0.081177
0.100952 -0.220215 1.113037 0.005859 -0.095703 -0.095337
0.114014 -0.200195 1.109619 0.033325 -0.098877 -0.111938
0.120117 -0.180176 1.091797 0.078491 -0.103271 -0.134766
0.121582 -0.178345 1.070801 0.115967 -0.112915 -0.159790
0.147949 -0.149902 1.070068 0.150757 -0.125488 -0.183594
0.166870 -0.132935 1.072144 0.143433 -0.121704 -0.195068
0.166260 -0.129517 1.061279 0.103882 -0.100586 -0.195313
0.184570 -0.104004 1.035400 0.051636 -0.074463 -0.194702
0.201904 -0.110474 1.046265 -0.002075 -0.041382 -0.206543
0.198242 -0.138916 1.037598 -0.034180 -0.010132 -0.237793
0.166016 -0.184204 1.011108 -0.028931 0.001953 -0.291016
0.110840 -0.246948 0.949463 0.016724 -0.020996 -0.346802
0.088013 -0.290771 0.950439 0.113281 -0.071533 -0.389771
0.125000 -0.246460 0.974731 0.187866 -0.109375 -0.407959
0.160767 -0.206787 0.995605 0.183960 -0.091797 -0.398438
0.157715 -0.202393 0.988892 0.112793 -0.033081 -0.379883
0.131348 -0.231567 0.962524 0.006592 0.030518 -0.356323
0.091431 -0.288330 0.941284 -0.064087 0.075684 -0.332886
0.064941 -0.323242 0.929443 -0.093506 0.089478 -0.315674
0.054932 -0.347534 0.938721 -0.120605 0.084717 -0.302979
0.070557 -0.369019 0.970093 -0.137939 0.077881 -0.298950
0.075317 -0.379761 0.992432 -0.133545 0.076660 -0.307007
0.061157 -0.391724 0.984009 -0.111694 0.071411 -0.317383
0.050903 -0.404297 0.972412 -0.086792 0.060425 -0.312866
0.058960 -0.391968 0.978760 -0.063721 0.055298 -0.301392
0.068115 -0.375000 0.981445 -0.064453 0.073364 -0.274536
0.071411 -0.360352 0.974121 -0.090088 0.107666 -0.248169
0.070435 -0.374146 0.991577 -0.135132 0.137695 -0.224243
0.074341 -0.383667 1.006226 -0.186035 0.155029 -0.205078
0.053711 -0.405029 0.992188 -0.218750 0.165039 -0.188599
0.039673 -0.407837 0.968262 -0.205688 0.160034 -0.192871
0.040405 -0.403809 0.973389 -0.158203 0.138672 -0.206665
0.044312 -0.393555 0.972778 -0.106567 0.122803 -0.211182
0.048950 -0.362061 0.973145 -0.067871 0.121338 -0.209961
0.039673 -0.350098 0.973633 -0.048462 0.133179 -0.201416
0.029053 -0.344482 0.966797 -0.057861 0.140381 -0.195679
0.015015 -0.351685 0.973267 -0.077515 0.134521 -0.193726
-0.000122 -0.346436 0.980591 -0.079346 0.128174 -0.197754
0.000122 -0.355957 0.994995 -0.077637 0.117188 -0.193604
-0.021118 -0.353027 0.983276 -0.083008 0.089722 -0.189819
-0.039917 -0.355713 0.977295 -0.124512 0.100464 -0.173340
-0.069824 -0.394897 0.972046 -0.159668 0.119019 -0.156616
-0.094971 -0.416748 0.973633 -0.184814 0.119141 -0.151855
-0.116211 -0.418823 0.939697 -0.189941 0.100952 -0.150635
-0.127686 -0.411377 0.932861 -0.177368 0.064819 -0.146729
-0.121460 -0.396240 0.927734 -0.148438 0.017944 -0.141724
-0.098145 -0.371704 0.944702 -0.088135 -0.023315 -0.137573
-0.079346 -0.350220 0.956299 -0.052734 -0.047607 -0.134033
-0.066528 -0.349609 0.968506 -0.060547 -0.057739 -0.129761
-0.059448 -0.351196 0.980591 -0.087769 -0.047241 -0.126099
-0.065186 -0.350464 0.982056 -0.113892 -0.034302 -0.118896
-0.078613 -0.347778 0.981201 -0.127197 -0.024536 -0.110107
-0.100708 -0.352173 0.949707 -0.142822 -0.027954 -0.096802
-0.105591 -0.346436 0.939697 -0.135864 -0.046753 -0.089233
-0.098877 -0.341919 0.950073 -0.123779 -0.069458 -0.089844
-0.100098 -0.343750 0.959961 -0.110352 -0.085815 -0.094971
-0.102661 -0.360352 0.979614 -0.088013 -0.109985 -0.103760
-0.111084 -0.382080 0.990234 -0.065918 -0.144287 -0.113281
-0.121460 -0.397949 1.012817 -0.013062 -0.177124 -0.120483
-0.105957 -0.401489 1.039795 0.052490 -0.203735 -0.122437
-0.082275 -0.389160 1.080566 0.083008 -0.208008 -0.114624
-0.065796 -0.365845 1.089600 0.058228 -0.184326 -0.089844
-0.079224 -0.354614 1.076172 0.010376 -0.141846 -0.046387
-0.083740 -0.332397 1.056274 -0.028809 -0.109741 -0.006104
-0.075439 -0.322876 1.051025 -0.040161 -0.098511 0.019897
-0.064087 -0.322876 1.059814 -0.023926 -0.099609 0.035156
-0.050049 -0.308228 1.051880 -0.015503 -0.107910 0.035645
-0.062012 -0.323120 1.040405 -0.003052 -0.093384 0.031372
-0.070068 -0.336792 1.021606 0.031250 -0.085083 0.020020
-0.072388 -0.350098 1.026855 0.044312 -0.101563 0.020508
-0.063477 -0.366089 1.051025 0.056030 -0.118774 0.033447
-0.040527 -0.363647 1.075073 0.061890 -0.125122 0.065186
-0.033203 -0.354370 1.084717 0.065918 -0.112305 0.101807
-0.023560 -0.327637 1.079834 0.071655 -0.094971 0.136841
-0.004761 -0.309570 1.082275 0.067871 -0.070313 0.172729
0.006348 -0.282593 1.060547 0.044189 -0.047974 0.199585
0.019897 -0.263062 1.043945 0.029785 -0.029663 0.211426
0.016724 -0.266113 1.027954 0.022583 -0.019287 0.210327
0.009521 -0.281616 1.015747 0.015381 -0.020386 0.195923
0.006836 -0.293945 1.024902 0.017700 -0.028076 0.186890
0.009521 -0.291626 1.022461 0.027466 -0.032349 0.191895
0.016846 -0.282593 1.018433 0.034546 -0.023438 0.207886
0.016846 -0.288086 1.007446 0.016968 -0.010742 0.233521
0.022705 -0.270142 0.999146 0.000977 -0.001709 0.253540
0.035767 -0.260132 1.003784 0.000977 0.005127 0.255493
0.032349 -0.245483 0.999146 0.005371 0.007080 0.240234
0.014526 -0.260864 0.999268 0.018555 0.006226 0.223511
0.012817 -0.264648 1.020630 0.051636 -0.001831 0.206055
0.027588 -0.258545 1.031372 0.062744 -0.000244 0.211182
0.022949 -0.268555 1.039551 0.072266 0.011597 0.223999
0.026245 -0.251343 1.029175 0.070801 0.014526 0.235229
0.048096 -0.245239 1.044922 0.093628 0.022583 0.238892
0.048828 -0.235962 1.043335 0.085815 0.035034 0.234253
0.038452 -0.233398 1.023438 0.062622 0.049805 0.232910
0.040405 -0.222168 1.016968 0.049683 0.065186 0.238281
0.040649 -0.225464 1.011108 0.041260 0.078491 0.241821
0.028809 -0.234863 0.995850 0.035400 0.082275 0.234131
0.014648 -0.252563 0.990234 0.037354 0.074219 0.226440
0.009277 -0.254395 0.989258 0.035034 0.060669 0.227783
0.016479 -0.252808 0.997925 0.025757 0.055176 0.234741
0.027344 -0.248169 1.011353 0.024170 0.055908 0.234253
0.028320 -0.250366 1.018066 0.033203 0.052246 0.229004
0.036011 -0.244873 1.024780 0.061035 0.051514 0.218506
0.042725 -0.241455 1.038208 0.084351 0.059326 0.207153
0.052002 -0.223877 1.030762 0.081665 0.070801 0.201172
0.037964 -0.235840 1.006470 0.047729 0.091675 0.207520
0.037476 -0.216919 0.967651 0.025146 0.119263 0.213013
0.016479 -0.225952 0.960815 0.003540 0.138550 0.215210
0.011230 -0.237549 0.942871 -0.021484 0.140015 0.203735
0.003052 -0.240356 0.942627 -0.036621 0.132935 0.185913
-0.010864 -0.244629 0.950684 -0.047363 0.117432 0.180054
-0.023804 -0.248535 0.938599 -0.037476 0.100830 0.184937
-0.020874 -0.241089 0.946899 -0.031494 0.071777 0.192017
-0.006836 -0.234863 0.958862 -0.024048 0.039673 0.195801
0.001709 -0.227417 0.964722 0.006348 0.010986 0.184448
0.020020 -0.205566 0.983276 0.024292 -0.012939 0.166748
0.033813 -0.180420 0.986694 0.012695 -0.021484 0.154663
0.043091 -0.157227 0.983887 -0.009521 -0.016113 0.145752
0.037720 -0.176514 0.982544 -0.026978 -0.008789 0.140991
