-0.004272 -0.212524 0.964722 -0.025391 -0.008911 0.171753
0.010376 -0.209229 0.986206 -0.009399 -0.008545 0.169922
0.016357 -0.191528 0.975586 0.020386 0.000610 0.159302
0.007690 -0.190063 0.961060 0.042236 0.011353 0.137695
-0.023071 -0.194580 0.924194 0.040649 0.015381 0.121338
-0.045898 -0.195313 0.896973 0.011353 0.000977 0.120239
-0.040039 -0.182739 0.897827 -0.025757 -0.029175 0.119629
-0.032959 -0.185059 0.921143 -0.036499 -0.055176 0.114990
-0.034058 -0.205200 0.935059 -0.040039 -0.082520 0.103638
-0.038696 -0.231323 0.956909 -0.044800 -0.115356 0.097290
-0.013916 -0.248901 0.997803 -0.035034 -0.133301 0.094360
-0.005981 -0.248169 1.003418 -0.040771 -0.135254 0.104248
0.010864 -0.230835 1.023804 -0.066895 -0.135498 0.112183
0.028442 -0.215088 1.050903 -0.098633 -0.125488 0.114258
0.031006 -0.212036 1.049438 -0.132324 -0.097046 0.108643
0.002808 -0.229248 1.030396 -0.161133 -0.076782 0.101807
-0.020142 -0.241943 1.008057 -0.167603 -0.088379 0.087646
-0.008179 -0.271362 1.045288 -0.137085 -0.113037 0.065186
0.007080 -0.280762 1.070923 -0.092163 -0.130493 0.048706
0.018921 -0.268066 1.062866 -0.057251 -0.138794 0.045288
0.039429 -0.248535 1.076660 -0.029907 -0.145142 0.039795
0.052612 -0.224731 1.093628 -0.003906 -0.140991 0.027832
0.047607 -0.216797 1.079346 -0.002441 -0.125977 0.020142
0.046875 -0.217773 1.076294 -0.015503 -0.114990 0.016357
0.052734 -0.205322 1.066772 -0.032959 -0.107666 0.019043
0.058594 -0.196533 1.061035 -0.041748 -0.107056 0.015991
0.063843 -0.193115 1.069092 -0.026123 -0.112427 0.005249
0.080566 -0.187622 1.080078 -0.010986 -0.121826 -0.000854
0.107544 -0.163818 1.106323 -0.005493 -0.120605 -0.009644
0.111694 -0.132202 1.092285 0.012329 -0.109497 -0.027710
0.114624 -0.114624 1.079224 0.019897 -0.103882 -0.054565
0.120850 -0.106201 1.071289 0.014038 -0.101685 -0.079468
0.130371 -0.099487 1.087646 0.012329 -0.088867 -0.108398
0.114990 -0.104858 1.063843 -0.005249 -0.072266 -0.128784
0.113159 -0.121582 1.064087 -0.020264 -0.066895 -0.145386
0.117310 -0.128662 1.073975 -0.007324 -0.062988 -0.162720
0.122314 -0.126587 1.072876 0.016357 -0.054688 -0.180298
0.114136 -0.140625 1.068237 0.019287 -0.046875 -0.190796
0.120117 -0.130981 1.055664 0.008667 -0.039185 -0.200806
0.120972 -0.120728 1.047363 -0.009888 -0.027710 -0.215210
0.113525 -0.132568 1.034790 -0.030762 -0.012695 -0.238892
0.085327 -0.166870 1.028076 -0.043213 0.001953 -0.256592
0.066650 -0.185181 1.000000 -0.033081 0.006348 -0.265991
0.080200 -0.176514 0.996094 -0.005859 0.003784 -0.271729
0.081421 -0.181763 0.994385 -0.044922 -0.001343 -0.273804
0.092773 -0.182007 0.997559 -0.095337 0.009644 -0.278809
0.113403 -0.173706 1.024048 -0.115112 0.031006 -0.299683
0.112183 -0.192139 0.999878 -0.145264 0.053589 -0.330322
0.080811 -0.222168 0.990356 -0.159546 0.079590 -0.345947
0.049438 -0.273071 0.973389 -0.165649 0.091553 -0.349487
0.029175 -0.306885 0.952393 -0.160767 0.087402 -0.350586
0.022583 -0.316406 0.948730 -0.140381 0.067505 -0.357666
0.030884 -0.311035 0.950317 -0.125244 0.046631 -0.373291
0.051270 -0.308105 0.970459 -0.121704 0.034180 -0.385986
0.060425 -0.307495 0.991089 -0.130371 0.038574 -0.386597
0.056641 -0.309570 0.978638 -0.161499 0.061035 -0.385132
0.040405 -0.332642 0.970459 -0.188110 0.093872 -0.385376
0.020386 -0.357910 0.963501 -0.226929 0.112793 -0.377930
0.007202 -0.374390 0.956787 -0.256836 0.116333 -0.369629
-0.000366 -0.407227 0.963013 -0.254272 0.119629 -0.360718
-0.007690 -0.423706 0.960938 -0.243896 0.118896 -0.349854
-0.026245 -0.448608 0.956909 -0.239624 0.107666 -0.328491
-0.043823 -0.465088 0.944946 -0.206421 0.087646 -0.317749
-0.057251 -0.456909 0.935303 -0.156372 0.052612 -0.310913
-0.058228 -0.447632 0.947266 -0.108398 0.017944 -0.301270
-0.041870 -0.414307 0.964844 -0.075073 -0.004761 -0.292114
-0.045166 -0.396362 0.954346 -0.070679 -0.007080 -0.264648
-0.046265 -0.377930 0.944336 -0.086426 -0.003662 -0.235352
-0.039917 -0.371826 0.940063 -0.106567 0.000000 -0.212036
-0.034058 -0.365112 0.952637 -0.136841 0.000244 -0.199951
-0.037598 -0.375854 0.972168 -0.178955 0.003296 -0.195679
-0.057007 -0.393311 0.962769 -0.199829 0.007202 -0.190430
-0.068970 -0.419312 0.963867 -0.183960 -0.002808 -0.184692
-0.073242 -0.427124 0.979370 -0.151001 -0.025513 -0.181763
-0.064209 -0.408081 0.977783 -0.115845 -0.044189 -0.168213
-0.060181 -0.391235 0.982178 -0.086792 -0.052734 -0.141846
-0.062622 -0.387695 0.969482 -0.071899 -0.055908 -0.123169
-0.063232 -0.382080 0.971313 -0.069946 -0.061035 -0.110840
-0.051514 -0.386597 0.986206 -0.078003 -0.070557 -0.098022
-0.037109 -0.390381 1.010864 -0.089233 -0.072144 -0.093628
-0.025269 -0.393677 1.011230 -0.100220 -0.061401 -0.089478
-0.042236 -0.408081 1.008667 -0.124146 -0.043579 -0.081177
-0.061523 -0.417114 0.993164 -0.151978 -0.033813 -0.073853
-0.090088 -0.440430 0.975830 -0.162842 -0.040405 -0.069702
-0.119873 -0.451416 0.951904 -0.154785 -0.061157 -0.069702
-0.133789 -0.453369 0.954712 -0.126099 -0.087524 -0.066650
-0.122437 -0.458374 0.970215 -0.110229 -0.106812 -0.051636
-0.107788 -0.453613 0.984985 -0.117798 -0.111206 -0.029907
-0.096436 -0.463745 0.997314 -0.136353 -0.104004 0.001221
-0.097778 -0.470947 1.000977 -0.147339 -0.091309 0.033569
-0.111572 -0.468262 0.980957 -0.123901 -0.088013 0.067993
-0.114624 -0.453979 0.963867 -0.067993 -0.102295 0.098755
-0.095703 -0.415771 0.960571 -0.010254 -0.132202 0.117920
-0.081665 -0.378784 0.963745 0.038940 -0.161255 0.130371
-0.039307 -0.330322 0.980347 0.071899 -0.183472 0.135376
-0.008911 -0.286621 1.001587 0.074951 -0.186646 0.134155
0.010620 -0.270874 1.009888 0.060913 -0.170532 0.137085
0.014160 -0.261841 1.021484 0.023438 -0.139648 0.137939
0.004883 -0.263672 1.002075 -0.032227 -0.105347 0.140137
0.007324 -0.288208 1.018311 -0.069580 -0.080444 0.142944
0.009766 -0.299194 1.011597 -0.092041 -0.065063 0.138672
0.015747 -0.311401 1.014404 -0.119507 -0.047607 0.132446
0.010376 -0.334229 1.005249 -0.156860 -0.030151 0.130859
-0.014038 -0.364624 0.981689 -0.171875 -0.013306 0.135376
-0.027466 -0.375366 0.966431 -0.166504 -0.012329 0.139038
-0.034546 -0.393677 0.968872 -0.150635 -0.025635 0.150391
-0.017456 -0.382690 0.985107 -0.122559 -0.045166 0.159912
-0.001221 -0.368652 1.042236 -0.091187 -0.061157 0.164551
0.017822 -0.385498 1.033813 -0.056396 -0.084106 0.172852
0.010132 -0.383911 1.035767 -0.009888 -0.080933 0.165649
0.026489 -0.356812 1.031372 0.022827 -0.077148 0.166382
0.030029 -0.341431 1.054199 0.000732 -0.065308 0.177979
0.008911 -0.332397 0.970459 -0.042114 -0.045898 0.204468
-0.012085 -0.321533 1.039795 -0.105103 -0.010742 0.201904
0.018311 -0.334473 1.027954 -0.129395 -0.046021 0.240112
-0.000977 -0.362915 1.072754 -0.135376 -0.023682 0.241455
0.015747 -0.354004 1.015381 -0.054932 -0.034424 0.249756
0.020996 -0.376953 1.074219 0.030518 -0.034058 0.223877
0.025024 -0.353760 1.047852 0.090820 -0.049072 0.216431
0.034180 -0.357300 1.044067 0.155151 -0.048340 0.192749
0.042969 -0.320190 1.038574 0.184692 -0.046021 0.182373
0.047485 -0.295898 1.026978 0.197144 -0.023804 0.175537
0.042358 -0.279907 1.012207 0.161987 -0.009155 0.176880
0.038940 -0.272339 1.009888 0.127808 0.001831 0.183228
0.037598 -0.282349 1.016724 0.093872 0.010254 0.189819
0.038208 -0.278442 1.013062 0.074463 0.018555 0.195435
0.043701 -0.268921 1.005493 0.067017 0.029785 0.201538
0.052612 -0.251831 1.006714 0.063354 0.042480 0.202393
0.064453 -0.241577 0.997192 0.047607 0.061523 0.195435
0.059937 -0.242798 0.998169 0.046143 0.078125 0.166382
0.043213 -0.272095 0.992188 0.054443 0.079346 0.132568
0.011841 -0.306885 0.978638 0.093872 0.067383 0.107910
0.013062 -0.315552 0.969971 0.139404 0.040405 0.100952
0.037476 -0.291138 0.997559 0.167969 0.024536 0.106445
0.048584 -0.259766 0.992432 0.157471 0.026123 0.115479
0.052246 -0.229614 0.988281 0.136841 0.038696 0.118652
0.070801 -0.189697 0.998413 0.101440 0.048584 0.119629
0.055420 -0.186035 0.989624 0.047241 0.067993 0.124146
0.042969 -0.202271 0.974365 0.018555 0.097412 0.123169
0.027832 -0.221802 0.952393 -0.033325 0.106812 0.127930
0.002197 -0.269897 0.931885 -0.069702 0.092407 0.135498
0.006714 -0.287109 0.942871 -0.057129 0.052490 0.131226
0.027710 -0.273804 0.972534 -0.045288 0.008057 0.123291
0.052124 -0.259888 0.973022 -0.025635 -0.015991 0.118164
0.071533 -0.229980 0.991089 0.023926 -0.031006 0.104736
0.080078 -0.232544 1.007446 0.046143 -0.046753 0.087036
0.084839 -0.236816 1.015503 0.059814 -0.054443 0.066895
0.094727 -0.223389 1.017944 0.062866 -0.049194 0.052856
0.105835 -0.198120 1.018433 0.038452 -0.038086 0.040771
0.109619 -0.189697 1.013550 0.010010 -0.018188 0.029907
