0.099365 -0.201294 1.024414 -0.032837 0.004639 0.001099
0.093872 -0.206787 1.018433 -0.033936 0.004517 0.000854
0.088867 -0.208618 1.019287 -0.031250 -0.002075 0.002441
0.088623 -0.203125 1.021851 -0.024048 -0.010986 0.002808
0.088989 -0.199951 1.023315 -0.017944 -0.020508 0.001587
0.092163 -0.208496 1.031372 -0.017944 -0.028931 -0.001343
0.097046 -0.198608 1.035156 -0.019531 -0.038574 -0.007568
0.103271 -0.201416 1.048584 -0.015747 -0.043213 -0.015015
0.103882 -0.200317 1.057983 -0.016724 -0.043701 -0.019409
0.103638 -0.211792 1.050293 -0.026245 -0.037598 -0.010254
0.104370 -0.215576 1.048462 -0.035522 -0.034302 -0.000977
0.097534 -0.205566 1.045898 -0.037720 -0.036621 0.003906
0.095093 -0.201172 1.036377 -0.035034 -0.035278 0.005737
0.084595 -0.194824 1.021606 -0.034790 -0.034302 -0.000977
0.080688 -0.195068 1.012573 -0.030518 -0.035400 -0.011719
0.075439 -0.206055 1.003662 -0.025757 -0.038818 -0.018066
0.075806 -0.212769 1.006958 -0.026245 -0.045898 -0.022095
0.086182 -0.219604 1.017700 -0.023193 -0.057129 -0.026245
0.096191 -0.215698 1.029297 -0.015625 -0.066162 -0.027222
0.116455 -0.210449 1.051025 -0.005249 -0.072510 -0.022217
0.135376 -0.180664 1.072632 0.003540 -0.075806 -0.015625
0.154297 -0.169312 1.085083 0.010986 -0.067383 -0.012085
0.162476 -0.158936 1.086792 0.016113 -0.060303 -0.018555
0.173828 -0.149780 1.087524 0.020874 -0.049805 -0.026855
0.180908 -0.135742 1.086670 0.010864 -0.037842 -0.034302
0.196777 -0.119751 1.106079 -0.013916 -0.022827 -0.041870
0.201904 -0.110718 1.098755 -0.036133 0.010864 -0.049683
0.192505 -0.114380 1.068726 -0.073242 0.045532 -0.057739
0.174927 -0.132935 1.045288 -0.093140 0.069580 -0.062622
0.163940 -0.132080 1.017334 -0.093262 0.071411 -0.068970
0.172119 -0.118530 1.017456 -0.073364 0.057861 -0.086426
0.168945 -0.119019 1.007935 -0.054443 0.045776 -0.111328
0.171021 -0.125366 1.013550 -0.043335 0.039063 -0.136108
0.163940 -0.143188 1.019165 -0.055054 0.033325 -0.160645
0.180908 -0.165771 1.039307 -0.052856 0.038086 -0.177124
0.185791 -0.182861 1.061646 -0.072021 0.046875 -0.182373
0.181030 -0.180054 1.056274 -0.093018 0.070923 -0.177368
0.168823 -0.184937 1.032227 -0.126221 0.090698 -0.174072
0.157959 -0.191895 1.014648 -0.147217 0.098633 -0.165283
0.156372 -0.183594 1.001709 -0.126343 0.102661 -0.164673
0.147827 -0.197266 0.983887 -0.127808 0.097168 -0.178955
0.144287 -0.212891 0.980347 -0.103271 0.084839 -0.194824
0.148193 -0.214355 0.995972 -0.079224 0.068726 -0.211426
0.146362 -0.229736 1.006592 -0.062134 0.062134 -0.229980
0.140991 -0.255737 1.011597 -0.048584 0.067749 -0.237427
0.130737 -0.273926 0.993652 -0.054810 0.075684 -0.234863
0.114502 -0.286987 0.980225 -0.071899 0.075562 -0.229614
0.103271 -0.289795 0.962036 -0.091797 0.062500 -0.227661
0.088745 -0.305298 0.952026 -0.098022 0.043213 -0.231323
0.088867 -0.321899 0.953613 -0.084229 0.018188 -0.234863
0.090942 -0.319580 0.967163 -0.077881 -0.005493 -0.233521
0.092285 -0.333374 0.977783 -0.063965 -0.013672 -0.228271
0.099854 -0.343384 0.990479 -0.053467 -0.018799 -0.223999
0.105713 -0.348022 1.005493 -0.071899 -0.021240 -0.215088
0.096802 -0.350952 0.999634 -0.090088 0.003662 -0.198975
0.098633 -0.354004 1.013184 -0.032593 0.031250 -0.180420
0.083862 -0.360596 0.996948 -0.054443 0.029663 -0.158447
0.077271 -0.367798 0.989380 -0.088257 0.035645 -0.133789
0.067627 -0.366211 0.969849 -0.120728 0.043457 -0.118774
0.059326 -0.361938 0.952515 -0.112427 0.033691 -0.116089
0.071045 -0.358887 0.954834 -0.050659 -0.003052 -0.139526
0.087280 -0.363159 0.970825 -0.004028 -0.036133 -0.168579
0.105591 -0.353149 0.999146 0.003662 -0.050659 -0.186768
0.122437 -0.317505 1.009888 -0.012329 -0.048950 -0.185303
0.123657 -0.290283 0.996338 -0.044922 -0.034180 -0.171387
0.114502 -0.285034 0.989746 -0.071899 -0.013672 -0.153809
0.099243 -0.295532 0.962769 -0.096802 0.003052 -0.143433
0.089233 -0.305176 0.941162 -0.099609 0.006714 -0.138184
0.080688 -0.322754 0.952515 -0.154297 -0.000854 -0.151978
0.062256 -0.383423 0.961914 -0.219849 -0.007080 -0.154053
0.055420 -0.390137 0.968750 -0.217041 -0.020264 -0.140747
0.046875 -0.405884 0.970459 -0.193115 -0.021362 -0.113892
0.036255 -0.394897 0.953125 -0.156494 -0.033447 -0.084473
0.036621 -0.389038 0.953857 -0.121826 -0.063110 -0.052979
0.056274 -0.354492 0.970825 -0.074097 -0.101563 -0.034058
0.078003 -0.329712 0.994629 -0.014282 -0.132080 -0.028564
0.098389 -0.287598 1.017212 0.047974 -0.160278 -0.045288
0.123413 -0.262329 1.040161 0.110352 -0.178955 -0.077026
0.152710 -0.259521 1.090820 0.142822 -0.180176 -0.108398
0.160889 -0.245483 1.122437 0.123291 -0.148804 -0.116089
0.155884 -0.260620 1.119141 0.067017 -0.093994 -0.095947
0.132568 -0.271729 1.084595 0.010132 -0.039551 -0.077759
0.109985 -0.300659 1.058105 -0.040039 -0.001221 -0.055664
0.086914 -0.325684 1.020630 -0.073242 0.020752 -0.034424
0.063110 -0.326538 0.988525 -0.084473 0.025269 -0.014526
0.040405 -0.341064 0.950806 -0.086304 0.010620 -0.004028
0.022095 -0.349243 0.931519 -0.064209 -0.024048 -0.010376
0.019897 -0.354492 0.928711 -0.013062 -0.070068 -0.021362
0.024780 -0.361328 0.943237 0.055054 -0.120605 -0.032715
0.052368 -0.343628 0.990234 0.116821 -0.168945 -0.045410
0.062134 -0.348755 1.015747 0.139282 -0.191162 -0.039917
0.074097 -0.317139 1.023071 0.132446 -0.193237 -0.019653
0.081665 -0.286743 1.018311 0.107178 -0.185547 0.002441
0.081299 -0.270264 1.005981 0.078369 -0.181274 0.019531
0.077637 -0.259033 0.988770 0.059814 -0.188354 0.026611
0.083374 -0.252808 0.992920 0.064331 -0.200317 0.024658
0.097778 -0.263306 0.993652 0.076050 -0.211914 0.016479
0.115356 -0.278442 1.033447 0.091187 -0.223633 0.007446
0.128174 -0.275879 1.046631 0.111572 -0.224121 0.007324
0.135620 -0.272339 1.061890 0.132935 -0.213989 0.008789
0.123291 -0.272949 1.048950 0.147949 -0.202026 0.019775
0.114868 -0.275879 1.037598 0.170776 -0.202148 0.036743
0.115845 -0.270508 1.048096 0.187866 -0.214844 0.051514
0.124878 -0.246704 1.057983 0.204590 -0.233643 0.058472
0.144653 -0.196655 1.065552 0.220703 -0.245850 0.060425
0.161743 -0.166016 1.069580 0.213013 -0.237305 0.065063
0.179810 -0.167969 1.103516 0.193359 -0.227295 0.071777
0.229980 -0.112427 1.119263 0.308838 -0.254761 0.059814
0.229614 -0.099365 1.093994 0.295654 -0.199585 0.052734
0.220337 -0.102295 1.076416 0.236084 -0.147583 0.053223
0.222168 -0.110474 1.081421 0.200562 -0.110962 0.062500
0.216919 -0.120850 1.090088 0.099487 -0.058594 0.071533
0.218140 -0.121948 1.097412 0.063110 -0.011719 0.084473
0.218872 -0.114990 1.087524 0.064331 0.023926 0.104126
0.206909 -0.110352 1.051636 0.019897 0.058594 0.121582
0.181519 -0.129517 1.035156 -0.020264 0.069580 0.123169
0.166504 -0.143188 1.039063 -0.041748 0.048340 0.113403
0.168701 -0.144287 1.046021 -0.022583 0.007568 0.107910
0.179077 -0.142944 1.060303 0.015991 -0.023926 0.099976
0.189697 -0.134033 1.063721 0.076294 -0.049805 0.092041
0.200439 -0.143433 1.077271 0.093628 -0.043945 0.099487
0.208008 -0.125244 1.082886 0.054321 -0.022461 0.121582
0.223633 -0.114258 1.100952 0.011841 0.012817 0.151123
0.216309 -0.127319 1.083496 -0.057739 0.049683 0.175171
0.192383 -0.151367 1.055908 -0.119629 0.075928 0.190430
0.177490 -0.159912 1.022461 -0.116455 0.067749 0.188599
0.166748 -0.171997 1.016724 -0.091919 0.047119 0.177124
0.177246 -0.175293 1.038940 -0.058472 0.015747 0.171753
0.189697 -0.172363 1.044067 -0.033813 0.004028 0.166382
0.181519 -0.180664 1.023804 -0.028198 0.010620 0.168457
0.174805 -0.189087 0.996826 -0.060425 0.014404 0.175049
0.174194 -0.214233 1.006104 -0.078491 0.012817 0.190430
0.179932 -0.212036 1.013794 -0.079468 0.008057 0.203369
0.202271 -0.190186 1.039307 -0.072510 0.002686 0.212036
0.207764 -0.160767 1.044067 -0.076050 0.004028 0.218018
0.204346 -0.158691 1.031250 -0.086914 0.013184 0.220947
0.187988 -0.155396 1.007690 -0.094360 0.012573 0.213013
0.196533 -0.154541 1.011475 -0.082153 0.001099 0.198486
0.216064 -0.128784 1.020508 -0.062012 -0.006226 0.183716
0.216309 -0.132568 1.019775 -0.064209 0.006348 0.171265
0.215698 -0.132935 1.014282 -0.083374 0.012451 0.158447
0.205811 -0.147461 0.993530 -0.099121 0.029907 0.144043
0.188843 -0.197388 0.975464 -0.082764 0.039551 0.137573
0.188965 -0.210815 0.979492 -0.065308 0.013916 0.142944
0.218262 -0.184204 1.010986 -0.044189 -0.012573 0.154419
0.240234 -0.151123 1.028320 -0.039307 -0.020508 0.154541
0.250122 -0.114990 1.028564 -0.031616 -0.011963 0.140991
0.245361 -0.115356 1.026001 -0.043213 0.000488 0.126343
0.241821 -0.120483 1.000610 -0.065918 0.001831 0.118042
0.244263 -0.119995 0.989258 -0.059570 -0.005981 0.105957
