0.011841 -0.223389 1.025146 0.023926 -0.013428 -0.034546
0.026855 -0.208984 1.039917 0.014404 -0.017090 -0.027100
0.013672 -0.210815 1.015381 0.015381 -0.015747 -0.023438
0.034302 -0.201538 1.040161 0.043457 -0.060547 -0.021118
0.019165 -0.214722 1.034058 0.031616 -0.042480 -0.032104
0.016357 -0.199219 1.022583 0.011230 -0.046387 -0.027466
0.034668 -0.165894 1.011841 -0.017212 -0.051025 -0.013550
0.043579 -0.157349 1.008789 -0.062988 -0.045166 -0.010376
0.039795 -0.167236 1.016357 -0.108887 -0.041382 -0.010986
0.032104 -0.169922 1.005127 -0.113281 -0.036133 -0.010864
0.039917 -0.179077 1.009766 -0.086792 -0.032349 -0.007080
0.051514 -0.170532 1.018555 -0.054810 -0.036743 -0.010376
0.063477 -0.167969 1.029053 -0.060547 -0.047119 -0.018921
0.075073 -0.167725 1.056885 -0.087036 -0.054810 -0.032593
0.083740 -0.163574 1.065918 -0.104858 -0.053711 -0.038574
0.099121 -0.156128 1.083618 -0.122070 -0.044312 -0.035767
0.113281 -0.150146 1.092651 -0.161011 -0.024902 -0.033813
0.110352 -0.160156 1.097046 -0.210205 -0.009277 -0.029785
0.114380 -0.163208 1.096313 -0.233521 0.001221 -0.021484
0.135498 -0.144287 1.109619 -0.253540 0.006348 -0.021484
0.157227 -0.103760 1.099243 -0.279419 0.013916 -0.040283
0.160889 -0.082397 1.075073 -0.299683 0.037109 -0.066650
0.159302 -0.086914 1.055908 -0.325684 0.050537 -0.112671
0.163574 -0.105347 1.039551 -0.369995 0.037476 -0.168335
0.171265 -0.140991 1.054932 -0.414795 0.017822 -0.219727
0.179443 -0.182983 1.073486 -0.425659 0.017456 -0.250854
0.187988 -0.212280 1.071167 -0.377075 0.035889 -0.260010
0.188599 -0.237427 1.064819 -0.329834 0.062256 -0.260132
0.195313 -0.269165 1.062622 -0.311646 0.082520 -0.247070
0.203857 -0.288330 1.049072 -0.287354 0.105957 -0.228027
0.216797 -0.288208 1.031372 -0.262573 0.126099 -0.215088
0.219116 -0.289063 1.010254 -0.244385 0.143677 -0.218994
0.220459 -0.287720 0.999878 -0.184937 0.148438 -0.251465
0.218506 -0.318726 0.997192 -0.095337 0.146362 -0.298828
0.207886 -0.351563 0.989014 -0.041138 0.141846 -0.336304
0.193115 -0.384644 0.971558 -0.050293 0.141357 -0.346802
0.184570 -0.422241 0.955078 -0.072632 0.154663 -0.332031
0.152344 -0.465210 0.960571 -0.059204 0.175293 -0.309326
0.092041 -0.512939 0.918579 -0.056885 0.184204 -0.283813
0.057739 -0.532227 0.890015 -0.039429 0.161621 -0.262573
0.058350 -0.516479 0.894287 -0.008301 0.123535 -0.258911
0.053955 -0.524780 0.906372 0.016968 0.099976 -0.266602
0.040405 -0.512817 0.896362 0.038330 0.088745 -0.275879
0.023071 -0.494873 0.876343 0.026855 0.091553 -0.270020
0.008057 -0.482788 0.854004 -0.000366 0.094604 -0.255981
-0.011475 -0.470825 0.868408 -0.022461 0.087891 -0.242065
-0.025391 -0.461792 0.849365 -0.049072 0.075928 -0.227417
-0.033325 -0.455322 0.847778 -0.064209 0.066895 -0.216431
-0.046997 -0.466187 0.859863 -0.109253 0.056885 -0.206909
-0.070557 -0.481323 0.857178 -0.153931 0.039795 -0.183838
-0.081421 -0.468140 0.836426 -0.109619 0.040039 -0.154907
-0.096436 -0.445435 0.823975 -0.122681 0.025024 -0.135498
-0.110962 -0.459473 0.809326 -0.159790 -0.007446 -0.125366
-0.097412 -0.451538 0.833374 -0.175659 -0.044556 -0.126099
-0.084717 -0.467163 0.872803 -0.162476 -0.082520 -0.129639
-0.069702 -0.448730 0.886108 -0.144653 -0.091675 -0.130371
-0.067749 -0.457275 0.911499 -0.133911 -0.099609 -0.125488
-0.044800 -0.443848 0.946045 -0.110474 -0.108276 -0.116089
-0.045410 -0.449341 0.954346 -0.110107 -0.105225 -0.098389
-0.038696 -0.433472 0.971069 -0.107300 -0.097900 -0.073853
-0.029175 -0.412476 0.979980 -0.132935 -0.084595 -0.047241
-0.037964 -0.404907 0.970825 -0.172119 -0.064697 -0.023193
-0.043823 -0.386597 0.961792 -0.201050 -0.057617 -0.015137
-0.078735 -0.408081 0.930420 -0.218262 -0.059204 -0.018311
-0.069580 -0.431030 0.955200 -0.188354 -0.092407 -0.023682
-0.065308 -0.454590 0.967285 -0.154419 -0.119507 -0.034790
-0.053101 -0.455078 0.964111 -0.098511 -0.138428 -0.036743
-0.036011 -0.450928 0.985107 -0.071777 -0.142700 -0.034790
-0.036621 -0.456665 1.014526 -0.059692 -0.131714 -0.032349
-0.051880 -0.499390 1.026855 -0.089355 -0.108154 -0.003296
-0.046143 -0.508179 1.059448 -0.116455 -0.087891 0.042603
-0.037476 -0.501343 1.075562 -0.122681 -0.069580 0.086670
-0.032593 -0.495239 1.079224 -0.115234 -0.058472 0.117310
-0.036865 -0.477051 1.071045 -0.096069 -0.057739 0.134644
-0.034424 -0.470825 1.071045 -0.065063 -0.057373 0.146362
-0.037354 -0.461792 1.076416 -0.027222 -0.059326 0.155884
-0.042847 -0.463135 1.068970 0.010864 -0.049805 0.166260
-0.045532 -0.448975 1.050293 0.046875 -0.040039 0.178833
-0.052246 -0.436279 1.031982 0.043457 -0.029175 0.201172
-0.062500 -0.415283 1.013428 0.018799 -0.020386 0.220093
-0.068848 -0.431030 1.021606 -0.001343 -0.015991 0.235840
-0.064819 -0.440674 1.028198 -0.005371 -0.023071 0.249756
-0.067627 -0.445068 1.022949 0.022705 -0.034058 0.260742
-0.055054 -0.422363 1.017700 0.062256 -0.046875 0.272461
-0.058472 -0.429688 1.006836 0.086182 -0.061279 0.292114
-0.032593 -0.408447 1.034546 0.105225 -0.078369 0.308960
0.013306 -0.370728 1.043579 0.132935 -0.076416 0.328491
0.001221 -0.324463 0.996948 0.122681 -0.064087 0.338867
0.023438 -0.292480 0.997437 0.050537 -0.059692 0.340820
0.041382 -0.314575 1.055054 0.033447 -0.055786 0.341309
0.029907 -0.329346 1.019409 0.004395 -0.046143 0.340210
-0.028198 -0.322754 0.963745 0.008057 -0.044922 0.334351
0.018066 -0.313232 0.976074 0.042236 -0.064575 0.324707
0.021729 -0.299927 1.019897 0.027222 -0.099121 0.307739
0.054443 -0.264404 0.974487 0.088867 -0.095459 0.300903
0.062134 -0.278687 0.993530 0.133911 -0.085693 0.290649
0.049805 -0.271606 0.981445 0.127808 -0.070313 0.283203
0.042114 -0.285034 0.963501 0.095947 -0.067871 0.282715
0.042114 -0.303345 0.964233 0.090576 -0.066284 0.281982
0.052856 -0.304565 0.979004 0.065674 -0.070801 0.295288
0.056641 -0.313965 0.989136 0.018677 -0.060059 0.319702
0.057617 -0.322754 0.993530 -0.016113 -0.052612 0.344604
0.075928 -0.290161 1.002563 -0.017822 -0.050537 0.359131
0.076050 -0.264893 0.982666 0.006348 -0.040527 0.357788
0.096680 -0.250732 0.988281 0.046387 -0.043701 0.340820
0.119263 -0.237061 0.997314 0.043701 -0.061890 0.310547
0.120117 -0.235107 1.002075 0.027222 -0.065308 0.285400
0.124146 -0.239990 0.994019 0.022705 -0.051392 0.276123
0.135864 -0.230469 1.010986 0.012695 -0.036133 0.274780
0.136841 -0.224609 1.013794 -0.013672 -0.022461 0.266479
0.131104 -0.232788 1.001221 -0.017456 -0.014404 0.249146
0.125977 -0.246826 0.991333 -0.016968 -0.023682 0.230591
0.128662 -0.253174 0.984131 -0.010376 -0.048706 0.217529
0.145386 -0.242798 1.000610 -0.000732 -0.075195 0.200928
0.178711 -0.219116 1.024414 0.042969 -0.083008 0.177856
0.186646 -0.221313 1.042114 0.045166 -0.081543 0.152344
0.199219 -0.210571 1.028931 0.047729 -0.072266 0.121704
0.203613 -0.198853 1.031616 0.054443 -0.064941 0.090088
0.215942 -0.184570 1.036133 0.043091 -0.056763 0.054932
0.212769 -0.191895 1.028320 0.034790 -0.040283 0.023438
0.208496 -0.215332 1.034790 0.014160 -0.026733 -0.007690
0.185669 -0.271606 1.033203 -0.008667 -0.009521 -0.024536
0.177246 -0.284180 1.031250 -0.022217 -0.004395 -0.032349
0.176025 -0.278442 1.019531 -0.021484 0.003906 -0.033081
0.180420 -0.269897 1.005737 -0.005615 0.007935 -0.045044
0.170654 -0.270020 0.989746 0.001831 0.007324 -0.076538
0.156494 -0.286987 0.968506 0.017212 0.003174 -0.118164
0.136475 -0.305786 0.959229 0.012451 -0.010498 -0.152344
0.138184 -0.302246 0.966919 0.009644 -0.016846 -0.173462
0.142578 -0.308838 0.973145 -0.004150 -0.011230 -0.182007
0.139038 -0.314697 0.984375 -0.041504 0.012085 -0.177734
0.119263 -0.324951 0.959839 -0.095947 0.049561 -0.157959
0.092163 -0.336548 0.936157 -0.140503 0.080078 -0.140869
0.075317 -0.337524 0.924072 -0.150635 0.090454 -0.142090
0.052002 -0.341064 0.903809 -0.137939 0.080566 -0.151978
0.040649 -0.329346 0.896851 -0.114258 0.061523 -0.166382
0.043701 -0.313843 0.900391 -0.089966 0.040283 -0.184937
0.048584 -0.298950 0.921143 -0.079346 0.021729 -0.207520
0.042358 -0.302856 0.934448 -0.084961 0.014893 -0.225830
0.026855 -0.316162 0.943359 -0.090088 0.017578 -0.229370
0.022827 -0.309814 0.949951 -0.110962 0.023804 -0.215942
0.028198 -0.297119 0.967041 -0.129639 0.031372 -0.198486
0.041992 -0.277344 0.984375 -0.140381 0.039429 -0.195801
0.052490 -0.258789 0.994873 -0.149780 0.054199 -0.209717
0.060425 -0.255127 1.013428 -0.166016 0.070068 -0.231201
0.029175 -0.298218 1.005859 -0.192139 0.081421 -0.255615
-0.007935 -0.338989 1.011108 -0.191895 0.080566 -0.278564
-0.033447 -0.371704 1.016846 -0.192749 0.061646 -0.285522
-0.052124 -0.371338 0.999268 -0.153076 0.033569 -0.278442
-0.010986 -0.380127 1.070557 -0.129395 0.004395 -0.259033
