0.049194 -0.305908 1.026367 -0.089355 -0.035767 -0.096436
0.053711 -0.303101 1.032959 -0.065308 -0.045166 -0.088989
0.070068 -0.290283 1.042847 -0.042236 -0.049438 -0.076294
0.088379 -0.264771 1.044556 -0.043579 -0.048340 -0.066284
0.106934 -0.226685 1.030518 -0.050903 -0.040771 -0.063232
0.108765 -0.198730 1.015381 -0.044678 -0.025879 -0.072510
0.122437 -0.175659 1.005615 -0.029053 -0.013550 -0.094360
0.120483 -0.191895 1.019653 -0.044434 -0.003174 -0.113037
0.115479 -0.236694 1.044067 -0.057861 0.011230 -0.118652
0.124268 -0.241211 1.057861 -0.050903 0.024292 -0.117065
0.131836 -0.228271 1.048462 -0.049561 0.030396 -0.121338
0.146606 -0.210327 1.054199 -0.019531 0.036133 -0.143188
0.156006 -0.193481 1.046997 -0.003784 0.044312 -0.178223
0.152100 -0.199463 1.030273 0.000488 0.060913 -0.210815
0.139282 -0.232056 1.019165 -0.034912 0.074585 -0.230591
0.145142 -0.240723 1.023438 -0.092896 0.087769 -0.231812
0.167236 -0.218872 1.028320 -0.136963 0.114868 -0.225708
0.162476 -0.230713 1.007080 -0.180054 0.150635 -0.225952
0.140625 -0.256348 0.981934 -0.205566 0.173462 -0.242188
0.114990 -0.296997 0.965454 -0.208496 0.181641 -0.258545
0.102417 -0.336792 0.956665 -0.196167 0.175903 -0.267700
0.091309 -0.356567 0.953369 -0.177124 0.165527 -0.272583
0.086304 -0.367310 0.946655 -0.157715 0.149170 -0.271362
0.084473 -0.388428 0.943726 -0.132446 0.132080 -0.271606
0.083130 -0.390747 0.944214 -0.099854 0.113037 -0.280029
0.083496 -0.408936 0.961304 -0.081299 0.105469 -0.279297
0.077515 -0.425781 0.963989 -0.083130 0.107788 -0.270752
0.072144 -0.423706 0.956055 -0.085815 0.108276 -0.260010
0.078125 -0.415649 0.959229 -0.089478 0.105713 -0.254761
0.060181 -0.422241 0.953125 -0.099487 0.107544 -0.252441
0.040405 -0.439453 0.934082 -0.096802 0.106934 -0.247803
0.022461 -0.453857 0.925903 -0.094482 0.096680 -0.234985
0.024536 -0.460083 0.934448 -0.087646 0.080811 -0.222046
0.016357 -0.461670 0.936279 -0.084839 0.066528 -0.214233
-0.006470 -0.456177 0.930420 -0.076782 0.054443 -0.209717
-0.017578 -0.421753 0.907349 -0.065430 0.033325 -0.210938
-0.023315 -0.424805 0.902222 -0.069092 0.013916 -0.210815
-0.012451 -0.425659 0.920654 -0.086182 -0.005249 -0.205566
-0.018188 -0.403809 0.933350 -0.106201 -0.011353 -0.200439
-0.042603 -0.445435 0.916504 -0.173218 -0.015381 -0.185791
-0.037598 -0.443481 0.939209 -0.192261 -0.027222 -0.163452
-0.080566 -0.466919 0.912109 -0.183960 -0.025269 -0.148193
-0.052734 -0.449707 0.948730 -0.179077 -0.055908 -0.138672
-0.067139 -0.458984 0.957642 -0.203857 -0.072876 -0.130249
-0.085449 -0.489136 0.944824 -0.226685 -0.070679 -0.107666
-0.116577 -0.514160 0.961426 -0.217041 -0.070923 -0.079102
-0.108887 -0.512939 0.975464 -0.192627 -0.082153 -0.060059
-0.115967 -0.534912 0.966553 -0.185913 -0.086914 -0.043579
-0.091553 -0.495239 1.003296 -0.151001 -0.108276 -0.021606
-0.084229 -0.490112 1.012451 -0.114014 -0.110962 -0.003296
-0.069214 -0.449829 1.007324 -0.082886 -0.104248 0.015869
-0.063110 -0.421509 1.008423 -0.071533 -0.089844 0.040771
-0.063599 -0.412964 1.012329 -0.084717 -0.068604 0.060303
-0.082153 -0.438599 0.990601 -0.112915 -0.047241 0.071899
-0.097412 -0.441650 0.986450 -0.109985 -0.043091 0.082275
-0.116211 -0.432251 0.965454 -0.098511 -0.049072 0.093506
-0.120117 -0.416992 0.959351 -0.073730 -0.060425 0.103760
-0.110229 -0.403931 0.961060 -0.051514 -0.081055 0.109741
-0.109375 -0.392822 1.003174 -0.061279 -0.088257 0.117188
-0.128296 -0.415283 0.999756 -0.079102 -0.086182 0.131104
-0.113892 -0.417480 1.018799 -0.042603 -0.097656 0.160156
-0.106567 -0.387817 1.015747 -0.015259 -0.093262 0.177246
-0.095825 -0.377808 1.028809 0.040894 -0.087036 0.173218
-0.071411 -0.348877 1.061768 0.102661 -0.083862 0.156738
-0.075073 -0.354248 1.070801 0.110596 -0.067627 0.162842
-0.081665 -0.348755 1.070679 0.095337 -0.041504 0.193115
-0.089478 -0.345581 1.048828 0.059814 -0.018921 0.237915
-0.096680 -0.347534 1.031860 0.036377 -0.010254 0.281006
-0.081299 -0.320190 1.015625 0.037231 -0.018677 0.307129
-0.071167 -0.306152 1.003052 0.046631 -0.035278 0.308594
-0.054077 -0.292969 1.009888 0.072388 -0.057373 0.292847
-0.040527 -0.294922 1.018799 0.087280 -0.072754 0.281616
-0.015991 -0.274170 1.034790 0.066162 -0.072021 0.285645
-0.014771 -0.287476 1.017822 0.016357 -0.053589 0.298584
-0.024658 -0.297363 0.999878 -0.024780 -0.049805 0.303589
-0.009155 -0.308105 1.010498 -0.052124 -0.059937 0.315796
0.030640 -0.300171 1.059570 -0.052734 -0.057617 0.329834
0.016724 -0.309814 1.057129 -0.087158 -0.055176 0.339355
0.039917 -0.294922 1.047607 -0.079224 -0.034912 0.332886
0.032471 -0.302612 1.029907 -0.059082 -0.036621 0.323975
0.052734 -0.298218 1.069458 -0.012939 -0.041382 0.303589
0.034790 -0.319336 1.015869 0.021729 -0.100708 0.294678
0.021729 -0.317383 0.980835 0.064819 -0.074341 0.261597
0.023193 -0.316040 0.985229 0.124756 -0.097290 0.242432
0.050537 -0.297729 1.006470 0.161987 -0.110962 0.229370
0.056396 -0.313599 1.028320 0.132690 -0.102173 0.226807
0.069824 -0.313354 1.040405 0.136108 -0.106201 0.241699
0.076904 -0.326050 1.046753 0.122437 -0.064087 0.257202
0.091064 -0.307617 1.033691 0.076416 -0.032837 0.274536
0.096558 -0.291992 1.013184 0.048340 -0.004395 0.291626
0.086304 -0.275635 0.987061 0.026489 0.014648 0.297119
0.070190 -0.279419 0.955322 0.017578 0.009521 0.286011
0.072632 -0.277832 0.959839 0.043457 -0.016357 0.260620
0.085083 -0.282593 0.983887 0.077026 -0.043213 0.236450
0.104126 -0.270874 0.968872 0.089111 -0.056641 0.221436
0.119751 -0.227783 0.971558 0.080566 -0.051758 0.221680
0.128174 -0.205933 0.965942 0.042847 -0.040161 0.212402
0.130005 -0.205200 0.958130 -0.006226 -0.037476 0.188965
0.131714 -0.226074 0.972656 -0.027832 -0.036987 0.163330
0.123291 -0.241089 0.970703 -0.037720 -0.041870 0.138672
0.112793 -0.266357 0.956909 -0.022217 -0.046387 0.123047
0.122681 -0.265381 0.959961 -0.001709 -0.062744 0.108276
0.139282 -0.247681 0.986450 0.008789 -0.078125 0.096191
0.177612 -0.225220 1.001221 -0.002197 -0.085938 0.085571
0.189697 -0.216431 1.027954 -0.018433 -0.072388 0.073486
0.197388 -0.200806 1.012451 -0.019409 -0.055664 0.054810
0.189453 -0.211426 1.008667 -0.022949 -0.045654 0.031982
0.198608 -0.214233 1.016479 -0.014526 -0.046265 0.008545
0.209839 -0.202637 1.020508 -0.017090 -0.046387 -0.016846
0.221313 -0.192017 1.023560 -0.035400 -0.040405 -0.041992
0.217896 -0.186035 1.013062 -0.061890 -0.023071 -0.067993
0.215088 -0.192871 0.998901 -0.092285 -0.002930 -0.096313
0.187744 -0.229248 0.995239 -0.118530 0.015869 -0.121338
0.178223 -0.250610 0.996582 -0.127319 0.021484 -0.140015
0.168823 -0.271851 0.997681 -0.148315 0.018677 -0.154419
0.160278 -0.283691 0.989258 -0.160767 0.017090 -0.171143
0.156372 -0.281738 0.978760 -0.167480 0.016602 -0.192627
0.145752 -0.294922 0.985352 -0.177612 0.026245 -0.208130
0.122925 -0.320923 0.988281 -0.163696 0.048828 -0.221313
0.096680 -0.345581 0.970093 -0.147827 0.057373 -0.233521
0.074707 -0.364502 0.969482 -0.125366 0.055664 -0.239258
0.086426 -0.341553 0.984985 -0.101196 0.046509 -0.244873
0.083740 -0.330933 0.987549 -0.098755 0.051636 -0.254517
0.058960 -0.331421 0.958862 -0.098877 0.060425 -0.268799
0.037231 -0.356445 0.957153 -0.128052 0.050537 -0.283691
0.025513 -0.377441 0.967285 -0.140991 0.035034 -0.288696
0.016602 -0.387939 0.971558 -0.129761 0.020386 -0.284180
0.026489 -0.362061 0.982300 -0.120117 0.011841 -0.277100
0.031616 -0.348999 0.987183 -0.126343 0.018066 -0.270630
0.025391 -0.355469 0.993774 -0.147217 0.027832 -0.267944
0.011108 -0.381714 1.001221 -0.157227 0.033569 -0.266235
0.001099 -0.400635 1.010742 -0.148071 0.055054 -0.263062
0.001953 -0.378906 1.002075 -0.118652 0.063477 -0.257935
0.004028 -0.364624 1.004883 -0.065186 0.064697 -0.254150
-0.008545 -0.355347 1.000000 -0.051147 0.083130 -0.253174
-0.030518 -0.375122 0.996094 -0.065796 0.101318 -0.244141
-0.036255 -0.383179 1.000488 -0.061401 0.111450 -0.239014
-0.056519 -0.400269 0.983154 -0.083252 0.132813 -0.236206
-0.066284 -0.389282 0.976318 -0.092896 0.117920 -0.227539
-0.076538 -0.396729 0.965088 -0.070923 0.101440 -0.224243
-0.082275 -0.380127 0.956299 -0.039673 0.091309 -0.228760
-0.083374 -0.377441 0.979004 -0.011719 0.078735 -0.231201
-0.092651 -0.390137 0.976685 -0.003418 0.089111 -0.221191
-0.093506 -0.390747 0.988525 -0.033325 0.089722 -0.202881
-0.103882 -0.401855 0.985596 -0.071655 0.094727 -0.180786
-0.114136 -0.411865 0.982910 -0.089844 0.098755 -0.167358
-0.098877 -0.413940 0.990845 -0.115601 0.076294 -0.152100
-0.100098 -0.406616 0.997925 -0.117920 0.099976 -0.149658
-0.113037 -0.434082 1.000610 -0.111694 0.091309 -0.132568
-0.133057 -0.435303 0.992065 -0.102417 0.093506 -0.106934
