-0.027222 -0.268677 0.976196 -0.055176 -0.071655 -0.004150
-0.029297 -0.286011 0.994263 -0.073853 -0.083008 -0.013550
-0.032227 -0.286011 0.994385 -0.101318 -0.079346 0.001343
-0.029297 -0.286987 0.993896 -0.125244 -0.073853 0.027222
-0.030273 -0.268555 0.986084 -0.189331 -0.090942 0.053955
-0.041748 -0.274414 0.979126 -0.201782 -0.088379 0.071777
-0.033203 -0.239746 0.947144 -0.155884 -0.096558 0.084351
-0.014038 -0.230957 0.969116 -0.129639 -0.124878 0.084473
0.046265 -0.216064 1.037231 -0.139160 -0.145874 0.075806
0.103638 -0.187500 1.125610 -0.162720 -0.130371 0.041992
0.094727 -0.200684 1.092407 -0.171997 -0.084595 -0.004272
0.062134 -0.201782 1.067871 -0.156494 -0.048584 -0.043335
0.048584 -0.237549 1.063965 -0.177490 -0.033325 -0.062012
0.059692 -0.243408 1.072021 -0.214600 -0.028564 -0.066284
0.058105 -0.260498 1.068726 -0.237549 -0.024170 -0.065430
0.056885 -0.280396 1.063110 -0.219116 -0.028687 -0.073486
0.063965 -0.271362 1.045044 -0.207153 -0.048462 -0.079102
0.104614 -0.259399 1.064575 -0.205566 -0.077515 -0.083618
0.147217 -0.221558 1.072876 -0.185181 -0.103149 -0.109985
0.168823 -0.196411 1.064453 -0.152100 -0.116699 -0.156860
0.195068 -0.187500 1.069336 -0.116577 -0.109985 -0.209961
0.218262 -0.228638 1.112305 -0.092773 -0.068481 -0.255737
0.226929 -0.256226 1.145020 -0.096680 -0.005371 -0.279175
0.234375 -0.277710 1.132935 -0.135498 0.074951 -0.274414
0.219849 -0.318481 1.110718 -0.186646 0.158203 -0.267334
0.189209 -0.368652 1.062866 -0.215088 0.214355 -0.272095
0.165771 -0.406860 1.032349 -0.202515 0.233398 -0.287964
0.130981 -0.458252 0.993652 -0.130859 0.218384 -0.324951
0.099365 -0.492310 0.965210 -0.037476 0.168701 -0.371948
0.081421 -0.529907 0.951294 0.056885 0.118530 -0.399536
0.086792 -0.523071 0.946045 0.150879 0.080444 -0.401489
0.103516 -0.494873 0.940918 0.183472 0.064453 -0.375244
0.118042 -0.459961 0.927612 0.156616 0.075684 -0.343262
0.133545 -0.427490 0.915527 0.117920 0.098755 -0.326416
0.119019 -0.423218 0.884277 0.065674 0.120239 -0.332520
0.080444 -0.450562 0.859375 0.025879 0.130493 -0.351074
0.042603 -0.483521 0.832886 -0.029907 0.114136 -0.363403
0.021362 -0.495361 0.832520 -0.087036 0.088257 -0.360352
0.022461 -0.504761 0.870117 -0.136353 0.067139 -0.346191
-0.003906 -0.509766 0.856079 -0.179199 0.075928 -0.324463
-0.009888 -0.522461 0.880371 -0.210083 0.068848 -0.287476
-0.027588 -0.542358 0.887085 -0.213257 0.081543 -0.256592
-0.059814 -0.547729 0.872070 -0.199829 0.089722 -0.234863
-0.085571 -0.552734 0.859985 -0.192017 0.070679 -0.217285
-0.101318 -0.557861 0.864502 -0.192017 0.046875 -0.199341
-0.110718 -0.550415 0.858032 -0.192383 0.032715 -0.184082
-0.094238 -0.524414 0.886719 -0.176270 0.010376 -0.168701
-0.107178 -0.520264 0.890259 -0.158813 0.010010 -0.160400
-0.134521 -0.537476 0.879395 -0.156006 0.004272 -0.152954
-0.146851 -0.552856 0.878784 -0.142456 -0.010010 -0.141724
-0.140259 -0.553467 0.892822 -0.137085 -0.028809 -0.129395
-0.131958 -0.553711 0.906128 -0.131348 -0.043335 -0.117798
-0.141113 -0.558350 0.899048 -0.124756 -0.049438 -0.106323
-0.161377 -0.556152 0.888794 -0.111572 -0.061401 -0.092773
-0.170288 -0.555298 0.880371 -0.072266 -0.088013 -0.077271
-0.167358 -0.550293 0.901367 -0.041138 -0.126221 -0.069580
-0.146362 -0.555054 0.934692 -0.015137 -0.158081 -0.054077
-0.117920 -0.533081 0.979858 0.000366 -0.171875 -0.033325
-0.108398 -0.515137 0.970459 0.017578 -0.161377 -0.000732
-0.111206 -0.497192 0.992065 0.037354 -0.144287 0.029053
-0.110596 -0.484375 0.982544 0.030518 -0.122559 0.055420
-0.108154 -0.458496 0.978882 0.002930 -0.097046 0.078003
-0.116699 -0.452393 0.975220 -0.034424 -0.071411 0.103027
-0.134766 -0.458618 0.975708 -0.063721 -0.055420 0.128906
-0.124878 -0.460815 1.006348 -0.083862 -0.055542 0.145874
-0.109741 -0.472046 1.059204 -0.107422 -0.055908 0.154663
-0.115845 -0.475952 1.073608 -0.087036 -0.045044 0.169800
-0.121216 -0.464844 1.064575 -0.056274 -0.039307 0.187622
-0.131226 -0.456177 1.057739 -0.034790 -0.040405 0.209473
-0.105957 -0.426147 1.062378 0.004639 -0.040039 0.233887
-0.107666 -0.397583 1.045410 0.016968 -0.021606 0.259277
-0.110474 -0.380493 1.012451 0.008911 0.005493 0.284424
-0.103394 -0.357544 0.987305 -0.029785 0.017090 0.303345
-0.108887 -0.350952 0.972168 -0.032837 0.017456 0.305542
-0.102173 -0.359375 0.973511 -0.017212 -0.003296 0.292603
-0.070679 -0.347778 1.009033 -0.008057 -0.043945 0.284424
-0.079956 -0.373047 1.008179 0.007324 -0.064697 0.281738
-0.073242 -0.377319 1.019897 0.027588 -0.057251 0.284302
-0.051514 -0.373291 1.040039 0.038208 -0.059204 0.302246
-0.035400 -0.359985 1.044922 0.037231 -0.048828 0.329224
-0.003418 -0.332153 1.058960 0.048218 -0.033081 0.345215
-0.011841 -0.298462 0.997559 0.087158 -0.009155 0.341919
-0.016846 -0.270630 0.994995 0.106689 -0.016724 0.317383
-0.001343 -0.292114 0.996826 0.079834 -0.022949 0.294556
-0.013306 -0.319946 0.989380 0.108521 -0.056030 0.286499
-0.025146 -0.330200 0.977295 0.114624 -0.027222 0.270264
-0.020996 -0.347778 0.992310 0.112549 -0.027710 0.270752
0.004761 -0.330444 1.011353 0.115112 -0.026367 0.276001
0.006592 -0.321289 0.993896 0.111938 -0.028809 0.284302
0.014648 -0.303833 1.004517 0.130127 -0.071899 0.296509
0.027588 -0.297241 1.004028 0.150024 -0.029297 0.281616
0.029907 -0.306274 1.009399 0.117676 -0.000977 0.270020
0.042114 -0.303345 0.996826 0.105957 0.016602 0.268188
0.028687 -0.319336 0.957886 0.101807 0.031860 0.270142
0.022095 -0.323364 0.945190 0.090210 -0.017456 0.279785
0.038818 -0.323120 0.954712 0.113403 -0.021484 0.278320
0.058228 -0.285767 0.948242 0.098022 -0.007324 0.264771
0.076050 -0.276123 0.975464 0.066895 -0.036865 0.251221
0.093140 -0.262329 1.002686 0.104248 -0.046143 0.222290
0.087402 -0.265869 0.996582 0.137207 -0.050659 0.190063
0.096436 -0.255615 0.999390 0.151001 -0.059326 0.174927
0.104370 -0.239868 1.001099 0.120972 -0.051636 0.185425
0.122559 -0.212524 0.978882 0.066162 -0.029053 0.204834
0.142944 -0.192017 0.986938 -0.011719 -0.012573 0.206177
0.150879 -0.192749 0.989624 -0.063110 0.000610 0.184082
0.138062 -0.230469 1.007568 -0.073120 0.003174 0.160889
0.128662 -0.261719 1.011108 -0.054810 -0.004150 0.145874
0.146484 -0.241211 1.004883 -0.011230 -0.025391 0.128296
0.171387 -0.194702 0.994873 0.030518 -0.042114 0.102539
0.200073 -0.164551 0.990479 0.046509 -0.047241 0.067627
0.211060 -0.167114 1.000244 0.029297 -0.047729 0.026489
0.205566 -0.178223 1.005859 0.005737 -0.036621 -0.007446
0.200562 -0.186646 0.989868 -0.012451 -0.023438 -0.037598
0.209473 -0.181641 0.997803 -0.030518 -0.019531 -0.072266
0.208618 -0.192749 1.008179 -0.055786 -0.008423 -0.111206
0.190430 -0.215942 0.994995 -0.086914 0.015259 -0.143311
0.177246 -0.232178 0.985718 -0.099365 0.037231 -0.163940
0.149536 -0.277344 0.979614 -0.131714 0.047974 -0.174194
0.119507 -0.320801 0.974731 -0.148926 0.054443 -0.179810
0.117798 -0.331177 0.979370 -0.133179 0.056152 -0.182983
0.109619 -0.330688 0.979858 -0.126709 0.050781 -0.195679
0.095947 -0.329956 0.962769 -0.111084 0.046753 -0.213867
0.079468 -0.324951 0.944824 -0.075195 0.038086 -0.242188
0.087769 -0.316406 0.971924 -0.034058 0.023926 -0.271851
0.081909 -0.308594 0.975708 -0.050781 0.026123 -0.290527
0.060181 -0.320435 0.966064 -0.092041 0.039551 -0.297852
0.049316 -0.328857 0.968140 -0.125488 0.049194 -0.303223
0.027100 -0.357422 0.972290 -0.159912 0.054321 -0.308838
-0.000366 -0.390869 0.968506 -0.157471 0.050781 -0.307983
-0.010376 -0.402832 0.976318 -0.126465 0.040039 -0.301147
-0.009644 -0.393188 0.974731 -0.111206 0.030640 -0.293091
-0.002075 -0.369629 0.973511 -0.098022 0.022705 -0.291626
-0.006226 -0.337891 0.975342 -0.093628 0.020264 -0.304321
-0.014160 -0.333862 0.977173 -0.109497 0.025879 -0.318359
-0.019897 -0.343872 0.987305 -0.149536 0.031616 -0.328491
-0.040771 -0.367554 1.000000 -0.173462 0.043213 -0.331909
-0.056152 -0.378662 1.001343 -0.173096 0.058228 -0.325439
-0.072998 -0.385010 0.985107 -0.144897 0.073486 -0.316650
-0.074341 -0.384399 0.986938 -0.114624 0.070801 -0.313477
-0.079712 -0.395142 0.993530 -0.100342 0.064209 -0.308350
-0.098755 -0.406494 0.994507 -0.108398 0.062256 -0.299561
-0.101318 -0.406616 0.999146 -0.134155 0.052612 -0.291382
-0.096924 -0.394897 1.015015 -0.143921 0.051147 -0.283936
-0.125000 -0.406616 0.990112 -0.137451 0.067627 -0.274902
-0.153442 -0.422241 0.972168 -0.120728 0.072510 -0.262817
-0.153687 -0.445679 0.982544 -0.093628 0.063843 -0.246582
-0.136108 -0.439941 1.014648 -0.084351 0.048950 -0.225708
-0.148071 -0.437378 0.998291 -0.104858 0.088867 -0.217041
-0.121704 -0.402466 1.023926 -0.087891 0.062256 -0.201416
-0.135864 -0.425415 1.032227 -0.105225 0.057861 -0.190308
