-0.039917 -0.259155 1.006592 -0.089722 -0.081421 0.029419
0.000610 -0.200073 1.005127 -0.095337 -0.092041 0.036987
-0.001587 -0.229980 1.031372 -0.146362 -0.079956 0.025757
-0.002808 -0.239136 1.025269 -0.105225 -0.074707 -0.002441
-0.020996 -0.277710 1.025635 -0.072266 -0.079102 -0.027954
-0.020752 -0.290039 1.045410 -0.059692 -0.101929 -0.035522
0.003296 -0.275269 1.054688 -0.039429 -0.119385 -0.017578
-0.009155 -0.263184 1.022583 -0.035522 -0.086792 -0.004272
-0.013184 -0.272949 1.023682 -0.064941 -0.085571 0.013672
0.007568 -0.261963 1.015137 -0.069702 -0.088501 0.027588
0.035645 -0.250000 1.045288 -0.061157 -0.083618 0.024658
0.046387 -0.239746 1.049805 -0.073486 -0.080078 0.013306
0.041992 -0.250366 1.049194 -0.086914 -0.072876 0.008911
0.042725 -0.262817 1.051270 -0.115601 -0.070435 0.021729
0.046509 -0.250977 1.039673 -0.139160 -0.069336 0.048218
0.078735 -0.190063 1.018555 -0.122925 -0.074829 0.050049
0.118896 -0.143555 1.031494 -0.096558 -0.094604 0.012451
0.154053 -0.139404 1.033569 -0.093384 -0.111206 -0.045166
0.162109 -0.137695 1.038452 -0.084595 -0.117676 -0.103638
0.173950 -0.155029 1.046265 -0.087646 -0.113037 -0.146484
0.184326 -0.179199 1.078125 -0.104492 -0.096924 -0.180054
0.177856 -0.201416 1.064819 -0.110107 -0.071411 -0.207153
0.168823 -0.218750 1.037842 -0.115112 -0.052368 -0.227051
0.166626 -0.231934 1.023438 -0.115845 -0.044434 -0.242310
0.213623 -0.211548 1.044556 -0.108398 -0.042480 -0.252197
0.237915 -0.237427 1.079468 -0.146484 -0.006348 -0.262085
0.237915 -0.272583 1.086670 -0.167114 0.042725 -0.274048
0.223877 -0.324707 1.087769 -0.171021 0.074707 -0.289429
0.215820 -0.356079 1.068115 -0.159790 0.093262 -0.305420
0.205444 -0.377441 1.048218 -0.140869 0.105835 -0.316406
0.184204 -0.420776 1.043823 -0.109497 0.119385 -0.321899
0.161987 -0.447754 1.007813 -0.064453 0.129028 -0.318848
0.147217 -0.468018 0.980713 -0.032471 0.127197 -0.311523
0.148682 -0.455322 0.964111 -0.003784 0.131226 -0.308716
0.123413 -0.472290 0.929321 0.000244 0.136963 -0.312622
0.104858 -0.476196 0.920288 0.017212 0.144653 -0.318359
0.065918 -0.507202 0.892212 0.020630 0.154907 -0.312622
0.040527 -0.525757 0.871094 0.008057 0.149658 -0.291992
0.035034 -0.539673 0.882202 -0.007446 0.134277 -0.271606
0.017944 -0.556641 0.874634 -0.047119 0.118530 -0.249023
-0.006226 -0.577271 0.871338 -0.095947 0.093628 -0.228271
-0.015137 -0.575073 0.875000 -0.121704 0.064331 -0.208008
-0.012939 -0.562012 0.892090 -0.125366 0.042725 -0.186646
-0.033081 -0.540649 0.861694 -0.118652 0.054810 -0.170654
-0.035278 -0.522827 0.862549 -0.114868 0.022705 -0.143066
-0.014526 -0.489502 0.887329 -0.121460 -0.001221 -0.120728
-0.018677 -0.483643 0.892578 -0.144531 -0.006958 -0.104736
-0.013062 -0.466919 0.912231 -0.146484 -0.018677 -0.100220
-0.021362 -0.458984 0.909668 -0.140503 -0.009888 -0.096558
-0.010620 -0.462891 0.924561 -0.138184 -0.026367 -0.082886
-0.012573 -0.454224 0.935059 -0.136108 -0.028931 -0.081543
-0.024414 -0.458252 0.932373 -0.136475 -0.025024 -0.078735
-0.037231 -0.468628 0.933228 -0.155151 -0.022339 -0.069702
-0.047607 -0.477905 0.927002 -0.184204 -0.020630 -0.054199
-0.048828 -0.483643 0.945190 -0.204346 -0.023804 -0.042725
-0.038940 -0.486694 0.967896 -0.215454 -0.029297 -0.041138
-0.049561 -0.509766 0.978882 -0.209717 -0.031982 -0.041260
-0.062134 -0.511353 0.978638 -0.187012 -0.036133 -0.042358
-0.065918 -0.520874 0.985352 -0.164185 -0.042114 -0.038696
-0.068604 -0.512817 0.989136 -0.142700 -0.049561 -0.031006
-0.070923 -0.502441 1.005615 -0.119873 -0.049316 -0.017456
-0.087769 -0.490601 1.009399 -0.112061 -0.041870 -0.000854
-0.094604 -0.453247 1.005127 -0.103638 -0.030151 0.024170
-0.100952 -0.428711 0.998779 -0.093994 -0.012817 0.058960
-0.091553 -0.393433 1.005859 -0.091064 -0.002930 0.081055
-0.083374 -0.372314 1.013428 -0.106934 0.008301 0.086792
-0.094849 -0.383301 1.030029 -0.115967 0.021606 0.079346
-0.106934 -0.394287 1.027100 -0.111084 0.034058 0.078735
-0.122437 -0.413330 1.036987 -0.106567 0.050049 0.085083
-0.144287 -0.432007 1.025879 -0.101318 0.054810 0.101685
-0.144409 -0.417603 1.027710 -0.077759 0.049072 0.122437
-0.146729 -0.419678 1.026245 -0.063232 0.043091 0.148560
-0.131714 -0.412964 1.027954 -0.053833 0.043701 0.177856
-0.123901 -0.401367 1.033203 -0.054932 0.048218 0.202759
-0.116821 -0.394653 1.018066 -0.047729 0.048218 0.219238
-0.095459 -0.383911 1.021240 -0.036743 0.041626 0.230591
-0.083496 -0.386963 1.027710 -0.022583 0.037598 0.237061
-0.073975 -0.385742 1.022827 -0.013794 0.039185 0.245728
-0.063721 -0.376587 0.994995 -0.060059 0.030151 0.265625
-0.064331 -0.402588 0.991943 -0.088501 0.035889 0.289307
-0.049805 -0.383545 0.975830 -0.032471 0.050537 0.304199
-0.030029 -0.349731 0.946167 -0.006958 0.052979 0.312500
-0.024902 -0.363403 0.951294 0.002563 0.048950 0.299805
-0.020874 -0.346069 0.957153 0.010742 0.051392 0.277832
-0.040649 -0.372314 0.944580 0.046021 0.044312 0.256836
-0.056641 -0.373169 0.930420 0.079346 0.018677 0.235718
-0.052734 -0.377563 0.932007 0.098511 -0.013428 0.226074
-0.021240 -0.324707 0.937744 0.123535 -0.029663 0.229126
-0.012817 -0.302612 0.919922 0.123047 -0.020996 0.244385
-0.006592 -0.299805 0.962036 0.103882 -0.010254 0.252319
0.005249 -0.280396 0.975586 0.063721 -0.006226 0.237915
-0.005249 -0.300415 0.993164 0.014771 0.000488 0.215698
-0.016357 -0.351074 1.005615 -0.016113 0.002441 0.194092
-0.001343 -0.325806 1.031494 -0.008789 -0.007202 0.191895
-0.003906 -0.336182 1.003906 0.008911 0.011475 0.209473
-0.006470 -0.329956 0.965088 0.037354 0.016479 0.214355
0.003174 -0.353760 0.976929 0.072754 0.005737 0.202515
0.009521 -0.359375 0.980469 0.097534 -0.005005 0.194702
0.009766 -0.354248 0.990234 0.117310 -0.006592 0.199341
0.014160 -0.339478 0.978149 0.130249 -0.004517 0.218994
0.027588 -0.306152 0.968628 0.108398 -0.005371 0.243164
0.046997 -0.286377 0.968384 0.066040 -0.013916 0.256470
0.061279 -0.270386 0.964478 0.047241 -0.021118 0.250854
0.057129 -0.286621 0.976807 0.034546 -0.025879 0.236572
0.066284 -0.277832 0.967896 0.016113 -0.039429 0.223999
0.080933 -0.264526 0.982910 -0.028809 -0.062744 0.210815
0.116577 -0.246460 1.012085 -0.023438 -0.058838 0.180420
0.122803 -0.256836 1.003174 -0.009521 -0.044312 0.152100
0.113159 -0.276123 1.002075 -0.023193 -0.045166 0.115845
0.099731 -0.324463 1.017822 0.038574 -0.046753 0.077271
0.099487 -0.347168 1.023315 0.102661 -0.059570 0.060547
0.105103 -0.335083 1.010742 0.154053 -0.072876 0.051025
0.122925 -0.302979 1.002808 0.175171 -0.094727 0.039429
0.146973 -0.256104 1.009277 0.158569 -0.107666 0.021240
0.156738 -0.246460 1.019165 0.126953 -0.098633 0.005127
0.146729 -0.262451 1.021362 0.083740 -0.081421 -0.005493
0.145264 -0.265015 1.032715 0.037964 -0.071777 -0.011475
0.145752 -0.269775 1.037231 -0.005981 -0.066162 -0.015381
0.161499 -0.248413 1.051392 -0.037720 -0.054077 -0.024780
0.148315 -0.245483 1.024780 -0.052612 -0.026245 -0.046997
0.119263 -0.248169 0.987427 -0.037354 -0.016602 -0.090698
0.109985 -0.275024 0.994385 -0.017700 -0.026855 -0.131470
0.107544 -0.289429 1.007813 -0.010620 -0.043701 -0.156128
0.103271 -0.294678 1.010010 -0.016846 -0.039551 -0.170898
0.089355 -0.281128 0.976318 -0.020508 -0.023071 -0.181274
0.085571 -0.276733 0.979126 -0.035156 -0.020142 -0.198242
0.088623 -0.280396 1.000366 -0.046143 -0.021851 -0.220459
0.070435 -0.301758 0.998413 -0.062256 -0.012207 -0.234253
0.047119 -0.321167 0.986328 -0.068970 0.001831 -0.236206
0.052612 -0.317261 0.986328 -0.069214 0.012207 -0.227539
0.000977 -0.354126 0.959961 -0.105591 0.033569 -0.222656
0.015137 -0.355347 0.968628 -0.104004 0.045410 -0.214111
-0.010010 -0.358521 0.952271 -0.111572 0.058472 -0.209839
-0.021606 -0.361206 0.953857 -0.107788 0.055542 -0.206177
-0.015991 -0.361938 0.974976 -0.100952 0.049316 -0.209595
-0.016968 -0.364990 0.984131 -0.115601 0.053833 -0.209595
-0.035278 -0.352661 0.974609 -0.146118 0.073120 -0.201782
-0.058960 -0.354492 0.951660 -0.161255 0.092041 -0.190918
-0.056030 -0.348877 0.954346 -0.162109 0.091553 -0.195068
-0.062134 -0.352539 0.969849 -0.149658 0.085693 -0.210571
-0.082153 -0.376221 0.967285 -0.129150 0.082031 -0.226074
-0.099121 -0.397339 0.969238 -0.104126 0.072266 -0.229492
-0.106445 -0.405396 0.978394 -0.082275 0.057007 -0.223267
-0.105103 -0.378540 0.985229 -0.064941 0.047485 -0.217896
-0.099487 -0.371216 0.990723 -0.070923 0.065186 -0.214355
-0.105103 -0.347534 0.975708 -0.089478 0.079224 -0.209229
-0.099487 -0.352295 1.002319 -0.092041 0.061890 -0.196533
-0.113403 -0.365601 0.992554 -0.093994 0.068237 -0.190918
-0.115967 -0.377197 0.998291 -0.074097 0.076538 -0.182617
-0.111816 -0.383423 1.009399 -0.078979 0.079224 -0.175537
