-0.034912 -0.260376 0.986206 -0.070679 -0.079956 -0.043335
-0.023682 -0.256470 1.005005 -0.063599 -0.089355 -0.052124
-0.013672 -0.243530 1.003418 -0.059937 -0.096558 -0.058228
0.001221 -0.247070 1.021240 -0.067871 -0.105835 -0.061157
0.026855 -0.243164 1.049438 -0.070923 -0.118042 -0.069824
0.048706 -0.227173 1.062256 -0.060913 -0.121948 -0.086670
0.072876 -0.215942 1.071167 -0.054932 -0.119751 -0.110718
0.095215 -0.207397 1.076782 -0.062134 -0.107666 -0.133057
0.111328 -0.206909 1.085327 -0.098145 -0.092041 -0.159180
0.122437 -0.203857 1.079956 -0.116211 -0.068481 -0.185181
0.116699 -0.245972 1.068604 -0.171753 -0.035767 -0.202271
0.090210 -0.321655 1.062256 -0.245361 -0.002319 -0.202515
0.062744 -0.374756 1.037598 -0.273315 -0.017700 -0.186890
0.049561 -0.412720 1.009521 -0.242065 -0.028076 -0.180664
0.046631 -0.429688 1.010010 -0.179199 -0.012573 -0.209717
0.063232 -0.428467 1.016479 -0.082153 -0.021851 -0.248779
0.073975 -0.447144 1.019409 0.018555 -0.022095 -0.280029
0.085205 -0.454834 1.030396 0.059570 -0.044800 -0.289185
0.095215 -0.469238 1.036621 0.034912 -0.023682 -0.277832
0.090698 -0.485840 1.027466 -0.015503 0.012573 -0.258911
0.093018 -0.489746 1.019043 -0.045044 0.034546 -0.245239
0.093994 -0.481812 1.003906 -0.012817 0.057373 -0.237305
0.098877 -0.465332 0.989746 0.016724 0.075439 -0.235718
0.073730 -0.495605 0.968872 0.024414 0.085205 -0.238403
0.067627 -0.491577 0.952881 0.052124 0.073853 -0.240479
0.062500 -0.503174 0.946533 0.085327 0.081055 -0.241089
0.062866 -0.479736 0.935913 0.106079 0.082153 -0.233887
0.067261 -0.468384 0.938843 0.119995 0.089722 -0.223633
0.051147 -0.458374 0.922485 0.106567 0.096680 -0.215942
0.038330 -0.451050 0.902832 0.087769 0.098511 -0.212036
0.032959 -0.442993 0.896484 0.075928 0.098389 -0.209717
0.016235 -0.447632 0.889404 0.059326 0.103394 -0.205566
-0.005737 -0.461426 0.879395 0.026978 0.096558 -0.196899
-0.020874 -0.454834 0.881714 -0.001465 0.075317 -0.187256
-0.023193 -0.453491 0.883545 -0.016479 0.061035 -0.173706
-0.027588 -0.451660 0.893433 -0.049438 0.055054 -0.161621
-0.044800 -0.447754 0.883179 -0.070190 0.052856 -0.154297
-0.063721 -0.470215 0.890869 -0.076660 0.042725 -0.146484
-0.070435 -0.471191 0.892334 -0.057739 0.028442 -0.140503
-0.071167 -0.460327 0.897949 -0.034058 0.014038 -0.136353
-0.064209 -0.437378 0.915649 -0.026489 0.001953 -0.129517
-0.064209 -0.435791 0.924805 -0.037476 0.001221 -0.119629
-0.064941 -0.443237 0.947998 -0.074951 0.007446 -0.103027
-0.075439 -0.455811 0.961426 -0.119385 0.014160 -0.083130
-0.080322 -0.457275 0.957275 -0.143066 0.017334 -0.069702
-0.085938 -0.462646 0.967773 -0.148682 0.019775 -0.060669
-0.088257 -0.456665 0.967285 -0.137451 0.017578 -0.053101
-0.083740 -0.449951 0.968384 -0.109619 0.014038 -0.044067
-0.076050 -0.432739 0.978760 -0.097290 0.009033 -0.038696
-0.080200 -0.428101 0.986450 -0.101440 0.009033 -0.035645
-0.088989 -0.426025 0.979492 -0.113647 0.011841 -0.028076
-0.098633 -0.428223 0.967163 -0.123169 0.015381 -0.021362
-0.100952 -0.414185 0.978760 -0.112427 0.012817 -0.023438
-0.114380 -0.427124 0.975830 -0.092896 0.011963 -0.029541
-0.116211 -0.435425 0.992310 -0.076660 0.014526 -0.032593
-0.126221 -0.437378 0.995972 -0.073975 0.023926 -0.028687
-0.140991 -0.459717 0.997314 -0.068970 0.036011 -0.015869
-0.139404 -0.459473 1.014160 -0.065918 0.040649 0.001343
-0.134155 -0.462769 1.028687 -0.066040 0.067261 0.021606
-0.155396 -0.455444 1.002441 -0.076904 0.078491 0.051147
-0.204956 -0.475708 0.973022 -0.089844 0.098755 0.072632
-0.240234 -0.472534 0.937744 -0.085083 0.088745 0.096069
-0.235962 -0.471802 0.940063 -0.057861 0.064087 0.121460
-0.232056 -0.465942 0.939209 -0.035522 0.026733 0.154541
-0.198975 -0.433716 0.979736 -0.014526 -0.002563 0.179688
-0.160400 -0.409424 1.010742 0.019165 -0.010620 0.195190
-0.142334 -0.397949 1.024780 0.032471 -0.007690 0.212769
-0.134766 -0.383179 1.014404 0.032227 0.006104 0.229980
-0.134644 -0.349365 0.985474 0.020996 0.019775 0.242676
-0.136475 -0.325073 0.960815 0.009033 0.024658 0.242432
-0.139648 -0.345215 0.957764 -0.003906 0.023193 0.237305
-0.144653 -0.363647 0.963623 -0.010620 0.014771 0.239990
-0.149902 -0.399170 0.974365 -0.024414 0.008423 0.255737
-0.159790 -0.418335 0.958862 -0.024658 -0.001953 0.281860
-0.138794 -0.395508 0.948608 -0.000122 -0.022949 0.306030
-0.109131 -0.350708 0.950195 0.019531 -0.040161 0.319092
-0.088867 -0.320801 0.953369 0.009644 -0.049561 0.318237
-0.080688 -0.318604 0.964355 -0.013550 -0.057739 0.301147
-0.065674 -0.313843 0.990112 -0.016846 -0.063599 0.287476
-0.070435 -0.326294 0.998535 -0.021362 -0.060059 0.281494
-0.070801 -0.325928 1.007813 -0.016846 -0.058228 0.276245
-0.068970 -0.324707 1.020386 -0.016602 -0.053345 0.276978
-0.063721 -0.321533 1.027100 -0.040405 -0.037842 0.284790
-0.065674 -0.330933 1.018066 -0.045898 -0.024170 0.283691
-0.084473 -0.357910 0.984497 -0.026611 -0.024658 0.270508
-0.088379 -0.369019 0.981934 0.023682 -0.050537 0.249023
-0.068604 -0.358521 1.011963 0.072266 -0.075806 0.232422
-0.054565 -0.358887 1.018555 0.093872 -0.078003 0.239502
-0.041870 -0.346436 1.037109 0.098511 -0.068115 0.256104
-0.024658 -0.322021 1.050537 0.096069 -0.048096 0.274048
-0.018311 -0.308472 1.046631 0.064331 -0.024902 0.290283
-0.021851 -0.299438 1.047974 0.037231 -0.002441 0.302490
-0.025513 -0.313477 1.037598 0.008423 0.017334 0.317139
-0.022461 -0.312500 1.012695 -0.014771 0.023926 0.330933
-0.006592 -0.280273 0.979858 -0.019531 0.017822 0.328735
0.005737 -0.262329 0.967651 -0.005981 0.006226 0.307373
0.014526 -0.256958 0.971924 0.027100 -0.011475 0.275146
0.023560 -0.261353 1.003662 0.045898 -0.027466 0.239258
0.029663 -0.270508 0.981079 0.045410 -0.036865 0.215942
0.033569 -0.259277 0.971680 0.063599 -0.037354 0.204712
0.046265 -0.248413 0.966431 0.066895 -0.035645 0.199097
0.055420 -0.241089 0.955444 0.046387 -0.034302 0.185181
0.067383 -0.239746 0.959839 0.025513 -0.036133 0.163086
0.075928 -0.230591 0.954590 0.019409 -0.040649 0.135620
0.087402 -0.234863 0.963379 0.009888 -0.043701 0.102539
0.083252 -0.250854 0.974976 -0.003418 -0.048340 0.070923
0.078613 -0.268921 0.979980 -0.006226 -0.051758 0.050049
0.077271 -0.275024 0.977173 -0.005859 -0.047729 0.038330
0.080322 -0.277222 0.983521 -0.033813 -0.043335 0.031494
0.083252 -0.268677 0.978271 -0.064575 -0.040894 0.017700
0.082275 -0.261963 0.979004 -0.078857 -0.040527 -0.006470
0.076050 -0.270264 0.973633 -0.080444 -0.047241 -0.037231
0.068970 -0.289307 0.983154 -0.065674 -0.061035 -0.067993
0.070679 -0.302124 1.000244 -0.048096 -0.074707 -0.094604
0.079712 -0.301270 1.010010 -0.037354 -0.080566 -0.114136
0.081421 -0.307007 1.024536 -0.046143 -0.067871 -0.128418
0.074951 -0.304077 1.017090 -0.083252 -0.041992 -0.134644
0.054565 -0.317993 1.002197 -0.134155 -0.018677 -0.136719
0.042236 -0.335815 0.995972 -0.163940 -0.006226 -0.142822
0.030273 -0.352905 0.992188 -0.170044 -0.004639 -0.150146
0.021729 -0.353027 0.981323 -0.153931 -0.009644 -0.167603
0.014404 -0.347046 0.969238 -0.129272 -0.014893 -0.187378
0.007568 -0.342163 0.960815 -0.114014 -0.018433 -0.205688
-0.005005 -0.359009 0.959229 -0.111694 -0.022949 -0.217163
-0.023804 -0.366455 0.947998 -0.113281 -0.026123 -0.237793
-0.041504 -0.371582 0.936646 -0.105957 -0.030640 -0.244995
-0.044678 -0.384888 0.945313 -0.100708 -0.033813 -0.245972
-0.045898 -0.366577 0.947754 -0.101196 -0.031372 -0.241577
-0.060547 -0.380249 0.943359 -0.101196 -0.017456 -0.236816
-0.067993 -0.376221 0.938843 -0.089600 -0.009155 -0.238892
-0.067993 -0.362549 0.951172 -0.089844 -0.005127 -0.240112
-0.074829 -0.354126 0.953735 -0.106445 0.003296 -0.235840
-0.074951 -0.358276 0.960571 -0.117065 0.012939 -0.229492
-0.073975 -0.350098 0.959351 -0.123779 0.012939 -0.228760
-0.080688 -0.356079 0.968994 -0.140137 0.015137 -0.227539
-0.079224 -0.355225 0.968872 -0.162231 0.021484 -0.224365
-0.083862 -0.368530 0.986572 -0.196411 0.036255 -0.223022
-0.114502 -0.416626 0.980347 -0.225586 0.052856 -0.220459
-0.131226 -0.436890 0.975952 -0.207886 0.051147 -0.214966
-0.142212 -0.459961 0.991577 -0.168579 0.034058 -0.213379
-0.142334 -0.463745 1.006714 -0.105103 0.008057 -0.214966
-0.137939 -0.445679 1.012695 -0.040527 -0.014526 -0.211304
-0.126587 -0.431396 1.016602 -0.008179 -0.023193 -0.202881
-0.107056 -0.407593 1.038818 -0.001465 -0.019043 -0.187378
-0.099487 -0.401123 1.058105 -0.023926 0.006226 -0.170044
-0.104248 -0.414307 1.048950 -0.066528 0.043701 -0.143677
-0.115234 -0.420166 1.034058 -0.105957 0.076782 -0.120605
-0.138306 -0.413452 0.988159 -0.104248 0.093140 -0.111816
-0.146851 -0.403076 0.965576 -0.068970 0.079468 -0.121216
-0.141357 -0.404541 0.976929 -0.037354 0.050415 -0.139526
