-0.014282 -0.302856 1.030273 -0.110596 -0.071289 -0.005371
-0.018066 -0.306152 1.017822 -0.088501 -0.081665 -0.014771
-0.012817 -0.293945 1.016846 -0.078857 -0.097168 -0.015747
-0.001343 -0.278320 1.008667 -0.065552 -0.114868 -0.018066
0.010620 -0.260742 1.008789 -0.044312 -0.133179 -0.029907
0.029663 -0.238281 1.019287 -0.019165 -0.152466 -0.047119
0.055420 -0.215942 1.022095 -0.008545 -0.164063 -0.064697
0.100464 -0.205933 1.050293 -0.012695 -0.162354 -0.083374
0.144897 -0.182617 1.098755 -0.033813 -0.138672 -0.105347
0.137329 -0.207642 1.092163 -0.073364 -0.086182 -0.120850
0.106079 -0.227051 1.096924 -0.104248 -0.043335 -0.140137
0.091675 -0.293945 1.053101 -0.157837 -0.026855 -0.153198
0.085449 -0.306152 1.056885 -0.157104 -0.024048 -0.152222
0.088135 -0.310425 1.060303 -0.144287 -0.019897 -0.150024
0.095459 -0.315674 1.061035 -0.121826 -0.015625 -0.162476
0.100464 -0.321899 1.057007 -0.068604 -0.004272 -0.190186
0.104370 -0.330200 1.037842 -0.048828 -0.004150 -0.213257
0.127075 -0.323975 1.042725 -0.030640 -0.005371 -0.234131
0.142700 -0.310181 1.045776 -0.004028 0.008423 -0.256836
0.156982 -0.315674 1.044800 0.022705 0.038696 -0.280884
0.148804 -0.329102 1.019409 0.040771 0.077759 -0.300293
0.142700 -0.365356 1.003052 0.056030 0.119385 -0.314575
0.150879 -0.371582 0.993408 0.045776 0.139526 -0.324951
0.147827 -0.417358 1.005371 -0.000244 0.161987 -0.326294
0.144653 -0.432983 1.000488 -0.015015 0.183105 -0.314209
0.130493 -0.454712 1.003540 0.025513 0.203735 -0.308960
0.110840 -0.486938 0.968994 0.059204 0.197754 -0.309448
0.097046 -0.485352 0.944824 0.098877 0.171631 -0.327026
0.101318 -0.478027 0.952515 0.137207 0.130615 -0.342163
0.113525 -0.462646 0.964844 0.154907 0.106079 -0.353638
0.117554 -0.456787 0.981689 0.132690 0.109741 -0.353760
0.100952 -0.461548 0.973145 0.073730 0.135986 -0.334473
0.075195 -0.478516 0.958130 0.017700 0.163696 -0.314331
0.040649 -0.502197 0.942017 -0.017090 0.169800 -0.303101
0.003906 -0.523926 0.920898 -0.000610 0.165161 -0.296265
-0.019409 -0.521729 0.914917 0.016968 0.141113 -0.293091
-0.027344 -0.506836 0.921753 0.038086 0.102783 -0.286255
-0.029053 -0.488403 0.927490 0.050781 0.065308 -0.277710
-0.050049 -0.492310 0.921753 0.013916 0.040039 -0.254150
-0.049683 -0.456299 0.921265 -0.015137 0.030762 -0.220215
-0.056519 -0.426514 0.915649 -0.051636 0.043823 -0.192627
-0.085693 -0.421509 0.897705 -0.096558 0.054077 -0.176147
-0.103760 -0.411255 0.895996 -0.117188 0.042969 -0.172485
-0.115967 -0.410400 0.902222 -0.105469 0.024414 -0.176147
-0.133911 -0.420898 0.913208 -0.089233 0.006958 -0.185425
-0.145264 -0.421143 0.921387 -0.081055 -0.009399 -0.187622
-0.162964 -0.447876 0.933472 -0.081543 -0.027466 -0.169189
-0.158691 -0.443115 0.945923 -0.072266 -0.043213 -0.139526
-0.149536 -0.431030 0.947144 -0.077026 -0.044312 -0.108887
-0.149902 -0.428833 0.976074 -0.111938 -0.046143 -0.088379
-0.160034 -0.444092 0.965332 -0.124268 -0.042480 -0.072510
-0.150146 -0.431885 0.973999 -0.093018 -0.040039 -0.063232
-0.156738 -0.443115 0.982788 -0.101440 -0.049438 -0.052002
-0.172485 -0.466675 0.971436 -0.111328 -0.061890 -0.034790
-0.183228 -0.480103 0.972046 -0.125732 -0.076660 -0.007813
-0.168823 -0.477051 0.974731 -0.132324 -0.082764 0.024536
-0.168091 -0.467041 0.972656 -0.121460 -0.083496 0.048828
-0.162720 -0.447876 0.959106 -0.078979 -0.092651 0.066528
-0.135010 -0.422974 0.965210 -0.020264 -0.088013 0.081543
-0.116821 -0.388794 0.972534 -0.016113 -0.081665 0.094849
-0.109863 -0.390503 0.983521 -0.037842 -0.075317 0.110107
-0.097290 -0.392334 1.003418 -0.052856 -0.066772 0.125732
-0.092041 -0.381104 1.007446 -0.068848 -0.049072 0.140869
-0.106567 -0.406860 0.991821 -0.073853 -0.032471 0.156494
-0.117188 -0.424072 0.983887 -0.057983 -0.036621 0.164673
-0.104492 -0.420288 0.998413 -0.024658 -0.044678 0.176270
-0.099731 -0.408447 1.000000 -0.019897 -0.041138 0.199219
-0.090454 -0.401733 0.998291 -0.028442 -0.036255 0.226685
-0.075684 -0.374512 1.002075 -0.042480 -0.031738 0.248413
-0.085327 -0.376221 0.994995 -0.054565 -0.028076 0.264282
-0.079224 -0.383667 1.012573 -0.045166 -0.040161 0.269409
-0.069336 -0.391479 1.027588 -0.040161 -0.059082 0.280273
-0.043579 -0.358765 1.033447 -0.036133 -0.066284 0.293091
-0.019653 -0.344971 1.050537 -0.050171 -0.054443 0.308105
-0.013428 -0.332031 1.036621 -0.066772 -0.037109 0.316650
0.005615 -0.320557 1.111206 -0.078491 -0.026001 0.313599
-0.073608 -0.384399 0.990479 -0.071655 -0.047729 0.315674
-0.048462 -0.344727 0.976563 -0.032715 -0.042725 0.303467
-0.050049 -0.366943 0.998413 -0.020996 -0.052979 0.291138
-0.037354 -0.344849 0.982666 0.001343 -0.065308 0.288818
-0.037720 -0.331665 0.965576 0.007202 -0.071411 0.282959
-0.023193 -0.314697 0.976318 0.017212 -0.083862 0.275757
-0.015869 -0.313110 0.982544 0.019531 -0.087891 0.267944
-0.026123 -0.333496 0.992554 0.030762 -0.087769 0.263916
-0.027344 -0.349609 1.005005 0.035889 -0.085205 0.273926
-0.025391 -0.359863 1.010864 0.019653 -0.078003 0.300537
-0.018921 -0.343384 1.000732 0.010498 -0.073486 0.323364
-0.019897 -0.332642 0.972168 0.002197 -0.067383 0.330811
-0.000977 -0.309326 0.959961 0.011353 -0.072510 0.328491
0.005249 -0.304199 0.949219 -0.001831 -0.084351 0.317261
0.025024 -0.295288 0.963013 -0.008911 -0.083374 0.302002
0.029297 -0.302612 0.974365 -0.020386 -0.076538 0.281860
0.024048 -0.322144 0.988525 -0.023682 -0.075562 0.263916
0.021606 -0.331787 0.993042 -0.019165 -0.077759 0.255005
0.030640 -0.328979 0.996826 -0.015015 -0.077515 0.258057
0.040527 -0.317139 0.999512 -0.020752 -0.074707 0.268433
0.049561 -0.302002 0.993286 -0.030396 -0.065308 0.281006
0.062134 -0.285156 0.990845 -0.046387 -0.054443 0.290894
0.073608 -0.279419 0.985962 -0.066406 -0.049561 0.288086
0.090942 -0.259155 0.992432 -0.065796 -0.054688 0.270630
0.124146 -0.233032 1.019897 -0.063232 -0.061035 0.238525
0.132446 -0.251221 1.033936 -0.075195 -0.050049 0.207764
0.117310 -0.275757 1.025513 -0.069092 -0.035278 0.182495
0.118530 -0.289429 1.028931 -0.040527 -0.036133 0.157104
0.116089 -0.299805 1.025024 -0.009888 -0.044800 0.135986
0.123047 -0.300049 1.025635 0.026245 -0.057495 0.115723
0.130859 -0.288452 1.015991 0.058350 -0.066284 0.097412
0.137817 -0.278931 1.013428 0.066528 -0.071533 0.084595
0.168945 -0.240967 1.020630 0.067261 -0.073608 0.070801
0.181641 -0.227783 1.023926 0.045776 -0.063721 0.052246
0.179932 -0.231934 1.016846 0.028076 -0.048706 0.024170
0.173096 -0.249878 1.016235 0.017944 -0.038940 -0.010864
0.156372 -0.269897 1.009033 0.007690 -0.029785 -0.040161
0.147095 -0.294800 1.005371 -0.000854 -0.023071 -0.061523
0.139160 -0.311768 0.996948 -0.011841 -0.019897 -0.076050
0.127808 -0.319458 0.986450 -0.019897 -0.017578 -0.089966
0.124146 -0.322388 0.983032 -0.021851 -0.021606 -0.105103
0.113403 -0.339233 0.982056 -0.005981 -0.026489 -0.116577
0.117432 -0.334351 0.986816 0.018311 -0.040405 -0.136475
0.124512 -0.323364 0.992065 0.038574 -0.051147 -0.161987
0.123413 -0.313354 1.003540 0.041748 -0.045288 -0.183350
0.109375 -0.321289 0.995728 0.019287 -0.021240 -0.193970
0.097168 -0.324341 0.984009 -0.016235 0.005127 -0.195923
0.076050 -0.335571 0.968018 -0.042236 0.023071 -0.193970
0.064331 -0.343506 0.958252 -0.047729 0.026123 -0.197510
0.059814 -0.345459 0.952881 -0.037964 0.018555 -0.204956
0.056030 -0.326294 0.958740 -0.030518 0.006226 -0.217896
0.058594 -0.324585 0.968018 -0.028564 0.005615 -0.234253
0.048828 -0.325439 0.965332 -0.020264 0.004883 -0.250488
0.040039 -0.327515 0.968872 -0.014282 0.002930 -0.269043
0.030151 -0.333008 0.976929 -0.012085 0.000732 -0.283936
0.065186 -0.318359 1.064941 -0.014404 0.008423 -0.290527
0.010376 -0.347412 0.973755 -0.047852 0.046387 -0.283691
0.010986 -0.323730 0.966919 -0.067383 0.048340 -0.269043
-0.009033 -0.362427 0.986206 -0.072632 0.046509 -0.262573
-0.009399 -0.357422 0.982666 -0.070068 0.042847 -0.260986
-0.020264 -0.369507 0.978027 -0.063354 0.039551 -0.268188
-0.034546 -0.373901 0.979126 -0.031616 0.031494 -0.277100
-0.047974 -0.373657 0.977661 -0.005615 0.019287 -0.280884
-0.045654 -0.362427 0.989502 0.004028 0.010010 -0.271729
-0.054321 -0.362549 0.981201 -0.010132 0.010620 -0.252808
-0.061279 -0.359375 0.976074 -0.024048 0.009888 -0.234985
-0.055908 -0.351440 0.976929 -0.021484 0.003662 -0.224121
-0.041260 -0.327759 0.983032 -0.020264 -0.005371 -0.222412
-0.019165 -0.319946 1.004517 -0.031494 -0.004150 -0.228638
-0.026489 -0.324463 1.011353 -0.052124 0.006348 -0.242798
-0.054321 -0.358765 0.999756 -0.055664 0.019287 -0.253784
-0.075195 -0.374878 0.987793 -0.048828 0.021973 -0.254272
-0.088867 -0.393311 0.986938 -0.050293 0.021118 -0.236206
-0.096313 -0.390991 0.986938 -0.045776 0.021240 -0.204102
