0.083984 -0.308228 1.054443 -0.131714 -0.031738 -0.025513
0.084106 -0.296631 1.056763 -0.111328 -0.037720 -0.044678
0.078369 -0.288086 1.062012 -0.092529 -0.047241 -0.061035
0.082031 -0.283447 1.068359 -0.071411 -0.054443 -0.068237
0.085815 -0.264038 1.070435 -0.059204 -0.056030 -0.074585
0.088501 -0.241089 1.054688 -0.054565 -0.053589 -0.078247
0.097534 -0.221924 1.049561 -0.053223 -0.055908 -0.090454
0.109009 -0.211670 1.054565 -0.041382 -0.061523 -0.109375
0.104858 -0.214844 1.040527 -0.021973 -0.057739 -0.131958
0.098633 -0.219360 1.028320 -0.040527 -0.064575 -0.152710
0.127197 -0.209595 1.038086 -0.030396 -0.070923 -0.169434
0.156494 -0.199219 1.047974 -0.038086 -0.064941 -0.193237
0.159058 -0.200317 1.035767 -0.062012 -0.042358 -0.222900
0.157104 -0.222290 1.030640 -0.077759 -0.024658 -0.262573
0.164795 -0.249512 1.051514 -0.092896 -0.005859 -0.292725
0.139771 -0.290283 1.047119 -0.132813 0.022705 -0.299683
0.117065 -0.332642 1.031128 -0.161621 0.043335 -0.287354
0.107056 -0.353882 1.007690 -0.168823 0.048340 -0.277466
0.109009 -0.367065 1.000366 -0.160034 0.039429 -0.279297
0.121216 -0.383789 0.995850 -0.131104 0.039185 -0.289551
0.142334 -0.381958 0.999634 -0.062012 0.049927 -0.306274
0.139526 -0.388306 0.982910 -0.019287 0.036377 -0.339600
0.134277 -0.413208 0.970459 0.013794 0.013062 -0.376831
0.144287 -0.427368 0.984009 0.053955 0.006714 -0.405273
0.131470 -0.453247 0.968506 0.043579 0.023438 -0.407837
0.112061 -0.462158 0.939697 0.030762 0.048340 -0.393555
0.102661 -0.481323 0.931641 0.004517 0.070068 -0.375488
0.091797 -0.498169 0.913452 -0.019897 0.090210 -0.358276
0.089600 -0.503296 0.908569 -0.049805 0.093018 -0.346680
0.078613 -0.528809 0.908447 -0.097290 0.093994 -0.339722
0.054688 -0.554810 0.899658 -0.118896 0.099854 -0.333130
0.023193 -0.590332 0.888916 -0.121338 0.106567 -0.322021
-0.007568 -0.620361 0.872437 -0.117798 0.097534 -0.307861
-0.027588 -0.632690 0.863159 -0.102905 0.078125 -0.289917
-0.029175 -0.620728 0.872192 -0.093628 0.052124 -0.268433
-0.017212 -0.581421 0.876221 -0.088135 0.027466 -0.248169
0.002930 -0.557617 0.902344 -0.100708 0.013916 -0.232666
0.000610 -0.539063 0.910522 -0.122803 0.012817 -0.218994
-0.005493 -0.520508 0.907104 -0.130493 0.015015 -0.210815
-0.012817 -0.505493 0.911743 -0.134521 0.008301 -0.208984
-0.014282 -0.489014 0.920532 -0.138306 -0.000366 -0.208618
-0.026245 -0.492065 0.926880 -0.156494 -0.007446 -0.203735
-0.044312 -0.510498 0.948975 -0.162476 -0.015259 -0.190186
-0.047119 -0.516968 0.970459 -0.151245 -0.023315 -0.164917
-0.047729 -0.504761 0.978271 -0.136597 -0.027710 -0.138550
-0.041260 -0.474243 0.987549 -0.115967 -0.026123 -0.122803
-0.047974 -0.457275 0.990601 -0.098145 -0.013062 -0.113525
-0.066650 -0.463623 0.991943 -0.105469 0.004883 -0.104370
-0.090698 -0.470337 0.974731 -0.122681 0.021851 -0.088623
-0.112427 -0.487793 0.975952 -0.145752 0.030273 -0.070679
-0.127808 -0.510376 0.983887 -0.156860 0.024414 -0.048462
-0.129150 -0.525513 0.991699 -0.143066 0.013550 -0.020386
-0.128052 -0.529419 0.999023 -0.119385 0.000366 0.005249
-0.120483 -0.504150 0.997192 -0.076294 -0.000854 0.022339
-0.127319 -0.487183 0.984253 -0.045166 0.006226 0.038818
-0.141724 -0.469360 0.963867 -0.030762 0.007690 0.058594
-0.150146 -0.476929 0.964111 -0.042969 0.001343 0.082153
-0.154175 -0.487793 0.970215 -0.054565 -0.009888 0.107666
-0.136353 -0.485352 0.993286 -0.046143 -0.021729 0.135498
-0.120361 -0.492554 1.004028 -0.041382 -0.017944 0.169556
-0.113647 -0.480591 0.993896 -0.033936 -0.003662 0.199341
-0.106812 -0.464233 0.977173 -0.025635 0.011353 0.227295
-0.107910 -0.446899 0.952515 -0.028076 0.016113 0.248413
-0.116333 -0.441406 0.940552 -0.028687 0.006226 0.256714
-0.113892 -0.441406 0.941772 -0.024048 -0.013794 0.263672
-0.092163 -0.429443 0.968872 -0.012817 -0.028320 0.276123
-0.085815 -0.394043 0.945435 0.000854 -0.030518 0.287231
-0.082397 -0.366577 0.923340 0.009521 -0.035400 0.287964
-0.069824 -0.361572 0.937012 -0.006592 -0.046753 0.283936
-0.068848 -0.375488 0.945679 -0.035400 -0.047974 0.282959
-0.075317 -0.385498 0.927490 -0.047119 -0.041870 0.293335
-0.078369 -0.389771 0.926147 -0.061768 -0.041382 0.309937
-0.071411 -0.387939 0.933105 -0.074585 -0.052490 0.322144
-0.065918 -0.397583 0.943359 -0.060669 -0.069946 0.324341
-0.053955 -0.404785 0.968140 -0.043701 -0.092041 0.320557
-0.044800 -0.396484 0.993896 -0.015869 -0.103149 0.323242
-0.022217 -0.377563 1.020386 0.014893 -0.103149 0.332031
-0.004517 -0.345703 1.045776 0.019653 -0.086792 0.338379
-0.016602 -0.333374 1.033691 -0.006104 -0.053589 0.343140
-0.028564 -0.337769 1.015869 -0.028931 -0.026001 0.345337
-0.035156 -0.334106 1.009521 -0.023438 -0.011963 0.338989
-0.028076 -0.305420 0.984863 0.005249 -0.003174 0.317871
-0.039795 -0.324951 0.966064 0.041870 -0.002197 0.282104
-0.050293 -0.352295 0.942505 0.076172 -0.015137 0.254883
-0.053101 -0.377808 0.948120 0.065063 -0.027100 0.243652
-0.052490 -0.395630 0.961670 0.051025 -0.035156 0.250977
-0.048218 -0.411621 0.966675 0.075928 -0.033325 0.266846
-0.029419 -0.394653 0.987305 0.102173 -0.047729 0.281860
0.007568 -0.364868 1.007202 0.112061 -0.063599 0.296509
0.035034 -0.339355 1.027954 0.105835 -0.067017 0.305664
0.057739 -0.331421 1.041748 0.091187 -0.054688 0.314331
0.069092 -0.325806 1.025879 0.052002 -0.034790 0.323853
0.077637 -0.325806 1.020874 0.001221 -0.017700 0.329590
0.079834 -0.327881 0.995361 -0.020264 -0.009766 0.330200
0.090576 -0.319580 0.980103 -0.020264 -0.015015 0.325684
0.104370 -0.307617 0.984741 -0.023926 -0.026001 0.314819
0.138184 -0.277954 0.995483 -0.024658 -0.033325 0.295532
0.151611 -0.282959 1.001465 -0.028931 -0.031250 0.264648
0.148438 -0.298340 1.000122 -0.016968 -0.035767 0.222534
0.151367 -0.302002 1.002930 0.000977 -0.045532 0.187256
0.160522 -0.294312 0.992554 0.004028 -0.056763 0.158203
0.177612 -0.268677 1.001709 0.008545 -0.068359 0.131104
0.186279 -0.253540 1.012573 -0.002563 -0.066284 0.111206
0.195557 -0.250000 1.014282 -0.025146 -0.056030 0.093872
0.191772 -0.266602 1.019653 -0.047729 -0.045044 0.070190
0.183838 -0.273560 1.008179 -0.060913 -0.034912 0.046387
0.184814 -0.276001 1.016968 -0.068970 -0.022705 0.026489
0.171509 -0.281494 0.992432 -0.070068 -0.011963 -0.004395
0.157349 -0.298096 0.980835 -0.049072 -0.004028 -0.043213
0.133179 -0.325317 0.976440 -0.029663 -0.002197 -0.077637
0.120361 -0.346191 0.975220 -0.005737 -0.016479 -0.111938
0.105713 -0.360107 0.965454 0.021118 -0.034424 -0.145264
0.095337 -0.364990 0.964478 0.043457 -0.050903 -0.173096
0.093994 -0.369507 0.968994 0.053589 -0.067993 -0.197754
0.110352 -0.360474 0.995728 0.054565 -0.074951 -0.213379
0.107544 -0.348022 0.992920 0.024902 -0.056519 -0.215576
0.104004 -0.336670 0.989502 -0.027344 -0.015015 -0.203979
0.077148 -0.350952 0.964111 -0.085449 0.032959 -0.193604
0.038086 -0.367920 0.939331 -0.104248 0.060059 -0.195190
0.013916 -0.386108 0.930176 -0.093628 0.056396 -0.210327
0.004883 -0.403198 0.952637 -0.084839 0.042603 -0.222778
-0.003052 -0.410767 0.956055 -0.076904 0.037354 -0.221069
-0.002319 -0.387085 0.949951 -0.061279 0.030884 -0.225708
-0.012329 -0.390869 0.952271 -0.047241 0.023438 -0.234131
-0.009277 -0.394165 0.982056 -0.039673 0.011353 -0.248413
-0.015747 -0.397095 0.992065 -0.046265 0.005859 -0.260742
-0.030151 -0.398804 0.984985 -0.052490 0.009033 -0.263428
-0.050049 -0.421753 0.985962 -0.060303 0.010864 -0.257935
-0.048584 -0.406738 1.017944 -0.043823 -0.003174 -0.244507
-0.053589 -0.416870 1.013306 -0.052002 -0.007324 -0.225708
-0.045288 -0.405518 1.018311 -0.052002 0.005981 -0.217896
-0.031494 -0.413940 1.036499 -0.046631 0.044189 -0.199829
-0.008179 -0.369263 1.103760 -0.076050 0.085693 -0.164795
-0.070068 -0.419556 0.994263 -0.147217 0.156372 -0.138184
-0.053589 -0.388184 1.008057 -0.135010 0.153564 -0.132324
-0.081543 -0.404541 0.980103 -0.095337 0.150146 -0.150269
-0.095703 -0.405884 0.969238 -0.035767 0.125854 -0.177490
-0.100464 -0.411133 0.973389 0.002808 0.096680 -0.202271
-0.097778 -0.410034 0.972656 0.025513 0.083008 -0.208374
-0.106201 -0.404297 0.963135 0.025269 0.079468 -0.201294
-0.118774 -0.413574 0.965088 0.022461 0.077393 -0.181152
-0.116333 -0.406128 0.972290 0.018555 0.070068 -0.166992
-0.104980 -0.388428 0.978882 0.014282 0.064941 -0.163696
-0.089722 -0.371948 0.980591 0.016357 0.066650 -0.169678
-0.084351 -0.361938 0.986328 0.020020 0.074463 -0.180176
-0.089600 -0.370850 0.984863 -0.000610 0.089355 -0.178345
-0.106934 -0.377686 0.972412 -0.047607 0.107910 -0.160156
-0.132080 -0.401367 0.952393 -0.083252 0.117065 -0.142090
-0.138428 -0.403687 0.947510 -0.080200 0.110718 -0.135254
-0.141846 -0.411499 0.944702 -0.075684 0.093506 -0.132935
