0.117188 -0.146484 1.057373 -0.027954 -0.041748 0.004639
0.118408 -0.137207 1.055054 -0.029175 -0.036011 0.010254
0.113525 -0.146118 1.045776 -0.045410 -0.031006 0.019653
0.112305 -0.148682 1.036621 -0.054199 -0.031860 0.021729
0.111084 -0.130859 1.035156 -0.054688 -0.034058 0.016113
0.106079 -0.146240 1.026611 -0.064819 -0.040161 0.010132
0.118408 -0.137695 1.044556 -0.039795 -0.044678 0.005859
0.129761 -0.119019 1.051758 -0.049805 -0.046509 -0.000610
0.129761 -0.125854 1.046509 -0.054321 -0.035400 -0.005005
0.134399 -0.132690 1.041626 -0.053467 -0.035034 -0.012695
0.141846 -0.142090 1.057373 -0.038208 -0.039429 -0.020264
0.154297 -0.133423 1.061646 -0.039551 -0.044189 -0.028564
0.160156 -0.120239 1.062622 -0.046509 -0.042847 -0.041016
0.175781 -0.117065 1.077271 -0.044800 -0.035522 -0.050293
0.178101 -0.120361 1.082886 -0.045288 -0.020508 -0.056519
0.180664 -0.131592 1.076538 -0.079346 -0.002686 -0.062622
0.174072 -0.130737 1.056152 -0.105713 0.009521 -0.069336
0.174316 -0.142822 1.046143 -0.106567 0.028564 -0.073853
0.180176 -0.133179 1.025146 -0.142090 0.015503 -0.083496
0.188721 -0.109253 1.023926 -0.155029 0.023682 -0.093506
0.200439 -0.099976 1.021240 -0.122070 0.053711 -0.098755
0.201904 -0.092651 1.011353 -0.141968 0.072876 -0.115112
0.200928 -0.100708 1.000122 -0.175049 0.096436 -0.138916
0.195313 -0.121704 0.996826 -0.173340 0.113647 -0.166626
0.193970 -0.143066 0.994141 -0.173584 0.112183 -0.195923
0.193726 -0.189697 1.010498 -0.159546 0.108276 -0.212036
0.189453 -0.202026 1.013428 -0.155396 0.102051 -0.216553
0.190063 -0.190552 1.014160 -0.151978 0.101929 -0.215820
0.195190 -0.197510 1.025269 -0.144775 0.112305 -0.214111
0.192627 -0.215088 1.028076 -0.151123 0.119995 -0.213623
0.189941 -0.227173 1.026733 -0.160645 0.125122 -0.214966
0.177490 -0.228760 1.015869 -0.173096 0.129761 -0.221313
0.149170 -0.237671 0.990845 -0.177979 0.135742 -0.226074
0.119019 -0.273804 0.962891 -0.175903 0.130371 -0.230347
0.105835 -0.296265 0.958008 -0.152954 0.105591 -0.237549
0.095581 -0.328125 0.957275 -0.128662 0.066406 -0.245728
0.108521 -0.327759 0.997070 -0.087036 0.026611 -0.249634
0.118774 -0.317017 1.008057 -0.060547 0.006714 -0.245850
0.122559 -0.298462 1.018311 -0.059448 0.005005 -0.241333
0.118530 -0.306274 1.019043 -0.071411 0.019287 -0.234253
0.109741 -0.327026 1.023071 -0.089722 0.031860 -0.229370
0.098999 -0.335327 1.023315 -0.101929 0.033691 -0.222046
0.096436 -0.352783 1.007813 -0.151245 0.032104 -0.210327
0.088745 -0.347168 1.023804 -0.113403 0.055908 -0.212646
0.081665 -0.354736 1.013306 -0.136597 0.044067 -0.208130
0.079834 -0.356812 1.027222 -0.106323 0.034424 -0.212524
0.078735 -0.368896 1.039063 -0.096802 0.036621 -0.201904
0.070435 -0.359253 1.027954 -0.174072 0.055420 -0.179810
0.062134 -0.349609 1.011963 -0.181274 0.060913 -0.157227
0.050049 -0.351563 0.986328 -0.164673 0.068848 -0.141235
0.042603 -0.353149 0.970581 -0.137939 0.069214 -0.134888
0.043701 -0.354736 0.976318 -0.115723 0.059937 -0.128784
0.041016 -0.351318 0.986450 -0.117310 0.048706 -0.123535
0.029907 -0.353394 0.992065 -0.124512 0.050415 -0.116943
0.021484 -0.363281 0.987061 -0.125244 0.056763 -0.104126
0.019897 -0.365356 0.976440 -0.127686 0.061035 -0.087891
0.006348 -0.377563 0.958618 -0.125732 0.056396 -0.078979
0.003052 -0.387085 0.960083 -0.117065 0.038208 -0.072876
0.019653 -0.383789 0.984375 -0.122070 0.013550 -0.069824
0.036255 -0.360718 1.028442 -0.124023 -0.003418 -0.063965
0.044434 -0.342773 1.052124 -0.123535 0.000244 -0.053467
0.043457 -0.321899 1.056885 -0.112305 0.020630 -0.042358
0.027588 -0.305542 1.037964 -0.107300 0.045532 -0.032104
0.000610 -0.296875 1.001587 -0.066650 0.039185 -0.032715
0.013062 -0.263916 1.002686 0.090942 -0.080322 -0.057129
0.035278 -0.254272 0.991089 0.142456 -0.255005 -0.072754
0.057373 -0.252197 0.993408 0.081665 -0.275146 -0.081909
0.046753 -0.272827 0.990112 0.045654 -0.186401 -0.086670
0.057129 -0.277222 0.978271 0.068848 -0.153687 -0.086548
0.046265 -0.287720 0.988525 0.001587 -0.093384 -0.089478
0.061768 -0.291138 0.973999 0.041260 -0.060547 -0.100586
0.055664 -0.325317 1.006104 -0.010498 -0.043945 -0.089478
0.052734 -0.340210 1.002808 -0.023682 -0.027832 -0.064941
0.035889 -0.346558 0.992432 -0.060303 -0.002563 -0.028198
0.021362 -0.335205 0.980103 -0.092285 0.013916 0.005859
0.010010 -0.331665 0.976807 -0.114990 0.016235 0.022339
-0.000244 -0.326538 0.980225 -0.101196 -0.002808 0.020630
-0.021973 -0.343872 0.952026 -0.018433 -0.026733 0.012451
-0.011230 -0.336548 0.982056 0.067261 -0.069092 0.008423
-0.001953 -0.333374 0.996338 0.068604 -0.119995 0.009888
0.023315 -0.314087 1.036255 0.057251 -0.165039 0.019775
0.052612 -0.299561 1.068726 0.081787 -0.185791 0.024536
0.083008 -0.263428 1.089844 0.076416 -0.182617 0.029175
0.099976 -0.241455 1.093262 0.052124 -0.149902 0.034424
0.099365 -0.250488 1.085205 -0.009888 -0.101807 0.043579
0.087402 -0.282715 1.069702 -0.081543 -0.055054 0.056030
0.072510 -0.326050 1.060791 -0.127441 -0.019043 0.075073
0.056030 -0.335083 1.036865 -0.140991 0.000732 0.097290
0.041992 -0.342407 1.018433 -0.126831 0.003418 0.116455
0.037964 -0.332397 1.009888 -0.101563 -0.017334 0.127319
0.047607 -0.320679 1.010620 -0.063721 -0.043213 0.126343
0.055298 -0.313599 1.013672 -0.019531 -0.071045 0.117065
0.068359 -0.297363 1.023438 0.016846 -0.095947 0.107788
0.096313 -0.287598 1.038574 0.020386 -0.107422 0.103271
0.109131 -0.271240 1.063354 -0.004150 -0.093750 0.111450
0.116455 -0.262085 1.052856 -0.062744 -0.051147 0.137451
0.107544 -0.272217 1.034302 -0.125488 0.004272 0.164917
0.081055 -0.296265 0.995972 -0.170898 0.045044 0.184326
0.054199 -0.309570 0.968262 -0.182129 0.054565 0.194580
0.043213 -0.319458 0.962646 -0.150146 0.040649 0.195557
0.046021 -0.317261 0.963501 -0.105835 0.015259 0.192505
0.043823 -0.310303 0.973755 -0.059814 -0.011719 0.183716
0.039063 -0.301514 0.958130 -0.012329 -0.045288 0.170654
0.046997 -0.283569 0.977051 0.045776 -0.083252 0.158691
0.081299 -0.262451 1.023926 0.092285 -0.115967 0.146118
0.098267 -0.236816 1.057007 0.108032 -0.120850 0.137207
0.106934 -0.227783 1.079102 0.090332 -0.100220 0.141846
0.101685 -0.226196 1.079224 0.039551 -0.068359 0.161865
0.097046 -0.231934 1.069458 -0.007324 -0.034668 0.183350
0.094238 -0.238403 1.068604 -0.054565 -0.016357 0.200928
0.092407 -0.244019 1.057739 -0.064087 -0.005493 0.208740
0.083862 -0.237793 1.042480 -0.065063 -0.000122 0.207397
0.073364 -0.244019 1.013184 -0.060059 0.001831 0.202148
0.059937 -0.253662 0.994263 -0.040894 -0.007813 0.192505
0.055420 -0.262207 0.985352 -0.005249 -0.036377 0.184692
0.086060 -0.259033 1.017578 0.020874 -0.074341 0.176636
0.113770 -0.249023 1.052979 0.029541 -0.094482 0.173218
0.127075 -0.241455 1.071289 0.026001 -0.082886 0.185303
0.126587 -0.220825 1.061523 0.004395 -0.062744 0.200806
0.118530 -0.206421 1.050781 -0.024780 -0.046997 0.205200
0.116333 -0.201660 1.031494 -0.023315 -0.037842 0.192383
0.118530 -0.215698 1.037720 -0.011719 -0.045654 0.167480
0.129761 -0.223267 1.058716 0.005859 -0.051880 0.150391
0.126099 -0.229370 1.054932 0.011353 -0.044434 0.143555
0.124023 -0.223877 1.045532 0.026123 -0.040283 0.138916
0.123291 -0.217773 1.034058 0.031372 -0.045776 0.130249
0.131714 -0.203857 1.042847 0.044067 -0.052979 0.115967
0.126099 -0.207275 1.032349 0.046753 -0.052612 0.102905
0.134277 -0.206787 1.028076 0.060303 -0.053589 0.088257
0.136230 -0.222290 1.033081 0.063721 -0.052124 0.083984
0.151855 -0.229736 1.052246 0.068359 -0.043091 0.092041
0.156128 -0.235474 1.052856 0.041138 -0.025879 0.111450
0.153931 -0.206665 1.029419 0.025757 -0.009033 0.122681
0.148193 -0.196045 1.009033 0.026367 -0.005249 0.115479
0.153076 -0.191406 1.007690 0.036987 -0.017090 0.096680
0.154175 -0.189697 1.007935 0.033569 -0.030273 0.081055
0.156128 -0.171997 1.010498 0.030884 -0.032593 0.074097
0.154175 -0.181274 0.990601 0.009155 -0.022461 0.078857
0.148438 -0.182495 0.968140 -0.018921 -0.021484 0.078979
0.148438 -0.200317 0.966431 -0.046875 -0.025513 0.083252
0.158203 -0.229858 0.982422 -0.071167 -0.030518 0.085083
0.169189 -0.248901 1.000366 -0.079224 -0.032837 0.075562
0.161377 -0.244629 0.995239 -0.058472 -0.025879 0.065430
0.160278 -0.239624 0.989136 -0.040649 -0.026733 0.056519
0.164307 -0.239136 0.984863 -0.027954 -0.038086 0.044678
0.174805 -0.230591 1.001099 -0.015259 -0.047363 0.032959
0.185425 -0.226196 1.012695 -0.005615 -0.045898 0.017090
0.186646 -0.225098 1.016724 -0.008301 -0.041626 0.002930
0.187012 -0.217285 1.005859 -0.012573 -0.039795 -0.006836
0.188721 -0.214966 1.005127 -0.026367 -0.041382 -0.014404
