-0.047485 -0.418213 0.956787 -0.059937 -0.151855 -0.086792
-0.065918 -0.430054 0.956787 -0.028809 -0.172852 -0.086548
-0.064331 -0.432983 0.988525 -0.032593 -0.198730 -0.069946
-0.053223 -0.406738 0.996704 -0.042480 -0.204224 -0.034302
-0.058594 -0.398438 0.998291 -0.087402 -0.193604 0.010864
-0.054688 -0.359131 0.976807 -0.142212 -0.184204 0.066528
-0.078247 -0.360718 0.941895 -0.191650 -0.165649 0.123047
-0.037354 -0.331543 0.964233 -0.214722 -0.178467 0.163940
0.004639 -0.339966 0.997803 -0.232422 -0.199707 0.168213
0.037598 -0.322510 1.053223 -0.240356 -0.217773 0.128296
0.072144 -0.313599 1.061646 -0.222412 -0.231567 0.082031
0.087524 -0.288086 1.082520 -0.187012 -0.222900 0.030029
0.083374 -0.257324 1.049194 -0.161865 -0.202271 -0.007324
0.083862 -0.254150 1.035034 -0.147583 -0.173828 -0.030884
0.090210 -0.252441 1.045410 -0.144165 -0.153076 -0.048340
0.090332 -0.261719 1.039185 -0.155640 -0.134644 -0.059448
0.114502 -0.254028 1.057617 -0.177734 -0.118042 -0.061768
0.157593 -0.239380 1.080933 -0.223755 -0.095215 -0.063354
0.199341 -0.234009 1.126221 -0.267334 -0.065186 -0.086548
0.225830 -0.249268 1.161133 -0.274536 -0.027588 -0.129517
0.219971 -0.287598 1.160889 -0.256470 0.009033 -0.186401
0.189331 -0.329102 1.130981 -0.190674 0.032471 -0.239502
0.168335 -0.361206 1.093384 -0.109741 0.027222 -0.286499
0.175537 -0.359863 1.089478 -0.016113 0.000122 -0.328003
0.213501 -0.336060 1.086060 0.079956 -0.003662 -0.361816
0.227539 -0.331665 1.082520 0.087402 0.032593 -0.371948
0.205444 -0.349243 1.059570 0.023682 0.106079 -0.358276
0.189697 -0.370605 1.025024 -0.033569 0.178711 -0.340332
0.175537 -0.393677 0.989868 -0.044556 0.230713 -0.327759
0.145142 -0.446411 0.955322 -0.027588 0.255981 -0.337280
0.101929 -0.510986 0.932983 -0.004639 0.238892 -0.363037
0.067139 -0.552490 0.901855 0.058716 0.212891 -0.390259
0.049683 -0.562378 0.886475 0.117920 0.170654 -0.400513
0.045532 -0.562378 0.873413 0.165649 0.129272 -0.395630
0.049194 -0.545776 0.871094 0.190430 0.095581 -0.387573
0.055664 -0.527832 0.869263 0.161865 0.072266 -0.377319
0.043091 -0.535156 0.865601 0.095337 0.067871 -0.356812
0.021362 -0.551514 0.862305 0.009766 0.072510 -0.329834
0.002319 -0.571045 0.863037 -0.048096 0.073486 -0.309082
-0.010864 -0.578857 0.857666 -0.067627 0.067993 -0.290161
-0.019531 -0.580811 0.844604 -0.068848 0.056396 -0.272583
-0.017700 -0.562866 0.841797 -0.056885 0.045044 -0.249390
-0.017090 -0.558105 0.857666 -0.053467 0.037354 -0.224976
-0.000854 -0.522461 0.855835 -0.041504 0.037231 -0.208862
-0.064087 -0.577271 0.867798 0.000854 0.054077 -0.170654
-0.071777 -0.577148 0.863037 0.060547 0.034912 -0.152344
-0.067505 -0.503662 0.917480 0.111206 0.008057 -0.131714
-0.059937 -0.504761 0.916992 0.110229 0.004883 -0.099854
-0.032349 -0.449097 0.945923 0.073120 0.006470 -0.083984
-0.041138 -0.423462 0.944702 -0.002075 0.016479 -0.075928
-0.053711 -0.419678 0.939941 -0.066528 0.022461 -0.077759
-0.078979 -0.429199 0.927979 -0.112061 0.016602 -0.082764
-0.091309 -0.433228 0.929321 -0.133179 0.006226 -0.084351
-0.106934 -0.451782 0.925293 -0.140625 -0.009888 -0.088989
-0.115723 -0.455200 0.930420 -0.129761 -0.030884 -0.094360
-0.115601 -0.455200 0.952637 -0.105225 -0.046509 -0.095581
-0.125366 -0.449829 0.954834 -0.091187 -0.054932 -0.085327
-0.138794 -0.448853 0.952637 -0.071045 -0.059814 -0.065063
-0.146973 -0.445313 0.950317 -0.053833 -0.063354 -0.040527
-0.140625 -0.431641 0.956543 -0.040894 -0.063477 -0.011719
-0.127441 -0.405151 0.976563 -0.023071 -0.057251 0.013550
-0.124023 -0.385132 0.975220 -0.037109 -0.041870 0.032227
-0.136108 -0.381470 0.970337 -0.077393 -0.022095 0.051392
-0.149048 -0.387207 0.973389 -0.108276 -0.011841 0.067871
-0.163208 -0.406128 0.967407 -0.114990 -0.019165 0.084961
-0.157593 -0.407349 0.984009 -0.094849 -0.037842 0.098145
-0.155762 -0.409668 0.991333 -0.062256 -0.046997 0.107056
-0.143188 -0.406006 1.017700 -0.039185 -0.052612 0.115967
-0.135864 -0.388672 1.010742 -0.037964 -0.042480 0.137573
-0.140503 -0.387573 1.007080 -0.055786 -0.029663 0.163940
-0.132080 -0.391479 1.025513 -0.064697 -0.026245 0.180298
-0.111694 -0.396973 1.057495 -0.062988 -0.027954 0.190063
-0.116333 -0.408813 1.055664 -0.062134 -0.015869 0.212524
-0.094604 -0.406616 1.069702 -0.044312 0.005005 0.252808
-0.088135 -0.387939 1.064209 -0.027954 0.019409 0.293823
-0.093872 -0.382935 1.072266 -0.042358 0.028442 0.321167
-0.092407 -0.375000 1.025635 -0.022949 0.035278 0.336060
-0.091309 -0.362061 1.005737 -0.017212 0.022583 0.335693
-0.096802 -0.355469 0.977051 -0.004761 0.013794 0.325562
-0.078125 -0.359009 1.015015 0.013794 0.007935 0.318481
-0.063721 -0.352905 1.018799 -0.025513 0.014893 0.322876
-0.076294 -0.371826 1.012085 -0.061279 0.034546 0.329102
-0.093018 -0.381226 0.989746 -0.064697 0.038574 0.332642
-0.096802 -0.392090 0.989868 -0.039429 0.024414 0.335938
-0.076294 -0.378662 0.988770 -0.019653 0.021362 0.347046
-0.066162 -0.370361 0.985962 -0.024292 0.034424 0.366333
-0.060547 -0.363403 0.946289 -0.055664 0.043457 0.374756
-0.073120 -0.363770 0.920044 -0.057617 0.040771 0.378784
-0.069824 -0.369873 0.939453 -0.046143 0.013794 0.372192
-0.040771 -0.366089 0.997925 -0.036621 -0.016235 0.364746
-0.022339 -0.356323 1.019043 -0.049316 -0.019409 0.368042
-0.017212 -0.338135 1.016235 -0.059814 -0.009033 0.373779
-0.014526 -0.336304 1.021362 -0.054565 -0.008057 0.374023
-0.004150 -0.335327 1.011719 -0.043823 -0.005737 0.372925
0.002808 -0.325073 0.988770 -0.027832 -0.002075 0.368286
0.026245 -0.308960 0.994751 -0.038940 -0.007568 0.368652
0.033203 -0.300659 0.994629 -0.074219 -0.000977 0.363892
0.045044 -0.298340 0.997070 -0.085083 -0.000122 0.343750
0.043213 -0.319214 0.995117 -0.065063 -0.000244 0.317261
0.043945 -0.326782 0.995239 -0.050171 -0.009888 0.296143
0.053467 -0.327026 1.003662 -0.031006 -0.020996 0.281738
0.071533 -0.314087 1.004150 -0.008545 -0.032471 0.263306
0.072510 -0.311768 0.991577 0.010986 -0.039917 0.247192
0.088013 -0.293213 0.992432 0.029785 -0.051270 0.227051
0.121704 -0.264526 1.006226 0.033691 -0.059814 0.194336
0.122314 -0.260132 0.995728 0.037354 -0.057251 0.154663
0.114746 -0.270874 0.982910 0.053833 -0.059082 0.116699
0.109009 -0.291382 0.981445 0.073486 -0.068481 0.087646
0.121826 -0.284546 0.990845 0.086426 -0.080811 0.061035
0.130005 -0.286865 0.991943 0.073242 -0.083252 0.044067
0.137939 -0.286011 1.003296 0.055786 -0.083130 0.024658
0.142334 -0.273560 0.996216 0.040894 -0.072266 0.008667
0.144043 -0.281616 0.994507 0.009277 -0.053955 -0.006104
0.134521 -0.280762 0.984131 -0.025391 -0.038818 -0.029419
0.107422 -0.311646 0.958496 -0.033447 -0.032104 -0.059204
0.090454 -0.329956 0.943115 -0.018555 -0.051758 -0.101074
0.093872 -0.339600 0.962036 0.009888 -0.077759 -0.136719
0.089478 -0.347046 0.967285 0.025391 -0.091797 -0.158081
0.092163 -0.340332 0.964966 0.014648 -0.094604 -0.173462
0.090698 -0.344238 0.969727 -0.003174 -0.086304 -0.184937
0.094116 -0.337769 0.978882 -0.026855 -0.076416 -0.200562
0.084595 -0.336182 0.975342 -0.053711 -0.060059 -0.214233
0.070313 -0.350586 0.969116 -0.077637 -0.035889 -0.218384
0.037354 -0.376953 0.951050 -0.118530 -0.013550 -0.211914
0.017456 -0.400269 0.942017 -0.147217 -0.003174 -0.212402
0.016479 -0.388916 0.949219 -0.145996 -0.007446 -0.212280
0.017090 -0.377197 0.954224 -0.134521 -0.010376 -0.230347
0.004150 -0.400024 0.962280 -0.120850 -0.010132 -0.253784
-0.001343 -0.389893 0.961304 -0.115967 -0.017700 -0.268311
-0.006104 -0.386963 0.961182 -0.130371 -0.014526 -0.272583
-0.010742 -0.385010 0.962280 -0.127563 -0.009766 -0.270020
-0.011597 -0.385254 0.973145 -0.134888 -0.003662 -0.268433
-0.031860 -0.389038 0.962769 -0.147217 0.003296 -0.268677
-0.039673 -0.390137 0.960938 -0.132690 0.004028 -0.271851
-0.034912 -0.381714 0.962891 -0.109497 0.000488 -0.279785
-0.033447 -0.377075 0.980591 -0.072144 0.005493 -0.286011
-0.041748 -0.374146 0.979126 -0.059814 0.006104 -0.289429
-0.044800 -0.376343 0.982910 -0.051758 0.001953 -0.290649
-0.039917 -0.367676 0.996338 -0.035156 -0.004150 -0.293335
-0.055054 -0.382446 0.988525 -0.031128 -0.006470 -0.292603
-0.049072 -0.387573 1.000000 -0.031982 -0.005371 -0.291992
-0.029663 -0.359741 1.005981 0.009766 0.009155 -0.288696
-0.017944 -0.347900 1.000977 0.015381 0.031006 -0.278687
-0.022705 -0.336914 1.004028 -0.023193 0.051758 -0.266846
-0.049683 -0.364380 1.004639 -0.084106 0.083130 -0.250977
-0.085449 -0.413452 0.987915 -0.146729 0.106934 -0.237915
-0.122192 -0.434570 0.965820 -0.144287 0.105591 -0.228271
-0.140991 -0.448364 0.961548 -0.083862 0.088379 -0.231201
-0.145630 -0.440552 0.963745 -0.039551 0.057007 -0.231079
-0.128418 -0.435425 0.976563 -0.012939 0.033569 -0.225830
