0.114990 -0.189331 1.046509 -0.016724 -0.027222 -0.073486
0.112427 -0.179932 1.043335 -0.020996 -0.020386 -0.088989
0.120605 -0.164917 1.047729 -0.011841 -0.021973 -0.106079
0.138428 -0.158325 1.055664 -0.001587 -0.028931 -0.124634
0.176636 -0.124634 1.086304 0.001709 -0.035889 -0.152100
0.206055 -0.093994 1.114990 0.000732 -0.030518 -0.190186
0.210083 -0.101440 1.108643 -0.013428 -0.007446 -0.227417
0.190918 -0.135742 1.093872 -0.035645 0.022461 -0.249512
0.172485 -0.172241 1.086548 -0.035767 0.042847 -0.259521
0.165527 -0.185303 1.057129 -0.024170 0.048584 -0.274902
0.161377 -0.206543 1.049194 0.011230 0.048096 -0.295044
0.172607 -0.211914 1.044434 0.011230 0.043579 -0.306152
0.172729 -0.221680 1.032837 0.027222 0.061768 -0.309326
0.173218 -0.225586 1.036621 0.034302 0.071045 -0.322510
0.163208 -0.254883 1.026001 0.019531 0.083252 -0.337280
0.146484 -0.277466 1.003052 0.050781 0.093018 -0.353027
0.134521 -0.301880 0.990234 0.053101 0.086182 -0.360107
0.136230 -0.320190 0.993286 0.035034 0.072266 -0.358521
0.135498 -0.334595 0.993164 -0.001953 0.071167 -0.352295
0.117920 -0.353271 0.979492 -0.033325 0.079346 -0.345703
0.094849 -0.356079 0.939819 -0.015015 0.085938 -0.349976
0.072266 -0.394165 0.925415 -0.006714 0.061768 -0.364624
0.075562 -0.415771 0.943848 0.021484 0.024902 -0.384033
0.073242 -0.432251 0.950073 0.030029 0.006104 -0.385010
0.057251 -0.446655 0.950073 -0.018066 0.010986 -0.360474
0.044800 -0.453003 0.940674 -0.070435 0.022583 -0.323853
0.046875 -0.448242 0.955322 -0.107788 0.035522 -0.293213
0.033813 -0.450073 0.950195 -0.126709 0.051636 -0.273438
-0.000488 -0.472900 0.927002 -0.135010 0.055054 -0.258911
-0.012085 -0.473999 0.917114 -0.127930 0.040283 -0.243774
-0.006714 -0.454956 0.930542 -0.129639 0.026978 -0.224976
-0.010986 -0.444336 0.933594 -0.141724 0.026001 -0.209717
-0.012085 -0.431519 0.927124 -0.141235 0.030640 -0.195068
-0.022339 -0.420898 0.921143 -0.145508 0.036133 -0.182617
-0.045410 -0.431519 0.911987 -0.148560 0.033691 -0.168213
-0.051514 -0.419312 0.907471 -0.134766 0.020508 -0.153198
-0.057251 -0.414307 0.916016 -0.134277 0.008423 -0.133789
-0.061157 -0.406860 0.925171 -0.137085 -0.004883 -0.113892
-0.065308 -0.396729 0.926025 -0.141968 -0.012329 -0.093018
-0.077881 -0.398804 0.934570 -0.156494 -0.018433 -0.077271
-0.079468 -0.398438 0.965332 -0.165771 -0.034058 -0.065186
-0.077515 -0.395996 0.976074 -0.161499 -0.043579 -0.052979
-0.076172 -0.395386 0.986694 -0.155884 -0.046265 -0.041382
-0.076782 -0.392334 1.000977 -0.159180 -0.045654 -0.028809
-0.092163 -0.407837 1.006348 -0.178101 -0.039917 -0.015137
-0.098511 -0.414185 1.014771 -0.175171 -0.041138 -0.001465
-0.103516 -0.417969 1.030762 -0.167358 -0.049683 0.010010
-0.105835 -0.423462 1.040039 -0.155762 -0.052734 0.029907
-0.097778 -0.401245 1.048218 -0.139282 -0.048706 0.055908
-0.095093 -0.404297 1.041992 -0.146851 -0.039063 0.086670
-0.096924 -0.400024 1.038696 -0.144897 -0.032104 0.107788
-0.102783 -0.414307 1.042358 -0.131958 -0.032715 0.126099
-0.107788 -0.428467 1.060547 -0.113525 -0.041504 0.144775
-0.088501 -0.392212 1.057251 -0.082275 -0.052368 0.157593
-0.076782 -0.391113 1.073120 -0.053345 -0.044800 0.167358
-0.036377 -0.364868 1.114136 -0.039429 -0.030762 0.182739
-0.047852 -0.348511 1.085449 -0.034180 -0.002563 0.191528
-0.074707 -0.365967 1.063110 -0.030884 0.012085 0.196411
-0.090210 -0.393677 1.058960 -0.036987 0.006104 0.206421
-0.093384 -0.406250 1.053589 -0.015747 -0.009888 0.227173
-0.093506 -0.402466 1.063110 0.012573 -0.017700 0.253784
-0.082275 -0.375854 1.033081 0.019409 -0.017212 0.283081
-0.068115 -0.368530 1.045044 0.015259 -0.009888 0.314575
-0.054810 -0.347900 1.033936 0.004272 0.006470 0.338257
-0.065430 -0.375610 1.031372 -0.032349 0.020630 0.355591
-0.058472 -0.373901 1.030029 -0.038452 0.027588 0.373169
-0.058105 -0.345459 1.011230 -0.025391 0.032959 0.380615
-0.058838 -0.324951 1.000854 -0.009033 0.033081 0.382935
-0.054565 -0.319824 1.005249 0.008057 0.026367 0.382568
-0.046021 -0.309692 1.012939 0.026001 0.014282 0.385620
-0.028809 -0.303345 1.019531 0.040894 0.004883 0.387817
-0.015625 -0.282959 1.023804 0.049805 0.004028 0.383545
-0.019897 -0.278076 1.008667 0.056030 0.012695 0.373535
-0.011597 -0.263794 0.995605 0.062866 0.017090 0.364380
-0.003906 -0.252563 0.988647 0.046143 0.029541 0.363403
-0.016602 -0.256836 0.961304 0.017822 0.042725 0.371216
-0.026855 -0.276733 0.944702 -0.004639 0.037109 0.375244
-0.018188 -0.266846 0.943237 -0.003296 0.015381 0.369385
0.000244 -0.272217 0.966797 0.020386 -0.009644 0.353882
0.019287 -0.245117 0.973022 0.052490 -0.029297 0.335571
0.031250 -0.225830 0.973145 0.055786 -0.036377 0.318237
0.035767 -0.217041 0.975098 0.046997 -0.040771 0.299072
0.042358 -0.221680 0.986572 0.047485 -0.045898 0.278809
0.059937 -0.223389 0.999878 0.045166 -0.047607 0.265259
0.074951 -0.216797 1.000977 0.024658 -0.041504 0.261597
0.080811 -0.205444 1.004883 -0.001587 -0.026367 0.263184
0.070801 -0.217041 0.997925 -0.014160 -0.017456 0.255371
0.074341 -0.221313 1.004150 -0.005493 -0.023926 0.238037
0.074341 -0.239624 0.989258 0.010254 -0.036377 0.227905
0.096802 -0.200684 0.986084 0.048584 -0.060303 0.203125
0.126587 -0.192749 0.999756 0.082397 -0.080933 0.176880
0.151978 -0.173462 1.018799 0.079102 -0.084106 0.143066
0.161377 -0.182129 1.021729 0.052856 -0.069336 0.116455
0.152588 -0.202637 1.015625 0.011108 -0.054199 0.094360
0.152100 -0.211304 1.017700 -0.028442 -0.042114 0.079224
0.152832 -0.242798 1.030029 -0.055176 -0.030029 0.070923
0.147949 -0.255615 1.022583 -0.061890 -0.022095 0.062256
0.138794 -0.255981 0.999634 -0.057739 -0.027344 0.042603
0.148560 -0.251221 0.993652 -0.036011 -0.045166 0.012573
0.155518 -0.250244 0.987671 -0.011230 -0.061401 -0.026245
0.159302 -0.257446 0.999634 0.013428 -0.076538 -0.068359
0.166992 -0.243164 1.009521 0.031860 -0.081909 -0.104614
0.156128 -0.270264 1.012695 0.020752 -0.068970 -0.123413
0.149658 -0.277344 1.014160 0.005493 -0.060181 -0.141724
0.139771 -0.283203 1.010742 -0.015015 -0.051147 -0.156860
0.131592 -0.299683 1.009521 -0.030640 -0.042969 -0.169556
0.121216 -0.303345 0.988892 -0.044800 -0.040283 -0.178101
0.116089 -0.309204 1.007202 -0.048828 -0.040649 -0.176514
0.120728 -0.299072 1.014526 -0.051147 -0.039795 -0.186523
0.120605 -0.297852 1.009277 -0.046509 -0.031494 -0.203125
0.108032 -0.300903 1.000977 -0.045166 -0.023682 -0.224243
0.089844 -0.282227 0.988525 -0.028687 -0.017334 -0.242676
0.079346 -0.294312 0.980591 -0.012573 -0.011353 -0.261108
0.066528 -0.300293 0.984741 -0.010010 -0.018677 -0.278931
0.060303 -0.297974 0.981689 0.011230 -0.028687 -0.292114
0.051758 -0.297119 0.982300 0.023438 -0.036011 -0.306641
0.050049 -0.285156 0.983765 0.019653 -0.034790 -0.314819
0.045288 -0.276123 0.981079 -0.008301 -0.024536 -0.311157
0.037109 -0.280151 0.981812 -0.040649 -0.008179 -0.304565
0.026489 -0.281250 0.984619 -0.045776 -0.000854 -0.312378
0.021973 -0.284180 0.980835 -0.039673 -0.008301 -0.330444
-0.000244 -0.299194 0.984497 -0.059692 -0.014648 -0.340576
-0.017090 -0.306763 0.971924 -0.070190 -0.015381 -0.337646
-0.040771 -0.315430 0.956421 -0.053711 -0.011353 -0.327026
-0.042358 -0.307129 0.955933 -0.030396 -0.015991 -0.322510
-0.029541 -0.281494 0.969238 -0.025635 -0.027100 -0.321777
-0.047852 -0.284668 0.966553 -0.058472 -0.022095 -0.315796
-0.065674 -0.302246 0.961792 -0.090576 -0.020020 -0.305542
-0.080688 -0.334473 0.960815 -0.111206 -0.019775 -0.295532
-0.077881 -0.306763 0.976685 -0.115845 -0.031006 -0.286133
-0.068970 -0.307861 0.988281 -0.093994 -0.033691 -0.267578
-0.056519 -0.307983 0.995361 -0.095703 -0.036133 -0.255737
-0.051636 -0.313965 1.025635 -0.112427 -0.034790 -0.245361
-0.065796 -0.330322 1.016724 -0.130615 -0.023682 -0.232666
-0.078003 -0.352295 1.019775 -0.136108 -0.020386 -0.217529
-0.072632 -0.350098 1.030029 -0.130371 -0.021606 -0.203003
-0.068848 -0.349731 1.039307 -0.127808 -0.019043 -0.185303
-0.064087 -0.349121 1.050293 -0.136597 -0.012451 -0.170654
-0.068237 -0.335083 1.041992 -0.134888 -0.007935 -0.160645
-0.071777 -0.343384 1.043579 -0.114502 -0.003662 -0.155396
-0.067139 -0.337402 1.045654 -0.074341 -0.003174 -0.145142
-0.057007 -0.346313 1.057617 -0.075317 -0.003784 -0.129028
-0.049194 -0.335815 1.051147 -0.079956 -0.002197 -0.116699
-0.051147 -0.340820 1.052124 -0.086060 0.004883 -0.108887
-0.063843 -0.369873 1.039551 -0.082520 0.014160 -0.100830
-0.062866 -0.375732 1.046387 -0.070068 0.010376 -0.093750
-0.058716 -0.382080 1.051758 -0.058105 0.003784 -0.079224
-0.032715 -0.367798 1.066895 -0.040527 -0.003540 -0.063721
-0.019897 -0.355835 1.066895 -0.043579 -0.001099 -0.048950
-0.006958 -0.347046 1.062378 -0.041992 0.001099 -0.039185
