0.139771 -0.288696 1.031250 -0.119629 -0.099487 0.008667
0.156494 -0.280884 1.057983 -0.068237 -0.094116 -0.011719
0.211548 -0.231934 1.107178 -0.044678 -0.089478 -0.028809
0.232178 -0.200439 1.109131 -0.057129 -0.057617 -0.058105
0.218506 -0.158813 1.068481 -0.034058 -0.021851 -0.111084
0.192017 -0.169434 1.016602 -0.011963 -0.008057 -0.178589
0.163818 -0.216553 1.014893 0.023926 -0.012817 -0.239502
0.140259 -0.275391 1.007690 0.072510 -0.005615 -0.270630
0.129150 -0.296021 0.999268 0.103638 -0.004639 -0.272339
0.132324 -0.316772 1.005493 0.088013 -0.004639 -0.245239
0.146240 -0.288696 0.988159 0.057373 0.023804 -0.196655
0.178833 -0.266113 0.991455 -0.010742 0.062866 -0.162842
0.201416 -0.257080 1.006592 -0.065918 0.116089 -0.173706
0.173462 -0.298584 0.975830 -0.076660 0.162354 -0.221191
0.114258 -0.376709 0.926514 -0.072266 0.165527 -0.281616
0.067871 -0.445068 0.899048 -0.026001 0.132080 -0.334961
0.060669 -0.479004 0.910645 0.049561 0.079224 -0.371460
0.082275 -0.484009 0.934326 0.121948 0.034424 -0.387085
0.124634 -0.442017 0.949829 0.183228 0.032104 -0.385498
0.139893 -0.421997 0.957642 0.147583 0.051147 -0.378418
0.111206 -0.448975 0.922852 0.063599 0.082153 -0.369507
0.092896 -0.481812 0.910156 0.027344 0.108154 -0.363892
0.070435 -0.506348 0.893433 0.014282 0.120361 -0.360596
0.045654 -0.541870 0.873413 -0.013062 0.112061 -0.348755
0.036865 -0.559082 0.860718 -0.022217 0.090332 -0.342651
0.021484 -0.566895 0.860229 -0.020630 0.051758 -0.344971
0.024658 -0.547729 0.860718 0.002075 0.009521 -0.345093
0.034424 -0.525269 0.858276 0.022095 -0.012451 -0.337036
0.039063 -0.504395 0.869507 0.008789 -0.013306 -0.316162
0.032349 -0.495850 0.868530 -0.057373 0.003296 -0.284546
0.012085 -0.503418 0.851929 -0.116455 0.020386 -0.255249
0.016968 -0.495972 0.878906 -0.121582 0.038818 -0.241821
0.013916 -0.488770 0.883911 -0.113647 0.053833 -0.239258
-0.007813 -0.507324 0.886230 -0.084229 0.059814 -0.240967
-0.033569 -0.516357 0.896851 -0.057861 0.056274 -0.236694
-0.037476 -0.505859 0.913086 -0.056641 0.049438 -0.223633
-0.035522 -0.479736 0.935913 -0.072754 0.040405 -0.201660
-0.033936 -0.448486 0.944946 -0.106689 0.042847 -0.178711
-0.031738 -0.415039 0.947876 -0.144409 0.049683 -0.164673
-0.058594 -0.427490 0.930786 -0.184082 0.063354 -0.156372
-0.080566 -0.452148 0.929565 -0.184692 0.074463 -0.151001
-0.107056 -0.472046 0.927612 -0.175781 0.074585 -0.141724
-0.130249 -0.489014 0.925659 -0.168579 0.064697 -0.133423
-0.144165 -0.514282 0.944092 -0.159302 0.037720 -0.125610
-0.161011 -0.537964 0.966553 -0.144775 0.002930 -0.116821
-0.162964 -0.540039 0.992798 -0.101196 -0.029419 -0.098755
-0.151001 -0.520264 1.012695 -0.077393 -0.051147 -0.067017
-0.141235 -0.491333 1.024658 -0.076050 -0.046631 -0.017822
-0.126221 -0.452881 1.017456 -0.083130 -0.031006 0.027466
-0.144165 -0.443970 1.017212 -0.115601 -0.009155 0.067261
-0.167236 -0.435913 0.990723 -0.121826 0.003784 0.091553
-0.165894 -0.427246 0.999268 -0.105957 -0.001343 0.093628
-0.166138 -0.431396 0.998169 -0.073364 -0.011841 0.088867
-0.176636 -0.451538 0.998291 -0.043335 -0.022339 0.096436
-0.172607 -0.461792 1.006348 -0.034546 -0.036133 0.121826
-0.153076 -0.437866 1.022339 -0.031128 -0.042725 0.159180
-0.128540 -0.407227 1.025146 -0.024902 -0.034180 0.193726
-0.120361 -0.384521 1.020386 -0.039551 -0.017456 0.214478
-0.118652 -0.385010 1.039917 -0.052002 -0.004761 0.222290
-0.117798 -0.393555 1.019165 -0.052734 0.003540 0.234619
-0.138184 -0.416626 0.982300 -0.052002 0.015259 0.256470
-0.149902 -0.418091 0.958496 -0.044922 0.004517 0.277466
-0.133667 -0.396484 0.964722 -0.040527 -0.022461 0.293213
-0.144409 -0.401733 0.958496 -0.025757 -0.047363 0.302490
-0.094971 -0.383423 0.997070 -0.002563 -0.072876 0.304810
-0.089600 -0.378052 1.006470 -0.004150 -0.082642 0.307495
-0.061523 -0.370728 1.012939 0.032349 -0.079712 0.313477
-0.034668 -0.359863 1.035278 0.009033 -0.067017 0.324219
-0.028809 -0.346558 1.017334 -0.013184 -0.040771 0.337646
-0.032227 -0.347412 1.001587 -0.035400 -0.013428 0.343994
-0.044922 -0.368042 0.994751 -0.061279 -0.000488 0.347656
-0.054688 -0.382813 0.979858 -0.068604 0.003296 0.356079
-0.045532 -0.384033 0.986694 -0.065186 -0.009155 0.372192
-0.032959 -0.379272 0.985962 -0.053101 -0.025024 0.380127
-0.016846 -0.374756 0.993774 -0.037109 -0.047363 0.373657
0.002808 -0.353516 1.018433 -0.009644 -0.062256 0.358398
0.008301 -0.335571 1.010620 0.008057 -0.064819 0.350952
0.012329 -0.325806 1.003784 0.006714 -0.064941 0.341675
0.023071 -0.321899 1.016235 0.002075 -0.062134 0.332031
0.033569 -0.301147 1.008545 -0.005127 -0.049927 0.325317
0.042603 -0.266235 0.990723 -0.010620 -0.040894 0.305542
0.053101 -0.284302 1.011841 -0.015503 -0.044189 0.270020
0.039063 -0.329468 1.033813 -0.012329 -0.045898 0.242798
0.027832 -0.360474 1.043335 0.001587 -0.046631 0.238525
0.037354 -0.356201 1.045776 0.031006 -0.050171 0.249023
0.061157 -0.309326 1.046021 0.049805 -0.049194 0.259766
0.077393 -0.262451 1.029541 0.054077 -0.038086 0.267456
0.088623 -0.239990 1.021606 0.040649 -0.023682 0.254395
0.078979 -0.248901 1.002075 0.035034 -0.012451 0.227661
0.065308 -0.273438 0.988525 0.036865 -0.008057 0.204590
0.057861 -0.296387 0.973511 0.025391 -0.007935 0.194580
0.071045 -0.276855 0.977661 0.016724 -0.009033 0.189331
0.073486 -0.266113 0.961914 -0.006714 -0.003540 0.184204
0.075317 -0.263672 0.974243 -0.021240 -0.003906 0.169800
0.079834 -0.261108 0.979126 -0.015991 -0.011108 0.145386
0.079346 -0.256592 0.977295 -0.002441 -0.019531 0.116455
0.088501 -0.244507 0.977539 0.017700 -0.032471 0.087769
0.091187 -0.243774 0.970337 0.035278 -0.038696 0.060303
0.098877 -0.241577 0.975830 0.038330 -0.041016 0.036743
0.096802 -0.242310 0.981689 0.020020 -0.034790 0.016479
0.094849 -0.246216 0.974976 -0.009644 -0.025146 0.004395
0.084595 -0.261230 0.976563 -0.039063 -0.020752 -0.008301
0.085205 -0.278076 0.979248 -0.046021 -0.025391 -0.022217
0.091553 -0.280273 0.990479 -0.045532 -0.035400 -0.039185
0.100098 -0.274536 0.996826 -0.049561 -0.037476 -0.058716
0.104858 -0.278564 1.007568 -0.060791 -0.027222 -0.082031
0.094727 -0.291138 0.997314 -0.071899 -0.014526 -0.109375
0.076538 -0.318848 0.979980 -0.063721 -0.007446 -0.138672
0.066284 -0.338013 0.980957 -0.052856 -0.011841 -0.165161
0.066040 -0.349243 0.991821 -0.043579 -0.014282 -0.182373
0.063110 -0.352905 0.991089 -0.051514 -0.009888 -0.191162
0.063965 -0.349121 0.986816 -0.059204 -0.002563 -0.195923
0.067627 -0.349609 0.995850 -0.067261 0.006836 -0.206421
0.059570 -0.360840 0.988770 -0.077515 0.019287 -0.219604
0.042114 -0.375977 0.979614 -0.080444 0.029419 -0.237305
0.028198 -0.391724 0.965942 -0.074097 0.035889 -0.251221
0.019043 -0.393188 0.956299 -0.066284 0.037231 -0.259644
0.020020 -0.379639 0.946167 -0.053955 0.035767 -0.266724
0.035645 -0.358521 0.948853 -0.044800 0.030396 -0.280396
0.028320 -0.362305 0.945190 -0.033936 0.027344 -0.298096
0.016235 -0.372070 0.955322 -0.012817 0.020630 -0.318604
0.018555 -0.373047 0.965088 0.002808 0.012695 -0.332031
0.032837 -0.344482 0.992310 0.008179 0.016113 -0.340454
0.030029 -0.350830 1.019043 -0.030518 0.043335 -0.333252
0.002808 -0.347412 1.011353 -0.103760 0.082642 -0.315918
-0.037354 -0.370483 0.976685 -0.143188 0.115845 -0.301392
-0.062866 -0.380249 0.959351 -0.149536 0.122681 -0.298584
-0.070068 -0.397461 0.961182 -0.126831 0.112549 -0.306885
-0.088135 -0.416992 0.971680 -0.099609 0.098877 -0.312500
-0.096680 -0.418091 0.967163 -0.073608 0.086792 -0.312012
-0.106567 -0.406982 0.969238 -0.069214 0.074463 -0.304565
-0.114136 -0.399536 0.967163 -0.074829 0.068848 -0.293457
-0.123047 -0.396973 0.969727 -0.083130 0.062744 -0.280640
-0.132080 -0.396240 0.978027 -0.094482 0.064575 -0.270508
-0.150146 -0.413086 0.968384 -0.106812 0.071777 -0.258179
-0.158813 -0.420898 0.959717 -0.110352 0.067993 -0.242554
-0.166992 -0.425537 0.964844 -0.113525 0.053101 -0.225098
-0.158447 -0.428101 0.973511 -0.106689 0.039795 -0.210083
-0.151123 -0.419922 0.983398 -0.094482 0.027832 -0.198975
-0.151367 -0.425049 0.994507 -0.082397 0.021240 -0.189209
-0.149536 -0.424927 1.005127 -0.074951 0.017090 -0.177612
-0.151367 -0.432007 1.003784 -0.080566 0.014893 -0.157227
-0.135254 -0.416016 1.022095 -0.085327 0.012207 -0.137207
-0.128662 -0.409668 1.020264 -0.078979 0.009277 -0.125000
-0.123535 -0.410156 1.026123 -0.062012 0.004883 -0.117920
-0.107422 -0.401733 1.037964 -0.054810 0.001709 -0.112427
-0.102905 -0.404541 1.033325 -0.048584 0.005127 -0.101807
-0.102417 -0.407349 1.023560 -0.039063 0.006592 -0.091064
-0.105835 -0.416260 1.015381 -0.032715 0.004395 -0.082886
-0.106812 -0.415161 1.004883 -0.027710 -0.001343 -0.074585
