0.086914 -0.190063 1.026611 -0.029541 -0.023804 -0.012573
0.093140 -0.187378 1.033325 -0.021729 -0.034180 -0.017578
0.103394 -0.167725 1.046387 -0.022217 -0.038696 -0.018433
0.103882 -0.160034 1.051147 -0.034180 -0.032227 -0.010620
0.123169 -0.141357 1.084961 -0.046387 -0.013672 -0.001099
0.129639 -0.136108 1.096802 -0.093384 0.028687 0.018921
0.133911 -0.112549 1.082031 -0.179443 0.086792 0.047485
0.129883 -0.108398 1.066772 -0.264526 0.136963 0.067139
0.114746 -0.118652 1.040405 -0.297974 0.164429 0.061768
0.092041 -0.146973 1.001831 -0.287842 0.161255 0.035522
0.065063 -0.192993 0.976807 -0.231934 0.115967 -0.010742
0.051025 -0.229370 0.970093 -0.122070 0.034180 -0.065552
0.059814 -0.242310 0.990479 0.002319 -0.055664 -0.110107
0.102539 -0.210449 1.041016 0.087158 -0.124634 -0.133545
0.143921 -0.174927 1.082397 0.100098 -0.139771 -0.133179
0.171753 -0.138428 1.098511 0.052490 -0.106079 -0.120239
0.176392 -0.144775 1.076782 -0.026855 -0.050659 -0.108398
0.166748 -0.169189 1.055786 -0.063965 -0.012573 -0.112671
0.159302 -0.182861 1.039063 -0.057373 -0.003052 -0.125000
0.171997 -0.175171 1.044678 -0.033936 -0.008423 -0.139526
0.177856 -0.172119 1.044678 -0.030029 -0.009399 -0.155396
0.187378 -0.173218 1.045532 -0.037231 -0.008057 -0.168335
0.202759 -0.173950 1.057251 -0.045898 0.000366 -0.185913
0.215454 -0.191650 1.082886 -0.071899 0.020264 -0.203857
0.230835 -0.191772 1.099243 -0.099976 0.050415 -0.212646
0.223145 -0.202515 1.093506 -0.137695 0.094727 -0.210571
0.208374 -0.219849 1.071533 -0.170898 0.138672 -0.203857
0.182129 -0.243530 1.044434 -0.195068 0.166992 -0.197388
0.158203 -0.268433 1.017090 -0.198486 0.171997 -0.197754
0.137451 -0.291748 0.989136 -0.176514 0.159058 -0.207031
0.122314 -0.307983 0.977417 -0.143677 0.131348 -0.219849
0.115479 -0.318237 0.972412 -0.109009 0.103271 -0.229858
0.129272 -0.299072 0.988403 -0.077881 0.080811 -0.236816
0.138306 -0.302856 1.001709 -0.072266 0.078857 -0.242432
0.121582 -0.319092 0.992554 -0.077271 0.093384 -0.246826
0.104492 -0.338867 0.971680 -0.100464 0.110962 -0.242065
0.086182 -0.357056 0.957153 -0.125732 0.122437 -0.228149
0.078857 -0.358521 0.949219 -0.137695 0.122437 -0.212280
0.080200 -0.360596 0.962891 -0.143677 0.113647 -0.203857
0.078979 -0.376465 0.942871 -0.164307 0.104858 -0.198486
0.058960 -0.382813 0.938110 -0.127197 0.105103 -0.205200
0.078125 -0.367310 0.973022 -0.020630 0.091919 -0.208374
0.077271 -0.365479 0.969116 -0.053467 0.078491 -0.200928
0.085205 -0.357544 0.989502 -0.095093 0.102417 -0.187256
0.071533 -0.364868 0.974609 -0.198730 0.136230 -0.165894
0.052734 -0.365845 0.945068 -0.242798 0.158936 -0.153198
0.030518 -0.373169 0.928101 -0.215454 0.155273 -0.151978
0.016113 -0.397339 0.911865 -0.194702 0.135498 -0.152832
0.009888 -0.405518 0.921753 -0.165405 0.100342 -0.155640
0.012329 -0.408447 0.939697 -0.138062 0.062378 -0.154053
0.015625 -0.399658 0.960083 -0.119751 0.048218 -0.146729
0.009521 -0.400513 0.943237 -0.120361 0.059692 -0.128174
0.004150 -0.404175 0.941162 -0.122437 0.068237 -0.111450
-0.003906 -0.395752 0.925415 -0.109863 0.062866 -0.098267
0.008423 -0.386475 0.973267 0.015991 0.002319 -0.102661
0.042969 -0.388916 0.997070 0.093262 -0.148071 -0.104126
0.042725 -0.393066 0.974854 -0.028931 -0.191284 -0.094116
0.044556 -0.416016 0.998413 -0.045776 -0.107788 -0.095215
0.041748 -0.405151 1.004150 -0.021729 -0.064575 -0.098633
0.042236 -0.401733 1.008057 -0.053467 -0.056274 -0.097534
0.055542 -0.384521 1.010620 -0.017456 -0.025391 -0.097656
0.033203 -0.368408 1.007935 -0.037598 -0.004028 -0.092529
0.030762 -0.362793 0.996460 0.017700 -0.003418 -0.087769
0.012939 -0.375732 0.997070 -0.035645 -0.011963 -0.088623
-0.007446 -0.384399 0.990967 -0.061279 -0.003906 -0.089233
-0.018921 -0.395752 0.985107 -0.075317 -0.002930 -0.081665
-0.024048 -0.391846 0.966187 -0.056396 -0.023438 -0.067261
-0.028564 -0.384399 0.954102 -0.019775 -0.033203 -0.062378
-0.038208 -0.394165 0.952637 -0.021484 -0.045410 -0.063843
-0.049316 -0.422974 0.946655 -0.028931 -0.069458 -0.060791
-0.050537 -0.428589 0.949341 -0.031860 -0.108276 -0.055054
-0.045044 -0.430542 0.954712 0.013184 -0.141113 -0.046265
-0.026611 -0.415161 0.975708 0.059570 -0.176392 -0.035645
-0.011719 -0.394531 0.993042 0.062012 -0.200073 -0.017090
0.004272 -0.383423 1.017456 0.051636 -0.202515 -0.000977
0.020752 -0.362183 1.039429 0.066772 -0.195923 0.016113
0.033081 -0.353638 1.047974 0.075073 -0.194336 0.032593
0.047485 -0.335938 1.062622 0.075928 -0.194214 0.042969
0.054321 -0.318359 1.066406 0.078247 -0.181641 0.055908
0.070801 -0.292969 1.081055 0.069458 -0.152954 0.070313
0.073120 -0.275757 1.072876 0.038330 -0.112427 0.084351
0.060669 -0.266968 1.042725 -0.003662 -0.068848 0.100830
0.041138 -0.279663 1.003052 -0.050049 -0.032715 0.111328
0.021118 -0.290771 0.972290 -0.071045 -0.017700 0.114624
0.012939 -0.299194 0.975952 -0.070435 -0.028809 0.110474
0.024902 -0.304688 0.989136 -0.059448 -0.047607 0.114990
0.038696 -0.300903 1.018066 -0.051025 -0.060303 0.121094
0.037598 -0.308594 1.021606 -0.048950 -0.062500 0.129517
0.041870 -0.306885 1.031494 -0.043457 -0.075806 0.135254
0.054077 -0.291748 1.050171 -0.010376 -0.079590 0.142944
0.063965 -0.279053 1.061035 0.005493 -0.075562 0.147095
0.072266 -0.265503 1.069336 0.008057 -0.060303 0.147583
0.061890 -0.263916 1.056641 -0.003296 -0.036865 0.149292
0.051025 -0.270630 1.029541 -0.027832 -0.021729 0.154419
0.047119 -0.265625 1.006348 -0.066650 -0.013794 0.161011
0.039063 -0.262573 0.990845 -0.078247 -0.003662 0.160645
0.030151 -0.278198 0.983276 -0.068970 -0.005493 0.162598
0.030151 -0.295776 0.986694 -0.045776 -0.024658 0.163208
0.035034 -0.301758 1.006714 -0.004761 -0.051392 0.154907
0.048828 -0.291138 1.028076 0.036987 -0.068604 0.150513
0.067383 -0.266846 1.044067 0.052124 -0.068481 0.158813
0.065918 -0.247559 1.037842 0.046631 -0.048340 0.169312
0.054810 -0.247803 1.017212 0.014648 -0.037231 0.175415
0.049683 -0.262085 1.013062 -0.004150 -0.041504 0.178955
0.054443 -0.275513 1.017090 -0.001343 -0.046875 0.181763
0.067383 -0.276733 1.039063 0.001343 -0.057495 0.182251
0.079956 -0.270996 1.041138 0.001831 -0.056396 0.189697
0.075928 -0.262573 1.017334 -0.016235 -0.049561 0.197998
0.068970 -0.267944 0.991333 -0.028809 -0.039917 0.206665
0.062866 -0.264160 0.987793 -0.036377 -0.045654 0.210205
0.072876 -0.269287 1.001343 -0.011963 -0.068604 0.206909
0.096069 -0.257202 1.039307 0.018677 -0.100464 0.193115
0.107056 -0.248779 1.068359 0.049927 -0.117554 0.175537
0.112915 -0.236084 1.076294 0.072876 -0.121826 0.162354
0.120361 -0.228394 1.070679 0.077148 -0.113403 0.156616
0.126465 -0.218506 1.065186 0.062378 -0.097656 0.154663
0.136475 -0.222046 1.063965 0.032349 -0.070068 0.159668
0.139893 -0.228516 1.059082 -0.013916 -0.036377 0.159424
0.132568 -0.237549 1.038818 -0.053955 -0.002197 0.157227
0.112671 -0.259399 1.019409 -0.068970 0.023682 0.153076
0.094238 -0.271973 1.001587 -0.061523 0.023682 0.148438
0.077637 -0.284912 0.982666 -0.057861 0.007446 0.147827
0.079590 -0.280151 0.984863 -0.047729 -0.019897 0.155396
0.090210 -0.269775 1.001099 -0.022461 -0.033325 0.163208
0.104126 -0.260010 1.020752 -0.002563 -0.043579 0.157837
0.112427 -0.240967 1.023193 0.013306 -0.042358 0.151367
0.112183 -0.241943 1.016846 0.008789 -0.043213 0.145508
0.114624 -0.239624 1.022583 0.006836 -0.048218 0.143188
0.111694 -0.246582 1.015259 -0.008423 -0.049072 0.148071
0.109253 -0.249634 1.002563 -0.016724 -0.051880 0.155029
0.119385 -0.246582 1.008179 -0.020386 -0.060425 0.161987
0.132935 -0.232666 1.015381 -0.032349 -0.061523 0.163086
0.135010 -0.225464 1.009033 -0.039551 -0.049683 0.153687
0.126587 -0.234253 1.006714 -0.047485 -0.036865 0.141235
0.114014 -0.251831 0.990234 -0.060669 -0.029419 0.128906
0.105957 -0.281128 0.987671 -0.065430 -0.034424 0.121460
0.123657 -0.284058 0.999146 -0.049927 -0.054077 0.118896
0.146851 -0.272827 1.026001 -0.033691 -0.068359 0.115967
0.163574 -0.270874 1.036987 -0.011963 -0.067261 0.104980
0.172974 -0.256714 1.044678 -0.000732 -0.060547 0.092773
0.166992 -0.258911 1.029785 -0.009399 -0.046631 0.090332
0.163452 -0.256958 1.011719 -0.023926 -0.034546 0.092407
0.168823 -0.255005 0.995728 -0.034058 -0.029297 0.088013
0.172729 -0.255615 0.996460 -0.038940 -0.025513 0.074463
0.171265 -0.260498 0.995972 -0.040405 -0.027222 0.058350
0.178589 -0.262939 1.004761 -0.034790 -0.030518 0.045532
0.186157 -0.257568 1.015869 -0.024536 -0.040649 0.032471
0.196533 -0.243896 1.032715 -0.015869 -0.046997 0.015747
0.197876 -0.249146 1.028564 -0.015259 -0.040649 0.002686
0.197144 -0.253296 1.024780 -0.016235 -0.034302 -0.012329
