0.089600 -0.157349 1.040527 -0.033936 -0.062866 0.013672
0.091919 -0.159424 1.045410 -0.031860 -0.046631 0.013794
0.090210 -0.158691 1.039917 -0.023560 -0.038696 0.014404
0.088013 -0.163818 1.042358 -0.031128 -0.044678 0.011230
0.092773 -0.155884 1.037476 -0.018311 -0.050415 0.005615
0.095703 -0.147705 1.046143 -0.013184 -0.058960 0.000977
0.106812 -0.148071 1.052002 -0.023438 -0.055542 0.008301
0.109619 -0.147583 1.054810 -0.045166 -0.045898 0.017578
0.114380 -0.149048 1.055054 -0.059937 -0.039307 0.027222
0.117065 -0.145020 1.052368 -0.061646 -0.037598 0.032593
0.116943 -0.140137 1.040161 -0.053467 -0.038086 0.033691
0.119141 -0.134888 1.041260 -0.054810 -0.046875 0.028809
0.132446 -0.130981 1.046753 -0.050659 -0.053955 0.023315
0.137573 -0.120972 1.048096 -0.047363 -0.058716 0.013794
0.143921 -0.119873 1.043457 -0.046387 -0.059326 0.007080
0.156006 -0.116821 1.052002 -0.050903 -0.057861 0.005005
0.168091 -0.106689 1.063721 -0.063721 -0.051025 0.006592
0.171265 -0.087524 1.061035 -0.083252 -0.037354 0.010010
0.171509 -0.073975 1.032227 -0.091797 -0.019775 0.007080
0.168213 -0.066528 1.015137 -0.107056 -0.015015 -0.004517
0.167480 -0.064209 0.998047 -0.084595 -0.024902 -0.034546
0.172119 -0.051147 1.003784 -0.030762 -0.042358 -0.074707
0.187012 -0.050171 1.004028 -0.011108 -0.060547 -0.108276
0.189575 -0.071167 1.017456 -0.013062 -0.064209 -0.129761
0.216064 -0.072998 1.056396 -0.031738 -0.062500 -0.138794
0.219727 -0.098145 1.100342 -0.080933 -0.031372 -0.134399
0.228638 -0.113892 1.129639 -0.144043 0.018555 -0.124512
0.188965 -0.146729 1.077515 -0.276001 0.060669 -0.104492
0.186401 -0.153076 1.073975 -0.244263 0.082520 -0.098145
0.187988 -0.141724 1.081543 -0.194580 0.076294 -0.111084
0.186279 -0.164917 1.074463 -0.160034 0.064941 -0.137573
0.179565 -0.174316 1.072876 -0.107910 0.049194 -0.168823
0.182007 -0.177856 1.063599 -0.057007 0.041748 -0.190186
0.197754 -0.176880 1.087158 -0.032349 0.040649 -0.204834
0.214233 -0.162354 1.097290 -0.047974 0.045532 -0.215820
0.220459 -0.168945 1.099365 -0.074951 0.080078 -0.218994
0.221069 -0.199463 1.101563 -0.132568 0.118652 -0.218750
0.220337 -0.208374 1.099609 -0.173828 0.168457 -0.211670
0.211548 -0.205688 1.075195 -0.226929 0.222534 -0.199097
0.180908 -0.221802 1.026367 -0.296021 0.261597 -0.194336
0.147339 -0.252197 0.986084 -0.295044 0.268799 -0.207153
0.101440 -0.300781 0.938843 -0.247314 0.239380 -0.231567
0.075684 -0.334473 0.920288 -0.169312 0.172852 -0.249878
0.079102 -0.325684 0.916504 -0.089600 0.093506 -0.262451
0.105469 -0.317505 0.968506 -0.016602 0.032715 -0.272705
0.144287 -0.294678 1.027222 0.018921 0.017212 -0.266968
0.155518 -0.278076 1.034668 -0.019409 0.050903 -0.251709
0.155884 -0.282104 1.036255 -0.086548 0.105957 -0.234253
0.144531 -0.275024 1.018921 -0.171143 0.167358 -0.203735
0.115479 -0.291748 0.961548 -0.265381 0.214722 -0.173706
0.093506 -0.323242 0.930420 -0.338013 0.228760 -0.162476
0.076416 -0.327515 0.934937 -0.333862 0.220581 -0.171509
0.058472 -0.361816 0.906494 -0.363647 0.204712 -0.181641
0.035645 -0.372437 0.914673 -0.287109 0.202148 -0.205444
0.023682 -0.401489 0.922119 -0.186401 0.163086 -0.216064
0.020752 -0.434326 0.937134 -0.200928 0.129761 -0.206787
0.026367 -0.429688 0.960327 -0.218018 0.123901 -0.175537
0.016113 -0.405884 0.953735 -0.248291 0.140869 -0.126831
-0.012451 -0.426514 0.923340 -0.266602 0.149048 -0.066162
-0.028687 -0.405518 0.900024 -0.266113 0.144775 -0.034668
-0.054321 -0.445801 0.881836 -0.272339 0.124023 -0.024170
-0.061157 -0.459229 0.879517 -0.232300 0.082397 -0.036621
-0.070068 -0.463257 0.881836 -0.192383 0.029663 -0.055664
-0.053101 -0.450195 0.910278 -0.148926 -0.021484 -0.076538
-0.037231 -0.443848 0.945557 -0.106689 -0.056396 -0.086182
-0.017212 -0.444580 0.969238 -0.092407 -0.070679 -0.076538
-0.004517 -0.430664 0.995605 -0.091675 -0.075317 -0.063232
0.004272 -0.425903 1.007446 -0.090454 -0.074951 -0.048950
0.003296 -0.414307 1.016479 -0.084961 -0.075806 -0.041504
0.000732 -0.391357 1.025757 -0.066040 -0.075439 -0.038574
-0.004028 -0.386353 1.022949 -0.041992 -0.074097 -0.024780
-0.005249 -0.386108 1.025391 -0.018677 -0.077881 -0.012451
-0.001343 -0.374756 1.028931 -0.003784 -0.081787 -0.002808
0.001587 -0.378052 1.028076 -0.003906 -0.084351 0.006836
0.012573 -0.368530 1.033081 0.010376 -0.087036 0.010498
0.027954 -0.349854 1.048706 0.020386 -0.082886 0.011353
0.034668 -0.343628 1.050415 0.004639 -0.071655 0.016724
0.026367 -0.339844 1.038940 -0.006470 -0.055298 0.022095
0.016968 -0.342285 1.016968 -0.006226 -0.044556 0.025146
-0.001709 -0.349609 0.998291 -0.006470 -0.041748 0.024658
-0.015991 -0.355957 0.977783 0.011719 -0.045898 0.024658
-0.028931 -0.346802 0.952393 0.025879 -0.060791 0.026001
-0.029419 -0.359009 0.954590 0.035278 -0.082886 0.029663
-0.024048 -0.381226 0.981445 0.044434 -0.113525 0.028931
-0.014648 -0.401611 0.995239 0.068726 -0.144653 0.039307
-0.004028 -0.398560 0.999023 0.100708 -0.182617 0.048584
0.018555 -0.364014 1.037964 0.150635 -0.215332 0.062988
0.036377 -0.325684 1.045166 0.182495 -0.231323 0.077393
0.060425 -0.300293 1.050415 0.206055 -0.230957 0.080688
0.069214 -0.284790 1.041504 0.213379 -0.214600 0.080933
0.081299 -0.279785 1.043579 0.225952 -0.190674 0.082764
0.086426 -0.280640 1.033081 0.212524 -0.166748 0.081055
0.074951 -0.281982 1.012573 0.188110 -0.149170 0.079590
0.082397 -0.269287 1.027222 0.168213 -0.138550 0.081421
0.076416 -0.251465 1.037476 0.121582 -0.114014 0.097168
0.057251 -0.249512 1.017334 0.053223 -0.083862 0.114380
0.036865 -0.244751 0.999634 0.011963 -0.061768 0.125122
0.012817 -0.256104 0.977051 -0.005737 -0.060425 0.123535
0.000366 -0.259888 0.955444 0.013062 -0.086914 0.116821
0.011353 -0.259033 0.983887 0.051270 -0.130371 0.105103
0.033813 -0.249512 1.025146 0.081787 -0.160400 0.093384
0.045898 -0.251099 1.045776 0.067627 -0.173950 0.092041
0.056763 -0.230957 1.060303 0.071289 -0.164307 0.100586
0.063965 -0.223877 1.071289 0.067749 -0.141479 0.103882
0.065796 -0.224121 1.067749 0.036133 -0.114136 0.106934
0.074341 -0.215942 1.077393 -0.006592 -0.081909 0.119385
0.074951 -0.215576 1.083496 -0.081177 -0.033325 0.145020
0.064087 -0.191895 1.034912 -0.144165 0.003662 0.163940
0.051025 -0.196899 1.009521 -0.172974 0.036865 0.164185
0.043457 -0.217773 1.014771 -0.168213 0.031982 0.152954
0.042969 -0.231445 1.024292 -0.129639 0.008179 0.133667
0.040649 -0.237793 1.024658 -0.112671 -0.009888 0.125732
0.034424 -0.239258 1.010376 -0.088379 -0.030396 0.118652
0.046265 -0.227051 1.023315 -0.055054 -0.052734 0.116699
0.072510 -0.234253 1.052246 -0.031494 -0.063843 0.122314
0.105469 -0.234009 1.083618 -0.031006 -0.057739 0.142212
0.113892 -0.225342 1.091797 -0.058716 -0.023560 0.177979
0.103271 -0.209229 1.059814 -0.084961 0.024048 0.207886
0.087524 -0.207764 1.035645 -0.103760 0.041260 0.214233
0.075439 -0.223877 1.030762 -0.102539 0.032837 0.204346
0.081665 -0.229858 1.043213 -0.083008 0.018799 0.203125
0.089600 -0.223267 1.044800 -0.080322 0.013916 0.209473
0.098267 -0.195557 1.043701 -0.082275 0.017456 0.208862
0.099121 -0.190918 1.034546 -0.092163 0.024048 0.194458
0.093750 -0.203857 1.010498 -0.092896 0.024292 0.161987
0.082520 -0.237427 0.993042 -0.072144 0.022217 0.134155
0.087769 -0.273560 1.011108 -0.051147 0.008667 0.124023
0.091431 -0.283569 1.021973 -0.037476 0.000488 0.136841
0.078125 -0.285400 0.999390 -0.034302 -0.003052 0.159790
0.084595 -0.271484 0.993774 -0.014893 -0.024780 0.174561
0.096802 -0.246826 1.004639 0.019409 -0.057373 0.170532
0.115845 -0.226196 1.021240 0.045898 -0.082764 0.153076
0.134155 -0.206055 1.049194 0.072632 -0.093872 0.126343
0.158569 -0.186768 1.078125 0.080444 -0.090210 0.105225
0.160889 -0.186157 1.069092 0.067505 -0.070068 0.089844
0.158447 -0.190796 1.069092 0.031616 -0.049683 0.077271
0.145142 -0.198364 1.048462 -0.013184 -0.025635 0.073120
0.144775 -0.215942 1.027588 -0.057251 -0.009155 0.075195
0.132813 -0.244873 1.020142 -0.083496 -0.007935 0.075806
0.134521 -0.256592 1.022583 -0.069458 -0.010376 0.074463
0.141968 -0.255981 1.029419 -0.053467 -0.020020 0.076416
0.145264 -0.258301 1.033691 -0.033081 -0.028198 0.079224
0.157715 -0.249512 1.031494 -0.002441 -0.040894 0.070435
0.164429 -0.242920 1.039917 0.022705 -0.057007 0.057129
0.176514 -0.242432 1.044922 0.049805 -0.069092 0.042725
0.186646 -0.215820 1.048950 0.058350 -0.066772 0.041382
0.187134 -0.210693 1.025391 0.033203 -0.045166 0.047852
0.179199 -0.204712 1.000854 -0.001953 -0.024048 0.051636
0.186035 -0.202271 0.997803 -0.033813 -0.006836 0.052368
0.192139 -0.210693 0.992432 -0.052856 0.009644 0.046753
