0.107666 -0.201904 1.034546 -0.030640 -0.031006 -0.003906
0.106689 -0.199097 1.039551 -0.029541 -0.033203 -0.005127
0.110107 -0.194336 1.043823 -0.024658 -0.031128 -0.004395
0.113647 -0.196777 1.043213 -0.033569 -0.027832 -0.001343
0.113770 -0.197754 1.042847 -0.043945 -0.020264 0.000977
0.112305 -0.200928 1.034424 -0.048218 -0.015381 0.000977
0.110596 -0.203979 1.025513 -0.045288 -0.017334 -0.005981
0.117310 -0.198730 1.037964 -0.038452 -0.028320 -0.010132
0.130859 -0.185059 1.048706 -0.028320 -0.036987 -0.011963
0.136475 -0.174805 1.053101 -0.022827 -0.041504 -0.014038
0.145996 -0.171021 1.065674 -0.016357 -0.049438 -0.021851
0.158569 -0.158813 1.072876 0.005981 -0.063843 -0.031250
0.180908 -0.132813 1.093262 0.041626 -0.072021 -0.041382
0.188843 -0.120483 1.088257 0.031250 -0.066406 -0.053955
0.194092 -0.103271 1.080688 0.059082 -0.057129 -0.072754
0.197144 -0.084351 1.067383 0.059082 -0.049072 -0.090820
0.194824 -0.083496 1.054077 0.032715 -0.037720 -0.101929
0.194214 -0.068726 1.039307 0.008667 -0.026855 -0.109985
0.210205 -0.065186 1.050659 -0.012573 -0.013916 -0.121460
0.224731 -0.071899 1.078979 -0.039795 0.010376 -0.131470
0.224854 -0.072632 1.063354 -0.076050 0.057007 -0.132202
0.208984 -0.093872 1.046021 -0.139893 0.099976 -0.130127
0.184937 -0.130005 1.028076 -0.185547 0.127319 -0.128418
0.171387 -0.160522 1.003784 -0.203491 0.135376 -0.132690
0.160645 -0.183960 0.995117 -0.209595 0.128906 -0.147949
0.157715 -0.204468 1.006104 -0.187256 0.116089 -0.163696
0.157959 -0.226563 1.018433 -0.160522 0.100464 -0.184570
0.158691 -0.242310 1.027344 -0.144043 0.088867 -0.198853
0.165527 -0.261475 1.031738 -0.143799 0.090210 -0.200073
0.163574 -0.264648 1.045166 -0.162720 0.096191 -0.184448
0.174072 -0.262573 1.055298 -0.187134 0.118286 -0.163330
0.171631 -0.261475 1.040771 -0.219971 0.153687 -0.144775
0.154175 -0.283203 1.016846 -0.254639 0.184082 -0.136841
0.133423 -0.310303 0.989990 -0.276978 0.196045 -0.138184
0.112061 -0.346680 0.970581 -0.268188 0.182495 -0.145996
0.111816 -0.357544 0.967896 -0.234131 0.151001 -0.152466
0.108032 -0.344238 0.961060 -0.205688 0.122314 -0.150879
0.103149 -0.337891 0.948730 -0.157349 0.101196 -0.162109
0.100220 -0.342163 0.951904 -0.111084 0.080200 -0.185913
0.097046 -0.332642 0.944092 -0.086182 0.063843 -0.201416
0.093140 -0.353271 0.956177 -0.071655 0.057007 -0.201904
0.092407 -0.359619 0.977295 -0.075317 0.053101 -0.191406
0.088623 -0.341553 0.966919 -0.088257 0.056396 -0.177246
0.065918 -0.368774 0.942871 -0.157471 0.069336 -0.161621
0.054932 -0.375244 0.948242 -0.135132 0.088867 -0.162231
0.050049 -0.373901 0.953857 -0.119507 0.075684 -0.154907
0.053711 -0.368652 0.963013 -0.148071 0.068604 -0.139771
0.042480 -0.391113 0.964844 -0.159912 0.060913 -0.132202
0.035767 -0.396851 0.968018 -0.160522 0.057251 -0.125122
0.032349 -0.394897 0.972290 -0.126221 0.036987 -0.117310
0.044067 -0.390991 0.993652 -0.084961 0.022583 -0.114868
0.048218 -0.375244 0.998901 -0.068848 0.020264 -0.109985
0.043091 -0.378784 0.994873 -0.082520 0.025879 -0.095825
0.043091 -0.377441 0.986816 -0.097534 0.030273 -0.082275
0.045044 -0.378906 0.979370 -0.104858 0.041382 -0.069336
0.037598 -0.390747 0.967407 -0.118530 0.051514 -0.061279
0.045044 -0.394043 0.963867 -0.132446 0.044312 -0.056396
0.052856 -0.386475 0.969116 -0.130493 0.030396 -0.051880
0.057617 -0.385742 0.978882 -0.111206 0.019653 -0.052246
0.061401 -0.376831 0.995728 -0.088013 0.011963 -0.057983
0.062500 -0.377563 0.992188 -0.065552 0.006592 -0.062744
0.052368 -0.394287 0.993530 -0.046753 0.002808 -0.062744
0.037354 -0.392822 0.988037 -0.037354 -0.003296 -0.059204
0.041138 -0.381104 0.999023 -0.033081 -0.017822 -0.056885
0.045044 -0.374512 1.006958 -0.031250 -0.029785 -0.055176
0.050903 -0.374512 1.019409 -0.036743 -0.038330 -0.057495
0.042236 -0.382324 1.011963 -0.045654 -0.046021 -0.063843
0.035767 -0.390747 0.997192 -0.050049 -0.056030 -0.067749
0.032959 -0.379517 0.981934 -0.048706 -0.072632 -0.071045
0.032593 -0.345215 0.951416 -0.042236 -0.095703 -0.082275
0.030762 -0.316406 0.937500 -0.040771 -0.129272 -0.109375
0.030151 -0.310303 0.922241 -0.045654 -0.167236 -0.149902
0.038208 -0.334473 0.935791 -0.057495 -0.204346 -0.191406
0.039795 -0.388306 0.955322 -0.068970 -0.231323 -0.210938
0.043457 -0.437622 0.971191 -0.040405 -0.242920 -0.212280
0.040405 -0.457642 0.978271 -0.010864 -0.250488 -0.192261
0.058350 -0.466064 1.010986 0.020508 -0.258423 -0.151855
0.072754 -0.443726 1.044067 0.065430 -0.252808 -0.101318
0.097534 -0.399536 1.065308 0.097412 -0.236938 -0.051392
0.110474 -0.344971 1.077026 0.096558 -0.211914 -0.006836
0.113037 -0.313599 1.067749 0.081909 -0.187134 0.019409
0.121826 -0.289917 1.068848 0.090332 -0.168213 0.018555
0.115356 -0.276123 1.062744 0.087280 -0.150391 0.012451
0.105469 -0.275269 1.045776 0.089600 -0.131348 0.016846
0.102051 -0.272095 1.028931 0.091797 -0.111450 0.024048
0.090942 -0.270142 1.007568 0.068970 -0.092651 0.027588
0.077026 -0.271973 0.984009 0.047852 -0.077148 0.026978
0.070068 -0.281006 0.980103 0.036011 -0.075439 0.024780
0.075806 -0.287964 0.989746 0.025269 -0.080566 0.029541
0.086060 -0.296021 1.018799 0.013062 -0.085571 0.032715
0.086182 -0.302490 1.033203 0.030884 -0.086914 0.033081
0.088867 -0.300781 1.046021 0.057739 -0.093994 0.028076
0.093140 -0.284668 1.057983 0.079468 -0.100586 0.025635
0.084839 -0.285034 1.058472 0.058838 -0.093750 0.043091
0.078369 -0.284058 1.062012 0.030518 -0.070068 0.067261
0.067261 -0.281616 1.040405 -0.000366 -0.049194 0.099609
0.054932 -0.292480 1.002319 -0.041016 -0.036499 0.137329
0.056030 -0.299194 0.993774 -0.063843 -0.033203 0.159790
0.046875 -0.307373 0.978760 -0.086792 -0.026123 0.181030
0.028076 -0.303101 0.946655 -0.097168 -0.031250 0.193848
0.032227 -0.308472 0.950562 -0.079346 -0.070068 0.180786
0.057739 -0.305298 0.979126 0.004150 -0.143311 0.158081
0.083496 -0.298462 1.007446 0.108521 -0.178833 0.129761
0.108154 -0.288208 1.049438 0.115112 -0.175903 0.120850
0.137085 -0.261597 1.091187 0.114136 -0.157471 0.136597
0.163940 -0.225342 1.121338 0.089722 -0.115845 0.165405
0.153809 -0.209961 1.091553 0.035889 -0.056152 0.190186
0.130493 -0.208130 1.048096 -0.008301 -0.003052 0.209106
0.113037 -0.201294 1.005981 -0.027954 0.022583 0.213989
0.100342 -0.197144 0.970581 -0.033203 0.020874 0.208740
0.103882 -0.207275 0.965210 -0.041138 -0.003540 0.195313
0.108887 -0.231689 0.966309 -0.030029 -0.036499 0.175659
0.118530 -0.239380 0.976440 0.004517 -0.072632 0.163574
0.147583 -0.229736 1.010620 0.038452 -0.104980 0.159180
0.172485 -0.219971 1.045044 0.053833 -0.121704 0.155151
0.195557 -0.215332 1.065430 0.055176 -0.111694 0.159302
0.203979 -0.204712 1.081543 0.029663 -0.078735 0.171021
0.196411 -0.167358 1.078125 -0.003540 -0.032471 0.187134
0.190186 -0.151855 1.040894 -0.031738 0.008301 0.196289
0.171387 -0.176758 1.030029 -0.062134 0.021240 0.186157
0.165771 -0.195313 1.038452 -0.051636 0.008179 0.171509
0.163330 -0.220825 1.048584 -0.037720 -0.008179 0.167358
0.164673 -0.237549 1.055054 -0.023926 -0.025879 0.170288
0.142700 -0.212036 1.061157 0.015503 -0.037720 0.175781
0.205566 -0.213867 1.067017 0.052490 -0.030884 0.182373
0.208496 -0.184937 1.058350 0.046021 -0.018433 0.151733
0.205078 -0.186157 1.046143 0.016479 0.011597 0.140991
0.201538 -0.188843 1.031494 -0.028687 0.037598 0.135010
0.185425 -0.215820 1.007568 -0.072266 0.058350 0.131226
0.160767 -0.257202 0.990112 -0.094360 0.067017 0.128906
0.152466 -0.289795 0.987671 -0.083496 0.052246 0.132202
0.166992 -0.298462 1.013916 -0.055054 0.025879 0.143066
0.177124 -0.275391 1.025024 -0.039917 0.010864 0.152588
0.189331 -0.254395 1.023926 -0.025513 0.008789 0.153564
0.198120 -0.245972 1.028809 -0.022583 0.007813 0.142578
0.196777 -0.235596 1.015503 -0.016479 0.006470 0.124023
0.193604 -0.241333 1.022705 -0.012817 0.007690 0.114380
0.198486 -0.252808 1.022583 -0.017334 0.009155 0.099243
0.193359 -0.263550 1.026489 -0.004150 0.007324 0.084595
0.194092 -0.263550 1.024536 0.013428 -0.004028 0.070068
0.188599 -0.258667 1.023926 0.022827 -0.010132 0.062012
0.194580 -0.249878 1.032715 0.021606 -0.010132 0.058838
0.196533 -0.247925 1.022705 0.008667 -0.007813 0.057373
0.181641 -0.244751 0.994995 0.008179 -0.009155 0.051636
0.179565 -0.238647 0.984009 0.021484 -0.034546 0.042114
0.179565 -0.233032 0.974609 0.021973 -0.052612 0.030884
0.188599 -0.233276 0.977539 0.037476 -0.049683 0.013428
0.192749 -0.234009 0.982910 0.044800 -0.062378 -0.000366
0.205078 -0.233276 0.999634 0.035034 -0.067627 -0.002808
0.207153 -0.232300 1.005249 0.015747 -0.062622 -0.004028
