0.009155 -0.278442 0.975342 -0.026733 -0.088013 0.023804
-0.016479 -0.309570 0.991211 0.002197 -0.086182 0.047363
-0.002930 -0.341919 1.026855 0.033813 -0.083252 0.066895
0.008057 -0.326172 1.026001 0.057495 -0.086670 0.057983
-0.003418 -0.308594 0.994385 0.111206 -0.084351 0.022827
0.018311 -0.275146 0.995239 0.136108 -0.119385 -0.031128
-0.015991 -0.310181 0.932617 0.107056 -0.151245 -0.070190
0.030762 -0.254761 1.015015 0.150269 -0.166748 -0.107544
-0.018677 -0.321533 0.970581 0.104492 -0.155029 -0.081665
0.003906 -0.294922 0.989380 0.091919 -0.157227 -0.080322
0.032104 -0.281006 0.997681 0.111816 -0.148682 -0.093018
0.061279 -0.222290 1.009155 0.128418 -0.139038 -0.132935
0.052612 -0.223511 1.002075 0.120361 -0.135010 -0.142090
0.030762 -0.296509 1.021118 0.101318 -0.116943 -0.154663
0.102051 -0.171509 1.059570 0.153809 -0.112305 -0.165283
0.058228 -0.234253 1.006226 0.035522 -0.065063 -0.102051
0.061157 -0.242676 1.004517 -0.028198 -0.048828 -0.083252
0.054932 -0.285034 1.019287 -0.034180 -0.076050 -0.098633
0.093628 -0.260742 1.065430 -0.009644 -0.125488 -0.134033
0.131470 -0.225830 1.110718 -0.015625 -0.154419 -0.147583
0.144409 -0.215942 1.119507 -0.016479 -0.137451 -0.133911
0.166626 -0.175293 1.102539 -0.007935 -0.109009 -0.111938
0.190552 -0.165649 1.124390 -0.011841 -0.074951 -0.100464
0.211670 -0.162720 1.133667 -0.019653 -0.036987 -0.116577
0.226563 -0.143311 1.147217 -0.050659 -0.011353 -0.146973
0.254639 -0.109863 1.147827 -0.036865 0.015137 -0.179810
0.252075 -0.110596 1.138916 -0.080200 0.046631 -0.216797
0.239868 -0.111084 1.094116 -0.091919 0.069946 -0.262085
0.229736 -0.124756 1.078613 -0.078247 0.077026 -0.311768
0.225098 -0.145264 1.063599 -0.051270 0.073853 -0.351563
0.233643 -0.149536 1.050659 -0.020020 0.075317 -0.380493
0.273926 -0.125732 1.061646 -0.015137 0.082275 -0.414551
0.285889 -0.128784 1.061890 -0.017822 0.107666 -0.463013
0.266479 -0.165649 1.047729 -0.046875 0.146484 -0.501587
0.242432 -0.187500 1.010132 -0.090210 0.184326 -0.504761
0.202026 -0.263672 0.988159 -0.138062 0.240356 -0.469482
0.158447 -0.307495 0.951782 -0.163696 0.285156 -0.417969
0.111084 -0.367920 0.924927 -0.156006 0.306885 -0.366455
0.089233 -0.402832 0.909546 -0.141479 0.283081 -0.338257
0.086060 -0.408936 0.902100 -0.133789 0.217285 -0.326782
0.094238 -0.405151 0.928833 -0.130615 0.149414 -0.333374
0.117065 -0.381348 0.944214 -0.090942 0.098511 -0.353638
0.115234 -0.382935 0.958130 -0.035400 0.065430 -0.377075
0.111450 -0.379028 0.949707 0.000122 0.046875 -0.393555
0.108154 -0.369263 0.934937 -0.010132 0.048340 -0.401978
0.106689 -0.377441 0.934814 -0.062988 0.062988 -0.397339
0.089233 -0.380737 0.918213 -0.135986 0.088501 -0.386108
0.047241 -0.447632 0.883789 -0.239502 0.120361 -0.355469
0.007080 -0.459595 0.871460 -0.188110 0.153442 -0.332397
-0.003662 -0.467529 0.857910 -0.133911 0.124756 -0.308472
-0.044067 -0.464111 0.776733 -0.102173 0.080811 -0.300781
-0.009888 -0.432251 0.865723 -0.029663 0.071777 -0.299438
-0.003052 -0.462402 0.915527 -0.034790 0.036133 -0.276489
-0.018677 -0.464355 0.906860 -0.090454 0.028076 -0.250732
-0.021362 -0.417603 0.898560 -0.134888 0.047607 -0.225098
-0.019897 -0.418457 0.917969 -0.174561 0.042725 -0.207886
-0.021240 -0.403687 0.920654 -0.246948 0.048828 -0.191650
-0.047729 -0.446045 0.921509 -0.282959 0.040649 -0.176025
-0.077881 -0.453491 0.895142 -0.295776 0.035645 -0.169678
-0.108276 -0.500000 0.884644 -0.311401 0.031494 -0.156006
-0.100464 -0.492920 0.896240 -0.314819 -0.010864 -0.154541
-0.086426 -0.482666 0.928345 -0.280396 -0.065186 -0.157959
-0.070313 -0.475830 0.952881 -0.212158 -0.101074 -0.149414
-0.062866 -0.474609 0.982788 -0.141602 -0.114502 -0.135864
-0.069946 -0.480225 1.010254 -0.095947 -0.123047 -0.118286
-0.059082 -0.494385 1.048340 -0.102905 -0.122925 -0.084473
-0.038208 -0.498047 1.093994 -0.135864 -0.116455 -0.052856
-0.054443 -0.490967 1.082153 -0.169189 -0.098999 -0.030518
-0.090210 -0.497925 1.042725 -0.185059 -0.086548 -0.011230
-0.104736 -0.500122 1.022705 -0.173340 -0.094604 0.007813
-0.091553 -0.467651 1.022827 -0.156006 -0.118896 0.025513
-0.095581 -0.486572 1.014893 -0.121094 -0.136963 0.040039
-0.093140 -0.466553 1.010498 -0.093872 -0.170532 0.036255
-0.092407 -0.473999 1.011108 -0.076660 -0.198486 0.045044
-0.073975 -0.470947 1.018677 -0.039307 -0.216553 0.061401
-0.066772 -0.459717 1.028198 0.005859 -0.231445 0.077026
-0.053467 -0.443359 1.043213 0.043457 -0.241333 0.098267
-0.029053 -0.442871 1.078003 0.071655 -0.233398 0.140991
-0.000732 -0.415283 1.109863 0.080688 -0.206299 0.184448
0.025879 -0.394775 1.126587 0.066284 -0.169067 0.220703
0.033081 -0.364502 1.107666 0.022339 -0.130005 0.244385
0.015381 -0.372681 1.066284 0.000854 -0.098267 0.250610
0.006226 -0.382690 1.048828 0.007446 -0.095825 0.242920
0.022827 -0.393921 1.098999 0.026367 -0.100220 0.244141
0.039307 -0.382080 1.075073 0.074097 -0.125732 0.249268
0.048340 -0.365967 1.068359 0.133789 -0.091187 0.245117
0.055420 -0.364014 1.079102 0.137451 -0.087646 0.247559
0.072388 -0.355957 1.098877 0.142700 -0.098145 0.255981
0.082764 -0.368286 1.109741 0.116211 -0.075684 0.283936
0.128296 -0.304688 1.114136 0.125977 -0.052856 0.304443
0.135376 -0.289673 1.128418 0.074829 0.006226 0.328857
0.114990 -0.278687 1.045776 0.085449 0.066650 0.327515
0.057617 -0.309326 0.964844 0.094971 0.095703 0.311401
0.042847 -0.319580 0.940430 0.155884 0.073608 0.285645
0.084961 -0.328613 1.000610 0.179565 0.016724 0.279175
0.099731 -0.282471 0.960815 0.166992 -0.014404 0.274780
0.080688 -0.294434 0.928589 0.149414 0.000977 0.268555
0.087524 -0.270996 0.935181 0.143188 -0.014526 0.267090
0.107300 -0.265503 0.968384 0.114746 -0.007324 0.280396
0.123657 -0.240601 0.975708 0.064209 0.009644 0.299927
0.132202 -0.227417 0.969971 0.019043 0.031738 0.309448
0.141724 -0.216797 0.961304 -0.003296 0.031006 0.300415
0.152710 -0.223389 0.969116 -0.004639 0.019165 0.286377
0.169189 -0.225830 0.978760 0.009155 0.003784 0.262817
0.185181 -0.215454 0.992676 0.043945 -0.002197 0.229248
0.200317 -0.208618 0.987427 0.092163 -0.003296 0.195435
0.205933 -0.192871 0.983276 0.117065 -0.011108 0.162964
0.221313 -0.180176 0.979370 0.121582 -0.023804 0.135742
0.243896 -0.157227 0.981934 0.112427 -0.037354 0.104370
0.255249 -0.154907 0.984741 0.098633 -0.043335 0.070923
0.264893 -0.150269 0.978394 0.091797 -0.047729 0.036621
0.262817 -0.161621 0.968262 0.078003 -0.046875 0.007568
0.269165 -0.169312 0.970337 0.047119 -0.049316 -0.013550
0.275879 -0.162842 0.963013 0.010864 -0.046265 -0.026978
0.279663 -0.163574 0.956543 -0.023560 -0.041992 -0.039673
0.296875 -0.148560 0.939941 -0.042725 -0.037720 -0.057617
0.302246 -0.152344 0.945190 -0.058105 -0.029419 -0.086304
0.306763 -0.169434 0.949585 -0.063721 -0.020752 -0.129272
0.283813 -0.206421 0.927612 -0.070068 -0.013794 -0.168335
0.261353 -0.234863 0.915161 -0.055542 -0.024902 -0.205444
0.251099 -0.246338 0.918945 -0.006470 -0.044922 -0.243896
0.231323 -0.257324 0.926147 0.027588 -0.059570 -0.271851
0.220215 -0.267212 0.958374 0.048340 -0.060791 -0.292847
0.201782 -0.272217 0.969727 0.035278 -0.053833 -0.297607
0.183594 -0.289673 0.977295 -0.000732 -0.027466 -0.288818
0.164307 -0.322510 0.971313 -0.009521 0.025146 -0.273315
0.149536 -0.325317 0.977783 -0.026367 0.049316 -0.267700
0.131958 -0.347046 0.982056 -0.050415 0.050171 -0.270142
0.106201 -0.361816 0.985718 -0.062500 0.038452 -0.279907
0.087646 -0.381958 0.988159 -0.072876 0.031250 -0.278076
0.069336 -0.392456 0.982178 -0.082275 0.033569 -0.260742
0.052368 -0.398438 0.973877 -0.088257 0.024170 -0.243652
0.043213 -0.385864 0.991333 -0.077515 0.000854 -0.238403
0.047607 -0.398560 1.016846 -0.054565 -0.022705 -0.232788
0.062622 -0.383545 1.053223 -0.061768 -0.036133 -0.229614
0.046997 -0.385010 1.048584 -0.120728 -0.011597 -0.215210
0.030518 -0.385986 1.018433 -0.173950 0.017944 -0.193359
0.013306 -0.367676 0.993652 -0.198853 0.039063 -0.188599
-0.004517 -0.373291 0.971436 -0.147949 0.056885 -0.199585
-0.014771 -0.376831 0.971436 -0.067749 0.068359 -0.218262
-0.033813 -0.414063 0.962524 -0.065796 0.044189 -0.213867
-0.039917 -0.431274 0.975586 -0.072754 0.032959 -0.199707
-0.048828 -0.432861 0.964478 -0.072021 0.034668 -0.183838
-0.046631 -0.429077 0.952026 -0.066040 0.027954 -0.169678
-0.045654 -0.430786 0.951782 -0.048950 0.019775 -0.164673
-0.042847 -0.423462 0.961548 -0.061157 0.021851 -0.153198
-0.056641 -0.417114 0.939697 -0.152588 0.028320 -0.119629
-0.083252 -0.446167 0.903931 -0.223389 0.040527 -0.077637
-0.092773 -0.447632 0.882202 -0.239990 0.025879 -0.055786
-0.078735 -0.429443 0.883911 -0.236450 -0.009521 -0.059570
