0.038574 -0.337402 1.073608 -0.092285 -0.139893 -0.034790
0.023560 -0.321655 1.055054 -0.114624 -0.104492 -0.034546
0.001831 -0.335571 1.038818 -0.108032 -0.094116 -0.049072
-0.008667 -0.341797 1.042603 -0.082764 -0.111816 -0.073486
-0.013550 -0.342651 1.051514 -0.049438 -0.131592 -0.086792
0.003662 -0.329712 1.063232 0.004639 -0.142944 -0.089355
0.021362 -0.315918 1.069580 0.037476 -0.147461 -0.090088
0.057617 -0.285645 1.101196 0.049561 -0.143555 -0.101440
0.066895 -0.266235 1.104370 0.021240 -0.119019 -0.108276
0.047485 -0.278564 1.080566 -0.031616 -0.091064 -0.111694
0.028687 -0.319092 1.072876 -0.065430 -0.084106 -0.108521
0.016357 -0.352661 1.066650 -0.053589 -0.087891 -0.114502
0.019287 -0.332275 1.055054 -0.004761 -0.096436 -0.118896
0.009399 -0.325195 1.030029 0.030273 -0.102661 -0.104126
0.007568 -0.321167 1.026489 0.065918 -0.109375 -0.097534
0.007935 -0.320190 1.024780 0.083008 -0.117676 -0.088501
0.005249 -0.308350 1.002075 0.078125 -0.121460 -0.072998
0.009888 -0.299072 0.996826 0.040527 -0.118164 -0.038696
0.041016 -0.293091 1.024658 -0.017212 -0.103882 -0.001099
0.072876 -0.294556 1.056274 -0.090210 -0.072144 0.020508
0.065674 -0.301270 1.038818 -0.143066 -0.035156 0.014404
0.033569 -0.320923 0.990479 -0.146362 -0.018188 -0.009644
0.008423 -0.355957 0.962524 -0.098755 -0.043701 -0.037964
0.012085 -0.362427 0.970825 -0.024170 -0.089233 -0.056641
0.025269 -0.371826 0.998535 0.044800 -0.118896 -0.059814
0.045044 -0.335205 1.014038 0.081909 -0.136108 -0.053467
0.065063 -0.304321 1.016479 0.065918 -0.127930 -0.021606
0.075195 -0.289307 1.005981 0.010742 -0.111694 0.009521
0.115356 -0.278076 1.040039 -0.048462 -0.099609 0.023438
0.142090 -0.259644 1.059082 -0.097168 -0.076416 0.008911
0.129395 -0.264160 1.026489 -0.110840 -0.051392 -0.025757
0.121948 -0.275757 1.008545 -0.080322 -0.040405 -0.061646
0.129150 -0.308228 1.026123 -0.044556 -0.044678 -0.088379
0.146484 -0.307617 1.038330 -0.013916 -0.054199 -0.114136
0.165649 -0.294312 1.043579 -0.004517 -0.056030 -0.131348
0.182617 -0.276855 1.041870 -0.004761 -0.044556 -0.145752
0.188232 -0.263916 1.033325 -0.009033 -0.020874 -0.162231
0.192261 -0.262451 1.020020 -0.025391 -0.003052 -0.181763
0.213623 -0.252319 1.021484 -0.025269 0.007080 -0.215210
0.223877 -0.251831 1.026367 -0.016357 0.029053 -0.255859
0.217163 -0.253662 1.008667 -0.021118 0.052734 -0.293945
0.216797 -0.257935 0.997192 -0.028809 0.071533 -0.326660
0.227173 -0.263916 1.003906 -0.044556 0.085449 -0.349976
0.230347 -0.275757 1.002075 -0.040161 0.115723 -0.371216
0.216431 -0.284912 0.976440 -0.060913 0.154541 -0.392456
0.186646 -0.293945 0.942871 -0.073608 0.185791 -0.417480
0.148804 -0.307129 0.893188 -0.089722 0.195068 -0.440186
0.120605 -0.328003 0.866211 -0.099243 0.187134 -0.459595
0.103760 -0.359863 0.851563 -0.104980 0.165771 -0.480591
0.103882 -0.379395 0.888306 -0.115845 0.132324 -0.497314
0.100098 -0.408203 0.909424 -0.162476 0.107788 -0.495850
0.111328 -0.399170 0.929321 -0.189331 0.104126 -0.485107
0.109619 -0.410278 0.957275 -0.218018 0.118286 -0.459351
0.106079 -0.427856 0.960449 -0.275391 0.132080 -0.433838
0.081787 -0.453613 0.948730 -0.324951 0.134399 -0.416382
0.057739 -0.475830 0.949829 -0.328979 0.120483 -0.409790
0.034058 -0.518066 0.965454 -0.280884 0.098022 -0.406250
0.014038 -0.533203 0.967163 -0.207275 0.067627 -0.402100
-0.005371 -0.532471 0.941406 -0.114014 0.033203 -0.395996
-0.004150 -0.544434 0.968262 -0.081421 -0.006714 -0.373901
-0.012451 -0.536987 0.987671 -0.030762 -0.007324 -0.351074
0.035645 -0.482056 1.075684 0.096313 0.033081 -0.332397
0.004883 -0.488892 1.024658 0.044189 0.047363 -0.285767
-0.036255 -0.485229 0.978149 -0.058960 0.061157 -0.242676
-0.076660 -0.521484 0.952271 -0.148315 0.064331 -0.199707
-0.105835 -0.548462 0.914429 -0.211060 0.042480 -0.156372
-0.108521 -0.556519 0.919922 -0.207520 0.018311 -0.120605
-0.100952 -0.546509 0.932617 -0.179932 0.001099 -0.097046
-0.092529 -0.520142 0.965820 -0.161621 0.014404 -0.067017
-0.112793 -0.534790 0.962402 -0.112183 -0.003906 -0.038330
-0.122681 -0.517578 0.952026 -0.071899 -0.034546 -0.021362
-0.119141 -0.523315 0.962158 -0.033936 -0.066772 -0.003784
-0.099609 -0.501587 0.978271 0.005981 -0.093628 0.015747
-0.083984 -0.471680 0.977295 0.024048 -0.117554 0.032349
-0.068237 -0.452637 0.985474 0.052246 -0.135132 0.036255
-0.053955 -0.447998 1.023071 0.063721 -0.148438 0.040039
-0.050781 -0.438477 1.043091 0.036987 -0.146606 0.057007
-0.055908 -0.427612 1.036865 -0.015747 -0.134521 0.089966
-0.066284 -0.433716 1.021729 -0.068481 -0.130615 0.126709
-0.068237 -0.417969 1.002197 -0.088501 -0.138062 0.151611
-0.055542 -0.402100 0.998291 -0.073486 -0.148926 0.167358
-0.041626 -0.388062 0.989502 -0.041626 -0.159668 0.172363
-0.031860 -0.394653 0.994629 -0.013062 -0.164429 0.177734
-0.031616 -0.386108 0.993164 0.011475 -0.154663 0.182983
-0.030762 -0.395874 0.997314 0.014893 -0.141968 0.196533
-0.028442 -0.394775 0.994507 0.002930 -0.136719 0.214966
-0.009888 -0.384277 1.025635 -0.006348 -0.136475 0.236572
0.045654 -0.364136 1.096558 0.001709 -0.136841 0.255737
0.033813 -0.339966 1.095093 0.005859 -0.086182 0.264771
0.037842 -0.327148 1.095825 0.005249 -0.047485 0.276001
0.035645 -0.318726 1.088989 -0.012573 -0.050049 0.286377
0.029785 -0.326416 1.091187 -0.038818 -0.026123 0.294067
0.018066 -0.316772 1.047241 -0.051514 -0.007690 0.294800
0.000610 -0.324951 1.055786 -0.063965 0.006958 0.287476
0.014038 -0.325562 1.067139 -0.044678 -0.014038 0.280396
0.002075 -0.322754 1.050781 0.007568 0.009033 0.277466
-0.005005 -0.317383 1.021118 0.042114 0.017212 0.279541
-0.010498 -0.313721 0.997437 0.046021 0.012817 0.284424
0.002686 -0.323364 0.979126 0.041992 0.022095 0.298828
0.013184 -0.318481 0.949341 -0.001465 0.031982 0.314453
0.007568 -0.329224 0.922974 -0.057861 0.027588 0.316162
0.006836 -0.344727 0.914795 -0.073242 0.007568 0.309326
0.008789 -0.369385 0.926270 -0.057373 -0.022583 0.306396
0.035889 -0.359619 0.961548 -0.013428 -0.056030 0.309082
0.080933 -0.326782 0.996826 0.016113 -0.081543 0.311157
0.116577 -0.286743 1.011108 0.033203 -0.087036 0.302979
0.136353 -0.257080 1.005127 0.039429 -0.071289 0.288086
0.141357 -0.242554 0.994385 0.036499 -0.069824 0.268921
0.161621 -0.221558 1.003418 0.057861 -0.076782 0.244507
0.176025 -0.214722 1.006714 0.068115 -0.083130 0.222900
0.187988 -0.215454 1.013672 0.073242 -0.081543 0.205688
0.210938 -0.214600 1.013916 0.074219 -0.077881 0.180786
0.219971 -0.211060 0.999878 0.065430 -0.065796 0.152100
0.220337 -0.217651 0.973755 0.046997 -0.056030 0.123047
0.218872 -0.235718 0.958374 0.028687 -0.060059 0.089966
0.219360 -0.252930 0.962891 0.005249 -0.073120 0.060669
0.223633 -0.271240 0.977295 -0.020508 -0.085083 0.041016
0.231934 -0.282715 0.989136 -0.041382 -0.092651 0.029785
0.244385 -0.285156 0.999390 -0.037720 -0.095825 0.014404
0.253052 -0.281616 1.010254 -0.037598 -0.088501 -0.009521
0.251465 -0.285278 1.001709 -0.056763 -0.073853 -0.033447
0.242310 -0.290894 0.985596 -0.067871 -0.056885 -0.055298
0.235107 -0.301025 0.979492 -0.078735 -0.050049 -0.081787
0.230835 -0.305664 0.983398 -0.074463 -0.042480 -0.106934
0.225586 -0.318237 0.984131 -0.049072 -0.023560 -0.129150
0.211670 -0.340210 0.975708 -0.065063 -0.012695 -0.143555
0.195923 -0.350952 0.970703 -0.026978 -0.007690 -0.160400
0.194336 -0.354126 0.979614 -0.025146 -0.008057 -0.174683
0.192993 -0.338379 0.976318 -0.037476 -0.001709 -0.182617
0.186035 -0.342163 0.959717 -0.040283 0.014404 -0.186646
0.183960 -0.350708 0.963867 -0.047241 0.016479 -0.199219
0.169189 -0.361938 0.967529 -0.041260 0.016235 -0.216553
0.158325 -0.373047 0.980347 -0.030029 0.015259 -0.232056
0.158325 -0.372192 0.981079 -0.020996 0.013794 -0.241089
0.155762 -0.361938 0.987183 -0.014038 0.015015 -0.247681
0.150269 -0.355469 0.989746 -0.021118 0.018799 -0.255615
0.143433 -0.351196 0.986572 -0.030029 0.028320 -0.260010
0.128540 -0.357910 0.981201 -0.045898 0.038208 -0.254517
0.130249 -0.352295 0.979370 -0.064087 0.045410 -0.249878
0.113892 -0.362671 0.973389 -0.078369 0.051636 -0.248657
0.114258 -0.364990 0.977051 -0.075562 0.049072 -0.256104
0.105347 -0.380249 0.986938 -0.087646 0.050171 -0.263794
0.106201 -0.378906 0.993774 -0.086304 0.051514 -0.265869
0.103760 -0.387085 0.994263 -0.090332 0.055908 -0.264038
0.118164 -0.399170 1.005249 -0.093506 0.066528 -0.256470
0.129395 -0.394653 1.001831 -0.074951 0.086304 -0.249268
0.128662 -0.386353 0.983154 -0.075928 0.104370 -0.245483
0.115356 -0.361084 0.946533 -0.053589 0.116089 -0.250732
0.094849 -0.366333 0.913574 -0.013062 0.115234 -0.260864
0.071899 -0.367920 0.901367 0.010620 0.106079 -0.269287
