0.021362 -0.341919 1.024170 -0.109009 -0.061035 0.013306
0.012451 -0.337402 1.017090 -0.079346 -0.064087 0.007202
0.012085 -0.315552 1.006836 -0.041382 -0.069702 0.000610
0.015503 -0.300903 1.011475 -0.012207 -0.082886 -0.012573
0.011353 -0.297729 1.014771 0.008911 -0.098145 -0.030396
0.007813 -0.301270 1.024292 0.031006 -0.107666 -0.040771
0.005493 -0.300049 1.035034 0.041504 -0.106812 -0.039063
0.005615 -0.303345 1.048584 0.041260 -0.099121 -0.024902
0.004639 -0.278198 1.045166 0.013916 -0.082764 0.002686
-0.008301 -0.264038 1.007446 -0.045532 -0.054077 0.039917
-0.030396 -0.269897 0.972046 -0.092041 -0.033691 0.065552
-0.050415 -0.272339 0.948730 -0.109863 -0.037964 0.072021
-0.054443 -0.293091 0.954224 -0.097534 -0.064331 0.066895
-0.039551 -0.314209 0.977539 -0.078735 -0.100830 0.051758
-0.027588 -0.324951 1.012573 -0.063843 -0.137573 0.028931
-0.014526 -0.327637 1.030151 -0.039673 -0.164307 0.014648
-0.009521 -0.319946 1.036499 -0.030762 -0.178833 0.016479
-0.005127 -0.320679 1.026123 -0.046631 -0.183594 0.031494
0.003906 -0.289795 1.035034 -0.032593 -0.179810 0.047729
0.003296 -0.300171 1.031250 -0.069702 -0.181519 0.077637
0.029297 -0.271973 1.031250 -0.102417 -0.187134 0.101563
0.046387 -0.265625 1.045410 -0.115723 -0.180908 0.109009
0.081421 -0.266724 1.073608 -0.113647 -0.181641 0.089478
0.097290 -0.259155 1.078125 -0.106445 -0.182739 0.058594
0.103027 -0.259766 1.067261 -0.071411 -0.179565 0.023438
0.115601 -0.254395 1.062988 -0.026489 -0.180420 -0.013794
0.120483 -0.229736 1.046875 -0.000977 -0.178833 -0.038696
0.132813 -0.223877 1.040771 0.002319 -0.162598 -0.042114
0.160156 -0.230713 1.053223 -0.031250 -0.132690 -0.036743
0.166260 -0.248413 1.058960 -0.086670 -0.092285 -0.036133
0.161255 -0.264771 1.048462 -0.123535 -0.055054 -0.040161
0.180176 -0.261597 1.055298 -0.152466 -0.032349 -0.056274
0.192749 -0.274414 1.052856 -0.161011 -0.011719 -0.083252
0.187012 -0.273682 1.040894 -0.121704 0.006592 -0.116333
0.185547 -0.292358 1.021240 -0.077515 0.019897 -0.155151
0.190430 -0.303955 1.032227 -0.059570 0.023071 -0.183594
0.195190 -0.309326 1.025879 -0.053589 0.041626 -0.196411
0.197021 -0.315063 1.015381 -0.058350 0.067139 -0.203491
0.199707 -0.302612 0.991455 -0.061523 0.081177 -0.220093
0.224731 -0.243530 0.969482 -0.049805 0.071167 -0.276855
0.265991 -0.185181 0.978882 -0.000854 0.030640 -0.397705
0.309204 -0.189087 1.041504 0.065308 0.007202 -0.558838
0.311523 -0.264771 1.090332 0.090820 0.040771 -0.689209
0.276733 -0.341919 1.061279 0.049805 0.120117 -0.740234
0.213379 -0.402222 1.012573 -0.049683 0.197876 -0.726807
0.178711 -0.432129 0.965942 -0.119751 0.259155 -0.684814
0.154541 -0.458008 0.951782 -0.136353 0.299194 -0.645020
0.134033 -0.469604 0.934326 -0.173340 0.293213 -0.602661
0.118652 -0.490845 0.922363 -0.207764 0.268188 -0.549316
0.124878 -0.501587 0.930176 -0.202637 0.238159 -0.504272
0.117798 -0.494629 0.939819 -0.172974 0.215088 -0.482788
0.072021 -0.526855 0.902100 -0.124390 0.195801 -0.463623
0.033081 -0.528198 0.870972 -0.059204 0.151245 -0.450928
0.028809 -0.488281 0.857666 -0.021606 0.095947 -0.431885
0.026489 -0.490112 0.892700 -0.015015 0.067627 -0.398560
0.030396 -0.476318 0.902832 -0.004272 0.068726 -0.350464
0.021729 -0.463989 0.898071 -0.028076 0.070068 -0.307983
0.021606 -0.459106 0.919922 -0.035522 0.065063 -0.276123
0.008057 -0.455811 0.927490 -0.030640 0.057373 -0.262573
-0.001221 -0.430054 0.920410 -0.049438 0.043213 -0.252563
-0.023193 -0.450684 0.914063 -0.130249 0.036499 -0.223877
-0.032471 -0.423706 0.916626 -0.089600 0.068604 -0.207520
-0.045654 -0.421875 0.901489 -0.072510 0.070557 -0.182251
-0.053955 -0.432617 0.904541 -0.083984 0.052612 -0.173462
-0.044189 -0.442261 0.928711 -0.108521 0.028076 -0.160645
-0.048706 -0.459717 0.927002 -0.140991 0.015991 -0.142578
-0.031372 -0.452271 0.959106 -0.132446 0.018799 -0.126953
-0.033447 -0.480957 0.979370 -0.125000 0.010498 -0.101074
-0.035522 -0.498169 0.997437 -0.127319 0.007080 -0.085205
-0.040649 -0.508789 0.997070 -0.117554 0.001343 -0.069946
-0.065308 -0.492554 1.000488 -0.094116 -0.016479 -0.048828
-0.082275 -0.491821 0.963989 -0.073608 -0.038086 -0.031860
-0.080078 -0.475830 0.954956 -0.022461 -0.065918 -0.020752
-0.068359 -0.447144 0.969116 0.019653 -0.104248 -0.016724
-0.039063 -0.416260 0.993408 0.045532 -0.127441 -0.018188
-0.007935 -0.411377 1.024292 0.071777 -0.125366 -0.017212
0.004150 -0.408081 1.028687 0.065186 -0.116089 -0.027344
-0.011108 -0.422363 1.023315 0.025635 -0.101196 -0.029541
-0.032959 -0.427612 1.003662 -0.019165 -0.085571 -0.013916
-0.053955 -0.421997 0.990601 -0.055420 -0.075439 0.020386
-0.060059 -0.408447 0.986206 -0.064331 -0.074219 0.054199
-0.058716 -0.381104 0.980469 -0.060791 -0.079224 0.074951
-0.067383 -0.367920 0.974731 -0.051025 -0.087280 0.084351
-0.077759 -0.368286 0.963867 -0.036255 -0.104736 0.087769
-0.074829 -0.379517 0.993774 -0.009888 -0.129395 0.092651
-0.036133 -0.387207 1.055664 0.015747 -0.146973 0.109985
-0.013184 -0.378052 1.099365 0.010742 -0.141968 0.140381
-0.009155 -0.347412 1.086060 0.003784 -0.113159 0.175293
-0.017822 -0.324585 1.054688 -0.007202 -0.084595 0.200806
-0.025513 -0.314331 1.030518 -0.014038 -0.068970 0.209595
-0.009521 -0.312622 1.030396 -0.025024 -0.066040 0.212402
-0.009888 -0.315796 1.039673 -0.052124 -0.063843 0.210449
-0.013550 -0.331177 1.039063 -0.068726 -0.057251 0.207520
0.002197 -0.346436 1.123291 -0.069336 -0.056519 0.205566
0.017334 -0.354004 1.081665 -0.030762 -0.064819 0.202393
0.006226 -0.374146 1.095947 0.015503 -0.040161 0.196777
0.003418 -0.386353 1.091431 0.060425 -0.051025 0.201050
0.008789 -0.390259 1.091919 0.104004 -0.052734 0.214600
0.022827 -0.362549 1.054688 0.151611 -0.038818 0.235840
0.015747 -0.327026 0.985718 0.145630 -0.019165 0.252441
0.038452 -0.339600 1.023926 0.125122 -0.008179 0.271240
0.040283 -0.325562 1.017456 0.104492 -0.001587 0.293945
0.035645 -0.312134 0.977051 0.105957 -0.000610 0.307129
0.044556 -0.308960 0.984131 0.101074 -0.016724 0.310059
0.071045 -0.285156 0.997192 0.090820 -0.028687 0.311768
0.094360 -0.255859 1.003662 0.059448 -0.020264 0.314575
0.099854 -0.240845 0.988892 -0.000977 -0.006348 0.314209
0.095947 -0.250244 0.973145 -0.043091 0.000732 0.306030
0.097778 -0.269165 0.974365 -0.037476 -0.005005 0.289917
0.113892 -0.276978 0.979004 -0.014526 -0.019043 0.273315
0.126465 -0.272095 0.990845 -0.003296 -0.024048 0.260498
0.146606 -0.262817 0.992798 0.003174 -0.033569 0.246216
0.158569 -0.240967 0.975342 0.009033 -0.037109 0.230713
0.170776 -0.229126 0.973999 0.023560 -0.038330 0.212769
0.184204 -0.232788 0.979248 0.035889 -0.042969 0.193359
0.191895 -0.236938 0.983398 0.040894 -0.050049 0.168701
0.202881 -0.232910 0.989380 0.050049 -0.057739 0.142944
0.218262 -0.228271 0.999268 0.065674 -0.068726 0.115845
0.236694 -0.212402 1.019653 0.073608 -0.068848 0.092041
0.243774 -0.198364 1.019531 0.055298 -0.053467 0.077393
0.248291 -0.186279 1.011719 0.018921 -0.039063 0.063354
0.250122 -0.181274 1.005127 -0.016846 -0.029907 0.043701
0.248413 -0.193848 0.997559 -0.043823 -0.024536 0.020264
0.247559 -0.211548 0.987183 -0.063599 -0.022705 -0.010254
0.237183 -0.229980 0.978760 -0.065430 -0.023804 -0.049683
0.224487 -0.244751 0.976685 -0.056274 -0.029297 -0.087769
0.224121 -0.258789 0.972412 -0.044067 -0.033081 -0.115479
0.217651 -0.281006 0.978271 -0.050659 -0.032593 -0.132690
0.214966 -0.285767 0.986084 -0.063721 -0.032959 -0.145386
0.214355 -0.285034 0.978394 -0.071045 -0.027832 -0.159790
0.199219 -0.298828 0.976685 -0.091919 -0.018677 -0.171021
0.184204 -0.312866 0.964478 -0.103516 -0.008911 -0.178467
0.167603 -0.316162 0.945190 -0.092773 0.003296 -0.192383
0.163086 -0.327515 0.944336 -0.079224 0.004272 -0.206543
0.153931 -0.330322 0.946411 -0.062134 0.000366 -0.223267
0.151855 -0.327026 0.953125 -0.052612 -0.002686 -0.238892
0.149414 -0.332520 0.962402 -0.067383 -0.001709 -0.246216
0.139282 -0.346313 0.970093 -0.085327 0.006348 -0.243530
0.120605 -0.354004 0.961060 -0.109741 0.009644 -0.234619
0.111206 -0.354004 0.950073 -0.109863 0.008423 -0.231445
0.117310 -0.347778 0.964722 -0.096313 0.001831 -0.235229
0.125854 -0.343994 0.983398 -0.079834 -0.001831 -0.245605
0.122070 -0.348633 0.994141 -0.059204 -0.001465 -0.260986
0.114624 -0.360229 1.012573 -0.044312 -0.010742 -0.275635
0.121338 -0.360840 1.025024 -0.035278 -0.020508 -0.281860
0.124390 -0.335938 1.021606 -0.032104 -0.019653 -0.278809
0.127441 -0.325073 1.024414 -0.033447 -0.003662 -0.271606
0.129883 -0.323242 1.029541 -0.065063 0.015137 -0.267944
0.130005 -0.325439 1.024048 -0.106812 0.036011 -0.263428
0.112549 -0.348755 1.012817 -0.144409 0.061279 -0.258667
