-0.024048 -0.366943 1.063843 -0.007446 -0.078247 -0.020020
-0.008789 -0.323364 1.073730 0.060303 -0.098022 -0.025146
0.009033 -0.296143 1.086914 0.079346 -0.088623 -0.024536
0.010132 -0.269775 1.075684 0.058716 -0.064331 -0.017090
-0.001587 -0.264771 1.049927 0.027710 -0.045166 -0.013306
-0.007446 -0.280029 1.054688 0.002441 -0.039795 -0.016968
-0.008545 -0.284058 1.056641 -0.014771 -0.042847 -0.020874
-0.013794 -0.280396 1.048462 -0.031128 -0.044678 -0.023804
-0.004272 -0.272461 1.037842 -0.053223 -0.047974 -0.020996
-0.000732 -0.267944 1.037231 -0.069702 -0.051636 -0.018921
0.004639 -0.244995 1.011963 -0.061157 -0.055420 -0.030518
0.010986 -0.222412 1.001587 -0.027588 -0.060913 -0.059692
0.004395 -0.227539 1.005859 -0.014282 -0.072144 -0.086304
0.003418 -0.235840 1.001221 -0.025635 -0.077148 -0.096069
-0.001953 -0.245972 0.996704 -0.063110 -0.075195 -0.091187
0.000366 -0.259277 0.990967 -0.089478 -0.067993 -0.081909
0.003296 -0.272339 0.977905 -0.108521 -0.065918 -0.072876
0.003906 -0.269165 0.979126 -0.120728 -0.080200 -0.064697
0.022583 -0.256348 0.975952 -0.133423 -0.094727 -0.059814
0.050049 -0.241699 1.001099 -0.148438 -0.100708 -0.065430
0.093262 -0.224243 1.035889 -0.142578 -0.097534 -0.088745
0.109253 -0.241821 1.061890 -0.128906 -0.089844 -0.126953
0.105347 -0.254395 1.040649 -0.078735 -0.088745 -0.182861
0.109497 -0.263550 1.030273 -0.016846 -0.105713 -0.237549
0.120483 -0.273315 1.046509 0.014160 -0.125977 -0.278931
0.145386 -0.267334 1.034912 0.059937 -0.127930 -0.309814
0.180786 -0.238892 1.063477 0.087769 -0.117554 -0.338623
0.204346 -0.236206 1.073120 0.054321 -0.089355 -0.356201
0.210938 -0.241089 1.054565 -0.019897 -0.039673 -0.370361
0.199097 -0.288208 1.052856 -0.103760 0.024902 -0.370117
0.194092 -0.320557 1.040771 -0.169434 0.098999 -0.374634
0.180542 -0.366455 1.034668 -0.190186 0.163208 -0.388062
0.153687 -0.416138 1.018433 -0.215332 0.196655 -0.410156
0.125366 -0.478638 1.002930 -0.222168 0.189941 -0.421387
0.116943 -0.505859 0.991211 -0.179199 0.166748 -0.424561
0.114990 -0.507690 0.998535 -0.113525 0.132324 -0.432739
0.118774 -0.515137 0.998901 -0.062866 0.103882 -0.440063
0.150635 -0.481323 1.077271 -0.030029 0.093262 -0.445679
0.100830 -0.509033 0.946777 -0.072998 0.107666 -0.425415
0.087280 -0.459351 0.954468 -0.068359 0.140991 -0.423950
0.056641 -0.487549 0.919434 -0.034180 0.179932 -0.398315
0.043945 -0.467407 0.898071 0.005859 0.187256 -0.383423
0.041626 -0.477295 0.889160 0.004272 0.175537 -0.362549
0.038452 -0.492432 0.909180 -0.041626 0.159424 -0.353027
0.008667 -0.503906 0.887939 -0.142944 0.152832 -0.337280
-0.007935 -0.496094 0.891357 -0.135864 0.143799 -0.330078
-0.025269 -0.510742 0.889526 -0.115845 0.138916 -0.313477
-0.045532 -0.492554 0.875732 -0.130493 0.131470 -0.296997
-0.083740 -0.484985 0.851685 -0.107544 0.141479 -0.278564
-0.107056 -0.499268 0.836060 -0.087402 0.135132 -0.246826
-0.127441 -0.487427 0.840332 -0.099365 0.128052 -0.213013
-0.143433 -0.488647 0.838379 -0.120483 0.115845 -0.170166
-0.151001 -0.475220 0.856934 -0.099731 0.087280 -0.142090
-0.163940 -0.480835 0.850464 -0.093750 0.078857 -0.108643
-0.176392 -0.476074 0.839478 -0.129028 0.059692 -0.082153
-0.168701 -0.476074 0.867798 -0.146729 0.028198 -0.074707
-0.156616 -0.476196 0.891235 -0.125000 -0.012329 -0.081177
-0.132202 -0.470459 0.930542 -0.096924 -0.055298 -0.101929
-0.126831 -0.441406 0.943359 -0.097778 -0.086914 -0.127075
-0.138794 -0.463501 0.918579 -0.103516 -0.106689 -0.122803
-0.136841 -0.446777 0.946289 -0.080933 -0.128052 -0.112671
-0.129761 -0.457886 0.947876 -0.102417 -0.138184 -0.090820
-0.115479 -0.449097 0.954956 -0.127441 -0.140869 -0.071167
-0.099487 -0.424927 0.937744 -0.177979 -0.139893 -0.060791
-0.100464 -0.414917 0.952515 -0.200806 -0.154785 -0.068237
-0.095459 -0.424683 0.975830 -0.226074 -0.197998 -0.083130
-0.099121 -0.444092 0.988159 -0.229004 -0.211792 -0.095703
-0.103882 -0.500366 1.033081 -0.195190 -0.226563 -0.088623
-0.090698 -0.523315 1.071045 -0.158447 -0.249878 -0.074707
-0.084595 -0.521484 1.088135 -0.108643 -0.236938 -0.042725
-0.071045 -0.498901 1.090820 -0.054565 -0.218018 0.004761
-0.040283 -0.475464 1.104126 0.003662 -0.192749 0.045044
-0.019043 -0.443970 1.104126 0.013184 -0.161621 0.078003
-0.024780 -0.424072 1.069214 -0.006592 -0.126343 0.101807
-0.042358 -0.408813 1.018433 -0.007324 -0.099731 0.120361
-0.050049 -0.418091 1.000000 0.005127 -0.090820 0.129761
-0.044800 -0.426025 1.012329 0.004517 -0.100220 0.134033
-0.028320 -0.400513 1.039551 0.011841 -0.098999 0.142212
-0.023438 -0.414307 1.044678 0.021973 -0.073853 0.163940
-0.018921 -0.409424 1.044067 0.010254 -0.054810 0.186157
-0.018433 -0.418457 1.042358 -0.019897 -0.033813 0.210693
-0.012329 -0.422241 1.045288 -0.056152 -0.013672 0.239380
0.016968 -0.417114 1.103394 -0.082642 -0.001099 0.260498
0.001343 -0.407959 1.043823 -0.091919 0.011230 0.268677
-0.004639 -0.403931 1.048218 -0.038574 0.030884 0.260620
-0.002319 -0.384766 1.017578 -0.011841 0.007080 0.257202
0.001221 -0.408325 1.048218 -0.033936 -0.000488 0.269897
0.019775 -0.395386 1.054810 0.026855 0.017334 0.282104
0.024292 -0.387573 1.038574 0.038086 0.028687 0.301636
0.029297 -0.385986 1.031250 0.036133 0.042969 0.321899
0.030640 -0.379028 1.005371 0.033447 0.052734 0.340942
0.028320 -0.391479 1.004272 0.000122 0.055054 0.359497
0.033691 -0.376099 0.988159 0.009277 0.056396 0.370483
0.049438 -0.373901 0.992676 0.024292 0.066772 0.380493
0.059692 -0.340332 1.028442 0.041138 0.087524 0.382813
0.048218 -0.325073 0.968750 0.042969 0.105957 0.379272
0.036011 -0.300171 0.943481 0.055908 0.095947 0.362549
0.024414 -0.292114 0.913208 0.088989 0.074951 0.331421
0.041382 -0.257446 0.925781 0.123413 0.057129 0.296021
0.056396 -0.257324 0.947021 0.072876 0.048950 0.284058
0.063965 -0.254883 0.954102 0.008911 0.058716 0.272217
0.069946 -0.270996 0.963379 -0.025391 0.068970 0.250366
0.067261 -0.289307 0.960449 -0.035767 0.066284 0.222290
0.060425 -0.318848 0.959839 -0.053955 0.047241 0.196167
0.072266 -0.327271 0.970947 -0.041260 0.029419 0.171753
0.088623 -0.311157 0.986938 -0.016846 0.029297 0.155273
0.087524 -0.326782 0.972168 -0.022705 0.025635 0.146484
0.088745 -0.312134 0.955566 -0.024414 0.013062 0.128174
0.091675 -0.311279 0.956909 -0.022339 0.000610 0.108521
0.113525 -0.296997 0.962280 -0.017578 -0.020264 0.084961
0.123779 -0.295532 0.972168 -0.015259 -0.029419 0.057373
0.120605 -0.297485 0.963135 -0.005371 -0.027100 0.029419
0.119141 -0.311646 0.955566 -0.030640 -0.028198 0.004517
0.113770 -0.329834 0.947754 -0.054443 -0.030518 -0.016724
0.113403 -0.333984 0.946045 -0.049805 -0.036865 -0.035767
0.116211 -0.350098 0.946289 -0.059082 -0.046509 -0.051880
0.116821 -0.354614 0.956299 -0.043091 -0.045898 -0.066284
0.110352 -0.360718 0.951904 -0.024170 -0.037231 -0.081177
0.106934 -0.372314 0.958252 -0.018555 -0.033325 -0.097290
0.106445 -0.381104 0.967529 -0.018677 -0.026367 -0.110474
0.094727 -0.388794 0.964600 -0.027344 -0.018555 -0.113647
0.092285 -0.385132 0.965942 -0.033569 -0.020630 -0.117065
0.103638 -0.368652 0.978638 -0.017822 -0.017944 -0.127075
0.109619 -0.359131 0.987061 -0.008057 -0.013062 -0.141846
0.102539 -0.355225 0.986084 -0.007935 -0.009033 -0.161255
0.097412 -0.353149 0.989868 -0.002563 -0.000488 -0.180908
0.103149 -0.344116 1.006470 -0.016846 0.006104 -0.194946
0.094482 -0.353394 1.006958 -0.046997 0.020020 -0.200562
0.076294 -0.359863 0.991333 -0.067505 0.033813 -0.208252
0.058350 -0.360107 0.979126 -0.075562 0.037720 -0.221191
0.045044 -0.374146 0.972290 -0.077393 0.035645 -0.235840
0.033936 -0.379028 0.964111 -0.070190 0.028564 -0.249146
0.019897 -0.387085 0.948975 -0.063965 0.015015 -0.261108
0.010498 -0.398804 0.951294 -0.042358 -0.004395 -0.271484
0.014282 -0.398560 0.966309 -0.013306 -0.022461 -0.281006
0.026855 -0.375610 0.984863 0.011353 -0.027954 -0.288940
0.038940 -0.381104 1.009644 0.011475 -0.014160 -0.291626
0.027222 -0.388794 1.004517 -0.011475 0.008057 -0.296753
0.017334 -0.385620 0.990845 -0.023315 0.024902 -0.303955
-0.002930 -0.408813 0.969849 -0.033936 0.043579 -0.307129
-0.024414 -0.417603 0.951538 -0.025513 0.053223 -0.305786
-0.032593 -0.427246 0.951904 -0.025269 0.057007 -0.296265
-0.037598 -0.438354 0.948120 -0.024536 0.057251 -0.278931
-0.042603 -0.436035 0.952393 -0.031616 0.045288 -0.264526
-0.042358 -0.440308 0.942017 -0.031128 0.034058 -0.250854
-0.043701 -0.443481 0.940430 -0.026001 0.029419 -0.244385
-0.048706 -0.445435 0.937500 -0.019043 0.039429 -0.242676
-0.054199 -0.444458 0.947388 0.054077 0.074097 -0.252441
-0.063965 -0.440918 0.928467 0.100098 0.081299 -0.258057
-0.071899 -0.442627 0.930054 0.091553 0.067749 -0.255737
