-0.096069 -0.531250 0.942627 -0.181274 -0.232422 -0.069092
-0.084839 -0.516968 0.961792 -0.176270 -0.233032 -0.041626
-0.092163 -0.503540 0.984131 -0.198486 -0.210938 -0.010376
-0.084351 -0.494629 0.955933 -0.237915 -0.183594 0.019287
-0.076416 -0.481689 0.972412 -0.246094 -0.160278 0.051025
-0.059814 -0.464722 0.970459 -0.247192 -0.152100 0.048950
-0.064453 -0.476929 0.986328 -0.229614 -0.148438 0.029541
-0.066162 -0.485229 0.993042 -0.165405 -0.156372 -0.004639
-0.073364 -0.475586 0.992432 -0.084473 -0.178223 -0.025024
-0.067383 -0.476196 0.999146 -0.020874 -0.206543 -0.031494
-0.047852 -0.449707 1.019043 0.006348 -0.222656 -0.020142
-0.027588 -0.403809 1.035767 0.002319 -0.214233 0.013184
-0.001709 -0.364990 1.060059 -0.007080 -0.188354 0.043335
0.043579 -0.295288 1.109253 -0.029907 -0.150024 0.055786
0.045288 -0.302734 1.116943 -0.082153 -0.097290 0.060791
0.054810 -0.304932 1.114746 -0.118530 -0.057983 0.051514
0.035034 -0.323364 1.107666 -0.136719 -0.042236 0.025024
0.028564 -0.329712 1.075317 -0.106201 -0.051636 -0.007446
0.036377 -0.331299 1.081543 -0.041016 -0.070801 -0.044800
0.067749 -0.314209 1.113770 0.017334 -0.097412 -0.088867
0.093018 -0.295166 1.107178 0.049805 -0.093262 -0.118408
0.098511 -0.295898 1.101196 0.081543 -0.083740 -0.134888
0.099731 -0.302002 1.089478 0.101929 -0.076172 -0.154419
0.131470 -0.290039 1.105103 0.114624 -0.063110 -0.187378
0.141479 -0.300171 1.121704 0.121460 -0.027588 -0.224854
0.168701 -0.242676 1.075684 0.190552 0.012817 -0.269775
0.151367 -0.270264 1.064697 0.187134 0.050903 -0.324463
0.133545 -0.289551 1.035034 0.120483 0.066406 -0.372681
0.109253 -0.332397 0.999268 0.100586 0.080444 -0.412109
0.090820 -0.365234 0.974976 0.054932 0.082886 -0.446411
0.066528 -0.382690 0.955078 0.038086 0.075806 -0.468872
0.057617 -0.405762 0.941284 0.027588 0.070801 -0.471069
0.066284 -0.416992 0.942749 0.032837 0.061035 -0.464600
0.084351 -0.424194 0.968506 0.055664 0.058594 -0.464966
0.089600 -0.409180 0.947266 0.106445 0.065674 -0.475464
0.084351 -0.396851 0.936157 0.157104 0.073730 -0.486938
0.088745 -0.404419 0.945679 0.171997 0.074951 -0.488403
0.078125 -0.414429 0.944580 0.160156 0.080688 -0.484985
0.071533 -0.426270 0.931763 0.145264 0.095947 -0.459839
0.064819 -0.444214 0.930664 0.107544 0.119385 -0.416992
0.054810 -0.453979 0.921631 0.034546 0.133545 -0.372070
0.055176 -0.446411 0.924194 -0.034424 0.140015 -0.335083
0.053101 -0.434326 0.917480 -0.081299 0.142456 -0.312378
0.049194 -0.423462 0.909668 -0.098877 0.128540 -0.315552
0.042603 -0.427490 0.903076 -0.093628 0.111450 -0.337769
0.026001 -0.450073 0.896973 -0.078003 0.096924 -0.360840
0.010254 -0.438599 0.885498 -0.053345 0.093140 -0.370239
-0.007935 -0.453491 0.883423 -0.030273 0.097656 -0.367798
-0.007813 -0.446655 0.879272 -0.023315 0.096069 -0.361328
-0.005493 -0.438477 0.896973 -0.032471 0.089600 -0.341675
-0.015015 -0.441162 0.903687 -0.059692 0.087524 -0.317993
-0.022217 -0.443604 0.907837 -0.080444 0.094604 -0.295166
-0.036865 -0.442017 0.897095 -0.105957 0.099731 -0.276489
-0.054443 -0.450073 0.888062 -0.139648 0.101685 -0.262085
-0.065308 -0.455688 0.895752 -0.176758 0.092285 -0.251343
-0.080200 -0.473511 0.907104 -0.218872 0.074219 -0.232666
-0.101440 -0.498535 0.912964 -0.259399 0.056763 -0.202515
-0.100098 -0.491333 0.933228 -0.270996 0.047974 -0.163940
-0.091187 -0.495361 0.957153 -0.274048 0.045654 -0.122314
-0.094238 -0.483276 0.959595 -0.253540 0.040161 -0.105835
-0.104980 -0.478149 0.943359 -0.213745 0.032715 -0.101807
-0.122314 -0.476563 0.923584 -0.170288 0.019165 -0.104736
-0.136719 -0.468750 0.913940 -0.131348 -0.007568 -0.102295
-0.139771 -0.466187 0.920898 -0.105835 -0.039185 -0.099243
-0.140869 -0.467773 0.930054 -0.106567 -0.062744 -0.098389
-0.137573 -0.458984 0.946411 -0.116943 -0.078491 -0.106812
-0.150635 -0.481689 0.954590 -0.147217 -0.100830 -0.112671
-0.154785 -0.500244 0.975952 -0.161621 -0.122559 -0.108276
-0.154785 -0.505249 0.974976 -0.185303 -0.136963 -0.087769
-0.146606 -0.476563 1.018188 -0.192871 -0.147339 -0.051392
-0.130981 -0.493408 1.025635 -0.208374 -0.135620 0.002930
-0.125977 -0.494263 1.027588 -0.203247 -0.128784 0.037842
-0.133667 -0.483887 1.003906 -0.169312 -0.133179 0.057861
-0.141235 -0.481812 1.002808 -0.111450 -0.141113 0.068970
-0.134155 -0.469604 1.007446 -0.066040 -0.157349 0.084229
-0.110474 -0.458374 1.043823 -0.034912 -0.162231 0.110474
-0.088623 -0.449097 1.077148 -0.042847 -0.145020 0.148438
-0.084473 -0.441895 1.075317 -0.096680 -0.112549 0.191650
-0.047241 -0.443237 1.137329 -0.130737 -0.089722 0.227539
-0.056030 -0.430298 1.113525 -0.133911 -0.076050 0.240967
-0.067139 -0.439941 1.091797 -0.101929 -0.037476 0.240112
-0.052979 -0.399658 1.062744 -0.062012 -0.056519 0.231689
-0.048950 -0.403687 1.057129 -0.049072 -0.052246 0.221802
-0.037598 -0.401123 1.048706 -0.016968 -0.042480 0.210693
-0.028198 -0.399170 1.063110 -0.000488 -0.033447 0.206787
-0.047974 -0.388672 0.982788 0.040161 -0.005005 0.208862
-0.084106 -0.441895 0.968140 -0.015259 0.014160 0.231812
-0.049316 -0.427246 1.001221 0.082275 0.006470 0.243896
-0.017578 -0.399170 1.014526 0.125366 0.004883 0.260986
-0.023804 -0.388916 0.990967 0.115234 0.020386 0.271606
-0.011475 -0.370361 1.018677 0.098999 0.025513 0.275635
-0.006714 -0.361694 0.993896 0.065186 -0.001587 0.281006
-0.016479 -0.361816 1.019897 0.013062 -0.014282 0.276001
-0.005981 -0.356201 1.013184 0.009277 -0.022827 0.277832
0.004028 -0.348755 0.998047 0.002319 -0.006958 0.281494
0.007690 -0.347900 0.994629 0.005371 0.013184 0.281860
0.016846 -0.338501 0.992065 0.007324 0.024780 0.283691
0.025757 -0.329468 0.995605 -0.007080 0.024292 0.280518
0.030151 -0.317017 0.988403 -0.000244 0.020508 0.268311
0.028442 -0.326172 0.981689 0.015869 0.016113 0.265381
0.033325 -0.326050 0.981323 0.019653 0.014404 0.264038
0.041504 -0.317139 0.984863 0.020630 0.024536 0.268799
0.060181 -0.307007 0.982910 0.035278 0.037598 0.270874
0.071899 -0.297729 0.979126 0.030640 0.039063 0.258667
0.082397 -0.284302 0.976318 0.017456 0.030029 0.235840
0.088989 -0.277466 0.978027 0.008179 0.021240 0.206909
0.093872 -0.280396 0.972900 0.007690 0.014526 0.173462
0.100342 -0.293091 0.978027 0.021973 0.006714 0.137085
0.095337 -0.304321 0.980835 0.033447 -0.000244 0.102783
0.106689 -0.298340 0.987793 0.047119 -0.007690 0.075439
0.122559 -0.285889 0.981689 0.059937 -0.014648 0.050171
0.129028 -0.288208 0.982178 0.065918 -0.019531 0.025757
0.124268 -0.302856 0.977661 0.067627 -0.020020 0.005981
0.126221 -0.309814 0.972046 0.065063 -0.024414 -0.007080
0.136108 -0.302856 0.969238 0.054688 -0.026001 -0.016235
0.152588 -0.289795 0.971069 0.030640 -0.023315 -0.027710
0.160889 -0.286255 0.977905 0.009155 -0.016846 -0.048340
0.164063 -0.277222 0.975098 -0.000732 -0.015991 -0.077637
0.162842 -0.287720 0.970703 -0.002686 -0.021729 -0.110840
0.157959 -0.289917 0.967163 -0.009033 -0.031250 -0.143311
0.146118 -0.313721 0.966187 -0.024780 -0.033203 -0.166626
0.140137 -0.322144 0.964111 -0.045044 -0.030029 -0.180054
0.145264 -0.316772 0.967041 -0.058105 -0.022217 -0.194214
0.147095 -0.320801 0.970215 -0.067505 -0.007446 -0.213379
0.127319 -0.346802 0.967285 -0.085693 0.004517 -0.238281
0.110352 -0.365356 0.949707 -0.062500 0.015381 -0.262695
0.100220 -0.377075 0.943115 -0.019653 0.017822 -0.280640
0.097778 -0.375854 0.952148 0.004150 0.015259 -0.294678
0.080322 -0.385620 0.946533 0.004639 0.021484 -0.298828
0.076416 -0.392700 0.948975 -0.010132 0.025269 -0.295532
0.072021 -0.398926 0.961792 -0.038818 0.030273 -0.291382
0.062012 -0.401978 0.966309 -0.071777 0.032959 -0.290527
0.054810 -0.412354 0.968994 -0.090820 0.041016 -0.295654
0.044556 -0.417358 0.956421 -0.077393 0.053467 -0.310059
0.025635 -0.423584 0.947144 -0.053223 0.058594 -0.324463
0.008179 -0.439087 0.947266 -0.052979 0.052002 -0.327271
-0.005493 -0.450684 0.936890 -0.053223 0.050415 -0.320679
-0.016846 -0.455688 0.933350 -0.058228 0.047119 -0.309937
-0.037354 -0.462158 0.920288 -0.062500 0.039673 -0.300049
-0.041626 -0.463501 0.922852 -0.048706 0.031982 -0.293213
-0.034180 -0.460083 0.940552 -0.040771 0.028320 -0.283569
-0.032715 -0.458496 0.957520 -0.045898 0.031738 -0.275024
-0.042114 -0.450562 0.946045 -0.049072 0.040649 -0.265991
-0.041382 -0.447754 0.944458 -0.057373 0.043579 -0.254150
-0.034302 -0.454224 0.966553 -0.104004 0.048218 -0.243164
-0.032959 -0.460327 0.979980 -0.106445 0.089722 -0.236206
-0.027954 -0.441040 0.980347 -0.086914 0.133911 -0.234131
-0.052612 -0.464966 0.963623 -0.151855 0.158081 -0.222778
-0.075806 -0.488403 0.971313 -0.216675 0.180664 -0.206543
-0.108765 -0.532104 0.940674 -0.267334 0.206909 -0.180176
