0.072510 -0.255737 1.024536 0.019409 -0.067017 0.008057
0.081909 -0.250610 1.030029 0.003052 -0.074463 0.020508
0.089111 -0.241943 1.032227 -0.010498 -0.074951 0.033813
0.087402 -0.229858 1.041504 -0.013428 -0.068359 0.041260
0.088745 -0.237183 1.037842 -0.013062 -0.060425 0.041870
0.082764 -0.237549 1.031860 -0.015625 -0.059937 0.041748
0.084717 -0.243896 1.023926 -0.013184 -0.064087 0.037842
0.099609 -0.221802 1.021606 0.002563 -0.072754 0.033569
0.111084 -0.211182 1.032593 0.020508 -0.075562 0.034058
0.124634 -0.194946 1.041870 0.030518 -0.080933 0.030762
0.140991 -0.183838 1.048218 0.037842 -0.082153 0.023926
0.158203 -0.170288 1.065674 0.040039 -0.082397 0.017456
0.168823 -0.166138 1.072754 0.011841 -0.075317 0.006592
0.180908 -0.167969 1.075928 -0.008911 -0.063354 -0.003906
0.190552 -0.173584 1.076416 -0.010132 -0.052124 -0.017090
0.185547 -0.161987 1.082153 -0.016357 -0.049805 -0.034302
0.197144 -0.153687 1.068604 -0.012573 -0.044189 -0.049072
0.198853 -0.124756 1.042603 -0.009033 -0.045288 -0.079468
0.202637 -0.072632 1.007324 -0.022583 -0.087280 -0.141846
0.212891 -0.016724 0.961060 -0.057739 -0.148804 -0.238403
0.260620 -0.036743 1.010376 -0.049438 -0.198120 -0.329956
0.289185 -0.094849 1.071899 -0.044312 -0.199951 -0.410767
0.311279 -0.139282 1.106079 -0.042969 -0.131592 -0.439331
0.294312 -0.157593 1.061768 -0.107910 -0.043457 -0.432251
0.273315 -0.186157 1.023071 -0.179321 0.035400 -0.404175
0.254517 -0.190186 0.972290 -0.210083 0.088013 -0.368774
0.243164 -0.202515 0.952271 -0.230957 0.102417 -0.335449
0.228027 -0.215820 0.921875 -0.240112 0.095337 -0.308594
0.195435 -0.242798 0.870728 -0.216309 0.057495 -0.305054
0.197998 -0.271851 0.868652 -0.136353 -0.013428 -0.321533
0.242798 -0.292358 0.954102 -0.027100 -0.089966 -0.351807
0.283691 -0.297485 1.021606 0.064453 -0.120117 -0.374634
0.303833 -0.266724 1.056274 0.094849 -0.096558 -0.377075
0.303467 -0.253784 1.060059 0.043335 -0.040771 -0.368164
0.284302 -0.272583 1.032593 -0.033081 0.024536 -0.347168
0.250366 -0.305420 0.984131 -0.115723 0.068237 -0.327393
0.224243 -0.336792 0.951416 -0.158203 0.078857 -0.321777
0.219727 -0.385498 0.940186 -0.205566 0.078735 -0.316772
0.195923 -0.391113 0.953613 -0.206177 0.104858 -0.307373
0.206299 -0.411377 0.982910 -0.115479 0.123169 -0.280029
0.207153 -0.426270 1.001099 -0.107422 0.095581 -0.255249
0.196289 -0.409180 1.003296 -0.209106 0.101318 -0.216187
0.174927 -0.402100 0.989624 -0.296997 0.143555 -0.175537
0.131714 -0.395630 0.941162 -0.337646 0.175903 -0.147949
0.086182 -0.405029 0.886719 -0.307861 0.184570 -0.144653
0.042114 -0.431519 0.850098 -0.244019 0.151489 -0.157837
0.035889 -0.454590 0.866943 -0.150757 0.078247 -0.177246
0.048462 -0.453003 0.897583 -0.054443 0.003540 -0.187012
0.074219 -0.453247 0.959351 -0.014526 -0.030151 -0.174316
0.081421 -0.438965 1.024048 0.017944 -0.034302 -0.147461
0.116089 -0.356812 1.044189 0.154053 -0.119385 -0.127563
0.140503 -0.346069 1.039307 0.120239 -0.222046 -0.094971
0.122559 -0.327271 1.009888 0.008423 -0.165405 -0.080811
0.094727 -0.321777 0.966797 -0.022583 -0.068359 -0.074341
0.078613 -0.328857 0.986938 -0.072388 -0.023682 -0.068481
0.072388 -0.314697 0.984619 -0.158081 0.005249 -0.078735
0.095093 -0.323120 1.012329 -0.046143 -0.003784 -0.090942
0.102295 -0.316162 1.042480 -0.000488 -0.024170 -0.099609
0.117554 -0.316772 1.054321 -0.012451 -0.028809 -0.099854
0.120483 -0.316895 1.055054 -0.031982 -0.015625 -0.093262
0.109253 -0.316528 1.046509 -0.079468 0.006958 -0.076538
0.095947 -0.325317 1.026855 -0.098022 0.030029 -0.055176
0.079956 -0.307617 1.006104 -0.070190 0.051758 -0.057007
0.059204 -0.329102 0.991089 -0.004761 0.059937 -0.076172
0.042847 -0.355347 0.984497 -0.010010 0.020142 -0.075195
0.028931 -0.376587 0.976563 -0.049683 -0.017090 -0.055420
0.025146 -0.377197 0.964844 -0.028809 -0.029175 -0.031616
0.026123 -0.361084 0.970093 -0.011963 -0.054199 -0.002930
0.051392 -0.360962 0.988525 -0.021973 -0.077271 0.022583
0.064819 -0.341064 1.006348 -0.020996 -0.074829 0.036621
0.067749 -0.350708 1.023926 -0.037842 -0.066772 0.047119
0.065186 -0.368408 1.043213 -0.051880 -0.065552 0.057617
0.065796 -0.358643 1.038330 -0.027710 -0.069458 0.068970
0.089478 -0.334839 1.078613 0.005249 -0.080566 0.080322
0.093018 -0.316406 1.080200 0.018677 -0.075684 0.095093
0.093262 -0.305176 1.071289 0.024536 -0.061401 0.116943
0.107910 -0.296753 1.071289 0.019165 -0.056519 0.133545
0.114380 -0.282104 1.066528 0.010010 -0.048950 0.145630
0.121582 -0.267334 1.083618 -0.004883 -0.039063 0.159180
0.117188 -0.263550 1.073853 -0.027588 -0.024780 0.168213
0.112671 -0.247925 1.063477 -0.030640 -0.017334 0.166504
0.098511 -0.256348 1.041382 -0.030762 -0.023315 0.160767
0.096313 -0.252441 1.030029 -0.016602 -0.043823 0.150635
0.104126 -0.232178 1.042236 0.014404 -0.056763 0.146729
0.115479 -0.235962 1.035156 0.022217 -0.064331 0.148926
0.115723 -0.249756 1.032104 0.006104 -0.045288 0.159546
0.110840 -0.260620 1.021484 -0.020142 -0.025757 0.182251
0.099731 -0.260864 0.986084 -0.052368 -0.018921 0.205078
0.093750 -0.263062 0.972046 -0.066528 -0.034912 0.214722
0.109619 -0.260498 0.991577 -0.044922 -0.059570 0.211670
0.130859 -0.247192 1.012085 -0.018799 -0.074707 0.207886
0.145142 -0.226563 1.034546 0.002930 -0.083130 0.201782
0.144165 -0.230469 1.040405 0.018677 -0.083862 0.195801
0.153442 -0.219971 1.055908 0.022217 -0.083618 0.189209
0.172485 -0.213623 1.071167 0.022827 -0.075073 0.182861
0.182373 -0.213257 1.072754 0.024658 -0.057739 0.176514
0.179443 -0.225952 1.083252 0.005249 -0.040161 0.174316
0.171753 -0.229614 1.069092 -0.010376 -0.026123 0.181030
0.174072 -0.219238 1.066406 -0.013916 -0.030029 0.182373
0.172119 -0.215698 1.070557 -0.012451 -0.018188 0.179443
0.165039 -0.209106 1.037964 -0.018433 -0.004028 0.177734
0.149292 -0.213013 1.001465 -0.015259 0.003418 0.181274
0.149658 -0.213623 0.988403 -0.008667 -0.008179 0.171021
0.161987 -0.212646 1.003784 0.003540 -0.023682 0.149780
0.166260 -0.216553 1.010010 0.002197 -0.031250 0.137329
0.172241 -0.219238 1.011963 -0.000488 -0.031006 0.132080
0.184082 -0.225952 1.009644 -0.006470 -0.036377 0.126221
0.199341 -0.228394 1.022217 -0.002808 -0.035400 0.122559
0.197632 -0.240112 1.005127 -0.005493 -0.025391 0.125977
0.194702 -0.241333 0.993774 -0.003906 -0.011475 0.134033
0.197754 -0.245239 0.983765 -0.011230 -0.009277 0.144287
0.201294 -0.235962 0.980103 -0.013062 -0.018555 0.146851
0.211548 -0.233154 0.987793 -0.011597 -0.032715 0.139038
0.216675 -0.224854 0.984009 -0.012451 -0.041748 0.129395
0.224976 -0.217651 0.984863 -0.006348 -0.045898 0.121826
0.239380 -0.221191 0.998413 -0.001343 -0.046753 0.109253
0.236816 -0.223511 0.987061 0.008911 -0.042358 0.089233
0.234985 -0.222656 0.980835 0.018555 -0.046875 0.068237
0.240234 -0.218018 0.977051 0.022095 -0.064087 0.046753
0.252563 -0.207397 0.980713 0.017334 -0.081665 0.026978
0.266235 -0.204956 0.997314 0.009033 -0.086792 0.013794
0.286255 -0.199585 1.010986 0.001465 -0.081421 0.003662
0.287476 -0.193481 1.013550 -0.014893 -0.062622 -0.001587
0.276367 -0.209717 1.001099 -0.030396 -0.041016 -0.005371
0.265991 -0.211670 0.987915 -0.042114 -0.031494 -0.012573
0.267334 -0.217773 0.979370 -0.047607 -0.026611 -0.026733
0.265625 -0.222534 0.982178 -0.046997 -0.027832 -0.047607
0.256592 -0.227417 0.980713 -0.041016 -0.026855 -0.061401
0.248901 -0.226440 0.966675 -0.031494 -0.026123 -0.068481
0.242798 -0.227905 0.982544 -0.009155 -0.029419 -0.080322
0.246216 -0.238770 0.992676 -0.004761 -0.035400 -0.102417
0.246460 -0.238892 1.002319 -0.013306 -0.032471 -0.109009
0.234619 -0.257690 0.999023 -0.017944 -0.015747 -0.106201
0.227661 -0.265015 1.010132 -0.008423 -0.005615 -0.105957
0.231445 -0.274780 1.020264 -0.028442 -0.004517 -0.107422
0.236206 -0.269043 1.029663 -0.044800 -0.001831 -0.114258
0.238525 -0.264038 1.045654 -0.031982 0.006958 -0.129639
0.236450 -0.269409 1.049927 -0.020630 0.012817 -0.149658
0.238647 -0.281616 1.048218 -0.021362 0.018799 -0.165161
0.240112 -0.276978 1.043823 -0.022949 0.022217 -0.177490
0.239624 -0.269165 1.049683 -0.013428 0.029419 -0.184082
0.238525 -0.266113 1.058350 -0.006348 0.040771 -0.185669
0.224365 -0.276733 1.049927 -0.024536 0.053467 -0.184570
0.208374 -0.286133 1.026245 -0.031494 0.060303 -0.184082
0.200317 -0.276733 1.020752 -0.015259 0.056885 -0.185547
0.196289 -0.269531 1.013184 -0.015137 0.047974 -0.187012
0.196777 -0.259888 1.015503 -0.003296 0.044312 -0.187012
0.193726 -0.261108 1.020874 -0.012939 0.040771 -0.191162
0.193970 -0.256104 1.013794 -0.023804 0.042236 -0.204102
0.182739 -0.266357 1.000366 -0.031982 0.045044 -0.212524
