0.057983 -0.156128 1.077881 -0.051514 -0.112183 -0.025879
0.079834 -0.164307 1.117065 -0.040649 -0.094604 -0.028198
0.095703 -0.147339 1.123047 -0.060303 -0.077271 -0.030884
0.101929 -0.133789 1.119751 -0.076538 -0.065430 -0.041382
0.115356 -0.115356 1.116943 -0.062744 -0.064453 -0.057739
0.135132 -0.105957 1.128662 -0.046875 -0.067139 -0.072510
0.152100 -0.085571 1.111938 -0.091919 -0.070679 -0.078613
0.157471 -0.083252 1.095947 -0.145264 -0.058228 -0.083862
0.169312 -0.058594 1.080322 -0.142090 -0.030151 -0.093750
0.168945 -0.064941 1.052124 -0.128296 -0.003784 -0.104004
0.183350 -0.070923 1.050049 -0.121704 0.008423 -0.120850
0.197510 -0.089355 1.065308 -0.094482 0.024048 -0.143311
0.205444 -0.086060 1.049561 -0.052856 0.035156 -0.165039
0.231445 -0.100464 1.052124 -0.046997 0.046387 -0.183472
0.235107 -0.125366 1.064941 -0.072876 0.063965 -0.219727
0.216309 -0.162231 1.032593 -0.082886 0.075073 -0.259644
0.191895 -0.202637 1.005005 -0.084595 0.068481 -0.291504
0.178833 -0.250610 1.000854 -0.074951 0.055786 -0.302246
0.181030 -0.276611 1.006958 -0.072632 0.050049 -0.301758
0.175659 -0.312744 1.005981 -0.082886 0.049805 -0.296387
0.140991 -0.359741 0.978638 -0.108887 0.046753 -0.283813
0.101196 -0.397217 0.918823 -0.107666 0.029541 -0.281128
0.059448 -0.474731 0.943237 -0.058716 -0.002930 -0.321899
0.068115 -0.456787 0.956909 -0.007202 -0.066772 -0.341187
0.065186 -0.411987 0.980225 0.048950 -0.106201 -0.348877
0.121582 -0.373413 1.067749 0.117432 -0.083496 -0.337891
0.139771 -0.317139 1.066406 0.053955 0.014282 -0.302490
0.114868 -0.315796 1.022949 -0.054688 0.141235 -0.226929
0.075684 -0.301392 0.973389 -0.205200 0.216309 -0.160522
0.035034 -0.305664 0.921143 -0.300415 0.245483 -0.111084
-0.009277 -0.328003 0.887451 -0.330322 0.233521 -0.093994
-0.037476 -0.328613 0.857788 -0.296753 0.185059 -0.106934
-0.063354 -0.328979 0.846558 -0.225708 0.119507 -0.137939
-0.075684 -0.314697 0.846558 -0.133179 0.037231 -0.179199
-0.075195 -0.314209 0.865234 -0.050903 -0.041992 -0.215332
-0.075317 -0.313477 0.891357 -0.009888 -0.107544 -0.239258
-0.084229 -0.317627 0.898315 -0.011963 -0.154419 -0.249756
-0.098389 -0.314575 0.906494 -0.044434 -0.188110 -0.244141
-0.105103 -0.322510 0.896606 -0.019897 -0.159912 -0.227539
-0.116333 -0.324097 0.890015 -0.055664 -0.152100 -0.201660
-0.118652 -0.322266 0.897217 -0.126953 -0.166870 -0.181274
-0.105835 -0.353149 0.921631 -0.194702 -0.182617 -0.160767
-0.081543 -0.371582 0.987183 -0.252319 -0.173950 -0.136963
-0.061157 -0.393066 1.002686 -0.259521 -0.139282 -0.111084
-0.072632 -0.412109 0.988525 -0.230713 -0.091309 -0.085938
-0.081665 -0.423584 0.986938 -0.210693 -0.068115 -0.061768
-0.092529 -0.434814 0.990479 -0.206787 -0.064697 -0.035767
-0.095459 -0.450317 0.999146 -0.184570 -0.069458 -0.010254
-0.089478 -0.440918 1.006958 -0.140747 -0.082520 0.013672
-0.084717 -0.428711 1.014038 -0.103516 -0.099976 0.036743
-0.057861 -0.378784 1.004639 -0.113403 -0.128296 0.056885
-0.050293 -0.380127 1.037109 -0.123413 -0.127319 0.069214
-0.025879 -0.369995 1.049194 -0.065063 -0.114502 0.091187
-0.007690 -0.363892 1.080566 -0.038574 -0.094116 0.101807
-0.012329 -0.389526 1.095581 -0.048462 -0.049805 0.108032
-0.030396 -0.398804 1.074707 -0.045044 -0.014893 0.122314
-0.044189 -0.410645 1.063110 -0.032593 -0.002075 0.135986
-0.055908 -0.430664 1.066895 -0.046997 -0.004761 0.149048
-0.054321 -0.430298 1.081543 -0.028809 -0.012085 0.175903
-0.054810 -0.418213 1.070190 0.006470 -0.011841 0.215210
-0.057739 -0.391479 1.037354 0.048584 -0.002319 0.255737
-0.056641 -0.373535 1.016357 0.067017 -0.003052 0.276978
-0.038330 -0.347168 1.030396 0.083740 -0.006348 0.280884
-0.033569 -0.315918 1.030273 0.091797 0.006348 0.276733
-0.036499 -0.314575 1.030029 0.088135 0.020874 0.274536
-0.013916 -0.275024 1.052612 0.060547 0.016479 0.272461
-0.021973 -0.303833 1.063232 0.052979 0.037598 0.288574
-0.026855 -0.318970 1.086792 0.090820 0.060303 0.312378
0.011719 -0.276978 1.070923 0.134399 0.077026 0.345703
0.025757 -0.238037 1.079590 0.102539 0.087036 0.362183
0.031372 -0.198853 1.046631 0.048584 0.100708 0.363037
0.032837 -0.178955 1.022705 0.008911 0.086792 0.339233
0.028809 -0.194214 1.022461 -0.002441 0.049683 0.297852
0.032959 -0.213501 1.046021 0.026123 0.009766 0.257935
0.051514 -0.220337 1.062622 0.081543 -0.024536 0.229980
0.079468 -0.207153 1.074097 0.112915 -0.049438 0.218018
0.098267 -0.202515 1.083862 0.115112 -0.050171 0.218506
0.126221 -0.169312 1.080444 0.121582 -0.029785 0.224121
0.136108 -0.176758 1.076050 0.092285 0.013794 0.232910
0.146484 -0.165405 1.064697 0.042969 0.052002 0.239868
0.139771 -0.174194 1.055908 -0.000488 0.086304 0.250122
0.140625 -0.169189 1.038330 -0.032593 0.111450 0.256470
0.135986 -0.171387 1.014526 -0.046387 0.112549 0.251465
0.134155 -0.179932 0.996582 -0.049438 0.097412 0.233765
0.142944 -0.175781 1.002563 -0.011719 0.073242 0.209473
0.157104 -0.172119 1.007690 0.031372 0.046265 0.176147
0.159668 -0.163818 1.004272 0.081421 0.015259 0.140259
0.164429 -0.154419 0.995605 0.123657 -0.010864 0.106934
0.172607 -0.147827 1.002686 0.142456 -0.028442 0.082642
0.203125 -0.127930 1.019287 0.153198 -0.036133 0.070313
0.209595 -0.111450 1.010010 0.127808 -0.028320 0.053833
0.207031 -0.095947 0.995361 0.100830 -0.017944 0.027466
0.209839 -0.094238 0.994995 0.067139 -0.015015 -0.003174
0.202271 -0.112305 1.000854 0.026733 -0.009399 -0.029053
0.180908 -0.132202 0.977905 -0.008911 -0.007446 -0.049927
0.157837 -0.147339 0.949341 -0.041260 -0.021973 -0.066040
0.151123 -0.169434 0.943726 -0.048462 -0.048706 -0.083374
0.156860 -0.164429 0.950317 -0.037842 -0.088379 -0.105103
0.177368 -0.157227 0.976929 -0.019653 -0.123047 -0.129883
0.193848 -0.151245 0.998535 -0.015625 -0.143433 -0.165039
0.192749 -0.154541 0.994629 0.000122 -0.142456 -0.208984
0.193970 -0.168213 1.013306 0.022583 -0.137695 -0.251343
0.195923 -0.193115 1.036377 0.010742 -0.125366 -0.273315
0.194458 -0.204956 1.049194 -0.023682 -0.094604 -0.279663
0.181396 -0.234009 1.037598 -0.071899 -0.056030 -0.271851
0.158081 -0.256958 1.021240 -0.119385 -0.032837 -0.267944
0.129517 -0.284058 1.016235 -0.139038 -0.024536 -0.267456
0.118408 -0.296875 1.010864 -0.124634 -0.030762 -0.270874
0.100586 -0.311157 1.002563 -0.101807 -0.036621 -0.276611
0.090576 -0.302979 0.999390 -0.067627 -0.045898 -0.278809
0.090576 -0.287109 0.996460 -0.049072 -0.058960 -0.286865
0.083496 -0.274536 0.999146 -0.049683 -0.063599 -0.299561
0.073730 -0.270264 0.994019 -0.054565 -0.065918 -0.309937
0.053345 -0.291260 0.993652 -0.080078 -0.039795 -0.307983
0.047119 -0.276001 0.975708 -0.104004 -0.024414 -0.289307
0.024170 -0.304199 0.971191 -0.152832 -0.012451 -0.264160
0.018066 -0.303711 0.976563 -0.132935 -0.000732 -0.243652
-0.002930 -0.331055 0.978882 -0.144043 -0.011597 -0.225464
-0.001099 -0.334839 0.979248 -0.142578 -0.005005 -0.216064
-0.000122 -0.336304 0.994873 -0.119873 -0.002563 -0.216431
-0.012085 -0.357178 1.011597 -0.139648 -0.006470 -0.209839
-0.016357 -0.348145 0.999512 -0.123169 0.004517 -0.204468
-0.018921 -0.331177 0.987427 -0.082031 0.004639 -0.199097
-0.029663 -0.331787 0.988159 -0.091919 -0.012573 -0.185913
-0.028809 -0.323120 0.989136 -0.110229 -0.012573 -0.174316
-0.012451 -0.309937 0.999756 -0.096802 -0.012207 -0.163208
-0.015015 -0.314697 1.008911 -0.126709 -0.012817 -0.156616
-0.021118 -0.305908 1.002319 -0.127930 -0.012329 -0.161133
-0.031494 -0.312256 1.000854 -0.107910 -0.018555 -0.169312
-0.053711 -0.345459 0.996094 -0.134033 -0.029907 -0.166870
-0.068481 -0.357910 0.981445 -0.133423 -0.040283 -0.148926
-0.062012 -0.369751 0.985962 -0.122192 -0.041138 -0.116211
-0.054565 -0.374634 1.004028 -0.150269 -0.047241 -0.093994
-0.059204 -0.377808 0.999023 -0.142700 -0.051514 -0.078369
-0.065308 -0.377808 1.003052 -0.130615 -0.054077 -0.066895
-0.062622 -0.370850 1.007813 -0.118530 -0.047607 -0.051270
-0.053589 -0.355591 1.008301 -0.109131 -0.039063 -0.035034
-0.059814 -0.366821 1.012939 -0.119629 -0.035889 -0.020386
-0.058228 -0.363403 1.030029 -0.125366 -0.039185 -0.013428
-0.051758 -0.362549 1.038574 -0.118896 -0.044189 -0.008911
-0.042725 -0.354492 1.056885 -0.094971 -0.047119 0.001099
-0.032227 -0.348267 1.067871 -0.089355 -0.045776 0.019653
-0.014893 -0.324951 1.086548 -0.090698 -0.037476 0.033569
-0.020264 -0.317261 1.066772 -0.095947 -0.018433 0.041260
-0.042358 -0.329834 1.041260 -0.098022 -0.006958 0.046021
-0.057373 -0.335327 1.012695 -0.082520 -0.001221 0.054077
-0.065186 -0.336304 0.996338 -0.072021 0.002563 0.070435
-0.072632 -0.338501 0.991943 -0.060059 0.006470 0.086060
-0.082886 -0.341064 0.989746 -0.062500 0.009155 0.101807
-0.084351 -0.343506 0.995972 -0.070068 0.014282 0.121582
