0.085449 -0.204956 1.088135 -0.023682 -0.040894 -0.053223
0.086060 -0.206055 1.078735 -0.030273 -0.031982 -0.065918
0.082153 -0.213501 1.062256 -0.029663 -0.025024 -0.076904
0.085083 -0.216431 1.060547 -0.030396 -0.027100 -0.088623
0.093750 -0.215698 1.062500 -0.029175 -0.026245 -0.099609
0.100098 -0.216431 1.049561 -0.027588 -0.009766 -0.108521
0.111450 -0.209839 1.030151 -0.011475 0.006226 -0.124634
0.135132 -0.200684 1.025757 -0.012817 0.007324 -0.150635
0.150879 -0.192017 1.026123 -0.030273 0.004150 -0.184692
0.166992 -0.176880 1.017578 -0.021606 0.003662 -0.228516
0.162842 -0.185303 0.994507 0.005249 0.004639 -0.283203
0.166626 -0.190918 0.978394 0.018188 -0.004150 -0.340576
0.154175 -0.217163 0.963257 -0.000122 -0.006470 -0.384888
0.114380 -0.282471 0.931396 -0.022827 0.001587 -0.409180
0.071289 -0.339722 0.896851 -0.030151 0.008301 -0.402344
0.048218 -0.372803 0.875366 -0.020020 0.010376 -0.369629
0.057617 -0.383179 0.888184 -0.034546 0.001831 -0.325562
0.082764 -0.368530 0.934692 -0.066040 -0.001465 -0.293701
0.096069 -0.359009 0.947388 -0.092163 -0.002197 -0.283325
0.102295 -0.339111 0.950806 -0.110352 -0.005859 -0.287720
0.094727 -0.354614 0.968506 -0.103882 -0.010254 -0.289795
0.121094 -0.336182 1.022949 -0.085815 -0.018921 -0.307739
0.131592 -0.331299 1.046021 -0.074463 -0.001709 -0.326660
0.106812 -0.337646 1.033325 -0.085327 0.027588 -0.340576
0.080688 -0.366577 1.011353 -0.126465 0.045288 -0.344849
0.047363 -0.399414 0.993408 -0.162231 0.043335 -0.330200
0.021484 -0.433228 0.992554 -0.158447 0.039063 -0.307373
0.006104 -0.439453 0.977661 -0.131592 0.031616 -0.277954
-0.010376 -0.456299 0.980469 -0.103882 0.030273 -0.250854
0.009644 -0.439941 0.995239 -0.077881 0.028076 -0.233887
0.005859 -0.427490 0.999023 -0.082397 0.032715 -0.230347
-0.021606 -0.435425 0.963501 -0.089233 0.038452 -0.227173
-0.046631 -0.443115 0.949707 -0.097778 0.029175 -0.219604
-0.056885 -0.448364 0.957397 -0.102417 0.016846 -0.198486
-0.061890 -0.447266 0.957153 -0.093018 0.008301 -0.167725
-0.073975 -0.438599 0.945801 -0.079346 -0.004150 -0.140015
-0.082031 -0.432617 0.937378 -0.063232 -0.024048 -0.120483
-0.080200 -0.416138 0.938599 -0.047241 -0.050171 -0.107056
-0.074097 -0.397827 0.948486 -0.043213 -0.073242 -0.094971
-0.069824 -0.392090 0.952393 -0.051758 -0.094238 -0.084839
-0.067261 -0.395874 0.972656 -0.076416 -0.114380 -0.077271
-0.059692 -0.408447 0.997681 -0.098389 -0.134888 -0.071533
-0.059937 -0.415039 1.029663 -0.077637 -0.136719 -0.075928
-0.088745 -0.448486 1.015381 -0.055908 -0.140991 -0.076782
-0.103638 -0.456909 1.009521 -0.014893 -0.166016 -0.072876
-0.114746 -0.437012 0.994629 0.062744 -0.209717 -0.060913
-0.091797 -0.386963 1.007813 0.136963 -0.246338 -0.048218
-0.062866 -0.319092 1.002075 0.167847 -0.260864 -0.035522
-0.050537 -0.321533 1.042480 0.136475 -0.250854 -0.021973
-0.048706 -0.334229 1.074097 0.112671 -0.224854 0.012085
-0.038696 -0.338989 1.070557 0.120239 -0.177368 0.059692
-0.037598 -0.328613 1.062988 0.082764 -0.125000 0.098999
-0.051025 -0.323364 1.039795 0.033325 -0.081543 0.135986
-0.040161 -0.306030 1.040283 0.010254 -0.057861 0.164795
-0.047974 -0.317383 1.052124 -0.045532 -0.048706 0.180054
-0.055786 -0.314209 1.032349 -0.008911 -0.034424 0.195679
-0.052856 -0.307617 1.023438 0.050781 -0.022705 0.203857
-0.061523 -0.306885 1.014648 0.054443 -0.016724 0.209229
-0.062744 -0.304077 1.001099 0.063232 -0.010132 0.216431
-0.045410 -0.285645 1.006714 0.057739 -0.005249 0.219116
-0.031982 -0.269165 1.000000 0.031494 0.011841 0.224976
-0.025391 -0.257202 1.000366 -0.015625 0.038452 0.232300
-0.012085 -0.275146 1.008423 -0.096558 0.068237 0.248535
-0.013428 -0.267578 0.994019 -0.166260 0.100342 0.268555
-0.021240 -0.272461 0.976929 -0.199219 0.124878 0.279297
-0.037964 -0.290649 0.959229 -0.224854 0.133179 0.283447
-0.036377 -0.296631 0.948486 -0.252930 0.130249 0.292969
-0.023438 -0.292236 0.957764 -0.279907 0.119385 0.295044
-0.026978 -0.304321 0.953003 -0.268433 0.108032 0.288330
-0.015747 -0.342407 0.990234 -0.217041 0.083740 0.276245
-0.011108 -0.365967 1.028442 -0.155029 0.055298 0.264648
0.015747 -0.352783 1.065063 -0.075439 0.032471 0.267212
0.054932 -0.312134 1.091309 -0.026367 0.025879 0.283691
0.080444 -0.268311 1.094238 -0.012817 0.033691 0.305420
0.099243 -0.244141 1.088013 -0.028198 0.046997 0.322266
0.125977 -0.220947 1.098633 -0.060913 0.052979 0.324097
0.149414 -0.216553 1.120605 -0.088989 0.057495 0.312622
0.149414 -0.234497 1.123047 -0.090820 0.065552 0.293945
0.131470 -0.249878 1.097656 -0.067383 0.063843 0.270874
0.120239 -0.267578 1.072021 -0.031250 0.051636 0.257080
0.120728 -0.260986 1.052612 -0.005249 0.041748 0.248535
0.140625 -0.233276 1.043457 0.029053 0.025513 0.235229
0.167480 -0.205200 1.038574 0.045166 0.014282 0.214233
0.183228 -0.195435 1.053467 0.036987 0.015137 0.189453
0.182251 -0.200806 1.039795 0.030396 0.013794 0.171021
0.178833 -0.197144 1.013550 0.020142 0.018311 0.150146
0.177002 -0.206299 1.005737 0.017578 0.016602 0.126465
0.186890 -0.206665 0.997925 0.020996 0.010254 0.105225
0.186523 -0.213989 0.996948 0.011963 0.003540 0.081787
0.185669 -0.223022 0.988403 0.012085 -0.003418 0.055176
0.171631 -0.234619 0.972534 0.021606 -0.014404 0.020752
0.171509 -0.240356 0.956909 0.051270 -0.039917 -0.020508
0.175537 -0.242554 0.963745 0.088257 -0.066406 -0.061279
0.191284 -0.218262 0.971924 0.105347 -0.081787 -0.088745
0.206543 -0.201538 0.986206 0.081421 -0.078857 -0.105469
0.207153 -0.205688 0.987793 0.028809 -0.060181 -0.123657
0.194092 -0.224731 0.985962 -0.021484 -0.032593 -0.142944
0.182617 -0.248657 0.992188 -0.060425 -0.011719 -0.162109
0.162109 -0.267090 0.979736 -0.067017 -0.003174 -0.181274
0.151245 -0.286865 0.976074 -0.062500 -0.007324 -0.201050
0.143311 -0.299072 0.981323 -0.045654 -0.016602 -0.220825
0.140015 -0.299194 0.978760 -0.021240 -0.022217 -0.237671
0.124878 -0.306030 0.978271 -0.014038 -0.030884 -0.252808
0.117554 -0.297607 0.973877 -0.016602 -0.038086 -0.262573
0.110718 -0.302246 0.981201 -0.032837 -0.039673 -0.263672
0.111938 -0.289795 0.983276 -0.057861 -0.035278 -0.260132
0.119873 -0.289307 0.999756 -0.092651 -0.020020 -0.259521
0.108154 -0.297119 1.001831 -0.132935 0.006714 -0.267334
0.078491 -0.322510 0.977295 -0.141113 0.019531 -0.277344
0.058472 -0.345215 0.969116 -0.140381 0.026123 -0.289307
0.033325 -0.357544 0.956177 -0.125122 0.016357 -0.296143
0.031128 -0.356689 0.965454 -0.094360 -0.000488 -0.303955
0.023926 -0.364502 0.964233 -0.053833 -0.016724 -0.313721
0.017212 -0.366333 0.962036 -0.018433 -0.033081 -0.319702
0.020142 -0.360718 0.976807 0.000610 -0.049805 -0.314575
0.019287 -0.363037 0.979980 -0.013184 -0.041504 -0.294189
0.016724 -0.368042 0.984375 -0.062012 -0.023438 -0.270386
0.014282 -0.371216 0.995361 -0.104248 -0.007935 -0.252930
0.005981 -0.371948 0.988037 -0.129639 0.006958 -0.245728
-0.000366 -0.374878 0.970825 -0.122681 0.017456 -0.238159
-0.027466 -0.400635 0.970703 -0.112549 0.015625 -0.230957
-0.038574 -0.421387 0.977783 -0.095215 0.002319 -0.228149
-0.052124 -0.435425 0.992920 -0.077881 -0.012695 -0.223389
-0.051025 -0.434937 1.000244 -0.075684 -0.036743 -0.209961
-0.056274 -0.417114 1.000610 -0.071045 -0.053101 -0.196655
-0.060547 -0.425049 0.992310 -0.055908 -0.039429 -0.189697
-0.076538 -0.448730 1.000366 -0.082520 -0.040283 -0.177734
-0.096069 -0.460083 0.992432 -0.095947 -0.048340 -0.152222
-0.110474 -0.479004 0.989258 -0.110962 -0.048706 -0.120728
-0.112671 -0.472412 0.981323 -0.098022 -0.045898 -0.096802
-0.104492 -0.446533 0.975830 -0.058960 -0.048950 -0.086792
-0.103882 -0.435181 0.980103 -0.023926 -0.057007 -0.086670
-0.098999 -0.432373 0.996094 -0.004028 -0.059570 -0.081543
-0.107910 -0.448242 0.994995 -0.018555 -0.052124 -0.064209
-0.118530 -0.441895 0.981567 -0.042603 -0.039063 -0.035156
-0.117554 -0.436890 0.975586 -0.059326 -0.032349 -0.005493
-0.113525 -0.428589 0.981201 -0.074707 -0.033081 0.018677
-0.111328 -0.421753 0.966919 -0.075562 -0.032593 0.042969
-0.098511 -0.400513 0.971191 -0.074341 -0.030273 0.065552
-0.095215 -0.396240 0.957153 -0.088745 -0.026245 0.087158
-0.091064 -0.393311 0.951294 -0.096680 -0.020264 0.101929
-0.087036 -0.400513 0.962891 -0.092285 -0.023193 0.104004
-0.090698 -0.408447 0.970947 -0.075562 -0.031738 0.104858
-0.081665 -0.408569 0.989258 -0.059692 -0.042236 0.112793
-0.070679 -0.392944 1.000977 -0.053711 -0.046143 0.128784
-0.062012 -0.374268 1.000977 -0.055298 -0.041748 0.150513
-0.055054 -0.360107 1.010986 -0.057739 -0.034180 0.168945
-0.054443 -0.356445 1.025635 -0.071777 -0.018921 0.184204
-0.048218 -0.351196 1.028687 -0.094727 0.004883 0.200317
-0.066162 -0.362305 1.013062 -0.104492 0.028076 0.208496
