0.003418 -0.325684 1.074951 -0.185303 -0.180908 0.057373
0.000000 -0.346191 1.099731 -0.213867 -0.177979 0.061523
0.020386 -0.340820 1.136841 -0.199097 -0.177734 0.059692
0.014648 -0.349487 1.133789 -0.181763 -0.179688 0.060425
0.006104 -0.373535 1.126343 -0.149048 -0.183350 0.052002
0.003662 -0.381836 1.119507 -0.088745 -0.196411 0.038940
0.014038 -0.397705 1.139893 -0.056152 -0.208618 0.043091
0.038452 -0.363770 1.145996 -0.043091 -0.196655 0.060181
0.046997 -0.337036 1.125488 -0.048950 -0.167603 0.076904
0.063477 -0.320435 1.119141 -0.053955 -0.146851 0.075928
0.089111 -0.305908 1.134644 -0.066650 -0.128296 0.065186
0.096436 -0.320190 1.142822 -0.081909 -0.109253 0.048462
0.100830 -0.335571 1.137451 -0.063599 -0.092285 0.026001
0.109009 -0.350098 1.145996 -0.046021 -0.079956 0.003174
0.112183 -0.369507 1.141479 -0.034790 -0.066650 -0.009155
0.119873 -0.372314 1.131836 -0.014160 -0.056030 -0.015137
0.125122 -0.354858 1.105957 -0.008057 -0.045410 -0.022827
0.117432 -0.370483 1.079712 -0.022461 -0.035400 -0.035034
0.132935 -0.353149 1.079346 -0.024780 -0.026611 -0.043213
0.120483 -0.350220 1.059814 -0.045044 -0.015259 -0.048340
0.121948 -0.332275 1.033569 -0.027832 -0.004272 -0.055176
0.129395 -0.308350 1.025757 0.023926 0.010498 -0.074341
0.149170 -0.283569 1.028809 0.047485 0.008667 -0.104248
0.160156 -0.268311 1.036743 0.007202 0.007324 -0.143677
0.163696 -0.257446 1.031250 0.045898 0.022339 -0.186035
0.169312 -0.254028 1.033569 0.072266 0.032715 -0.227417
0.166016 -0.265259 1.028931 0.061890 0.052246 -0.259277
0.153076 -0.292358 1.016968 0.048340 0.077148 -0.279541
0.122070 -0.338623 0.999268 0.022339 0.098877 -0.290039
0.094604 -0.367554 0.966187 0.021973 0.110352 -0.291870
0.080811 -0.374878 0.945068 0.022583 0.093140 -0.288696
0.062988 -0.401489 0.941406 0.016235 0.072144 -0.282471
0.068237 -0.392212 0.924316 0.009399 0.057617 -0.278931
0.058716 -0.414551 0.932129 -0.027466 0.034668 -0.281738
0.057007 -0.428467 0.938354 -0.014404 0.013916 -0.288940
0.067749 -0.423950 0.954956 -0.008423 -0.001831 -0.296387
0.081421 -0.421997 0.987915 -0.017456 0.001831 -0.301758
0.096313 -0.406006 1.004272 -0.038330 0.031738 -0.300415
0.073608 -0.428345 0.987549 -0.083130 0.078247 -0.288940
0.041626 -0.436890 0.961304 -0.122314 0.121826 -0.274780
0.006958 -0.462402 0.947021 -0.131958 0.123657 -0.242676
-0.001099 -0.461060 0.948853 -0.100342 0.164307 -0.216064
-0.006836 -0.438599 0.918213 -0.044556 0.181763 -0.213501
-0.019775 -0.431396 0.904907 0.058350 0.165161 -0.230713
-0.037720 -0.446289 0.905273 0.081055 0.144531 -0.249756
-0.052856 -0.456665 0.916260 0.069092 0.122559 -0.256592
-0.048950 -0.437622 0.925903 0.075806 0.115112 -0.241943
-0.059692 -0.416748 0.929688 0.016602 0.118164 -0.221313
-0.093506 -0.414063 0.897217 -0.044800 0.119873 -0.193115
-0.119507 -0.422363 0.892334 -0.090454 0.102539 -0.171753
-0.141113 -0.426392 0.889404 -0.096802 0.092896 -0.153564
-0.156128 -0.414307 0.872070 -0.084961 0.084717 -0.135010
-0.178101 -0.432495 0.849976 -0.080200 0.058350 -0.117188
-0.198730 -0.448853 0.848755 -0.079102 0.008789 -0.105347
-0.209473 -0.467041 0.861572 -0.061401 -0.033447 -0.091675
-0.184326 -0.454712 0.882568 -0.002686 -0.059326 -0.081909
-0.164063 -0.426270 0.905396 -0.002441 -0.081665 -0.074707
-0.159546 -0.411865 0.918579 -0.027222 -0.090698 -0.064575
-0.148438 -0.417236 0.945557 -0.066772 -0.089111 -0.046631
-0.136597 -0.409180 0.963501 -0.097412 -0.081543 -0.025879
-0.129395 -0.403076 0.977539 -0.083130 -0.074829 -0.011475
-0.121582 -0.404175 0.984741 -0.057007 -0.071533 -0.003540
-0.100220 -0.386475 1.015015 -0.040527 -0.073853 -0.003418
-0.094727 -0.382202 1.031250 -0.035400 -0.070313 -0.001343
-0.093628 -0.392578 1.040771 -0.045288 -0.062256 0.003784
-0.094238 -0.402954 1.051758 -0.054077 -0.052368 0.012329
-0.098022 -0.401245 1.045410 -0.050415 -0.037476 0.022461
-0.105225 -0.401123 1.036865 -0.046875 -0.021362 0.029907
-0.116333 -0.411865 1.027954 -0.043213 -0.005127 0.034424
-0.130249 -0.424072 1.019653 -0.038086 0.012329 0.040527
-0.143799 -0.430542 1.002197 -0.048950 0.029419 0.053589
-0.167480 -0.433594 0.958374 -0.041748 0.038208 0.072266
-0.163452 -0.420410 0.936890 -0.015991 0.029175 0.090698
-0.146606 -0.401367 0.948120 -0.003540 0.010986 0.099854
-0.137207 -0.392700 0.956787 0.002319 0.001465 0.101196
-0.138184 -0.397217 0.962769 0.018433 -0.012207 0.100464
-0.120605 -0.394531 0.989380 0.042236 -0.027344 0.101563
-0.106323 -0.383911 1.019043 0.022827 -0.027344 0.114014
-0.105347 -0.380859 1.030884 -0.006592 -0.006104 0.145020
-0.109619 -0.377197 1.017700 -0.032227 0.020142 0.184570
-0.120117 -0.384766 1.004150 -0.066406 0.036865 0.225464
-0.121094 -0.389404 0.991089 -0.090576 0.033447 0.257324
-0.094360 -0.368896 1.015869 -0.091919 0.019043 0.275024
-0.066406 -0.345581 1.039063 -0.082031 0.015747 0.278809
-0.056519 -0.331543 1.038818 -0.054199 0.020020 0.270508
-0.052002 -0.337524 1.045410 -0.029541 0.021606 0.248413
-0.054565 -0.378784 1.061035 -0.017456 0.020996 0.232056
-0.053345 -0.390869 1.061523 0.002075 0.019409 0.234741
-0.051270 -0.394165 1.056396 0.017944 0.020142 0.251587
-0.031860 -0.369019 1.053467 0.019165 0.026611 0.280640
-0.020996 -0.335693 1.025146 -0.004150 0.042480 0.312744
-0.014160 -0.305786 0.989868 -0.042114 0.057617 0.338257
-0.004272 -0.298096 0.983765 -0.071289 0.061157 0.345703
0.000610 -0.308960 0.987549 -0.070923 0.052490 0.334717
0.002197 -0.314941 0.979614 -0.049072 0.039307 0.317871
0.005981 -0.310913 0.989380 -0.029663 0.020996 0.302246
0.018311 -0.298462 0.995605 -0.011230 0.003052 0.284180
0.038208 -0.289429 1.016602 0.003540 -0.011475 0.264282
0.052490 -0.274780 1.019287 0.014404 -0.022095 0.242920
0.055298 -0.263184 0.992065 0.022705 -0.022461 0.229858
0.053711 -0.249146 0.986206 0.026489 -0.027832 0.219849
0.071289 -0.235107 0.992432 0.020142 -0.034058 0.211060
0.083618 -0.227539 0.995850 0.012207 -0.037109 0.201904
0.092285 -0.234741 0.998413 -0.007568 -0.040405 0.189209
0.102905 -0.225830 1.004150 -0.006592 -0.053955 0.168823
0.114746 -0.219116 1.002441 0.015747 -0.068970 0.134277
0.125732 -0.214233 1.019165 0.034058 -0.078979 0.094727
0.136963 -0.206909 1.029175 0.050171 -0.080933 0.053589
0.142334 -0.204712 1.031860 0.067383 -0.072876 0.014404
0.143433 -0.197266 1.016602 0.055542 -0.064819 -0.015869
0.130371 -0.210938 1.002686 0.024414 -0.054199 -0.032715
0.128296 -0.218750 1.002197 0.003540 -0.042358 -0.044312
0.127563 -0.221680 0.987793 -0.019653 -0.033569 -0.052734
0.134033 -0.229370 0.990601 -0.046509 -0.023193 -0.070923
0.123779 -0.255127 0.984009 -0.067261 -0.012085 -0.096191
0.107544 -0.277100 0.960693 -0.047485 -0.007935 -0.129395
0.104980 -0.268311 0.954590 0.000244 -0.023071 -0.169678
0.093140 -0.280396 0.958740 0.025513 -0.046875 -0.207275
0.092041 -0.268188 0.961060 0.032593 -0.065186 -0.233521
0.090942 -0.272583 0.968628 0.014771 -0.067261 -0.244995
0.074219 -0.288330 0.973511 -0.025024 -0.057495 -0.249390
0.076904 -0.298950 0.990845 -0.067993 -0.045166 -0.253296
0.069336 -0.323242 1.001099 -0.103394 -0.027466 -0.267578
0.037964 -0.362549 0.991455 -0.124878 -0.009033 -0.287231
-0.002808 -0.400513 0.984009 -0.122314 -0.000488 -0.301147
-0.023315 -0.428101 0.975708 -0.110229 -0.004761 -0.297241
-0.033691 -0.423096 0.984009 -0.100342 -0.016113 -0.286499
-0.046265 -0.419556 0.979736 -0.090454 -0.018677 -0.276855
-0.054443 -0.422363 0.977173 -0.071655 -0.029785 -0.273682
-0.058838 -0.406616 0.969360 -0.045776 -0.039917 -0.273560
-0.049805 -0.390015 0.985107 -0.041626 -0.050537 -0.271118
-0.041382 -0.378784 0.994507 -0.052368 -0.033813 -0.263916
-0.055176 -0.386230 0.989014 -0.082764 -0.013550 -0.254517
-0.064941 -0.386719 0.977783 -0.102661 0.007568 -0.249268
-0.069702 -0.401855 0.977905 -0.108032 0.011475 -0.245117
-0.069946 -0.402588 0.978027 -0.099365 0.013306 -0.242798
-0.063232 -0.395142 0.987061 -0.087769 0.011475 -0.238647
-0.059570 -0.391235 0.990601 -0.094604 0.019897 -0.227905
-0.067993 -0.392090 0.982178 -0.092773 0.034546 -0.215942
-0.081299 -0.405640 0.973633 -0.094238 0.032593 -0.206787
-0.087646 -0.416748 0.982300 -0.052002 0.036377 -0.206055
-0.081177 -0.392822 0.973145 -0.003784 0.028076 -0.202393
-0.077759 -0.400757 0.986206 0.012695 0.034302 -0.203247
-0.073364 -0.396362 1.001953 0.025269 0.050903 -0.206055
-0.114380 -0.439697 0.984009 -0.019043 0.061768 -0.202759
-0.153076 -0.474976 0.956787 -0.053101 0.056030 -0.187866
-0.162598 -0.466553 0.955200 -0.052979 0.023560 -0.170166
-0.151123 -0.459351 0.954102 -0.016357 0.005249 -0.149536
-0.146606 -0.462158 0.969604 -0.032837 -0.011108 -0.127930
-0.145996 -0.465942 0.974365 -0.058228 -0.022461 -0.104370
