-0.014771 -0.242676 1.070068 -0.161865 -0.098755 0.054443
0.003418 -0.234619 1.067749 -0.167236 -0.095703 0.058105
0.013916 -0.228882 1.068481 -0.177246 -0.091553 0.041138
0.001343 -0.257813 1.064087 -0.183350 -0.091553 0.020996
0.001099 -0.289429 1.080444 -0.203125 -0.085571 0.011963
-0.013306 -0.337280 1.094849 -0.242310 -0.085938 0.014404
-0.022583 -0.360107 1.087158 -0.232910 -0.095093 0.020996
-0.020508 -0.373047 1.085327 -0.212524 -0.120361 0.027222
-0.013428 -0.374878 1.091675 -0.178223 -0.150391 0.027222
0.004272 -0.369507 1.101318 -0.129395 -0.178589 0.021851
0.040283 -0.348755 1.125977 -0.088135 -0.197754 0.006470
0.062500 -0.344238 1.147827 -0.062866 -0.199219 -0.023926
0.076416 -0.326660 1.140259 -0.029175 -0.180298 -0.052002
0.072998 -0.323364 1.125854 -0.017944 -0.163330 -0.073853
0.069214 -0.334595 1.109985 -0.000488 -0.149780 -0.091309
0.074341 -0.320679 1.095703 0.010864 -0.141846 -0.094971
0.074829 -0.331177 1.078613 0.020508 -0.124512 -0.087769
0.092285 -0.306763 1.056885 0.060913 -0.098267 -0.086670
0.110962 -0.305664 1.061890 0.054565 -0.087036 -0.093750
0.115967 -0.298340 1.048828 0.023071 -0.070801 -0.109741
0.121948 -0.317017 1.040039 0.018799 -0.035522 -0.124512
0.117065 -0.328003 1.028076 0.014282 -0.002075 -0.139526
0.113647 -0.321167 0.993164 0.007202 0.027100 -0.151367
0.099731 -0.309570 0.947754 0.001465 0.032104 -0.172607
0.095703 -0.304932 0.940430 0.009155 0.012817 -0.213867
0.091797 -0.325806 0.951172 0.036255 -0.011841 -0.265625
0.095093 -0.343872 0.962524 0.077881 -0.026978 -0.308716
0.110596 -0.327637 0.977905 0.112183 -0.022217 -0.332886
0.106567 -0.347900 0.976074 0.089722 -0.004028 -0.336548
0.094360 -0.358276 0.959595 0.029175 0.011475 -0.327515
0.081909 -0.380371 0.952515 -0.023682 0.030640 -0.314087
0.059937 -0.416992 0.951050 -0.067139 0.051880 -0.297363
0.037720 -0.435181 0.930298 -0.081543 0.062744 -0.278442
0.023804 -0.438232 0.936157 -0.093018 0.062988 -0.259033
0.006348 -0.443604 0.917358 -0.101196 0.067139 -0.237183
-0.016479 -0.456909 0.903931 -0.105347 0.059082 -0.224854
-0.027222 -0.455933 0.898438 -0.085571 0.030762 -0.221924
-0.014282 -0.439087 0.937744 -0.061279 0.002686 -0.217529
-0.010376 -0.424927 0.945190 -0.040894 0.010132 -0.204834
0.002808 -0.405273 0.937012 -0.022095 0.056030 -0.198730
-0.001709 -0.391846 0.934082 0.001221 0.074951 -0.197021
-0.004028 -0.380127 0.934570 0.006104 0.094971 -0.200439
-0.017944 -0.379883 0.934082 -0.020142 0.098877 -0.197021
-0.022339 -0.380005 0.933228 -0.029297 0.091553 -0.187256
-0.026611 -0.373901 0.934814 -0.059326 0.074951 -0.177124
-0.041626 -0.374878 0.935669 -0.107422 0.058838 -0.166382
-0.053223 -0.379761 0.939819 -0.132690 0.042236 -0.156494
-0.064087 -0.389404 0.957031 -0.143066 0.033813 -0.150024
-0.076050 -0.404053 0.960938 -0.123657 0.033203 -0.147583
-0.085815 -0.419434 0.966797 -0.095947 0.027466 -0.142822
-0.092773 -0.426758 0.989624 -0.113892 0.019165 -0.122070
-0.098511 -0.420410 0.991821 -0.150391 0.026978 -0.087524
-0.114136 -0.419067 0.985962 -0.186646 0.039917 -0.059204
-0.126953 -0.403198 0.959717 -0.182373 0.046509 -0.044312
-0.142700 -0.405762 0.939087 -0.176514 0.031738 -0.041748
-0.152588 -0.407227 0.921753 -0.144653 0.002686 -0.054810
-0.153198 -0.410278 0.923462 -0.086792 -0.029053 -0.073975
-0.149658 -0.431763 0.951050 -0.064209 -0.059937 -0.086548
-0.135498 -0.432007 0.983643 -0.058228 -0.077148 -0.088135
-0.117676 -0.426147 0.997803 -0.050781 -0.077271 -0.083374
-0.114258 -0.439453 1.018311 -0.064575 -0.067749 -0.075684
-0.120972 -0.465454 1.044800 -0.096191 -0.049072 -0.065308
-0.138794 -0.488403 1.049316 -0.120972 -0.026123 -0.040405
-0.168701 -0.513794 1.025024 -0.129272 -0.002686 0.000122
-0.173706 -0.508179 1.008301 -0.107788 0.002319 0.039063
-0.161743 -0.481323 1.025879 -0.069092 -0.014038 0.067749
-0.145996 -0.456543 1.036743 -0.032837 -0.032227 0.085083
-0.126831 -0.449951 1.062012 -0.002197 -0.035400 0.098511
-0.113281 -0.433472 1.068848 0.004272 -0.025635 0.112671
-0.117065 -0.429077 1.059448 -0.013184 0.001465 0.130005
-0.138794 -0.443115 1.037354 -0.037842 0.029541 0.150513
-0.148682 -0.442871 1.016113 -0.052856 0.042114 0.173950
-0.145630 -0.426880 1.006592 -0.042603 0.044434 0.191284
-0.152710 -0.429565 0.983887 -0.019897 0.040039 0.201050
-0.160645 -0.437744 0.969482 0.016113 0.021240 0.212769
-0.150391 -0.430542 0.977173 0.041382 -0.009033 0.229858
-0.132813 -0.406738 0.978638 0.052490 -0.030884 0.254395
-0.103271 -0.369873 0.984619 0.067505 -0.038330 0.278809
-0.079590 -0.340210 0.990601 0.065674 -0.037231 0.291016
-0.062256 -0.322998 1.004395 0.049683 -0.022339 0.297607
-0.053101 -0.313110 1.001221 0.018677 0.002319 0.303711
-0.052856 -0.307129 0.997437 -0.016602 0.030884 0.315063
-0.046631 -0.300537 0.985840 -0.046387 0.047974 0.325439
-0.044922 -0.294434 0.977173 -0.050415 0.049194 0.326904
-0.034668 -0.280029 0.975464 -0.043091 0.041748 0.321045
-0.017334 -0.274536 0.995117 -0.053223 0.032227 0.317627
0.005737 -0.266113 1.005249 -0.052856 0.028076 0.307495
0.014038 -0.251343 1.006714 -0.032715 0.031372 0.289063
0.016724 -0.244629 0.987549 -0.019165 0.033203 0.269287
0.024780 -0.234253 0.973511 -0.003906 0.025757 0.249634
0.039917 -0.230225 0.990234 -0.018188 0.003418 0.224976
0.045044 -0.263794 1.013306 -0.042114 -0.008179 0.207153
0.048828 -0.274414 1.021851 -0.052490 -0.008423 0.208618
0.046753 -0.285889 1.008545 -0.065186 -0.012207 0.220581
0.060425 -0.278931 1.000000 -0.067505 -0.022339 0.225220
0.084717 -0.266602 1.008057 -0.048462 -0.037109 0.214600
0.108398 -0.240112 1.009521 -0.033325 -0.051880 0.193970
0.126831 -0.229492 1.003296 -0.020996 -0.059570 0.162842
0.147095 -0.224609 1.009644 -0.001831 -0.064087 0.117432
0.148193 -0.238159 1.032349 0.000610 -0.061523 0.067017
0.150391 -0.250366 1.035522 0.005249 -0.054443 0.024292
0.149414 -0.248779 1.022217 0.004883 -0.040405 0.000000
0.137329 -0.270752 1.018799 -0.025146 -0.016602 -0.004150
0.117920 -0.299194 1.001221 -0.078125 0.001221 -0.001465
0.096191 -0.320679 0.976318 -0.105347 0.005493 0.001343
0.094238 -0.317139 0.966919 -0.099121 -0.010498 -0.003784
0.097534 -0.309937 0.963257 -0.084595 -0.032837 -0.016113
0.108765 -0.294312 0.967773 -0.071289 -0.048584 -0.033081
0.128296 -0.270874 0.978394 -0.067993 -0.048706 -0.057983
0.130493 -0.257446 0.972656 -0.096191 -0.040894 -0.091187
0.118408 -0.260254 0.956421 -0.130127 -0.025757 -0.130737
0.098511 -0.285767 0.952759 -0.150269 -0.010010 -0.168091
0.084595 -0.297485 0.937500 -0.176147 -0.002808 -0.187744
0.070435 -0.322510 0.926025 -0.210205 0.002197 -0.197266
0.065186 -0.334229 0.922363 -0.218994 -0.005981 -0.206543
0.067017 -0.347168 0.947632 -0.209351 -0.020996 -0.218994
0.070923 -0.375000 0.956299 -0.184937 -0.028076 -0.231079
0.070923 -0.384033 0.968384 -0.155273 -0.033569 -0.252563
0.052246 -0.400391 0.963623 -0.129028 -0.036255 -0.273804
0.031006 -0.420898 0.957642 -0.111084 -0.033325 -0.288574
0.019653 -0.430786 0.958252 -0.111084 -0.027222 -0.283447
0.016968 -0.461304 0.967651 -0.121582 -0.012329 -0.260864
0.007813 -0.469238 0.982300 -0.136353 0.006226 -0.248291
-0.006104 -0.490479 0.973999 -0.135254 0.021484 -0.241455
-0.026123 -0.496582 0.963745 -0.117676 0.015137 -0.243408
-0.026978 -0.494507 0.970459 -0.100464 -0.002808 -0.242676
-0.020142 -0.486816 0.997437 -0.089844 -0.019653 -0.240967
-0.012085 -0.469727 1.015015 -0.083130 -0.017334 -0.231934
-0.010254 -0.463257 1.007813 -0.088745 0.001221 -0.223755
-0.017212 -0.461914 1.009277 -0.091187 0.014160 -0.226440
-0.022339 -0.461060 1.006714 -0.081665 0.021240 -0.233032
-0.032959 -0.459473 0.998291 -0.078857 0.028076 -0.235107
-0.039917 -0.465332 0.994995 -0.078247 0.033813 -0.227295
-0.048218 -0.476929 1.007080 -0.076050 0.039551 -0.218994
-0.045166 -0.461670 1.000000 -0.057739 0.041748 -0.210449
-0.046143 -0.449219 0.992310 -0.068970 0.045288 -0.197266
-0.036133 -0.440430 0.996338 -0.071045 0.059204 -0.185181
-0.033691 -0.424072 0.979492 -0.067383 0.079102 -0.178955
-0.041382 -0.428223 0.955566 -0.080566 0.099731 -0.162231
-0.068481 -0.464233 0.938232 -0.070557 0.128174 -0.127075
-0.102051 -0.494385 0.924438 -0.043457 0.134033 -0.108032
-0.125854 -0.510010 0.916260 -0.037720 0.121582 -0.094360
-0.137085 -0.511719 0.934814 -0.030396 0.113159 -0.068604
-0.142456 -0.521973 0.930054 -0.044678 0.113647 -0.052856
-0.173096 -0.557495 0.911499 -0.075439 0.108276 -0.025513
-0.193970 -0.569824 0.901855 -0.066895 0.074707 -0.007690
-0.178467 -0.526733 0.895264 0.016724 0.039673 -0.010864
-0.160400 -0.496460 0.905151 0.054321 0.000244 -0.031128
-0.150879 -0.471802 0.888306 0.070313 -0.035278 -0.065308
-0.163086 -0.494507 0.915405 0.058960 -0.055054 -0.099976
