-0.057007 -0.441528 1.052246 -0.105591 -0.100342 -0.004272
-0.034058 -0.399536 1.061768 -0.067993 -0.118896 -0.012329
-0.020508 -0.359009 1.063721 -0.048950 -0.114624 -0.017334
-0.017822 -0.343140 1.063354 -0.077148 -0.091919 -0.015381
-0.024292 -0.338013 1.048584 -0.114746 -0.068726 -0.007568
-0.037964 -0.361938 1.031738 -0.134399 -0.057861 -0.000488
-0.036011 -0.350464 1.024536 -0.116455 -0.062988 0.001709
-0.036743 -0.349731 1.017944 -0.100464 -0.071411 0.009277
-0.028564 -0.360107 1.025757 -0.100830 -0.086426 0.012207
0.014038 -0.341797 1.066528 -0.082764 -0.094604 -0.000488
0.024414 -0.333496 1.071289 -0.084839 -0.091675 -0.023926
0.032959 -0.319580 1.068970 -0.061035 -0.084717 -0.057739
0.029663 -0.328369 1.067871 -0.045410 -0.088257 -0.092896
0.050293 -0.316162 1.079834 -0.027832 -0.090942 -0.115234
0.059204 -0.329102 1.090332 -0.039917 -0.076050 -0.121704
0.054688 -0.339111 1.068237 -0.067871 -0.055542 -0.121704
0.041870 -0.356812 1.050171 -0.075195 -0.043823 -0.124878
0.053223 -0.348022 1.037598 -0.014771 -0.039551 -0.139038
0.072998 -0.340088 1.039063 -0.004517 -0.062988 -0.162598
0.093994 -0.333740 1.051880 -0.021729 -0.070435 -0.189575
0.120605 -0.312256 1.047241 0.009399 -0.062134 -0.220581
0.151489 -0.300781 1.060181 0.036499 -0.052124 -0.262939
0.156494 -0.304321 1.056763 0.020752 -0.059814 -0.316406
0.138794 -0.300537 1.008423 0.038086 -0.074951 -0.387695
0.117432 -0.331177 0.965576 0.099365 -0.095825 -0.460327
0.090698 -0.373657 0.934570 0.185547 -0.132813 -0.525757
0.099243 -0.406982 0.964233 0.301758 -0.157471 -0.571045
0.131104 -0.430054 1.042969 0.325928 -0.128662 -0.561890
0.125122 -0.448853 1.027466 0.249756 -0.016479 -0.475830
0.070923 -0.475830 0.988159 0.067749 0.119995 -0.359985
0.006226 -0.521484 0.916870 -0.126953 0.213501 -0.249390
-0.008545 -0.524902 0.902222 -0.210327 0.232666 -0.189575
-0.014648 -0.547852 0.907227 -0.233521 0.208374 -0.169800
-0.018433 -0.552368 0.901733 -0.195923 0.167725 -0.183838
-0.019165 -0.548584 0.908691 -0.121826 0.114990 -0.220581
-0.026245 -0.528931 0.898682 -0.027344 0.055908 -0.262451
-0.027832 -0.508301 0.897949 0.055908 0.019043 -0.291992
-0.037231 -0.500854 0.914551 0.087036 0.007568 -0.295044
-0.042114 -0.492676 0.926514 0.079956 0.025269 -0.261597
-0.052124 -0.473389 0.916016 0.032715 0.055420 -0.207031
-0.075684 -0.469604 0.906494 -0.038818 0.084351 -0.159058
-0.090942 -0.471191 0.896362 -0.090210 0.096069 -0.123413
-0.087891 -0.464355 0.906372 -0.127563 0.095581 -0.103882
-0.097168 -0.457153 0.924561 -0.154053 0.093140 -0.106445
-0.134644 -0.470947 0.894775 -0.153076 0.095703 -0.111328
-0.170898 -0.488770 0.880127 -0.141846 0.082397 -0.108154
-0.187012 -0.478882 0.883545 -0.123779 0.056152 -0.093018
-0.181641 -0.448242 0.891235 -0.100098 0.034180 -0.070313
-0.164917 -0.414063 0.881348 -0.077148 0.017578 -0.058350
-0.159790 -0.397095 0.899780 -0.058350 0.012451 -0.064331
-0.160400 -0.412109 0.899902 -0.062134 0.017944 -0.071899
-0.158447 -0.431763 0.903931 -0.087036 0.026978 -0.066406
-0.168091 -0.443604 0.905884 -0.148071 0.040771 -0.049072
-0.184204 -0.439209 0.903564 -0.221436 0.049561 -0.030518
-0.201660 -0.468384 0.899902 -0.261719 0.044678 -0.012329
-0.208496 -0.488159 0.919067 -0.239990 0.025146 0.000122
-0.210327 -0.483643 0.925781 -0.180542 -0.009521 0.004639
-0.188965 -0.464478 0.942139 -0.101318 -0.045898 0.012817
-0.165161 -0.444214 0.958740 -0.052124 -0.066040 0.027588
-0.146729 -0.422607 0.968384 -0.033203 -0.072021 0.038452
-0.136108 -0.413086 0.969604 -0.035400 -0.062744 0.048096
-0.134766 -0.419800 0.961182 -0.060303 -0.048706 0.059082
-0.141846 -0.419434 0.958740 -0.092651 -0.036377 0.070801
-0.164063 -0.455811 0.948120 -0.112549 -0.026611 0.088989
-0.170532 -0.470825 0.942139 -0.106079 -0.032349 0.108276
-0.152588 -0.471191 0.974121 -0.093628 -0.047607 0.126099
-0.152344 -0.489624 0.982178 -0.081909 -0.056396 0.142944
-0.155640 -0.503174 0.972412 -0.058105 -0.063477 0.166748
-0.160034 -0.509521 0.970093 -0.039673 -0.073853 0.199585
-0.140259 -0.478394 0.970337 -0.012085 -0.090454 0.232056
-0.101196 -0.433594 0.986328 0.007813 -0.095703 0.255981
-0.085938 -0.408813 0.987183 -0.015015 -0.087646 0.264893
-0.077759 -0.398682 0.990112 -0.044067 -0.081787 0.263062
-0.075684 -0.415405 1.020630 -0.048340 -0.075195 0.252686
-0.068604 -0.410889 1.029419 -0.030396 -0.064819 0.254028
-0.064941 -0.404907 1.033325 -0.026489 -0.047485 0.263550
-0.051147 -0.389648 1.046509 -0.034180 -0.036377 0.275879
-0.040283 -0.359375 1.052979 -0.033081 -0.025146 0.279663
-0.031616 -0.343262 1.053711 -0.015869 -0.014893 0.273926
-0.029541 -0.340088 1.063965 0.022461 0.002319 0.257813
-0.021729 -0.306274 1.068848 0.063232 0.010864 0.247559
-0.018555 -0.313354 1.071289 0.074951 0.034912 0.242310
-0.014893 -0.327393 1.056030 0.081299 0.058105 0.249390
-0.007935 -0.310059 1.045288 0.075562 0.060547 0.253906
-0.006714 -0.322754 1.020630 0.040283 0.051758 0.258179
-0.013306 -0.332397 0.998657 0.018311 0.029541 0.260864
-0.007202 -0.333008 0.991089 0.030396 0.000000 0.259888
0.010010 -0.321411 0.986816 0.042480 -0.028564 0.255859
0.027832 -0.298218 0.980835 0.047363 -0.046753 0.247681
0.047363 -0.279541 0.979980 0.055298 -0.062988 0.229858
0.073608 -0.254395 0.992798 0.064697 -0.072876 0.196289
0.090454 -0.238770 1.003418 0.065063 -0.077881 0.150146
0.088257 -0.264160 1.008789 0.059692 -0.074341 0.103271
0.099731 -0.274902 1.009399 0.080566 -0.060181 0.067383
0.092529 -0.291138 0.990967 0.056274 -0.043457 0.053101
0.100098 -0.295166 0.984375 0.014648 -0.028931 0.050781
0.099731 -0.311768 0.986694 -0.036987 -0.010376 0.051147
0.087769 -0.340576 0.976563 -0.073975 0.006348 0.045166
0.078979 -0.365723 0.967773 -0.074219 0.000732 0.028198
0.081177 -0.364990 0.966797 -0.039063 -0.022217 0.002808
0.095947 -0.348633 0.969604 -0.002686 -0.049194 -0.030029
0.099609 -0.339355 0.957275 0.018921 -0.062134 -0.058716
0.103882 -0.342041 0.959229 0.035034 -0.072510 -0.087891
0.112427 -0.344604 0.978027 0.036743 -0.083618 -0.114258
0.121338 -0.336426 0.975708 0.024170 -0.075684 -0.130859
0.120850 -0.337891 0.987305 -0.014893 -0.058350 -0.139526
0.116089 -0.326416 0.974487 -0.045410 -0.038940 -0.143555
0.116333 -0.328857 0.971802 -0.064819 -0.026001 -0.155762
0.113037 -0.335571 0.972534 -0.079102 -0.015259 -0.176025
0.092896 -0.357910 0.960815 -0.078735 -0.000366 -0.199219
0.075439 -0.371216 0.949585 -0.054077 0.002075 -0.223267
0.070923 -0.377930 0.948853 -0.029541 -0.013672 -0.242676
0.070557 -0.376099 0.959473 -0.013306 -0.034058 -0.257080
0.066895 -0.376587 0.962891 -0.015137 -0.048218 -0.265747
0.056641 -0.396118 0.960083 -0.024414 -0.039795 -0.266602
0.056274 -0.394897 0.964722 -0.028442 -0.022705 -0.267334
0.053223 -0.408813 0.980835 -0.049438 0.001587 -0.270264
0.039063 -0.410889 0.979126 -0.069702 0.022339 -0.275024
0.018433 -0.425171 0.960693 -0.080566 0.035034 -0.281738
-0.010254 -0.450073 0.954468 -0.096191 0.031738 -0.288086
-0.026245 -0.451904 0.958252 -0.081055 0.024658 -0.288452
-0.039185 -0.465210 0.957886 -0.064453 0.013306 -0.280762
-0.041382 -0.444214 0.958740 -0.031128 0.010986 -0.275513
-0.038940 -0.424438 0.959839 -0.009399 0.006958 -0.270996
-0.044189 -0.400269 0.955688 -0.003296 0.005249 -0.268311
-0.050659 -0.390747 0.944702 -0.004761 0.000854 -0.272949
-0.048218 -0.397461 0.963379 0.007446 -0.003296 -0.280396
-0.061523 -0.414917 0.969360 0.002319 -0.004395 -0.282349
-0.079102 -0.419434 0.954834 0.005859 -0.000488 -0.275391
-0.082886 -0.425171 0.950195 -0.010498 -0.005737 -0.255371
-0.081299 -0.408936 0.943481 -0.011108 -0.007324 -0.228760
-0.084717 -0.417847 0.946289 -0.007935 -0.010864 -0.199829
-0.074219 -0.414063 0.948730 0.004150 -0.013794 -0.175537
-0.062988 -0.420776 0.964355 0.006592 -0.012085 -0.156738
-0.073242 -0.444580 0.973389 -0.026001 0.003296 -0.134277
-0.085449 -0.449341 0.982788 -0.072632 0.023560 -0.100708
-0.103394 -0.442383 0.958740 -0.115967 0.045654 -0.063110
-0.123047 -0.428833 0.932373 -0.144897 0.049194 -0.048584
-0.130859 -0.435669 0.923340 -0.145508 0.024658 -0.063232
-0.143799 -0.482788 0.949829 -0.140747 -0.012695 -0.093384
-0.130127 -0.488281 0.967651 -0.073242 -0.026367 -0.119873
-0.142944 -0.510620 0.972412 -0.037964 -0.035034 -0.130859
-0.141357 -0.523071 0.975830 -0.025391 -0.042969 -0.131104
-0.141846 -0.536621 0.992065 -0.035034 -0.041138 -0.114380
-0.143677 -0.554077 0.995117 -0.067017 -0.015503 -0.089478
-0.142090 -0.538574 0.981934 -0.071411 0.002197 -0.061401
-0.137085 -0.527588 0.985352 -0.070557 0.015381 -0.032104
-0.138306 -0.520508 0.978394 -0.084839 0.028931 -0.009766
-0.155029 -0.539307 0.959961 -0.101318 0.041992 0.011230
-0.182373 -0.563232 0.945801 -0.098877 0.043823 0.029663
