-0.000488 -0.448364 1.105225 -0.266113 -0.016479 0.064209
0.015625 -0.445190 1.124512 -0.262939 -0.028442 0.059814
0.044312 -0.417114 1.147583 -0.261841 -0.028076 0.052734
0.052124 -0.404785 1.149902 -0.275269 -0.015137 0.049438
0.042725 -0.409058 1.124390 -0.278809 0.003052 0.047485
0.033325 -0.410767 1.102173 -0.287842 0.004517 0.042725
0.017456 -0.424072 1.088257 -0.279419 0.000000 0.043701
0.020874 -0.402100 1.065430 -0.248169 -0.018555 0.043335
0.036621 -0.361328 1.044800 -0.233154 -0.038452 0.041992
0.044922 -0.359497 1.040771 -0.227661 -0.041138 0.042114
0.070679 -0.322998 1.044434 -0.217651 -0.045166 0.034180
0.080322 -0.341309 1.035400 -0.258179 -0.040649 0.024780
0.119263 -0.334839 1.053589 -0.221558 -0.025269 -0.012817
0.148682 -0.331787 1.090332 -0.162842 -0.021606 -0.095337
0.127930 -0.348633 1.067627 -0.089355 -0.014526 -0.202637
0.070679 -0.407837 1.000854 0.012329 -0.014526 -0.302124
0.039063 -0.445679 0.963501 0.108765 -0.047241 -0.371582
0.055786 -0.458374 0.985107 0.157959 -0.067993 -0.392334
0.063477 -0.476440 1.006836 0.141479 -0.052490 -0.369385
0.053101 -0.492432 0.998291 0.078979 -0.011841 -0.322388
0.030640 -0.493408 0.966309 0.015991 0.033691 -0.270874
0.025269 -0.493896 0.946045 -0.031982 0.062012 -0.224731
0.027466 -0.489746 0.924683 -0.067993 0.074097 -0.202637
0.015259 -0.487793 0.910278 -0.075073 0.081299 -0.207275
-0.006592 -0.513062 0.885376 -0.059448 0.088135 -0.224609
-0.019653 -0.532837 0.892456 -0.024780 0.099854 -0.243286
-0.035278 -0.536499 0.872070 0.018311 0.108765 -0.260376
-0.044678 -0.557861 0.872559 0.072266 0.103882 -0.267212
-0.044678 -0.541260 0.875366 0.099121 0.104004 -0.262817
-0.051636 -0.536377 0.865845 0.083862 0.109253 -0.245483
-0.060913 -0.524780 0.844604 0.046021 0.107300 -0.222290
-0.074707 -0.518555 0.842285 -0.011108 0.094971 -0.197754
-0.093628 -0.509766 0.822632 -0.045654 0.075073 -0.173340
-0.111816 -0.494019 0.801514 -0.053589 0.046021 -0.152588
-0.131592 -0.483398 0.790039 -0.044067 0.017456 -0.126831
-0.137329 -0.492188 0.791626 -0.001343 -0.015015 -0.092041
-0.155640 -0.500000 0.806519 0.043823 -0.055054 -0.063477
-0.146729 -0.499512 0.830688 0.070313 -0.112305 -0.054321
-0.115967 -0.486938 0.887573 0.067505 -0.151733 -0.057373
-0.083252 -0.459229 0.953125 0.041504 -0.144043 -0.053223
-0.079468 -0.446655 0.974243 -0.013428 -0.101318 -0.053955
-0.100464 -0.435425 0.957642 -0.068604 -0.054810 -0.057251
-0.129517 -0.443115 0.924316 -0.120605 -0.024658 -0.059937
-0.153442 -0.463257 0.891602 -0.153320 -0.016602 -0.059937
-0.170776 -0.495972 0.879272 -0.164429 -0.030640 -0.059814
-0.184326 -0.511963 0.875366 -0.122559 -0.050171 -0.070557
-0.179443 -0.508789 0.878052 -0.062622 -0.067505 -0.078613
-0.173340 -0.523193 0.898926 -0.046509 -0.095703 -0.070068
-0.159912 -0.538818 0.934937 -0.040894 -0.114502 -0.051025
-0.145386 -0.536621 0.963501 -0.031982 -0.123779 -0.038452
-0.142212 -0.532959 0.968384 -0.008789 -0.125854 -0.029663
-0.131470 -0.504761 0.993896 0.018677 -0.119629 -0.015503
-0.120728 -0.480469 0.991943 0.007080 -0.096558 0.010864
-0.127808 -0.489502 0.983154 -0.024902 -0.067749 0.041626
-0.124268 -0.475586 0.974609 -0.046631 -0.047485 0.061035
-0.126587 -0.463013 0.972412 -0.051636 -0.032593 0.064941
-0.134277 -0.463745 0.962402 -0.046021 -0.022461 0.056274
-0.144653 -0.478516 0.963135 -0.046631 -0.015869 0.044434
-0.165771 -0.516968 0.965210 -0.048584 -0.016479 0.040405
-0.183105 -0.539673 0.958252 -0.030273 -0.021484 0.058472
-0.184448 -0.541626 0.955444 -0.017944 -0.019531 0.098755
-0.183594 -0.524414 0.950195 -0.001099 -0.019043 0.146606
-0.167725 -0.485474 0.947510 0.025391 -0.016846 0.185791
-0.137451 -0.453247 0.973755 0.022095 -0.012573 0.206299
-0.119263 -0.434204 1.006470 0.001953 -0.004395 0.209229
-0.112305 -0.432251 1.030640 0.005737 0.011841 0.204468
-0.115601 -0.419312 1.026489 0.021729 0.029175 0.204346
-0.126099 -0.419189 1.009277 0.025391 0.049561 0.211304
-0.120605 -0.416260 1.014893 0.012451 0.061646 0.223267
-0.106934 -0.409546 1.036865 0.017212 0.071167 0.240967
-0.119751 -0.412109 0.999634 0.039795 0.081787 0.247070
-0.095337 -0.383667 0.979126 0.063721 0.071411 0.255493
-0.088379 -0.379028 0.957153 0.052979 0.047607 0.259766
-0.064575 -0.367676 0.963989 0.062378 0.020020 0.259521
-0.052246 -0.369507 0.986450 0.020752 0.004272 0.269043
-0.032593 -0.387207 1.014282 -0.033813 -0.006348 0.290039
0.002197 -0.359619 1.041748 -0.062988 -0.006714 0.303101
0.008545 -0.365112 1.036987 -0.073975 -0.000732 0.306641
0.016113 -0.358032 1.041748 -0.024292 -0.009155 0.304932
0.031616 -0.328735 1.050537 0.039063 -0.025146 0.300293
0.045044 -0.274902 0.997925 0.071533 -0.033691 0.295654
0.049072 -0.305176 1.060669 -0.002930 -0.043457 0.275024
0.060547 -0.292847 1.045654 -0.007202 -0.043579 0.264160
0.063354 -0.269409 1.007446 0.060059 -0.028687 0.239258
0.049561 -0.295044 0.984131 0.039917 -0.032349 0.207031
0.048584 -0.299927 0.982056 0.047729 -0.041504 0.176880
0.048950 -0.310669 0.984985 0.067749 -0.039185 0.153198
0.042480 -0.309570 0.968506 0.078491 -0.031494 0.141846
0.040649 -0.296631 0.953857 0.047729 -0.025146 0.135376
0.038574 -0.306641 0.959839 0.005371 -0.027344 0.136230
0.042603 -0.294434 0.950317 0.001221 -0.033569 0.128540
0.046387 -0.283325 0.933594 0.006714 -0.051147 0.113525
0.058350 -0.276489 0.936401 0.018555 -0.078003 0.086792
0.075806 -0.282471 0.956177 0.037720 -0.101074 0.050415
0.104126 -0.276733 0.989380 0.058228 -0.110229 0.012451
0.103027 -0.284424 0.982910 0.039063 -0.104126 -0.016846
0.115234 -0.290894 0.996338 0.007690 -0.091187 -0.046265
0.109619 -0.311890 1.008179 -0.024536 -0.069580 -0.071411
0.101440 -0.333008 0.994263 -0.048462 -0.050049 -0.082520
0.099487 -0.341797 0.999023 -0.067749 -0.050049 -0.093994
0.106323 -0.345825 1.002563 -0.070068 -0.058594 -0.108521
0.115356 -0.340698 1.011963 -0.064941 -0.056885 -0.127808
0.115234 -0.358887 1.014771 -0.073120 -0.039429 -0.136353
0.099365 -0.372437 0.997559 -0.083496 -0.006470 -0.145508
0.093628 -0.377686 0.984009 -0.073120 0.025635 -0.163940
0.071167 -0.402466 0.976563 -0.076782 0.034058 -0.191406
0.054321 -0.416382 0.962402 -0.062256 0.030273 -0.218872
0.047729 -0.426880 0.969849 -0.050171 0.015991 -0.236328
0.032227 -0.437134 0.962158 -0.047974 0.011108 -0.241333
0.011597 -0.436157 0.943604 -0.052002 0.005127 -0.241333
-0.003174 -0.441528 0.920166 -0.054321 -0.008911 -0.232422
-0.004150 -0.428467 0.925049 -0.033569 -0.028198 -0.232178
-0.002441 -0.424438 0.931152 -0.015381 -0.044922 -0.234863
0.022339 -0.384644 0.943848 -0.014282 -0.047485 -0.242432
0.024536 -0.405518 0.973999 -0.039307 -0.011719 -0.249146
0.008057 -0.407959 0.951538 -0.058105 0.017334 -0.244995
-0.009277 -0.428711 0.935303 -0.065063 0.021606 -0.239258
-0.016846 -0.433960 0.938354 -0.055542 0.001831 -0.239624
-0.014526 -0.428711 0.941284 -0.033569 -0.017212 -0.240479
-0.020264 -0.421875 0.931274 -0.009277 -0.033936 -0.240356
-0.027466 -0.420532 0.924194 0.027466 -0.060913 -0.241821
-0.024414 -0.413940 0.929565 0.086304 -0.096313 -0.244385
-0.019287 -0.392212 0.933838 0.131836 -0.122681 -0.251831
-0.041382 -0.418945 0.930664 0.154297 -0.128906 -0.252930
-0.024902 -0.407959 0.963989 0.142700 -0.131836 -0.239258
-0.014038 -0.427124 0.990479 0.107056 -0.094482 -0.188721
-0.029175 -0.432007 0.984375 -0.009399 -0.028076 -0.131836
-0.060059 -0.458008 0.974731 -0.132080 0.027344 -0.080078
-0.087646 -0.482056 0.963501 -0.165161 0.067871 -0.048950
-0.110474 -0.500244 0.945313 -0.185913 0.081665 -0.034058
-0.131226 -0.489624 0.916016 -0.174927 0.070557 -0.030884
-0.149048 -0.461182 0.885620 -0.114990 0.044922 -0.047485
-0.142456 -0.427979 0.890625 -0.013916 0.016113 -0.092285
-0.128540 -0.430420 0.927368 0.006714 -0.021362 -0.138672
-0.122559 -0.447021 0.968018 -0.006958 -0.046509 -0.167480
-0.129517 -0.491821 0.996704 -0.027588 -0.041992 -0.167725
-0.149170 -0.503418 0.990967 -0.029175 -0.018311 -0.144531
-0.148926 -0.485229 0.975098 -0.032104 0.009888 -0.110962
-0.168213 -0.491089 0.968384 -0.065552 0.025391 -0.077148
-0.185181 -0.489624 0.954224 -0.064087 0.039307 -0.056274
-0.185303 -0.466797 0.945923 -0.049805 0.032593 -0.038696
-0.188843 -0.471924 0.954468 -0.072998 0.018433 -0.025146
-0.179688 -0.468506 0.959961 -0.063843 0.010010 -0.002686
-0.162231 -0.440674 0.963501 -0.058716 0.006714 0.010864
-0.165283 -0.447144 0.956909 -0.081177 0.005615 0.020142
-0.177368 -0.441772 0.924194 -0.091431 0.013306 0.027588
-0.179688 -0.440674 0.934204 -0.089966 0.012573 0.037598
-0.186646 -0.433960 0.926636 -0.082397 0.021729 0.054321
-0.186035 -0.416992 0.903198 -0.079468 0.029907 0.066528
-0.208496 -0.447021 0.873657 -0.087769 0.031738 0.079834
