-0.008423 -0.328125 1.041138 -0.183228 -0.175171 0.011108
0.017212 -0.338135 1.067383 -0.237427 -0.148560 0.031494
0.068726 -0.325439 1.137695 -0.260376 -0.120483 0.024414
0.061646 -0.320679 1.126831 -0.277710 -0.084839 -0.007446
0.036743 -0.318970 1.077515 -0.207031 -0.071411 -0.067139
0.007568 -0.362915 1.063721 -0.136841 -0.097046 -0.128540
-0.013428 -0.402344 1.053345 -0.055908 -0.130859 -0.156372
0.010864 -0.376953 1.074219 0.003540 -0.161011 -0.158936
0.028198 -0.338867 1.065552 -0.002441 -0.166260 -0.144897
0.032227 -0.323608 1.040894 -0.027954 -0.151001 -0.125122
0.033203 -0.325806 1.035645 -0.052124 -0.132690 -0.111084
0.049316 -0.368408 1.054199 -0.051880 -0.111572 -0.098999
0.098145 -0.381592 1.137695 -0.064087 -0.078613 -0.104858
0.089600 -0.414673 1.143799 -0.100952 -0.014526 -0.129883
0.038940 -0.447266 1.091675 -0.036499 0.036499 -0.159668
0.015259 -0.457153 1.041748 0.094971 0.040771 -0.185669
-0.020020 -0.469238 1.005005 0.073730 -0.001953 -0.203369
-0.030273 -0.478394 1.002075 0.087402 -0.068481 -0.210205
0.000366 -0.429688 1.016846 0.198853 -0.119507 -0.213013
0.033447 -0.378906 1.022827 0.257080 -0.130493 -0.204346
0.063354 -0.330566 1.031616 0.272827 -0.094238 -0.185181
0.077881 -0.290894 1.019165 0.174805 -0.040894 -0.171753
0.078735 -0.277100 1.005127 0.037231 0.004028 -0.172119
0.061401 -0.268677 0.960449 -0.011597 0.035889 -0.205444
0.052612 -0.278564 0.951660 -0.020020 0.051270 -0.258423
-0.006592 -0.356323 0.917725 -0.045166 0.067261 -0.310181
-0.086304 -0.469727 0.867310 -0.033325 0.058960 -0.326904
-0.123291 -0.550293 0.849609 0.036255 0.009644 -0.313965
-0.106079 -0.566162 0.896729 0.135742 -0.053711 -0.282959
-0.064819 -0.532227 0.915161 0.232178 -0.074463 -0.227783
-0.013062 -0.456787 0.948608 0.245728 -0.061157 -0.189453
-0.000366 -0.430298 0.953491 0.164307 0.001831 -0.157715
-0.012451 -0.429077 0.950928 0.032715 0.098633 -0.128418
-0.067261 -0.450195 0.907959 -0.114502 0.188599 -0.110107
-0.141113 -0.494507 0.850586 -0.209473 0.222412 -0.110718
-0.193237 -0.529419 0.794434 -0.216797 0.178345 -0.131836
-0.203491 -0.529419 0.778564 -0.188110 0.078735 -0.161133
-0.184570 -0.537964 0.817627 -0.147095 -0.032471 -0.197754
-0.143555 -0.511230 0.874390 -0.098145 -0.121826 -0.223022
-0.103271 -0.501831 0.941162 -0.108154 -0.156372 -0.228638
-0.103149 -0.507568 0.964478 -0.139404 -0.139404 -0.206909
-0.102905 -0.485962 0.960693 -0.127075 -0.106201 -0.174561
-0.100464 -0.466431 0.944824 -0.157959 -0.083008 -0.150635
-0.119141 -0.451172 0.930786 -0.249756 -0.074707 -0.141357
-0.122314 -0.431519 0.913696 -0.248535 -0.073120 -0.132446
-0.126953 -0.426514 0.905884 -0.208984 -0.076172 -0.124512
-0.134399 -0.434326 0.899170 -0.187012 -0.096924 -0.114868
-0.146606 -0.469360 0.909668 -0.143555 -0.135254 -0.105957
-0.119263 -0.451660 0.943970 -0.049683 -0.167969 -0.097168
-0.107300 -0.442627 0.958252 -0.010376 -0.178833 -0.076294
-0.102173 -0.428345 0.966675 -0.008789 -0.174438 -0.047485
-0.102295 -0.406616 0.980591 -0.043335 -0.159424 -0.014648
-0.102417 -0.437256 1.000610 -0.089233 -0.133301 0.020020
-0.127319 -0.462402 1.005127 -0.091553 -0.112549 0.035767
-0.155518 -0.489014 0.997070 -0.036621 -0.107544 0.051636
-0.161743 -0.487915 1.003174 0.020142 -0.115356 0.070801
-0.155029 -0.474731 1.011597 0.060303 -0.113159 0.101196
-0.149048 -0.440674 1.012573 0.084595 -0.097534 0.138428
-0.154053 -0.439819 1.000366 0.093018 -0.075317 0.174194
-0.141479 -0.406860 0.997925 0.074829 -0.067017 0.204468
-0.146484 -0.410034 1.003662 0.036865 -0.061523 0.225098
-0.152832 -0.413330 0.997070 0.036499 -0.061768 0.233887
-0.140137 -0.390381 1.002319 0.045776 -0.072388 0.235840
-0.131714 -0.376221 1.006836 0.051514 -0.079590 0.234009
-0.128296 -0.354614 0.989990 0.072266 -0.083008 0.229614
-0.095215 -0.353760 1.021118 0.093750 -0.085938 0.232544
-0.116577 -0.379761 1.029053 0.101196 -0.087036 0.241211
-0.108154 -0.383301 1.036621 0.104126 -0.072021 0.268677
-0.119507 -0.373657 0.996582 0.061890 -0.066162 0.296875
-0.080566 -0.342163 1.031860 0.065063 -0.080322 0.318237
-0.055420 -0.308228 1.039551 0.068481 -0.081787 0.323975
-0.032837 -0.281250 1.056763 0.068359 -0.081787 0.319336
-0.032104 -0.285645 1.044678 0.040527 -0.068115 0.314209
-0.042847 -0.321411 1.043091 0.018921 -0.064575 0.308838
-0.030762 -0.321533 1.046387 0.043701 -0.070923 0.304199
-0.005615 -0.294678 1.062500 0.064453 -0.070801 0.298706
0.004395 -0.297729 1.070923 0.072021 -0.060425 0.294067
0.013184 -0.295654 1.063232 0.089600 -0.047119 0.290405
0.025146 -0.275635 1.051758 0.086060 -0.040039 0.296265
0.036743 -0.261230 1.034912 0.062256 -0.036621 0.302002
0.047485 -0.242798 1.019653 0.051880 -0.036255 0.296387
0.054077 -0.235840 0.998901 0.054932 -0.044189 0.285767
0.073486 -0.229248 1.010742 0.054077 -0.055786 0.270630
0.079224 -0.241333 1.009766 0.039673 -0.053223 0.263062
0.086060 -0.234863 0.982544 0.021973 -0.042603 0.254761
0.089722 -0.228149 0.971191 0.009277 -0.047485 0.238403
0.104126 -0.220459 0.975464 0.021973 -0.065430 0.215820
0.124512 -0.215454 0.990967 0.026611 -0.077271 0.194336
0.139404 -0.199219 0.998047 0.023682 -0.081787 0.173218
0.146973 -0.203857 0.997559 0.023804 -0.080078 0.154419
0.163208 -0.193359 0.992554 0.028809 -0.083496 0.132568
0.183838 -0.167847 1.001831 0.033203 -0.089111 0.104614
0.200195 -0.163208 1.008057 0.024658 -0.086548 0.077026
0.218140 -0.153809 1.020020 0.007568 -0.073486 0.048950
0.218384 -0.167358 1.026001 -0.023804 -0.046753 0.024658
0.207520 -0.173462 1.018433 -0.052856 -0.023438 -0.006104
0.193237 -0.209595 0.999023 -0.061401 -0.015259 -0.037964
0.179077 -0.237549 1.000000 -0.047974 -0.027222 -0.075928
0.175903 -0.245483 1.008179 -0.012695 -0.042358 -0.110718
0.182739 -0.246582 1.006592 0.003296 -0.053711 -0.132813
0.195190 -0.231934 1.017212 0.004517 -0.052368 -0.156738
0.196533 -0.223022 1.011230 -0.009277 -0.037109 -0.182617
0.172974 -0.256836 1.002319 -0.026733 -0.018066 -0.204956
0.160034 -0.278442 1.002808 -0.032227 -0.007813 -0.232300
0.150269 -0.283447 0.999512 -0.022461 0.004883 -0.257568
0.136353 -0.300049 0.987671 -0.011719 0.017334 -0.279785
0.117676 -0.326050 0.984985 -0.010132 0.020264 -0.299072
0.104736 -0.349976 0.997803 -0.016846 0.014404 -0.313354
0.093384 -0.371338 1.010254 -0.025513 0.010010 -0.320557
0.074463 -0.372559 0.999634 -0.010986 0.011475 -0.326050
0.072266 -0.352905 0.999023 0.018188 0.014038 -0.330566
0.076660 -0.340698 1.005493 -0.005249 0.011841 -0.324951
0.064941 -0.354614 1.011108 -0.034424 0.019531 -0.319946
0.039429 -0.374878 0.999512 -0.069458 0.032593 -0.311768
0.014282 -0.390259 0.979004 -0.110840 0.044556 -0.296631
0.009277 -0.384766 0.970947 -0.112061 0.046509 -0.287231
0.006592 -0.387207 0.970093 -0.093506 0.042236 -0.285522
-0.004150 -0.390869 0.983643 -0.082520 0.038940 -0.280518
-0.004883 -0.402100 0.978394 -0.087769 0.047241 -0.270630
-0.020630 -0.413940 0.989746 -0.109497 0.054077 -0.258179
-0.037231 -0.418945 0.972168 -0.107178 0.057007 -0.246216
-0.047363 -0.413086 0.957764 -0.095581 0.053467 -0.233887
-0.045776 -0.387695 0.955566 -0.088623 0.040527 -0.225708
-0.042480 -0.395386 0.973389 -0.087646 0.032349 -0.213257
-0.036377 -0.390625 0.995728 -0.101196 0.026001 -0.204102
-0.033325 -0.392212 1.002075 -0.120605 0.028687 -0.192993
-0.038574 -0.384644 1.004883 -0.135132 0.048340 -0.186157
-0.051392 -0.376465 0.980347 -0.122314 0.066895 -0.181519
-0.072021 -0.376953 0.954956 -0.111084 0.065063 -0.185791
-0.081299 -0.384888 0.936646 -0.091431 0.055664 -0.191772
-0.083374 -0.396851 0.938354 -0.089111 0.032227 -0.190308
-0.086426 -0.395996 0.945679 -0.078003 0.014893 -0.188721
-0.083252 -0.394409 0.937378 -0.040649 0.007935 -0.181885
-0.077637 -0.401245 0.952515 -0.050049 -0.011597 -0.173096
-0.077026 -0.403564 0.954712 -0.060181 -0.030518 -0.157349
-0.077148 -0.408569 0.970093 -0.064331 -0.039185 -0.129883
-0.062866 -0.394165 0.989258 -0.068237 -0.033447 -0.109863
-0.059570 -0.389282 1.002197 -0.074463 -0.015503 -0.097046
-0.062134 -0.376221 1.004395 -0.082520 0.008911 -0.092407
-0.094482 -0.398438 0.979492 -0.109863 0.021240 -0.087158
-0.104370 -0.400269 0.962646 -0.083496 0.035400 -0.086426
-0.120728 -0.425537 0.950317 -0.087280 0.027222 -0.070679
-0.121216 -0.438965 0.954956 -0.083740 0.007935 -0.055664
-0.118774 -0.429199 0.954102 -0.073242 -0.005127 -0.040283
-0.116211 -0.434204 0.951904 -0.077515 -0.006348 -0.020020
-0.111572 -0.421997 0.959595 -0.086182 -0.007202 -0.005493
-0.123901 -0.427124 0.955811 -0.092529 -0.001099 0.010498
-0.141113 -0.426758 0.937988 -0.095703 0.006470 0.030518
-0.156250 -0.423218 0.910156 -0.103638 0.004272 0.047852
-0.160034 -0.403564 0.905151 -0.097168 -0.010132 0.056274
