0.016479 -0.364746 1.101807 -0.209839 -0.147339 0.031860
0.025879 -0.351196 1.103271 -0.242065 -0.138672 0.073120
0.023560 -0.339966 1.093384 -0.234375 -0.110962 0.111694
0.012695 -0.307251 1.058716 -0.217773 -0.089600 0.143188
0.061157 -0.284424 1.071045 -0.221924 -0.079712 0.159302
0.119385 -0.216797 1.155884 -0.251343 -0.050049 0.120728
0.107788 -0.179810 1.112183 -0.186157 0.003784 0.037231
0.060181 -0.188721 1.037354 -0.076172 0.041504 -0.077026
0.018677 -0.267578 1.024414 -0.024170 0.035522 -0.178833
0.013062 -0.320190 1.046265 0.024780 0.008423 -0.229614
0.012817 -0.312622 1.029297 0.055054 -0.007324 -0.236206
0.014526 -0.315063 1.026978 0.060913 -0.017578 -0.229980
0.022339 -0.318604 1.037842 0.060547 -0.014526 -0.219482
0.022583 -0.338989 1.020874 0.050659 0.000977 -0.194336
0.047119 -0.326416 1.020142 0.020264 0.016479 -0.150635
0.071655 -0.302612 1.014160 -0.025757 0.050537 -0.108398
0.089478 -0.297363 0.994873 -0.075684 0.091431 -0.088501
0.095215 -0.330200 0.995972 -0.120483 0.124146 -0.099731
0.090576 -0.365601 0.990356 -0.115723 0.139648 -0.141479
0.083252 -0.409790 0.975952 -0.075195 0.131836 -0.189331
0.071289 -0.459229 0.975952 -0.049194 0.110474 -0.231689
0.052734 -0.493042 0.962402 -0.000854 0.089111 -0.263428
0.045288 -0.509155 0.945679 0.056396 0.065674 -0.279419
0.027832 -0.536499 0.938965 0.070801 0.041870 -0.279053
0.017456 -0.536987 0.927368 0.066284 0.030029 -0.264404
0.004150 -0.541382 0.919556 0.026367 0.037231 -0.230347
0.004272 -0.524658 0.905396 -0.032104 0.062866 -0.177734
0.004028 -0.514648 0.903442 -0.101807 0.101074 -0.126465
0.009521 -0.489502 0.902100 -0.157593 0.143188 -0.087891
0.011230 -0.458252 0.884888 -0.190186 0.204712 -0.062866
-0.014771 -0.456177 0.840576 -0.220703 0.249512 -0.063965
-0.057983 -0.448120 0.793335 -0.201294 0.259033 -0.098511
-0.111694 -0.484863 0.756592 -0.163086 0.237427 -0.144775
-0.154541 -0.534058 0.759155 -0.131714 0.187378 -0.181519
-0.172241 -0.551392 0.765137 -0.100220 0.122437 -0.192383
-0.156616 -0.540649 0.801270 -0.089600 0.060669 -0.190186
-0.134399 -0.526855 0.846069 -0.086426 0.015381 -0.181396
-0.120361 -0.516846 0.874634 -0.081543 0.002563 -0.179932
-0.138062 -0.535400 0.886963 -0.083618 0.011230 -0.170898
-0.145264 -0.534912 0.886963 -0.089722 0.019409 -0.152100
-0.143066 -0.526123 0.901611 -0.100220 0.011230 -0.132935
-0.137329 -0.502563 0.908447 -0.092529 -0.002563 -0.124756
-0.140015 -0.476807 0.900757 -0.082520 -0.020020 -0.119751
-0.146362 -0.479248 0.896362 -0.084473 -0.041260 -0.116089
-0.155396 -0.483521 0.892334 -0.064575 -0.070313 -0.113525
-0.156006 -0.474976 0.898682 -0.031982 -0.104248 -0.115723
-0.152710 -0.486694 0.907349 -0.006348 -0.136719 -0.120605
-0.147583 -0.484009 0.930664 0.010254 -0.162109 -0.125488
-0.143188 -0.499878 0.954590 0.010010 -0.170532 -0.116089
-0.140503 -0.495850 0.981079 0.008179 -0.171021 -0.105591
-0.145020 -0.494629 0.990234 -0.002686 -0.162109 -0.080933
-0.129883 -0.480469 1.003052 -0.020142 -0.147705 -0.056152
-0.136841 -0.473022 1.000244 -0.042114 -0.129761 -0.044434
-0.162842 -0.484131 0.988525 -0.052246 -0.116333 -0.034058
-0.173584 -0.490356 0.975342 -0.044922 -0.116699 -0.024170
-0.163086 -0.477295 0.993286 -0.020264 -0.128906 -0.015503
-0.148804 -0.458984 0.992676 0.009399 -0.136475 -0.001587
-0.135742 -0.418701 0.992188 0.034790 -0.133179 0.006958
-0.139771 -0.407349 0.982910 0.026367 -0.118652 0.015991
-0.157227 -0.419556 0.965454 0.010620 -0.106567 0.024780
-0.176758 -0.452026 0.961060 0.010498 -0.102051 0.039795
-0.169922 -0.441406 0.976074 0.019043 -0.104614 0.064819
-0.147827 -0.414551 0.999268 0.028564 -0.102295 0.088989
-0.131836 -0.405640 1.017578 0.029907 -0.089233 0.103394
-0.119019 -0.397949 1.047363 0.001221 -0.069214 0.122070
-0.095703 -0.386597 1.067383 -0.007446 -0.049072 0.147827
-0.107422 -0.375732 1.050781 0.020264 -0.037720 0.172974
-0.085938 -0.352905 1.050659 0.036621 -0.027832 0.186523
-0.094360 -0.342651 1.019165 0.040649 -0.029907 0.188843
-0.078003 -0.319946 1.022583 0.069336 -0.042847 0.174316
-0.055786 -0.311401 1.041016 0.078857 -0.047974 0.158203
-0.048340 -0.313721 1.047119 0.097900 -0.032593 0.139648
-0.042603 -0.312134 1.043945 0.108765 -0.014404 0.127808
-0.044312 -0.335938 1.040161 0.082520 -0.001221 0.132202
-0.036133 -0.337280 1.039795 0.063965 0.016602 0.142212
-0.034302 -0.334961 1.035156 0.028687 0.052490 0.161499
-0.038208 -0.338989 1.018188 -0.016235 0.091187 0.183838
-0.047607 -0.342285 0.998169 -0.052490 0.118286 0.207397
-0.061890 -0.365234 0.979858 -0.085693 0.122925 0.228271
-0.055298 -0.360840 0.976074 -0.080200 0.103638 0.244385
-0.021362 -0.329712 0.989990 -0.041016 0.065552 0.248291
0.014648 -0.300903 1.012695 0.000854 0.036499 0.239258
0.041016 -0.273315 1.029297 0.014893 0.022705 0.215454
0.047119 -0.258911 1.007080 0.043701 0.015869 0.185425
0.060791 -0.257813 1.006958 0.062500 0.002075 0.152588
0.073975 -0.252808 1.017334 0.065186 -0.002808 0.127075
0.084351 -0.266602 1.032959 0.055664 0.001221 0.123047
0.093384 -0.276855 1.034790 0.019409 0.016968 0.133667
0.094849 -0.265869 1.027466 -0.017822 0.035156 0.144653
0.095459 -0.266235 1.000854 -0.047852 0.047852 0.147461
0.088745 -0.280884 0.985107 -0.053467 0.042480 0.135742
0.089478 -0.290405 0.968994 -0.019409 0.019775 0.106201
0.097778 -0.287964 0.979248 0.015503 -0.016846 0.065430
0.109497 -0.286011 0.992798 0.040161 -0.046997 0.026733
0.111206 -0.303345 0.987427 0.067871 -0.071167 -0.007080
0.135254 -0.274658 1.000732 0.095337 -0.090210 -0.039307
0.140381 -0.278320 1.004150 0.084351 -0.083374 -0.060669
0.151123 -0.265625 1.004517 0.037720 -0.062988 -0.071167
0.145142 -0.278564 1.002686 -0.020996 -0.026978 -0.070190
0.114502 -0.327881 0.976440 -0.078003 0.002563 -0.067627
0.095215 -0.358521 0.967041 -0.099121 0.008301 -0.078735
0.088013 -0.362671 0.956543 -0.077026 0.003662 -0.103394
0.073853 -0.371094 0.950806 -0.046631 -0.009644 -0.130981
0.071411 -0.379517 0.952271 -0.016846 -0.019897 -0.164673
0.069702 -0.377319 0.958862 0.005127 -0.024780 -0.193115
0.062012 -0.387207 0.965820 0.001831 -0.023071 -0.204468
0.052612 -0.395142 0.962646 -0.025269 -0.019409 -0.198486
0.051636 -0.395020 0.965698 -0.055542 -0.010864 -0.184692
0.051270 -0.385498 0.961304 -0.075928 0.000610 -0.173218
0.050049 -0.380249 0.959229 -0.091797 0.005615 -0.167358
0.057739 -0.372314 0.961426 -0.083618 0.012573 -0.170288
0.065674 -0.382935 0.970703 -0.100830 0.016357 -0.185059
0.054199 -0.386719 0.971436 -0.127197 0.029175 -0.208008
0.008057 -0.428223 0.934814 -0.136841 0.043701 -0.225220
-0.019043 -0.437866 0.916626 -0.125488 0.035767 -0.234985
-0.029663 -0.437012 0.930542 -0.110229 0.012817 -0.235718
-0.027954 -0.417114 0.938965 -0.083740 -0.004517 -0.237427
-0.015625 -0.413452 0.966797 -0.078003 -0.014160 -0.238281
-0.012329 -0.407104 0.994507 -0.078857 -0.010742 -0.245972
-0.038940 -0.422974 0.975708 -0.086792 0.006348 -0.247559
-0.068726 -0.450439 0.963379 -0.099731 0.016846 -0.241455
-0.078003 -0.452515 0.973145 -0.091187 0.014404 -0.230957
-0.086060 -0.447754 0.979248 -0.086182 0.011719 -0.219238
-0.082031 -0.439331 0.982056 -0.077271 0.010498 -0.205566
-0.082764 -0.437500 0.970703 -0.080688 0.017822 -0.194214
-0.089600 -0.427002 0.964600 -0.084229 0.028931 -0.187256
-0.109619 -0.452515 0.957153 -0.105347 0.037720 -0.174438
-0.122681 -0.453125 0.939697 -0.103271 0.051636 -0.165161
-0.139893 -0.470947 0.939453 -0.101196 0.054199 -0.150391
-0.154175 -0.478027 0.928345 -0.106934 0.053833 -0.133545
-0.150024 -0.476074 0.929565 -0.092773 0.045288 -0.115845
-0.145630 -0.460205 0.931396 -0.087891 0.026489 -0.104126
-0.143433 -0.450317 0.929932 -0.065796 0.011963 -0.107788
-0.127686 -0.440308 0.950073 -0.044434 -0.003174 -0.120239
-0.142700 -0.478394 0.956909 -0.058228 -0.018555 -0.125488
-0.143555 -0.479004 0.958618 -0.011108 -0.013916 -0.131714
-0.147949 -0.493774 0.964355 0.004150 -0.014038 -0.114990
-0.141602 -0.481934 0.960693 -0.000122 -0.020142 -0.084229
-0.126465 -0.459351 0.949951 0.002686 -0.018677 -0.037231
-0.128418 -0.461670 0.955200 0.026367 -0.007324 0.006592
-0.135132 -0.472412 0.943115 0.046753 -0.001465 0.012573
-0.122437 -0.452515 0.940308 0.073242 -0.015137 0.004883
-0.126465 -0.458496 0.945313 0.094482 -0.022705 0.002563
-0.122559 -0.456177 0.955566 0.086670 -0.027344 -0.011475
-0.138550 -0.481689 0.949829 0.042847 -0.027344 -0.015503
-0.171387 -0.515991 0.911499 -0.007690 -0.036865 -0.011963
-0.163452 -0.486328 0.907471 -0.037720 -0.076538 -0.020020
-0.157227 -0.460693 0.890991 -0.067139 -0.118774 -0.040771
-0.152344 -0.457397 0.888794 -0.054077 -0.161011 -0.073975
-0.145142 -0.457031 0.909912 -0.021484 -0.201782 -0.106812
