-0.006470 -0.377930 1.102417 -0.031372 -0.079224 -0.024170
-0.004639 -0.376099 1.080322 -0.015015 -0.071289 -0.026855
0.009644 -0.380859 1.074097 0.010498 -0.071777 -0.029663
0.024048 -0.370972 1.066162 0.008179 -0.075928 -0.032593
0.041504 -0.344360 1.048218 0.005615 -0.074707 -0.035767
0.061646 -0.322266 1.038696 0.024902 -0.067505 -0.044922
0.088623 -0.302734 1.020996 0.057861 -0.042114 -0.060547
0.094727 -0.318481 1.020386 0.024780 -0.023438 -0.083130
0.076904 -0.351929 1.015747 -0.015869 0.001831 -0.110474
0.059692 -0.390015 0.990356 0.008179 0.024414 -0.133789
0.049683 -0.391602 0.972534 0.046143 0.019653 -0.156372
0.059570 -0.402710 0.982422 0.065308 -0.003174 -0.168579
0.063599 -0.408447 1.000732 0.072021 -0.018555 -0.173218
0.068970 -0.410889 0.991089 0.071655 -0.014771 -0.171753
0.066895 -0.402588 0.979614 0.068604 -0.001709 -0.171997
0.076904 -0.407715 0.979858 0.069580 0.007690 -0.177734
0.081787 -0.407959 1.000000 0.065308 0.017578 -0.194336
0.069336 -0.430298 0.994873 0.049683 0.029297 -0.204956
0.066162 -0.440063 0.986450 0.023804 0.038574 -0.204468
0.071777 -0.440308 0.993774 -0.004272 0.050293 -0.200195
0.061523 -0.448608 0.970947 -0.024048 0.067383 -0.197998
0.049438 -0.446777 0.941406 -0.024780 0.075684 -0.201172
0.029297 -0.458862 0.931641 -0.015381 0.073730 -0.201782
0.022827 -0.448120 0.909668 0.010742 0.068359 -0.202393
0.013550 -0.434082 0.899414 0.022339 0.050781 -0.201660
0.013184 -0.406616 0.890869 0.029541 0.044434 -0.200439
0.012939 -0.386475 0.876953 0.031006 0.041626 -0.198120
0.005249 -0.381958 0.884888 0.011597 0.040039 -0.199463
0.008545 -0.364380 0.887085 0.015015 0.049927 -0.200073
-0.009888 -0.375000 0.880981 -0.037231 0.060425 -0.193848
-0.038086 -0.401489 0.869629 -0.075439 0.078857 -0.180542
-0.064331 -0.428101 0.871460 -0.110474 0.086792 -0.165039
-0.076416 -0.434448 0.887451 -0.135620 0.088623 -0.149658
-0.100586 -0.443481 0.880249 -0.151978 0.097656 -0.136963
-0.136230 -0.467041 0.866943 -0.169678 0.091675 -0.131226
-0.159180 -0.478516 0.870239 -0.153809 0.069946 -0.124268
-0.177856 -0.483398 0.876587 -0.152710 0.054199 -0.118164
-0.204956 -0.491699 0.873291 -0.167603 0.047852 -0.107788
-0.230347 -0.497070 0.863403 -0.170410 0.036865 -0.098511
-0.244141 -0.507813 0.863403 -0.171265 0.014648 -0.093628
-0.246948 -0.517334 0.881348 -0.157471 -0.017456 -0.092651
-0.236328 -0.520752 0.910767 -0.134766 -0.048340 -0.084595
-0.220825 -0.541626 0.940674 -0.120483 -0.068115 -0.061646
-0.192749 -0.533691 0.970825 -0.112915 -0.079102 -0.039429
-0.174316 -0.530518 1.000854 -0.112915 -0.076904 -0.024780
-0.170166 -0.535034 1.022217 -0.112305 -0.068115 -0.016968
-0.174438 -0.528687 1.013550 -0.100220 -0.060059 -0.001953
-0.177612 -0.518921 1.016235 -0.084595 -0.059082 0.015015
-0.179565 -0.509399 1.013794 -0.075317 -0.061768 0.036377
-0.176636 -0.497681 1.001831 -0.045166 -0.066895 0.065308
-0.162354 -0.474609 1.015259 -0.016724 -0.072388 0.088501
-0.144775 -0.451172 1.024536 -0.005371 -0.074951 0.103516
-0.127563 -0.432495 1.029907 0.007324 -0.067139 0.109741
-0.120117 -0.415405 1.034790 0.000244 -0.047729 0.112427
-0.127075 -0.410522 1.025269 -0.008667 -0.018433 0.114136
-0.146118 -0.412720 0.985474 -0.015381 0.008667 0.116455
-0.178223 -0.431152 0.955688 -0.023804 0.026001 0.121704
-0.197510 -0.441284 0.928833 -0.016113 0.025391 0.136841
-0.199463 -0.433105 0.918091 -0.011475 0.015869 0.159058
-0.209473 -0.432495 0.921021 -0.014771 0.007935 0.179077
-0.211426 -0.430664 0.920410 -0.011841 -0.003296 0.201294
-0.192139 -0.407104 0.954834 -0.010498 -0.014893 0.223267
-0.173828 -0.390503 0.977783 -0.020508 -0.016968 0.237549
-0.142578 -0.351440 0.983887 -0.019409 -0.009399 0.241821
-0.126221 -0.332275 0.986572 -0.038452 0.008911 0.237671
-0.114014 -0.317261 0.981934 -0.077515 0.031128 0.230957
-0.113159 -0.329834 0.982788 -0.114746 0.052490 0.229736
-0.113037 -0.340576 0.968872 -0.116455 0.062378 0.234497
-0.109009 -0.356201 0.960938 -0.110596 0.059082 0.238403
-0.092651 -0.352417 0.962524 -0.102417 0.042969 0.247070
-0.067993 -0.345825 0.982788 -0.092163 0.027588 0.257935
-0.050659 -0.337646 0.984253 -0.075684 0.011353 0.260498
-0.026123 -0.322632 0.996948 -0.042725 -0.009399 0.252319
0.006104 -0.314697 1.006226 -0.018433 -0.034546 0.238159
0.019287 -0.318237 1.009399 0.006104 -0.050171 0.223267
0.040405 -0.294556 1.002808 0.025391 -0.061401 0.209595
0.072388 -0.264038 1.020142 0.019287 -0.047119 0.194214
0.083618 -0.267578 1.023193 -0.017822 -0.027710 0.180298
0.074463 -0.288452 0.989380 -0.046143 -0.013306 0.164795
0.061890 -0.322754 0.970947 -0.052734 -0.014038 0.144531
0.060791 -0.351929 0.974243 -0.060913 -0.020752 0.131958
0.067505 -0.361328 0.983154 -0.057861 -0.025513 0.127686
0.072510 -0.379517 0.978027 -0.072632 -0.032349 0.128296
0.084961 -0.368286 0.973633 -0.079468 -0.037842 0.116211
0.098511 -0.372314 0.986694 -0.072998 -0.045776 0.095337
0.113770 -0.378784 1.004395 -0.065430 -0.044800 0.069092
0.109741 -0.386353 0.998413 -0.061157 -0.042236 0.039795
0.117432 -0.391113 1.003174 -0.041016 -0.045532 0.014038
0.122803 -0.396851 1.011475 -0.044067 -0.039307 -0.004028
0.125366 -0.401733 1.007324 -0.051514 -0.029663 -0.018799
0.118042 -0.405884 1.001709 -0.060181 -0.026367 -0.036499
0.121216 -0.412476 1.000366 -0.055786 -0.027466 -0.062500
0.125732 -0.400269 0.998291 -0.031128 -0.029053 -0.095581
0.112793 -0.411499 0.992310 -0.022827 -0.029907 -0.125244
0.093506 -0.427856 0.974731 -0.010254 -0.024536 -0.149170
0.083252 -0.433472 0.963623 0.018555 -0.011719 -0.168335
0.067139 -0.448120 0.956543 0.007080 -0.005371 -0.173096
0.054565 -0.453125 0.947144 -0.018066 0.008301 -0.169312
0.039795 -0.453247 0.936279 -0.014038 0.016357 -0.166748
0.033203 -0.434204 0.919067 0.010620 0.011108 -0.173462
0.025513 -0.424316 0.903809 0.021484 -0.007080 -0.183838
0.023438 -0.407349 0.895508 0.021484 -0.025391 -0.197388
0.022949 -0.393921 0.891724 0.020752 -0.034180 -0.216919
0.021484 -0.369385 0.878662 0.011963 -0.040039 -0.241455
0.006348 -0.363281 0.860352 0.007446 -0.037720 -0.270264
-0.008423 -0.385742 0.859375 0.003662 -0.036743 -0.291260
-0.021118 -0.414185 0.872437 -0.015503 -0.044556 -0.304077
-0.025269 -0.413940 0.891235 -0.027710 -0.043213 -0.308472
-0.036865 -0.432373 0.892822 -0.056519 -0.030029 -0.303101
-0.052490 -0.459229 0.907959 -0.095825 -0.026733 -0.291016
-0.052856 -0.451294 0.930908 -0.112793 -0.023315 -0.281738
-0.050781 -0.468262 0.969849 -0.134399 -0.023926 -0.267334
-0.043701 -0.463257 0.984131 -0.123291 -0.012573 -0.262085
-0.050049 -0.479614 1.003662 -0.129395 -0.018433 -0.253296
-0.044067 -0.474243 1.013794 -0.106201 -0.013672 -0.248657
-0.036133 -0.463257 1.021484 -0.089478 -0.007202 -0.244507
-0.034668 -0.457886 1.021851 -0.086426 0.012451 -0.246826
-0.033081 -0.469604 1.052368 -0.085327 0.029297 -0.247925
-0.068481 -0.505127 0.999878 -0.121216 0.031250 -0.233398
-0.078003 -0.508789 0.985474 -0.125366 0.043823 -0.221802
-0.110107 -0.535645 0.970703 -0.148682 0.054321 -0.203125
-0.113770 -0.510010 0.950439 -0.064819 0.068848 -0.196899
-0.129517 -0.517944 0.935913 -0.016968 0.045166 -0.187744
-0.133423 -0.506104 0.928101 0.008301 0.030884 -0.187134
-0.126099 -0.512695 0.942871 0.019775 0.019165 -0.174927
-0.136719 -0.531860 0.942139 -0.037842 0.014282 -0.149658
-0.122559 -0.524536 0.953491 -0.049194 0.026855 -0.128906
-0.124146 -0.514404 0.951660 -0.040649 0.039063 -0.121338
-0.142334 -0.530151 0.937012 -0.038696 0.043701 -0.113403
-0.142944 -0.524170 0.927246 -0.017334 0.041870 -0.101807
-0.152588 -0.523926 0.925293 -0.032593 0.032471 -0.079712
-0.156738 -0.518921 0.910645 -0.035156 0.027954 -0.057373
-0.147583 -0.498291 0.914429 0.001709 0.017700 -0.043091
-0.123657 -0.479736 0.943115 0.076782 0.017090 -0.051758
-0.105347 -0.449951 0.952759 0.087769 0.006104 -0.058716
-0.109741 -0.453613 0.951904 0.032471 -0.005371 -0.061035
-0.137939 -0.475830 0.942261 -0.014771 -0.002686 -0.058350
-0.167114 -0.504272 0.910400 -0.048218 0.001099 -0.039185
-0.180420 -0.504150 0.895386 -0.057739 -0.004761 -0.017822
-0.164429 -0.493652 0.907593 -0.037720 -0.023804 -0.004517
-0.152100 -0.472046 0.918457 -0.023926 -0.041504 -0.004639
-0.163696 -0.471802 0.910034 -0.015137 -0.051758 -0.008423
-0.160034 -0.468994 0.911133 -0.006958 -0.062622 -0.003540
-0.160278 -0.467407 0.917847 -0.012817 -0.065674 0.011230
-0.165283 -0.463501 0.914063 -0.017944 -0.066284 0.031494
-0.155640 -0.451050 0.915161 -0.032471 -0.066772 0.055664
-0.144897 -0.441284 0.947510 -0.061890 -0.061768 0.070435
-0.142212 -0.441162 0.968628 -0.079590 -0.054077 0.079834
-0.143555 -0.449219 0.988281 -0.081787 -0.047852 0.089722
-0.151489 -0.459595 1.014526 -0.081177 -0.041748 0.102295
