-0.117188 -0.445068 0.893066 -0.150757 -0.234497 0.024902
-0.131470 -0.444580 0.849365 -0.096558 -0.220337 -0.019775
-0.138672 -0.472412 0.844604 -0.080566 -0.231812 -0.059326
-0.131958 -0.496094 0.877319 -0.067505 -0.249390 -0.076050
-0.115479 -0.511597 0.905396 -0.062622 -0.249634 -0.065796
-0.093506 -0.511841 0.911865 -0.076782 -0.246948 -0.041870
-0.071167 -0.498413 0.924683 -0.083984 -0.248047 -0.016724
-0.044922 -0.476074 0.935181 -0.089722 -0.249878 0.004150
-0.016724 -0.451904 0.940308 -0.105957 -0.240356 0.022827
0.008057 -0.428955 0.962646 -0.158691 -0.268433 0.039429
0.059082 -0.410522 1.010620 -0.168823 -0.270874 0.051636
0.093262 -0.398071 1.041626 -0.203491 -0.262817 0.056030
0.114746 -0.416626 1.078003 -0.217651 -0.241089 0.051147
0.142090 -0.378662 1.083496 -0.211426 -0.206543 0.034912
0.159180 -0.366455 1.090698 -0.230225 -0.167603 0.011230
0.154663 -0.388306 1.082886 -0.263672 -0.135864 -0.008789
0.149292 -0.423462 1.082031 -0.248413 -0.115112 -0.043335
0.138916 -0.443359 1.085205 -0.189941 -0.104126 -0.089600
0.126221 -0.455322 1.058960 -0.118652 -0.107544 -0.136475
0.129761 -0.440674 1.062256 -0.054565 -0.123413 -0.183350
0.127197 -0.469727 1.066772 -0.014648 -0.134766 -0.212769
0.149292 -0.466064 1.093506 0.026123 -0.128174 -0.239258
0.158569 -0.479858 1.111816 0.063965 -0.086304 -0.264526
0.133545 -0.484985 1.083130 0.109619 -0.029541 -0.290283
0.091553 -0.503540 1.029175 0.138916 0.002319 -0.301025
0.057739 -0.530029 0.994629 0.135376 0.012451 -0.297119
0.041504 -0.533813 0.981934 0.138550 0.030762 -0.287720
0.033691 -0.531006 0.962280 0.135132 0.050781 -0.269897
0.028687 -0.524292 0.948242 0.114746 0.055664 -0.253174
0.014404 -0.533325 0.941284 0.081787 0.053955 -0.240112
0.000610 -0.528809 0.916016 0.032227 0.047119 -0.221191
-0.004028 -0.524292 0.902100 0.030396 0.043213 -0.213745
-0.001465 -0.501831 0.891235 0.081543 0.047607 -0.226440
-0.002686 -0.482544 0.890869 0.122192 0.062500 -0.248901
-0.013062 -0.474487 0.880737 0.124390 0.066650 -0.267334
-0.027588 -0.493286 0.890259 0.095703 0.071899 -0.272705
-0.040405 -0.498901 0.895264 0.072876 0.081177 -0.261719
-0.045776 -0.490601 0.887695 0.046509 0.093628 -0.242920
-0.070313 -0.505981 0.880127 0.019287 0.104614 -0.226807
-0.084839 -0.503662 0.865356 0.021118 0.104126 -0.219971
-0.094116 -0.504395 0.862671 0.042969 0.098389 -0.213989
-0.102661 -0.516968 0.867432 0.067017 0.090942 -0.203979
-0.104858 -0.520020 0.879639 0.071167 0.082642 -0.186890
-0.110229 -0.512451 0.876953 0.042847 0.075562 -0.161255
-0.107056 -0.494507 0.891357 0.002075 0.071045 -0.136353
-0.123169 -0.493286 0.881470 -0.054077 0.070801 -0.114502
-0.135986 -0.480103 0.880249 -0.103760 0.062500 -0.104858
-0.147461 -0.484497 0.879028 -0.128174 0.050415 -0.098633
-0.151123 -0.477661 0.884155 -0.131958 0.034912 -0.095947
-0.156372 -0.461670 0.880127 -0.119751 0.015015 -0.093262
-0.149902 -0.456909 0.890259 -0.126709 0.010742 -0.084351
-0.159302 -0.481079 0.896729 -0.166382 0.012695 -0.078125
-0.167480 -0.480713 0.901611 -0.199829 0.012817 -0.071777
-0.182495 -0.510864 0.919800 -0.207520 0.006470 -0.065796
-0.191284 -0.532349 0.923462 -0.212158 -0.011475 -0.056274
-0.192139 -0.546753 0.944702 -0.187012 -0.034302 -0.041504
-0.182007 -0.554932 0.976929 -0.128784 -0.052979 -0.021240
-0.163696 -0.538818 1.015991 -0.084473 -0.056274 0.000610
-0.155029 -0.512207 1.019897 -0.052490 -0.037720 0.024658
-0.155884 -0.493042 1.018311 -0.059570 -0.014160 0.050781
-0.164307 -0.480225 1.001343 -0.087280 0.002075 0.074585
-0.173340 -0.460083 0.973389 -0.087158 0.010254 0.089722
-0.183228 -0.464844 0.959106 -0.073608 0.013306 0.096313
-0.189575 -0.457642 0.941406 -0.043213 0.007324 0.099854
-0.194336 -0.458130 0.925293 -0.016479 -0.001221 0.107056
-0.189697 -0.438477 0.913452 -0.010620 -0.006104 0.122925
-0.183838 -0.425537 0.916992 -0.033691 -0.006592 0.140991
-0.179810 -0.440186 0.932373 -0.063965 -0.005005 0.158081
-0.177612 -0.450073 0.947266 -0.077148 -0.006714 0.171631
-0.180420 -0.459229 0.951294 -0.081909 -0.017090 0.182129
-0.163452 -0.455688 0.985229 -0.065308 -0.036865 0.192505
-0.147705 -0.442749 0.996582 -0.042603 -0.054810 0.205811
-0.122803 -0.418213 1.007080 -0.026367 -0.059326 0.220093
-0.108276 -0.392578 1.018799 -0.026855 -0.049561 0.235107
-0.101929 -0.377930 0.999268 -0.038696 -0.033569 0.246216
-0.094238 -0.359985 0.996094 -0.045288 -0.025146 0.245605
-0.087646 -0.354492 0.995117 -0.056763 -0.019287 0.237427
-0.081543 -0.367310 0.990234 -0.071899 -0.008667 0.226074
-0.084839 -0.391357 1.001099 -0.073730 0.002808 0.218628
-0.085205 -0.412109 0.997437 -0.066895 0.016235 0.227051
-0.075562 -0.415771 0.998535 -0.073364 0.035034 0.244385
-0.084961 -0.422852 0.978638 -0.097290 0.058960 0.262939
-0.102417 -0.428345 0.941162 -0.116211 0.070435 0.276123
-0.117188 -0.431152 0.918091 -0.128174 0.054932 0.285889
-0.111572 -0.427979 0.918579 -0.118164 0.020630 0.293701
-0.071533 -0.382202 0.946289 -0.093384 -0.017700 0.292725
-0.044434 -0.366821 0.974121 -0.076538 -0.034668 0.278687
-0.022217 -0.346191 1.004150 -0.049683 -0.038940 0.253052
-0.012329 -0.336792 1.000977 -0.026001 -0.044556 0.226074
0.008911 -0.336304 1.002686 -0.016724 -0.050171 0.208618
0.035767 -0.317261 1.021484 0.002441 -0.042236 0.197021
0.052490 -0.304688 1.025391 -0.023438 -0.036255 0.193848
0.064697 -0.310913 1.000244 -0.037964 -0.024780 0.183228
0.059204 -0.331543 0.987305 -0.059204 -0.021118 0.165649
0.054932 -0.366699 0.980957 -0.065796 -0.029785 0.145386
0.057129 -0.383667 0.970581 -0.035767 -0.046997 0.118530
0.071167 -0.389893 0.982422 -0.000732 -0.062622 0.090576
0.088867 -0.379150 0.989624 0.007813 -0.070190 0.067993
0.089233 -0.390015 0.990967 0.001953 -0.067627 0.049561
0.086060 -0.395142 0.976440 0.004883 -0.064087 0.029785
0.087280 -0.389282 0.962524 0.022339 -0.064209 0.003540
0.087402 -0.401611 0.949707 0.031982 -0.068726 -0.020264
0.100586 -0.396606 0.959106 0.032227 -0.078125 -0.047119
0.122192 -0.387573 0.980469 0.020508 -0.070313 -0.075317
0.115356 -0.397339 0.975220 -0.016113 -0.043213 -0.097046
0.091309 -0.433472 0.947876 -0.059326 -0.012817 -0.114990
0.073364 -0.459351 0.940063 -0.069214 0.001343 -0.132324
0.055664 -0.484009 0.931519 -0.064087 0.006714 -0.145508
0.041016 -0.496582 0.914429 -0.035889 -0.000122 -0.161377
0.031128 -0.496460 0.919800 0.001221 -0.015991 -0.176636
0.032959 -0.486206 0.933960 0.013306 -0.031494 -0.185425
0.029175 -0.480225 0.947876 0.006226 -0.040771 -0.187378
0.033081 -0.472534 0.953125 0.011475 -0.039917 -0.189941
0.044067 -0.442383 0.959717 0.032715 -0.032715 -0.197144
0.050537 -0.436157 0.976929 0.031982 -0.025635 -0.206177
0.045654 -0.427612 0.978638 0.011841 -0.007568 -0.212280
0.029907 -0.440308 0.978271 -0.040894 0.020386 -0.211914
0.010498 -0.461548 0.969238 -0.080933 0.044922 -0.214600
-0.018921 -0.478638 0.950195 -0.087280 0.057495 -0.221436
-0.049072 -0.498413 0.932617 -0.079224 0.063965 -0.227905
-0.066772 -0.505493 0.923706 -0.061279 0.053589 -0.230103
-0.073120 -0.491821 0.909058 -0.039063 0.039673 -0.230591
-0.073364 -0.476074 0.914917 -0.025513 0.034180 -0.230225
-0.072998 -0.472168 0.910278 -0.024902 0.032227 -0.226685
-0.078491 -0.462036 0.899048 -0.011230 0.037354 -0.229492
-0.092651 -0.464111 0.894775 -0.015259 0.043579 -0.234009
-0.092407 -0.468140 0.906860 -0.023804 0.043579 -0.239502
-0.103027 -0.484619 0.914063 -0.028931 0.047241 -0.240723
-0.119141 -0.503662 0.908936 -0.050537 0.053467 -0.230835
-0.126343 -0.498291 0.905884 -0.074463 0.055054 -0.212280
-0.146729 -0.511597 0.896973 -0.091675 0.052612 -0.192871
-0.153809 -0.506226 0.873901 -0.076416 0.039185 -0.178711
-0.149048 -0.496216 0.882080 -0.061768 0.018066 -0.170288
-0.147705 -0.491821 0.893555 -0.047119 0.008057 -0.165527
-0.156982 -0.513306 0.898315 -0.048828 0.007080 -0.159180
-0.162598 -0.509277 0.886963 -0.042358 0.009399 -0.147827
-0.166870 -0.510620 0.883545 -0.044067 -0.001953 -0.130493
-0.169067 -0.502808 0.879395 -0.022583 -0.011963 -0.116821
-0.155640 -0.478882 0.893433 0.028320 -0.019897 -0.111938
-0.154785 -0.478027 0.889282 0.023804 -0.031982 -0.103149
-0.156372 -0.484375 0.893555 0.011963 -0.043213 -0.091187
-0.156982 -0.485229 0.899780 0.003784 -0.044434 -0.082520
-0.170898 -0.497192 0.894531 -0.010620 -0.030273 -0.073853
-0.185181 -0.501343 0.872192 -0.000244 -0.019409 -0.053223
-0.207153 -0.502930 0.875977 0.008911 -0.020020 -0.030518
-0.208130 -0.496338 0.871460 0.004517 -0.023926 -0.015259
-0.206787 -0.487671 0.860352 -0.038818 -0.040527 -0.002563
-0.199219 -0.473267 0.874756 -0.049561 -0.045044 0.001465
-0.189819 -0.482910 0.893311 -0.072632 -0.050293 0.006104
-0.186523 -0.488403 0.895874 -0.091553 -0.063354 0.008057
