0.107788 -0.219238 1.028320 -0.004517 -0.059082 0.009644
0.113525 -0.226440 1.023682 -0.003052 -0.060303 0.010376
0.120361 -0.232910 1.035889 0.009277 -0.063965 0.007080
0.113037 -0.229492 1.018188 0.019043 -0.066162 0.008179
0.116821 -0.219849 1.025391 0.031494 -0.073486 0.013428
0.134155 -0.215088 1.039307 0.086304 -0.052368 0.016846
0.126587 -0.211182 1.036743 0.039917 -0.056152 0.014404
0.124390 -0.217163 1.028320 -0.002075 -0.052490 0.024536
0.108521 -0.236694 1.007080 -0.009033 -0.046509 0.035156
0.105957 -0.228638 1.006104 -0.012329 -0.056030 0.039063
0.116333 -0.223145 1.006836 -0.008057 -0.067505 0.035767
0.127808 -0.209473 1.017578 -0.009766 -0.078979 0.026611
0.135864 -0.189453 1.010376 -0.006470 -0.086060 0.008667
0.138916 -0.189453 1.010132 -0.005615 -0.090942 -0.008423
0.150269 -0.193481 1.014038 0.004272 -0.094238 -0.023560
0.158081 -0.188110 1.027100 0.016113 -0.093872 -0.035156
0.169800 -0.185425 1.050537 0.012817 -0.092896 -0.044067
0.192871 -0.171265 1.082520 -0.006836 -0.092407 -0.050537
0.208008 -0.159058 1.098999 -0.036865 -0.070801 -0.054077
0.207886 -0.162720 1.089966 -0.054199 -0.038330 -0.065186
0.205322 -0.166748 1.084229 -0.055054 -0.019653 -0.081543
0.202393 -0.163452 1.069458 -0.051514 -0.013428 -0.094604
0.207397 -0.156860 1.064697 -0.033325 -0.008667 -0.116089
0.211792 -0.165283 1.065796 -0.031616 -0.009155 -0.139038
0.220947 -0.163208 1.070801 -0.034058 -0.009521 -0.162109
0.234985 -0.153809 1.077759 -0.031494 -0.005371 -0.184570
0.245483 -0.145630 1.062378 -0.032227 0.010132 -0.202026
0.246094 -0.148315 1.045654 -0.036621 0.030151 -0.214722
0.252197 -0.166748 1.045288 -0.044556 0.047241 -0.224243
0.261108 -0.194336 1.058105 -0.066528 0.065796 -0.231689
0.260254 -0.197021 1.067139 -0.090942 0.096313 -0.229126
0.254028 -0.200073 1.050537 -0.126831 0.133301 -0.219849
0.236572 -0.224609 1.031006 -0.159546 0.163818 -0.213745
0.224487 -0.246826 1.014282 -0.171509 0.179565 -0.213013
0.203369 -0.265625 0.996826 -0.168945 0.190308 -0.220825
0.173706 -0.288452 0.980957 -0.165283 0.193237 -0.230347
0.156860 -0.315674 0.955811 -0.167969 0.193359 -0.223389
0.137817 -0.333740 0.948975 -0.174316 0.185303 -0.217651
0.110840 -0.365356 0.925537 -0.175415 0.172607 -0.212524
0.088013 -0.404541 0.913452 -0.172485 0.145386 -0.207275
0.075195 -0.393677 0.921021 -0.098022 0.115479 -0.205688
0.084595 -0.384644 0.943359 -0.053711 0.083374 -0.199097
0.077637 -0.398682 0.953003 -0.083252 0.058105 -0.192139
0.079712 -0.395630 0.967041 -0.079956 0.054688 -0.174561
0.068726 -0.393433 0.956299 -0.110352 0.054443 -0.149414
0.055420 -0.390381 0.937866 -0.103271 0.056519 -0.135132
0.047485 -0.393799 0.941162 -0.084961 0.044067 -0.131836
0.043701 -0.392700 0.944702 -0.075806 0.021484 -0.130005
0.051880 -0.395386 0.958130 -0.056152 0.008911 -0.120972
0.058228 -0.377686 0.974243 -0.048218 -0.004639 -0.111450
0.055664 -0.373535 0.978394 -0.051514 -0.007324 -0.094971
0.057983 -0.370239 0.984985 -0.049072 -0.012207 -0.084595
0.057983 -0.377197 0.982788 -0.037964 -0.021240 -0.075439
0.062622 -0.363403 0.997925 -0.012695 -0.034668 -0.072266
0.074829 -0.361084 1.009521 0.002319 -0.045776 -0.071167
0.085815 -0.354492 1.025635 0.013062 -0.049927 -0.078369
0.083130 -0.342896 1.018433 0.017822 -0.053955 -0.092163
0.080566 -0.341431 1.018311 0.047607 -0.058960 -0.097656
0.082397 -0.342529 1.026123 0.064941 -0.065552 -0.096680
0.084839 -0.328369 1.051880 0.059326 -0.064453 -0.083252
0.083984 -0.318848 1.061157 0.022461 -0.046021 -0.055542
0.073730 -0.307495 1.050781 -0.018066 -0.014771 -0.025879
0.046631 -0.299683 1.016113 -0.050659 0.015625 -0.005493
0.018921 -0.303589 0.984009 -0.069458 0.018921 0.007935
0.000732 -0.321655 0.964966 -0.069458 -0.001587 0.016602
0.001343 -0.316162 0.966309 -0.038696 -0.038818 0.012817
0.005371 -0.308228 0.975098 0.004761 -0.079834 0.000610
0.017090 -0.300659 0.997559 0.070923 -0.117920 -0.015869
0.034546 -0.300781 1.033325 0.094360 -0.144409 -0.026978
0.046997 -0.291992 1.057373 0.089722 -0.141724 -0.015991
0.045776 -0.283936 1.054810 0.052368 -0.118042 0.010864
0.033081 -0.264282 1.025879 0.014404 -0.096680 0.041748
0.023682 -0.248901 0.997925 -0.010132 -0.078369 0.064575
0.016479 -0.233521 0.969604 -0.025024 -0.072632 0.069458
0.008423 -0.237793 0.957031 -0.028442 -0.076904 0.057983
0.000000 -0.241699 0.938721 -0.020508 -0.096558 0.041626
-0.005005 -0.241699 0.941162 -0.025879 -0.140137 0.027222
0.017334 -0.237915 0.964966 0.008179 -0.168945 0.021118
0.029907 -0.223145 0.984863 0.024414 -0.190430 0.010254
0.045776 -0.215088 0.996216 0.024658 -0.206299 -0.004395
0.069092 -0.218018 1.016846 0.036987 -0.223022 -0.023438
0.098877 -0.232788 1.068237 0.060181 -0.232788 -0.035156
0.138916 -0.248901 1.149536 0.081909 -0.214722 -0.023926
0.163208 -0.225952 1.180908 0.065918 -0.152100 0.019531
0.167114 -0.191162 1.181274 -0.002319 -0.063721 0.080566
0.148560 -0.181152 1.140259 -0.085571 0.017456 0.134644
0.120117 -0.190918 1.086548 -0.141968 0.057129 0.156250
0.106323 -0.214844 1.068237 -0.126465 0.053223 0.139282
0.104126 -0.220459 1.052002 -0.059448 0.025146 0.109619
0.100342 -0.201416 1.029663 -0.005127 -0.008667 0.080322
0.100952 -0.216064 1.010010 0.025757 -0.037964 0.053711
0.120117 -0.245728 1.067383 0.064575 -0.066650 0.042847
0.135986 -0.240234 1.100708 0.077881 -0.063599 0.061646
0.150757 -0.219604 1.114502 0.038452 -0.031982 0.098511
0.141602 -0.208740 1.086792 -0.012695 0.009277 0.135132
0.123779 -0.213501 1.051392 -0.053955 0.031128 0.156128
0.107910 -0.220459 1.016602 -0.062622 0.024536 0.160034
0.109131 -0.219360 1.017700 -0.033447 0.000610 0.146118
0.110596 -0.224854 1.015015 -0.002319 -0.034302 0.126587
0.120117 -0.224976 1.039063 0.045532 -0.065552 0.109985
0.141846 -0.212524 1.065186 0.090698 -0.083862 0.101563
0.162354 -0.176636 1.087646 0.097412 -0.084473 0.102051
0.164673 -0.164917 1.085327 0.079590 -0.065430 0.102417
0.159180 -0.166016 1.068237 0.049805 -0.043335 0.100464
0.150269 -0.165649 1.052734 0.013916 -0.021729 0.106689
0.147217 -0.188232 1.035400 -0.020752 -0.007202 0.122559
0.149414 -0.193970 1.035034 -0.022461 -0.007568 0.133057
0.156860 -0.194336 1.037354 0.001099 -0.018921 0.135864
0.166870 -0.174927 1.027832 0.022217 -0.031616 0.135742
0.173706 -0.161987 1.010620 0.032471 -0.032227 0.138306
0.178345 -0.159180 0.995483 0.019531 -0.035400 0.131592
0.185791 -0.161377 0.994385 0.004517 -0.040771 0.119873
0.191895 -0.168335 0.987427 -0.006958 -0.045776 0.109497
0.206543 -0.170166 0.990479 -0.011719 -0.052002 0.107056
0.228882 -0.157349 1.010620 -0.018555 -0.056274 0.104004
0.241455 -0.145996 1.019165 -0.026489 -0.050049 0.097534
0.244507 -0.151611 1.002075 -0.039063 -0.046021 0.079712
0.245239 -0.176514 0.999268 -0.035767 -0.047241 0.055664
0.246826 -0.192505 1.005737 -0.029907 -0.051758 0.042358
0.247803 -0.192017 0.992065 -0.023438 -0.053955 0.034668
0.248779 -0.183960 0.985596 -0.007813 -0.062622 0.019653
0.251709 -0.177002 0.980347 0.009033 -0.077026 -0.000854
0.251831 -0.187744 0.973145 0.023804 -0.090210 -0.022583
0.254028 -0.192139 0.972656 0.039795 -0.097168 -0.038940
0.258545 -0.190796 0.973022 0.031006 -0.093018 -0.051270
0.257813 -0.191162 0.975342 0.004150 -0.077515 -0.055664
0.260986 -0.188843 0.987915 -0.026245 -0.055786 -0.057861
0.254761 -0.186279 0.972412 -0.072266 -0.031860 -0.056763
0.249023 -0.197632 0.963379 -0.107910 -0.018677 -0.058350
0.238525 -0.216675 0.968750 -0.110840 -0.019165 -0.064697
0.233398 -0.226807 0.968628 -0.090454 -0.030518 -0.073608
0.237549 -0.236084 0.986694 -0.059204 -0.054443 -0.088623
0.239502 -0.238647 0.998779 -0.026367 -0.074707 -0.103027
0.244995 -0.242432 1.020630 -0.007935 -0.085327 -0.117920
0.249878 -0.224854 1.041382 0.015869 -0.086426 -0.135010
0.253662 -0.223755 1.047363 0.019165 -0.076172 -0.144287
0.260498 -0.207397 1.057739 0.004150 -0.056396 -0.144775
0.254395 -0.204224 1.051147 -0.027954 -0.023071 -0.139282
0.237793 -0.209229 1.024780 -0.068848 0.005615 -0.132690
0.221680 -0.221558 1.008301 -0.095337 0.017090 -0.134155
0.215576 -0.223511 1.007568 -0.100098 0.015625 -0.143066
0.213257 -0.231445 1.003296 -0.098511 0.011475 -0.151001
0.208130 -0.233154 0.996582 -0.094360 0.006714 -0.156006
0.207031 -0.240112 1.004517 -0.084717 0.002441 -0.159546
0.207031 -0.241577 1.010620 -0.077759 -0.004761 -0.163818
0.208008 -0.232422 1.022949 -0.071045 -0.005371 -0.167480
0.204956 -0.233032 1.024292 -0.073608 0.002563 -0.167114
0.191650 -0.228882 1.012573 -0.091431 0.011719 -0.165771
0.176514 -0.241821 1.009399 -0.107422 0.016113 -0.160522
0.170044 -0.251343 1.006958 -0.102173 0.013306 -0.162109
