0.121826 -0.205078 1.023804 -0.026733 -0.007935 0.014648
0.118164 -0.214966 1.021240 -0.023804 -0.010864 0.010376
0.120117 -0.223389 1.031982 -0.016357 -0.016357 0.013184
0.125244 -0.222534 1.036743 -0.010620 -0.019653 0.015747
0.124390 -0.221436 1.039673 -0.014038 -0.020752 0.019409
0.122925 -0.218994 1.028809 -0.023315 -0.016357 0.026733
0.117432 -0.207153 1.012085 -0.029053 -0.014648 0.030762
0.108887 -0.206665 1.007935 -0.024048 -0.018433 0.025635
0.107666 -0.198364 1.005127 -0.015991 -0.030151 0.019165
0.117676 -0.197876 1.016357 -0.012695 -0.040161 0.018921
0.131836 -0.186157 1.023560 -0.016479 -0.047119 0.016357
0.134644 -0.190063 1.035767 -0.023804 -0.045898 0.012329
0.141968 -0.188477 1.035400 -0.031494 -0.044312 0.010010
0.142456 -0.187622 1.030151 -0.035034 -0.044922 0.006592
0.144043 -0.187012 1.032471 -0.033691 -0.051392 0.000122
0.152100 -0.183350 1.036743 -0.025635 -0.056152 -0.005249
0.164063 -0.175659 1.041748 -0.021851 -0.059692 -0.012451
0.173096 -0.173218 1.046753 -0.024536 -0.064087 -0.028442
0.185181 -0.175049 1.062866 -0.019287 -0.064331 -0.041626
0.198120 -0.166748 1.074097 -0.024780 -0.060425 -0.047363
0.205811 -0.153564 1.071289 -0.028809 -0.046509 -0.051025
0.211182 -0.153931 1.062012 -0.033447 -0.031372 -0.054688
0.214966 -0.151001 1.064941 -0.036865 -0.025269 -0.065918
0.220459 -0.144775 1.070801 -0.016113 -0.023315 -0.084106
0.231201 -0.143311 1.071777 0.001587 -0.022461 -0.107178
0.238525 -0.149536 1.074341 0.004395 -0.015503 -0.125488
0.247192 -0.136597 1.075806 -0.012573 -0.004028 -0.139771
0.236694 -0.140747 1.050171 -0.043701 0.018188 -0.148804
0.230103 -0.154297 1.041260 -0.057129 0.035278 -0.159424
0.223633 -0.177734 1.028442 -0.052979 0.046021 -0.171021
0.213013 -0.199219 1.019775 -0.051758 0.050781 -0.184937
0.204224 -0.219727 1.005371 -0.055420 0.049927 -0.192993
0.203003 -0.209961 1.003418 -0.050903 0.046997 -0.197754
0.197021 -0.224365 1.013184 -0.053223 0.047974 -0.197876
0.191162 -0.222656 1.008057 -0.059082 0.046143 -0.199341
0.193848 -0.233765 1.015503 -0.065552 0.048584 -0.195801
0.192627 -0.236328 1.013550 -0.082642 0.053223 -0.192017
0.182373 -0.233643 1.000122 -0.107178 0.065796 -0.185303
0.172729 -0.221924 0.994263 -0.136841 0.073486 -0.180786
0.169800 -0.218384 0.995850 -0.164429 0.079590 -0.180542
0.175781 -0.212646 1.016235 -0.177002 0.086548 -0.188354
0.183838 -0.225098 1.039795 -0.180542 0.096802 -0.205688
0.172852 -0.246460 1.030396 -0.173706 0.118896 -0.218750
0.148682 -0.268921 1.009888 -0.167725 0.142822 -0.216675
0.121338 -0.296631 0.983765 -0.164917 0.156128 -0.209473
0.096802 -0.315796 0.959595 -0.163086 0.154297 -0.202881
0.085083 -0.365845 0.948364 -0.170654 0.141724 -0.191895
0.070679 -0.367798 0.962769 -0.138550 0.147827 -0.180664
0.057739 -0.359009 0.959839 -0.099121 0.151245 -0.168701
0.052002 -0.366943 0.958252 -0.118652 0.125000 -0.161133
0.045776 -0.380737 0.951904 -0.134644 0.113892 -0.156860
0.042969 -0.394653 0.960571 -0.138672 0.108643 -0.151611
0.048218 -0.383911 0.977783 -0.134033 0.099243 -0.146851
0.059448 -0.375732 0.987183 -0.092407 0.077637 -0.142456
0.067871 -0.369263 0.995361 -0.083008 0.072632 -0.129272
0.059448 -0.368286 0.992432 -0.112061 0.078735 -0.105957
0.046631 -0.372192 0.975220 -0.122681 0.086792 -0.083496
0.030396 -0.370483 0.953735 -0.127808 0.089111 -0.067627
0.016968 -0.361938 0.932251 -0.132813 0.078369 -0.052979
0.018799 -0.358398 0.933472 -0.104736 0.048706 -0.055420
0.033936 -0.356812 0.966919 -0.065674 0.020142 -0.062378
0.040649 -0.360962 0.992065 -0.044800 0.009155 -0.068115
0.044800 -0.359985 1.000610 -0.043579 0.010864 -0.068237
0.035767 -0.363037 0.993286 -0.053101 0.008423 -0.063477
0.025024 -0.367432 0.998169 -0.052856 -0.002808 -0.057373
0.023560 -0.364014 0.999146 -0.038574 -0.018555 -0.048828
0.021484 -0.363647 1.001343 -0.022705 -0.036987 -0.035034
0.024170 -0.350586 1.010132 -0.008667 -0.056152 -0.023193
0.034668 -0.323120 1.018433 0.004883 -0.072266 -0.008789
0.037476 -0.287354 1.013428 0.025146 -0.087524 -0.007813
0.038330 -0.260254 1.009033 0.054688 -0.102295 -0.021729
0.037720 -0.254883 1.002319 0.059082 -0.112671 -0.037354
0.033936 -0.249390 0.999512 0.031738 -0.115356 -0.041504
0.035767 -0.250977 0.993896 -0.013916 -0.111938 -0.037354
0.018066 -0.256104 0.971924 -0.041504 -0.101929 -0.033569
-0.000366 -0.264160 0.944946 -0.041260 -0.105469 -0.037354
-0.003418 -0.283447 0.947388 -0.040283 -0.140015 -0.049927
0.003784 -0.305542 0.967773 -0.015991 -0.191650 -0.072754
0.016113 -0.321167 1.011597 0.021606 -0.242188 -0.093994
0.040161 -0.324951 1.061157 0.052246 -0.279785 -0.095459
0.060425 -0.315063 1.109497 0.042480 -0.299072 -0.077637
0.078491 -0.305908 1.126709 0.001953 -0.283081 -0.045044
0.092773 -0.276978 1.118774 -0.017578 -0.228516 -0.014038
0.079468 -0.291138 1.109863 -0.105713 -0.179321 0.027100
0.078003 -0.280029 1.072388 -0.109375 -0.124756 0.080078
0.071167 -0.273315 1.033081 -0.104980 -0.102295 0.106445
0.065918 -0.255493 1.009888 -0.091309 -0.106812 0.109375
0.079590 -0.243042 1.006958 -0.055054 -0.127197 0.095825
0.091064 -0.252686 1.037720 -0.035156 -0.146240 0.071289
0.104126 -0.270996 1.073364 -0.013062 -0.152832 0.045044
0.107544 -0.281494 1.082031 0.008057 -0.135620 0.037231
0.104248 -0.294067 1.069946 -0.020264 -0.106445 0.052368
0.098145 -0.284180 1.064331 -0.053955 -0.064575 0.077637
0.082153 -0.291748 1.031006 -0.079834 -0.042236 0.121460
0.088013 -0.270630 1.021362 -0.087524 -0.043457 0.151489
0.103149 -0.247681 1.043457 -0.084473 -0.054443 0.162842
0.113892 -0.253784 1.062256 -0.052734 -0.056519 0.157349
0.134399 -0.226196 1.062500 -0.002930 -0.077759 0.139771
0.146973 -0.228271 1.066650 0.009277 -0.081665 0.127930
0.159058 -0.227173 1.085693 0.021362 -0.085449 0.123413
0.175659 -0.201416 1.101563 0.045166 -0.083618 0.123657
0.180908 -0.202271 1.082153 0.027832 -0.064941 0.130981
0.177124 -0.197144 1.071533 0.016357 -0.038452 0.143433
0.163330 -0.193848 1.056396 0.001221 -0.011719 0.159912
0.148438 -0.204590 1.028320 -0.024170 0.006836 0.169189
0.135376 -0.211792 1.006592 -0.037476 0.004883 0.167725
0.134155 -0.224976 1.008667 -0.032959 -0.010376 0.163574
0.145752 -0.213867 1.025635 -0.004272 -0.024536 0.153198
0.160767 -0.202759 1.035400 0.021240 -0.030029 0.141479
0.164795 -0.195679 1.025757 0.038086 -0.035645 0.122925
0.161011 -0.213135 1.011597 0.045410 -0.043579 0.103394
0.176147 -0.207031 1.026123 0.059814 -0.057007 0.090820
0.197021 -0.196777 1.054443 0.045410 -0.053711 0.100342
0.207275 -0.208496 1.060913 -0.000977 -0.033325 0.119263
0.204712 -0.203003 1.045166 -0.045410 -0.001587 0.132202
0.190063 -0.204468 1.009033 -0.073853 0.023682 0.131836
0.176880 -0.216431 0.981934 -0.070313 0.023926 0.123901
0.173096 -0.228027 0.981201 -0.048462 0.010254 0.115845
0.182251 -0.224731 0.993042 -0.021973 -0.007446 0.109131
0.193237 -0.220093 1.003662 -0.009155 -0.014771 0.105347
0.194336 -0.225342 1.007324 -0.013184 -0.017456 0.101685
0.207764 -0.238892 1.014526 -0.018799 -0.017456 0.094971
0.212036 -0.239258 1.006836 -0.004395 -0.015503 0.080322
0.216064 -0.235840 1.008057 0.008667 -0.017456 0.063599
0.225342 -0.232056 1.012573 0.014404 -0.022705 0.047363
0.233887 -0.224121 1.013550 0.014648 -0.023926 0.043457
0.237427 -0.219727 1.012695 0.006470 -0.019409 0.044678
0.237061 -0.212891 0.995850 -0.002441 -0.011108 0.039795
0.239746 -0.214966 0.983887 -0.012451 -0.006470 0.031738
0.234375 -0.226196 0.977173 -0.019653 -0.005249 0.017944
0.235962 -0.229736 0.961670 -0.021118 -0.012451 0.000488
0.243286 -0.228027 0.974976 -0.015625 -0.023560 -0.017334
0.251831 -0.224365 0.981567 -0.010498 -0.033081 -0.037964
0.263184 -0.218506 0.994263 -0.006470 -0.037231 -0.057983
0.266968 -0.213257 1.006958 -0.012085 -0.033813 -0.070801
0.252808 -0.228394 0.987183 -0.028809 -0.019775 -0.074463
0.235107 -0.249268 0.978882 -0.032959 -0.014648 -0.081177
0.231812 -0.243896 0.975830 -0.016846 -0.021362 -0.088501
0.222534 -0.253174 0.972656 -0.025024 -0.030029 -0.091187
0.219727 -0.244019 0.978027 -0.017822 -0.038940 -0.102905
0.226807 -0.240723 0.986450 -0.020874 -0.036743 -0.112915
0.227173 -0.252075 1.000854 -0.032837 -0.036011 -0.122681
0.229858 -0.246948 1.003418 -0.028687 -0.030762 -0.131836
0.233521 -0.248047 1.020142 -0.031250 -0.020386 -0.137451
0.236328 -0.250977 1.024292 -0.042969 -0.008057 -0.143188
0.232178 -0.262939 1.039063 -0.042603 0.004517 -0.154175
0.223267 -0.276245 1.030273 -0.052490 0.012573 -0.162354
0.216187 -0.281494 1.025635 -0.059448 0.018311 -0.162476
0.209595 -0.290649 1.021729 -0.053833 0.023438 -0.164063
0.201904 -0.293457 1.027100 -0.043701 0.027100 -0.169189
