0.140747 -0.256226 1.016846 -0.027344 -0.010132 -0.012573
0.133789 -0.258789 1.007080 -0.033569 -0.004883 -0.015991
0.131348 -0.256226 1.002197 -0.034058 -0.007690 -0.020142
0.131348 -0.252075 1.002686 -0.027222 -0.012695 -0.020630
0.135620 -0.250732 1.002441 -0.020264 -0.020386 -0.020752
0.137695 -0.246094 1.013306 -0.015381 -0.022339 -0.018921
0.132446 -0.261841 1.015625 -0.015381 -0.023315 -0.017944
0.131104 -0.262207 1.011353 -0.018311 -0.026489 -0.018433
0.134155 -0.255249 1.010986 -0.024414 -0.028076 -0.013184
0.132813 -0.249268 1.006470 -0.034546 -0.026123 -0.005371
0.128540 -0.254395 1.004028 -0.038940 -0.023438 0.000854
0.129517 -0.258911 1.002319 -0.037598 -0.026001 0.001099
0.130981 -0.258667 1.007324 -0.029419 -0.029907 -0.000488
0.131958 -0.261475 1.003540 -0.024170 -0.035156 -0.002441
0.140747 -0.259033 1.014038 -0.026611 -0.041626 -0.003662
0.146606 -0.253174 1.023926 -0.027466 -0.046631 -0.003540
0.147949 -0.251099 1.018311 -0.029785 -0.049072 -0.004028
0.157593 -0.247925 1.021851 -0.024902 -0.051147 -0.006348
0.169312 -0.238037 1.035645 -0.024902 -0.051392 -0.011353
0.174316 -0.233643 1.034058 -0.031128 -0.045532 -0.010864
0.170776 -0.233521 1.035522 -0.036011 -0.036743 -0.006104
0.171021 -0.234985 1.026855 -0.048950 -0.031128 -0.005371
0.168457 -0.235596 1.019775 -0.046997 -0.027832 -0.009888
0.173706 -0.235107 1.022339 -0.041382 -0.034790 -0.019653
0.185913 -0.214722 1.026855 -0.039185 -0.041138 -0.027344
0.192139 -0.210449 1.027222 -0.045776 -0.035156 -0.034546
0.199341 -0.206787 1.026855 -0.039429 -0.031372 -0.047974
0.207886 -0.211914 1.037598 -0.040405 -0.030273 -0.055542
0.216064 -0.209717 1.040894 -0.045654 -0.030273 -0.064697
0.226440 -0.207642 1.039917 -0.039673 -0.030884 -0.079102
0.244995 -0.194458 1.055908 -0.007690 -0.023682 -0.101074
0.246094 -0.198853 1.052124 -0.033569 -0.010132 -0.116577
0.248779 -0.207642 1.047241 -0.042114 0.013672 -0.128662
0.236694 -0.215088 1.033936 -0.047607 0.026367 -0.143311
0.224976 -0.221680 1.019287 -0.035278 0.024414 -0.170166
0.220825 -0.221802 1.020996 -0.023438 0.014771 -0.197510
0.227295 -0.221191 1.021851 -0.032349 0.011230 -0.208252
0.229004 -0.215576 1.018066 -0.056274 0.019897 -0.210938
0.231323 -0.207275 1.008179 -0.085327 0.034790 -0.213867
0.223145 -0.225708 0.993286 -0.096436 0.047363 -0.217896
0.218628 -0.261230 0.999634 -0.100586 0.051636 -0.212524
0.218994 -0.274292 1.006836 -0.099121 0.052734 -0.206909
0.213379 -0.276733 1.000366 -0.096558 0.057861 -0.197144
0.211914 -0.276611 1.004150 -0.103638 0.064697 -0.188599
0.217407 -0.288208 1.016113 -0.116333 0.074829 -0.187744
0.204468 -0.303955 1.009033 -0.122314 0.085083 -0.195068
0.199585 -0.312988 1.008911 -0.115234 0.088623 -0.200317
0.191284 -0.324707 0.994873 -0.117188 0.088623 -0.200806
0.186401 -0.335205 0.995605 -0.154663 0.081299 -0.196899
0.180908 -0.337891 1.015015 -0.194946 0.077393 -0.187500
0.178101 -0.352661 1.010620 -0.217651 0.091309 -0.162476
0.170288 -0.348145 1.002930 -0.229980 0.104980 -0.145386
0.145630 -0.364746 0.964600 -0.239258 0.108398 -0.140625
0.126831 -0.371094 0.945557 -0.199951 0.098145 -0.151733
0.118774 -0.371826 0.939697 -0.121826 0.074829 -0.168457
0.126587 -0.378296 0.951660 -0.036377 0.047729 -0.183960
0.142456 -0.362183 0.984497 0.009521 0.025879 -0.189209
0.147461 -0.346680 0.987427 0.021606 0.025269 -0.182251
0.145264 -0.338989 0.986328 0.014282 0.032837 -0.172363
0.151001 -0.331177 0.983765 -0.017578 0.041138 -0.155151
0.130127 -0.334595 0.973877 -0.064697 0.066772 -0.144165
0.125366 -0.324097 0.968506 -0.036011 0.084595 -0.136230
0.107910 -0.323120 0.951172 -0.066895 0.069458 -0.128662
0.093384 -0.330078 0.938354 -0.066895 0.069214 -0.125000
0.076172 -0.335938 0.929321 -0.109619 0.074707 -0.114258
0.055420 -0.345947 0.923218 -0.121948 0.059326 -0.103394
0.057617 -0.345825 0.926880 -0.096680 0.032227 -0.100098
0.067993 -0.360352 0.954956 -0.078735 0.010132 -0.094482
0.067993 -0.372070 0.968628 -0.071289 -0.000488 -0.084351
0.066528 -0.373047 0.977539 -0.073730 -0.007446 -0.066650
0.052979 -0.380859 0.971802 -0.078735 -0.011353 -0.053223
0.047852 -0.391724 0.963135 -0.055298 -0.014526 -0.049438
0.040405 -0.406860 0.965454 -0.041992 -0.029175 -0.043823
0.042603 -0.403687 0.982666 -0.041382 -0.041748 -0.029541
0.044800 -0.395752 0.986572 -0.053833 -0.046997 -0.013306
0.037354 -0.399658 0.975586 -0.076782 -0.053833 -0.000732
0.033691 -0.401489 0.974487 -0.069946 -0.065674 0.008301
0.034668 -0.398560 0.980469 -0.050171 -0.081909 0.018433
0.041138 -0.380859 0.993896 -0.014038 -0.101807 0.021729
0.050049 -0.371826 1.005127 0.033936 -0.124146 0.023315
0.066162 -0.346313 1.029785 0.055176 -0.143677 0.031128
0.073242 -0.335083 1.039429 0.065796 -0.149048 0.040283
0.077393 -0.325195 1.034912 0.067261 -0.147705 0.047729
0.079956 -0.322266 1.025269 0.056519 -0.146240 0.061035
0.082397 -0.322754 1.030884 0.040527 -0.145752 0.076172
0.089722 -0.311523 1.030640 0.037354 -0.143921 0.086060
0.092896 -0.305054 1.031982 0.049927 -0.140991 0.089600
0.098022 -0.304443 1.032227 0.053711 -0.139282 0.097046
0.107910 -0.288452 1.029785 0.037720 -0.137695 0.109741
0.115234 -0.265991 1.024414 0.031128 -0.133057 0.118286
0.109619 -0.261108 1.011719 0.033569 -0.126587 0.122803
0.104736 -0.269287 0.998047 0.042358 -0.125366 0.125244
0.118530 -0.259521 1.007813 0.059448 -0.125610 0.127563
0.128296 -0.253906 1.020630 0.076660 -0.113647 0.137573
0.120361 -0.268677 1.009888 0.074951 -0.087646 0.166138
0.113647 -0.298706 0.999023 0.101563 -0.055542 0.202026
0.108276 -0.271240 1.013672 0.109863 -0.046265 0.220215
0.109497 -0.285034 1.024048 0.088989 -0.034912 0.228149
0.112183 -0.286133 1.035522 0.058350 -0.024414 0.210449
0.101929 -0.301025 1.038452 0.053955 -0.054932 0.204224
0.152954 -0.302979 1.105835 0.082275 -0.084839 0.195679
0.165649 -0.265381 1.115967 0.087158 -0.116577 0.159424
0.178101 -0.242432 1.120483 0.072144 -0.099609 0.145142
0.170898 -0.234985 1.117798 0.031616 -0.073975 0.144409
0.164185 -0.227417 1.110474 -0.000610 -0.047607 0.139648
0.147095 -0.240234 1.072998 -0.033081 -0.021729 0.135254
0.120728 -0.259033 1.034912 -0.054565 -0.008545 0.135132
0.111206 -0.277100 1.030029 -0.045654 -0.010010 0.150635
0.111084 -0.285767 1.031128 -0.020264 -0.020874 0.166626
0.111816 -0.286865 1.021484 -0.003662 -0.033447 0.170654
0.116089 -0.284058 1.022461 0.011108 -0.048096 0.171021
0.124146 -0.269775 1.028320 0.023438 -0.056885 0.168945
0.134521 -0.251587 1.026855 0.033691 -0.054199 0.171143
0.134033 -0.255371 1.022705 0.035889 -0.050293 0.178711
0.152100 -0.248169 1.046875 0.044556 -0.055908 0.180786
0.161255 -0.245605 1.066284 0.044434 -0.051514 0.190552
0.167847 -0.245850 1.065674 0.040161 -0.039673 0.196167
0.169312 -0.229248 1.062256 0.036621 -0.030762 0.194336
0.171509 -0.223511 1.050293 0.031372 -0.017578 0.193359
0.166504 -0.218506 1.043457 0.022339 -0.008789 0.190796
0.164063 -0.214478 1.032593 0.022217 -0.008545 0.184937
0.178467 -0.211304 1.043823 0.038452 -0.009521 0.180420
0.186157 -0.200562 1.042725 0.036499 -0.007446 0.178223
0.197021 -0.186890 1.047974 0.037964 0.004639 0.173218
0.192993 -0.182495 1.035156 0.039673 0.019409 0.161621
0.194092 -0.177246 1.015869 0.039917 0.026489 0.150757
0.189087 -0.177979 1.008789 0.028442 0.029419 0.140747
0.185669 -0.179688 1.002930 0.030273 0.032104 0.126831
0.193604 -0.180054 1.001587 0.029175 0.033203 0.115112
0.199463 -0.187988 1.009888 0.018921 0.032471 0.110107
0.197266 -0.197266 1.018433 0.011230 0.033325 0.102905
0.200317 -0.209229 1.011963 0.011230 0.034180 0.091431
0.192383 -0.221436 1.002197 0.007813 0.034668 0.083740
0.194092 -0.219727 0.989624 0.007202 0.031372 0.080200
0.194336 -0.219849 0.978394 0.004272 0.023804 0.075806
0.198730 -0.228882 0.980347 0.013428 0.016968 0.066528
0.206909 -0.226440 0.987549 0.020142 0.008057 0.055176
0.206909 -0.235840 0.988403 0.016602 0.002319 0.046997
0.210938 -0.233154 0.996338 0.008545 -0.000366 0.040771
0.213135 -0.239502 0.989502 0.001587 0.002563 0.031372
0.208618 -0.243286 0.975830 -0.006714 0.004639 0.020264
0.204346 -0.242188 0.968262 -0.010498 -0.003906 0.007202
0.212646 -0.236328 0.971680 -0.002808 -0.012817 -0.002197
0.223022 -0.230225 0.982056 0.005005 -0.016602 -0.010864
0.229248 -0.233643 0.990845 -0.005371 -0.014282 -0.017822
0.230957 -0.238403 0.986450 -0.018188 -0.007935 -0.016968
0.234131 -0.236816 0.984009 -0.018677 -0.002686 -0.020020
0.237061 -0.234131 0.991943 -0.013184 -0.002075 -0.027344
0.239624 -0.224243 0.996460 0.003418 0.001465 -0.038208
0.230225 -0.230591 0.984253 0.010010 0.005249 -0.048462
