0.136475 -0.180298 1.032959 -0.032715 -0.022461 0.006958
0.138794 -0.182007 1.025757 -0.032104 -0.019165 -0.002686
0.133789 -0.180054 1.020386 -0.030640 -0.017212 -0.001343
0.135620 -0.176147 1.017944 -0.037842 -0.016846 0.005005
0.133057 -0.168091 1.015991 -0.048584 -0.020264 0.007446
0.131470 -0.174194 1.001099 -0.055908 -0.023071 0.012573
0.127319 -0.187500 1.000610 -0.055786 -0.029175 0.015137
0.131470 -0.195190 0.999146 -0.058838 -0.038208 0.014526
0.145630 -0.179932 1.016724 -0.059204 -0.047607 0.011841
0.147705 -0.172852 1.028442 -0.067749 -0.046143 0.008057
0.148193 -0.184082 1.026978 -0.060669 -0.039429 0.000366
0.149048 -0.190674 1.030396 -0.053345 -0.036255 -0.005371
0.145508 -0.200806 1.030273 -0.073975 -0.037720 -0.003296
0.145996 -0.200439 1.023560 -0.072144 -0.035522 -0.010498
0.145996 -0.184937 1.027710 -0.072266 -0.037109 -0.018921
0.153442 -0.181763 1.020874 -0.053711 -0.036377 -0.034912
0.157959 -0.175415 1.026123 -0.041382 -0.041260 -0.054443
0.159790 -0.182861 1.032349 -0.034180 -0.041016 -0.058716
0.165161 -0.184326 1.030884 -0.029663 -0.038086 -0.062500
0.174316 -0.186035 1.036255 -0.037598 -0.036011 -0.068359
0.184814 -0.181519 1.044922 -0.051514 -0.032227 -0.077148
0.180664 -0.186401 1.043701 -0.065308 -0.023804 -0.088135
0.175659 -0.202026 1.030640 -0.053711 -0.013672 -0.095703
0.169067 -0.213623 1.025269 -0.047974 -0.012207 -0.097534
0.176147 -0.212891 1.025513 -0.036743 -0.017212 -0.097534
0.196411 -0.203735 1.057373 -0.019409 -0.026001 -0.101685
0.203125 -0.217407 1.059692 -0.070801 -0.029907 -0.105713
0.204590 -0.212769 1.061768 -0.069092 -0.016724 -0.110718
0.203003 -0.211182 1.054932 -0.042236 -0.006592 -0.121582
0.180786 -0.226807 1.021240 -0.071167 -0.012573 -0.124634
0.180786 -0.220703 1.018921 -0.034058 -0.015503 -0.117554
0.184814 -0.216919 1.013794 -0.043091 -0.021240 -0.106934
0.196777 -0.205444 1.018677 -0.082275 -0.023315 -0.105225
0.195190 -0.210815 1.022339 -0.095215 -0.015503 -0.111572
0.196899 -0.223633 1.026733 -0.088989 -0.005859 -0.121460
0.185303 -0.236328 1.015991 -0.085205 0.003662 -0.129028
0.174072 -0.257813 1.011719 -0.093750 0.005249 -0.130005
0.171997 -0.279175 1.006592 -0.106934 0.001465 -0.127197
0.170654 -0.299316 1.011719 -0.099609 0.000366 -0.117798
0.162354 -0.312012 1.013550 -0.086060 -0.000732 -0.109253
0.154541 -0.301636 1.012695 -0.066650 -0.002930 -0.102905
0.150879 -0.305786 1.008179 -0.056519 -0.005371 -0.088013
0.156494 -0.285889 1.009399 -0.049805 -0.006470 -0.075562
0.149658 -0.283569 1.006104 -0.048218 0.002930 -0.061523
0.143677 -0.295654 1.002197 -0.054688 0.005249 -0.061157
0.144409 -0.293213 1.021606 -0.055420 0.000977 -0.065918
0.140747 -0.314819 1.027344 -0.053955 -0.000366 -0.072021
0.137085 -0.315918 1.024658 -0.032837 -0.012695 -0.078003
0.136719 -0.307861 1.025391 -0.012817 -0.024536 -0.081909
0.141357 -0.294189 1.025269 -0.020142 -0.032104 -0.077881
0.140747 -0.280884 1.033081 -0.029785 -0.030640 -0.070801
0.140991 -0.277710 1.026489 -0.043701 -0.022217 -0.060547
0.140625 -0.280396 1.024414 -0.049927 -0.012939 -0.053955
0.130859 -0.286865 1.017456 -0.074829 -0.003296 -0.048950
0.121460 -0.290649 1.019165 -0.042236 0.021973 -0.050781
0.115967 -0.285645 1.007568 -0.031372 0.015259 -0.049805
0.119995 -0.286621 1.009888 -0.050537 0.002808 -0.044434
0.122925 -0.282349 1.013916 -0.071777 0.000732 -0.038452
0.132202 -0.268311 1.008667 -0.103149 0.008057 -0.035034
0.130249 -0.260620 1.018555 -0.088501 0.003174 -0.042603
0.127075 -0.260742 1.031738 -0.093262 0.002808 -0.055298
0.124268 -0.277954 1.047974 -0.099243 0.019165 -0.055664
0.099121 -0.304199 1.042480 -0.114868 0.041870 -0.055542
0.077026 -0.333252 1.030273 -0.150146 0.055298 -0.048950
0.064209 -0.340210 1.015381 -0.153564 0.061401 -0.034790
0.057373 -0.348267 1.001831 -0.146729 0.060669 -0.014648
0.065552 -0.339111 1.002686 -0.160522 0.045898 0.000244
0.079224 -0.321655 1.007202 -0.153931 0.034668 0.004028
0.093750 -0.293457 1.010498 -0.127441 0.025024 0.002441
0.091187 -0.263672 1.002319 -0.107300 0.026489 0.002197
0.082520 -0.258911 0.989380 -0.087036 0.035645 0.000366
0.079468 -0.237915 0.971558 -0.083374 0.046875 0.002197
0.067749 -0.227783 0.948120 -0.083618 0.061035 0.004639
0.051270 -0.242920 0.919434 -0.076416 0.065186 0.001343
0.041504 -0.263184 0.916626 -0.067261 0.048950 -0.005615
0.036377 -0.286499 0.922119 -0.062744 0.020142 -0.005859
0.038330 -0.300415 0.940063 -0.044678 -0.011719 -0.007690
0.056030 -0.302734 0.976196 -0.018433 -0.038452 -0.008423
0.062012 -0.299316 1.005249 0.002075 -0.046143 -0.004761
0.060059 -0.296997 1.008301 -0.000366 -0.036743 0.004150
0.052734 -0.287476 0.996338 -0.029663 -0.020874 0.020752
0.033936 -0.287598 0.979126 -0.069092 -0.007935 0.036987
0.012085 -0.303223 0.958618 -0.078491 -0.010498 0.048462
-0.000244 -0.312988 0.957764 -0.075562 -0.030640 0.051392
-0.002563 -0.317627 0.980103 -0.044434 -0.066895 0.049683
0.014160 -0.322144 1.012329 -0.018555 -0.103760 0.044556
0.028198 -0.323486 1.035767 0.003784 -0.127197 0.043213
0.031982 -0.308960 1.034302 0.007202 -0.132935 0.054321
0.035278 -0.295654 1.040527 -0.015137 -0.125000 0.071655
0.036621 -0.289795 1.036133 -0.039185 -0.109741 0.084229
0.035767 -0.282104 1.023560 -0.069214 -0.091309 0.088867
0.022339 -0.304199 1.008423 -0.132568 -0.085205 0.083862
0.021851 -0.274170 0.994385 -0.169556 -0.079346 0.081543
0.033691 -0.225342 0.999268 -0.132813 -0.083496 0.062744
0.031250 -0.246704 0.998657 -0.040527 -0.061279 0.042969
0.035767 -0.269043 1.009644 -0.008545 -0.053101 0.015137
0.046143 -0.276367 1.056274 0.010010 -0.107788 -0.010864
0.073975 -0.289551 1.110474 0.058228 -0.146973 -0.016846
0.106079 -0.271362 1.161987 0.087036 -0.155762 0.002930
0.138794 -0.250732 1.225342 0.090942 -0.125732 0.043945
0.166870 -0.202148 1.223389 0.083618 -0.084473 0.086792
0.160889 -0.189087 1.199219 0.016602 -0.021118 0.124023
0.150024 -0.183350 1.158936 -0.013428 0.030762 0.140625
0.128296 -0.201294 1.108887 -0.026367 0.059692 0.142822
0.098877 -0.231445 1.052368 -0.038940 0.059326 0.143677
0.087158 -0.260010 1.030396 -0.017944 0.040649 0.140991
0.089966 -0.260254 1.031372 0.005127 0.013306 0.142578
0.096802 -0.271851 1.041748 0.003906 -0.004272 0.152100
0.114014 -0.262939 1.049805 0.010864 -0.012451 0.155640
0.126099 -0.245239 1.048828 0.027954 -0.007568 0.160156
0.127808 -0.237183 1.044800 0.034668 0.005371 0.157471
0.131226 -0.233276 1.033447 0.020142 0.010742 0.157227
0.128662 -0.230469 1.015991 -0.006104 0.011353 0.159058
0.128296 -0.230469 0.995972 -0.020996 0.012451 0.163696
0.123657 -0.239624 0.974243 -0.025146 0.005859 0.169922
0.130005 -0.250488 0.974487 -0.017334 -0.016479 0.174316
0.147095 -0.238770 0.992676 0.000122 -0.050293 0.172607
0.179077 -0.233154 0.994995 0.023315 -0.072510 0.168457
0.210693 -0.219360 1.034180 0.025757 -0.081665 0.167725
0.230469 -0.203491 1.048218 0.024780 -0.073120 0.159790
0.227051 -0.189209 1.021729 0.026001 -0.056274 0.142212
0.227905 -0.177612 1.008301 0.026855 -0.047241 0.120605
0.228394 -0.198730 1.012817 0.021118 -0.038208 0.104736
0.229370 -0.213623 1.002563 0.015259 -0.025269 0.106079
0.231812 -0.224487 0.992310 -0.000244 -0.021973 0.119141
0.244019 -0.214478 0.987793 -0.003784 -0.030151 0.123291
0.266846 -0.204834 0.999146 -0.000977 -0.039795 0.115967
0.291260 -0.179077 1.010986 0.012207 -0.047119 0.089478
0.294556 -0.176636 1.003296 0.028687 -0.042114 0.053833
0.285889 -0.178589 0.986328 0.040894 -0.037720 0.017456
0.275024 -0.187500 0.963257 0.032715 -0.038940 -0.005249
0.276489 -0.181519 0.959229 0.016235 -0.040161 -0.016968
0.274780 -0.181885 0.952637 -0.006348 -0.037476 -0.026489
0.274048 -0.182495 0.949707 -0.004517 -0.036987 -0.045288
0.272827 -0.187500 0.949097 -0.011719 -0.041626 -0.066284
0.269165 -0.194946 0.948486 0.007080 -0.042358 -0.082764
0.269165 -0.202515 0.955444 0.008545 -0.046753 -0.100586
0.269531 -0.218140 0.966797 -0.003418 -0.046875 -0.116577
0.259766 -0.223633 0.967529 -0.015991 -0.040283 -0.130859
0.254517 -0.236206 0.972778 -0.029907 -0.036621 -0.144287
0.246094 -0.244263 0.980347 -0.021362 -0.034668 -0.155762
0.243408 -0.233154 0.985107 -0.011963 -0.029419 -0.164429
0.240479 -0.240356 0.997437 -0.031738 -0.026123 -0.177979
0.235352 -0.242920 1.005493 -0.033936 -0.014404 -0.188721
0.224976 -0.244019 0.998535 -0.020508 0.000610 -0.201782
0.211914 -0.250488 0.993408 -0.010376 0.016968 -0.217529
0.199585 -0.255127 0.992554 -0.005615 0.020752 -0.231445
0.189697 -0.254517 0.995483 0.014282 0.019409 -0.242432
0.189575 -0.256470 1.007690 0.012573 0.010132 -0.248413
0.186768 -0.263428 1.024780 0.011597 0.013428 -0.243774
