0.041992 -0.315430 1.062134 -0.332886 -0.099487 -0.213257
0.067749 -0.266724 1.055786 -0.345459 -0.069092 -0.167969
0.062134 -0.302002 1.037842 -0.271362 -0.003662 -0.114014
0.051025 -0.270630 0.972168 -0.179199 0.013794 -0.124512
0.028442 -0.298828 0.957153 -0.101807 -0.007446 -0.172363
0.035034 -0.288818 0.926636 0.009766 -0.052734 -0.234375
0.056396 -0.265259 0.917603 0.058716 -0.102173 -0.296509
0.067871 -0.295288 0.960571 0.046753 -0.129639 -0.348511
0.050171 -0.366089 0.998291 0.067261 -0.100952 -0.346924
0.030396 -0.390991 0.972412 0.030518 -0.044189 -0.269653
-0.005981 -0.420166 0.931396 -0.058716 0.008667 -0.159668
-0.020508 -0.417114 0.883301 -0.111206 0.024170 -0.078613
-0.018921 -0.442139 0.886353 -0.147339 0.006958 -0.026367
0.002563 -0.446899 0.900757 -0.163940 -0.022339 -0.007324
0.027222 -0.465820 0.925415 -0.106079 -0.046265 -0.026123
0.019897 -0.501709 0.936646 -0.006592 -0.071167 -0.073486
-0.005249 -0.546387 0.936157 0.070313 -0.099609 -0.111816
-0.029297 -0.599121 0.944336 0.106323 -0.121704 -0.103027
-0.027344 -0.597778 0.941528 0.100708 -0.142700 -0.070801
-0.015747 -0.588013 0.942749 0.053345 -0.142456 -0.032471
-0.025879 -0.617920 0.941895 -0.046753 -0.146851 0.006714
-0.037964 -0.637207 0.942749 -0.143433 -0.179810 0.033325
-0.010864 -0.620850 0.965454 -0.171997 -0.225220 0.045532
0.007690 -0.575195 0.968628 -0.153198 -0.248413 0.067871
0.028076 -0.525024 0.943970 -0.103394 -0.234619 0.092285
0.052368 -0.495972 0.959473 -0.076782 -0.204956 0.090332
0.049072 -0.518188 0.969971 -0.107544 -0.173950 0.090698
0.040771 -0.566284 0.982300 -0.128052 -0.145142 0.099854
0.039673 -0.590576 0.991943 -0.129517 -0.137939 0.123291
0.039429 -0.583740 0.984619 -0.117065 -0.126099 0.167969
0.044556 -0.593140 0.984375 -0.082275 -0.090942 0.236328
0.033203 -0.593140 0.972046 -0.074097 -0.065918 0.293945
0.006958 -0.597290 0.940796 -0.090088 -0.066040 0.340576
0.024780 -0.562866 0.946533 -0.070923 -0.078613 0.372314
0.027710 -0.528076 0.947632 -0.058594 -0.079102 0.403931
0.021118 -0.481445 0.925903 -0.054688 -0.080688 0.419312
0.027588 -0.439819 0.923828 -0.045288 -0.092041 0.421265
0.042236 -0.444458 0.951904 -0.075317 -0.092285 0.437988
0.049805 -0.449341 0.985229 -0.103760 -0.066528 0.457153
0.041138 -0.439331 0.980225 -0.152588 -0.045166 0.483887
0.064575 -0.416382 1.000122 -0.174316 -0.047241 0.508301
0.116333 -0.376953 1.040161 -0.161987 -0.052612 0.522217
0.137573 -0.345825 1.080444 -0.120605 -0.038452 0.521851
0.156738 -0.291626 1.077515 -0.059326 -0.028076 0.508545
0.152100 -0.246460 1.055908 -0.009277 -0.022339 0.474854
0.147339 -0.223145 1.054443 0.052856 -0.032837 0.426147
0.164673 -0.176880 1.051514 0.112793 -0.046509 0.394043
0.186035 -0.143311 1.055298 0.127930 -0.034180 0.386719
0.190063 -0.095093 1.028564 0.099976 -0.015869 0.376953
0.187988 -0.043335 0.978638 0.056885 -0.010376 0.365356
0.203857 -0.023804 0.985718 0.015015 -0.024292 0.341187
0.251343 -0.014282 1.036377 0.001343 -0.044189 0.306030
0.279663 -0.015625 1.076538 -0.008057 -0.046265 0.263550
0.299316 -0.005127 1.088013 -0.017822 -0.028564 0.216919
0.299561 -0.016724 1.091919 -0.025146 -0.010620 0.165405
0.319458 0.005371 1.092896 -0.010864 -0.001953 0.120239
0.310913 -0.008179 1.061035 -0.017334 0.023193 0.090820
0.291504 -0.023560 1.018555 -0.015747 0.042480 0.051880
0.288086 -0.042480 0.988403 0.008789 0.031128 -0.009033
0.305298 -0.048340 0.981934 0.051025 -0.004761 -0.089600
0.325806 -0.046631 0.984131 0.098877 -0.034302 -0.170288
0.338623 -0.056885 0.989380 0.103516 -0.033691 -0.221069
0.322266 -0.088257 0.964478 0.019775 -0.007446 -0.230957
0.310059 -0.095459 0.948120 -0.050781 0.017944 -0.232910
0.331177 -0.107910 0.964600 -0.101440 0.030273 -0.237549
0.341919 -0.145142 0.981567 -0.149048 0.046143 -0.254395
0.330200 -0.188599 0.961914 -0.168335 0.068115 -0.290527
0.305054 -0.247681 0.956909 -0.180298 0.079956 -0.341431
0.285889 -0.304443 0.939331 -0.180908 0.084839 -0.381470
0.288086 -0.334595 0.963501 -0.187744 0.088257 -0.415039
0.279297 -0.352905 0.964355 -0.199097 0.107666 -0.447632
0.249146 -0.356567 0.931152 -0.207886 0.125122 -0.490845
0.200562 -0.395264 0.919189 -0.225464 0.125244 -0.537964
0.151978 -0.421143 0.903564 -0.255249 0.108276 -0.576294
0.096069 -0.491577 0.907715 -0.310547 0.099854 -0.578247
0.085938 -0.477051 0.889771 -0.345947 0.095215 -0.568115
0.049927 -0.455444 0.933960 -0.440308 0.163086 -0.558472
-0.013062 -0.510742 0.907104 -0.414673 0.144409 -0.526367
-0.045654 -0.513550 0.899902 -0.381592 0.128296 -0.512573
-0.074707 -0.539551 0.901489 -0.393066 0.107300 -0.488281
-0.128174 -0.591309 0.899170 -0.371704 0.101563 -0.467407
-0.106812 -0.529663 0.912964 -0.326538 0.067383 -0.447754
-0.134888 -0.532593 0.926147 -0.276489 0.037354 -0.419067
-0.150146 -0.533813 0.965454 -0.270386 0.037842 -0.385864
-0.140137 -0.485107 0.977295 -0.282715 0.043579 -0.348267
-0.169556 -0.488159 0.975220 -0.296997 0.061157 -0.308350
-0.226685 -0.520874 0.964478 -0.335815 0.089844 -0.276733
-0.243530 -0.492310 0.962158 -0.286865 0.087158 -0.265747
-0.232300 -0.499756 1.014282 -0.174805 0.033569 -0.256714
-0.182861 -0.487671 1.102295 -0.156860 -0.002075 -0.231445
-0.170532 -0.498535 1.166992 -0.182617 0.029663 -0.176880
-0.178223 -0.501221 1.181396 -0.213135 0.069580 -0.120117
-0.182495 -0.492432 1.173950 -0.224854 0.074829 -0.069458
-0.159668 -0.453613 1.187256 -0.180542 0.063599 -0.031860
-0.116821 -0.433838 1.197388 -0.130005 0.063477 0.002197
-0.067261 -0.408203 1.192871 -0.097412 0.074219 0.033691
-0.030518 -0.363403 1.171997 -0.106445 0.088867 0.044189
-0.011597 -0.323730 1.116943 -0.121216 0.103027 0.031128
-0.014160 -0.333740 1.069336 -0.123047 0.101440 0.002441
-0.007324 -0.393555 1.075684 -0.086060 0.083008 -0.036621
-0.035645 -0.468628 1.074097 -0.063843 0.067749 -0.045410
-0.063721 -0.540283 1.064941 -0.040283 0.054688 -0.017578
-0.046997 -0.531250 1.066895 -0.014526 0.032715 0.026489
-0.033936 -0.519775 1.069092 -0.019409 0.022217 0.080078
-0.000122 -0.487061 1.086060 -0.036987 0.013794 0.112183
0.032349 -0.471436 1.135864 -0.061646 0.014038 0.119751
0.044189 -0.442749 1.127197 -0.070068 0.022339 0.115112
0.019043 -0.455444 1.113037 -0.059326 0.043335 0.104004
0.006714 -0.457764 1.109741 -0.006104 0.041260 0.075806
-0.012207 -0.453247 1.076416 0.071411 0.024536 0.041504
-0.021484 -0.431885 1.047119 0.169678 0.002075 0.013672
-0.033203 -0.404297 1.020752 0.236084 -0.012939 0.012085
-0.046753 -0.400024 0.985229 0.266602 -0.019653 0.052856
-0.029663 -0.381104 0.983887 0.259277 -0.024536 0.097290
-0.014282 -0.363647 0.980225 0.204590 -0.023193 0.132324
0.012329 -0.355469 0.994019 0.143066 -0.008179 0.149170
0.013672 -0.338623 0.966553 0.084717 0.014526 0.137573
-0.037842 -0.378174 0.902100 0.062622 0.016479 0.109619
-0.083740 -0.425049 0.826416 0.130981 -0.028076 0.074829
-0.062988 -0.439209 0.836426 0.237793 -0.109741 0.034912
-0.007935 -0.423950 0.861694 0.335693 -0.184692 0.006104
0.041504 -0.389038 0.880127 0.410889 -0.220581 -0.003540
0.059082 -0.386108 0.868286 0.408081 -0.214478 0.021606
0.100952 -0.404419 0.865601 0.307251 -0.176025 0.083252
0.150391 -0.432861 0.902344 0.123413 -0.108276 0.146606
0.128540 -0.473999 0.878174 -0.060913 -0.029541 0.182495
0.072998 -0.544067 0.816528 -0.121704 0.001099 0.174194
0.042114 -0.588013 0.779053 -0.061401 -0.037842 0.127808
0.063599 -0.581543 0.781860 0.042725 -0.103760 0.079956
0.092773 -0.556396 0.787354 0.123779 -0.143188 0.061768
0.114014 -0.552979 0.791260 0.144287 -0.142822 0.077393
0.095947 -0.566284 0.767700 0.117554 -0.127319 0.102295
0.070190 -0.570923 0.714478 0.070435 -0.127808 0.139404
0.103638 -0.573120 0.730347 0.027100 -0.149414 0.167969
0.153564 -0.564453 0.778931 -0.016479 -0.172974 0.158203
0.162231 -0.568481 0.789551 -0.025146 -0.185425 0.122437
0.167480 -0.579346 0.795044 0.038940 -0.203979 0.054688
0.163818 -0.611572 0.804443 0.099854 -0.224731 -0.019897
0.154907 -0.651978 0.838501 0.123047 -0.226807 -0.059448
0.128052 -0.705444 0.839722 0.106689 -0.194214 -0.032593
0.104858 -0.716064 0.819824 0.060059 -0.149902 0.052002
0.094971 -0.663086 0.779297 -0.002075 -0.107910 0.159424
0.083130 -0.628540 0.749756 -0.046265 -0.073608 0.264282
0.109131 -0.629761 0.765991 -0.065430 -0.063721 0.332642
0.120117 -0.643433 0.826050 -0.084106 -0.067627 0.327881
0.087402 -0.653442 0.803955 -0.074707 -0.074097 0.296875
0.031860 -0.681885 0.755615 -0.023682 -0.100098 0.272461
0.014893 -0.640503 0.729492 0.040039 -0.164307 0.231934
0.019043 -0.638550 0.728394 0.111816 -0.236084 0.198608
0.057495 -0.611450 0.765381 0.173706 -0.296387 0.164551
