0.144287 -0.346802 1.045410 -0.034546 0.052979 -0.207275
0.120117 -0.367798 0.973999 -0.084717 0.082886 -0.200684
0.113647 -0.353027 0.959961 -0.161255 0.084717 -0.218384
0.083740 -0.413330 0.942139 -0.152222 0.071167 -0.249878
0.025513 -0.479126 0.914307 -0.080322 0.031616 -0.283447
0.024902 -0.480103 0.928223 0.029297 -0.037476 -0.303101
0.068726 -0.407349 0.950928 0.120972 -0.080322 -0.295288
0.078613 -0.371094 0.957642 0.117676 -0.063477 -0.260742
0.060059 -0.364258 0.936401 0.045532 -0.022095 -0.217041
0.015991 -0.380371 0.898804 -0.039795 0.011719 -0.168335
-0.031128 -0.419800 0.870117 -0.080078 0.011230 -0.126953
-0.035034 -0.467896 0.874268 -0.080200 -0.024170 -0.097412
0.004761 -0.477417 0.921753 -0.073242 -0.065918 -0.092651
0.034058 -0.473389 0.963013 -0.054199 -0.094849 -0.119751
0.046143 -0.464722 0.974121 -0.007324 -0.107666 -0.159180
0.036377 -0.458252 0.965820 0.036011 -0.107666 -0.187012
-0.013794 -0.482544 0.869751 0.041992 -0.104614 -0.186157
0.055054 -0.464111 1.008789 0.090942 -0.098389 -0.187622
0.017456 -0.526978 0.972290 0.022949 -0.068115 -0.145386
-0.009399 -0.562866 0.945435 -0.042358 -0.052002 -0.113525
-0.033936 -0.616821 0.939697 -0.041138 -0.050781 -0.084717
-0.047241 -0.664551 0.938599 -0.040771 -0.069092 -0.052979
-0.036255 -0.708130 0.968262 -0.026611 -0.093140 -0.021851
-0.029663 -0.746948 0.998779 -0.003052 -0.110962 0.006470
-0.029297 -0.764160 0.989014 0.047607 -0.132446 0.041016
-0.031128 -0.776123 0.981812 0.082031 -0.150269 0.081543
-0.007813 -0.755249 0.985596 0.122070 -0.178345 0.123413
0.022339 -0.702637 0.984253 0.159790 -0.193359 0.161499
0.045776 -0.649658 0.967407 0.171875 -0.187866 0.195679
0.068726 -0.608032 0.970337 0.144897 -0.173340 0.226196
0.063354 -0.613281 0.974731 0.097412 -0.147339 0.266724
0.064697 -0.597778 0.957397 0.060303 -0.123779 0.312866
0.078979 -0.553589 0.933472 0.033447 -0.109009 0.351318
0.088989 -0.541016 0.939819 -0.002075 -0.101563 0.376343
0.075195 -0.541138 0.922974 -0.037598 -0.094604 0.391235
0.062256 -0.537720 0.905151 -0.058105 -0.089844 0.411255
0.067261 -0.509155 0.897461 -0.059082 -0.094238 0.426636
0.071533 -0.488525 0.881104 -0.034668 -0.095459 0.435303
0.066528 -0.481812 0.893433 -0.039673 -0.105835 0.435547
0.073364 -0.470825 0.914551 -0.039917 -0.122437 0.436157
0.101440 -0.447510 0.941040 -0.046997 -0.129639 0.449097
0.111450 -0.423340 0.963623 -0.065063 -0.124512 0.469727
0.108643 -0.402344 0.946533 -0.083252 -0.111084 0.498169
0.123047 -0.348877 0.952271 -0.085083 -0.110352 0.509399
0.144653 -0.315308 0.966675 -0.086914 -0.115479 0.505249
0.163330 -0.287720 1.004028 -0.105103 -0.113647 0.492798
0.169312 -0.266357 1.008301 -0.117432 -0.112549 0.474609
0.173096 -0.248657 1.008667 -0.123657 -0.117065 0.452515
0.175537 -0.262085 1.016357 -0.134155 -0.120850 0.436768
0.208862 -0.215088 1.027832 -0.111084 -0.129761 0.419434
0.215942 -0.187012 1.029541 -0.095581 -0.112061 0.411255
0.217163 -0.173950 1.011963 -0.103882 -0.090088 0.405273
0.224609 -0.159546 1.017090 -0.106689 -0.085327 0.379883
0.231079 -0.151611 1.030396 -0.093262 -0.083740 0.343140
0.240967 -0.144531 1.023804 -0.065430 -0.080200 0.308960
0.244995 -0.141602 1.019165 -0.031006 -0.077393 0.269897
0.255371 -0.128418 1.028931 -0.001099 -0.082275 0.236206
0.274780 -0.116577 1.035767 0.012573 -0.077759 0.214111
0.309082 -0.099487 1.044678 0.008301 -0.060425 0.196411
0.338135 -0.081665 1.059692 -0.035767 -0.025391 0.171631
0.335693 -0.086670 1.041870 -0.075562 0.011597 0.132324
0.313721 -0.116455 1.011597 -0.088013 0.028442 0.081177
0.308472 -0.151489 1.005371 -0.075684 0.022461 0.029053
0.330811 -0.151855 1.008179 -0.041992 0.013672 -0.020630
0.359497 -0.148926 1.009277 -0.018066 0.020996 -0.064087
0.376587 -0.150146 0.998901 -0.028320 0.046143 -0.102783
0.377808 -0.168823 0.990234 -0.085449 0.086304 -0.134399
0.357422 -0.218994 0.969116 -0.157959 0.135742 -0.159912
0.326782 -0.262573 0.927612 -0.201172 0.174072 -0.189331
0.298462 -0.273804 0.890625 -0.217773 0.189697 -0.220337
0.259521 -0.317017 0.836426 -0.246460 0.200562 -0.237305
0.244019 -0.297852 0.798096 -0.260498 0.185303 -0.269897
0.218506 -0.299805 0.771484 -0.255249 0.147095 -0.322021
0.201050 -0.337402 0.803833 -0.203369 0.083252 -0.382690
0.232300 -0.319824 0.873047 -0.124146 0.020752 -0.440186
0.262329 -0.320923 0.928345 -0.113770 0.018677 -0.445068
0.254272 -0.302856 0.938110 -0.190796 0.059204 -0.433594
0.201538 -0.333618 0.895386 -0.282471 0.109375 -0.427979
0.207886 -0.344849 0.981201 -0.287476 0.142334 -0.445313
0.125977 -0.421021 0.947876 -0.412964 0.202271 -0.432373
0.053589 -0.472412 0.914551 -0.459351 0.221924 -0.435669
-0.035767 -0.580200 0.881104 -0.459106 0.204346 -0.445679
-0.084961 -0.647949 0.887451 -0.394531 0.151611 -0.468018
-0.102783 -0.682129 0.935913 -0.289063 0.098145 -0.485229
-0.116333 -0.674316 0.960327 -0.217651 0.076538 -0.470093
-0.134033 -0.646240 0.967041 -0.192749 0.077881 -0.433838
-0.128906 -0.614990 1.002808 -0.225830 0.088501 -0.382446
-0.163574 -0.600220 1.011841 -0.352295 0.160767 -0.307983
-0.187744 -0.622192 1.008301 -0.396851 0.175293 -0.235718
-0.213867 -0.594238 1.007324 -0.367676 0.165649 -0.195801
-0.209351 -0.592285 1.011719 -0.267700 0.146606 -0.168701
-0.200928 -0.552368 1.000000 -0.126221 0.128662 -0.165894
-0.167358 -0.509521 1.035645 0.028442 0.121582 -0.182007
-0.148315 -0.476685 1.040283 0.018799 0.112061 -0.171143
-0.146851 -0.490112 1.040649 -0.021484 0.111206 -0.144775
-0.137817 -0.482910 1.051025 -0.086670 0.118164 -0.112793
-0.131958 -0.487305 1.054810 -0.151489 0.118164 -0.071289
-0.117188 -0.489258 1.063110 -0.168945 0.104858 -0.039795
-0.103882 -0.489990 1.069702 -0.134521 0.073120 -0.035400
-0.089600 -0.494019 1.089600 -0.070068 0.021973 -0.051147
-0.056641 -0.482422 1.128540 0.018066 -0.031494 -0.076416
-0.022461 -0.458130 1.153687 0.086792 -0.069580 -0.094238
0.002686 -0.428955 1.169556 0.118408 -0.076294 -0.101685
0.013428 -0.399414 1.169556 0.114380 -0.057617 -0.096924
0.016968 -0.388794 1.165405 0.088989 -0.040649 -0.088135
0.031128 -0.367432 1.153320 0.085083 -0.029419 -0.084106
0.038574 -0.340576 1.147095 0.066895 -0.006104 -0.072021
0.014404 -0.355225 1.110352 0.066528 0.013794 -0.045654
-0.014648 -0.369873 1.036743 0.067505 0.026489 -0.016357
-0.000122 -0.350220 1.000122 0.085815 0.005371 -0.007080
0.033813 -0.334717 1.010376 0.127563 -0.032104 -0.036865
0.060913 -0.346802 1.012207 0.184204 -0.050049 -0.076660
0.071533 -0.372437 1.029297 0.179443 -0.030273 -0.098145
0.045654 -0.392822 1.010742 0.105591 0.012207 -0.093384
0.011108 -0.430054 0.970093 0.056396 0.047119 -0.068726
-0.009766 -0.450073 0.952515 0.026978 0.049438 -0.047241
-0.045288 -0.490601 0.927368 0.025269 0.033447 -0.021240
-0.035889 -0.481323 0.900391 0.084229 -0.006226 -0.001709
-0.026123 -0.491943 0.882202 0.163696 -0.072754 -0.016724
0.036255 -0.467041 0.903809 0.283569 -0.145264 -0.062622
0.087891 -0.456665 0.927856 0.338013 -0.167969 -0.101196
0.098999 -0.465820 0.947144 0.306030 -0.137207 -0.113159
0.057983 -0.504517 0.911255 0.210083 -0.071045 -0.076782
0.015991 -0.557495 0.871216 0.087769 -0.020386 -0.015015
0.019531 -0.582397 0.863892 -0.006226 -0.007813 0.046021
0.034302 -0.569702 0.833008 -0.054077 -0.017578 0.080811
0.011719 -0.597656 0.789673 -0.051270 -0.044678 0.087891
0.008911 -0.616821 0.746338 0.015381 -0.110962 0.073364
0.076904 -0.583008 0.773071 0.107910 -0.203247 0.037720
0.167236 -0.539063 0.845215 0.215942 -0.271729 -0.023315
0.243408 -0.503662 0.891357 0.285156 -0.283081 -0.079834
0.271851 -0.520874 0.934937 0.244873 -0.216431 -0.093628
0.236450 -0.547485 0.916748 0.091431 -0.098755 -0.045288
0.170166 -0.587524 0.846558 -0.055664 0.010620 0.038818
0.136230 -0.582764 0.799438 -0.158813 0.064819 0.111816
0.106812 -0.592285 0.755737 -0.199707 0.070923 0.153687
0.101440 -0.561157 0.720825 -0.194092 0.021973 0.140381
0.110596 -0.549805 0.697144 -0.123169 -0.071533 0.061646
0.155151 -0.573975 0.776123 -0.029663 -0.181152 -0.057129
0.187500 -0.607056 0.850342 0.051270 -0.235840 -0.145020
0.196533 -0.607300 0.866943 0.072876 -0.219116 -0.146729
0.169189 -0.635864 0.845581 0.007568 -0.164307 -0.086304
0.144409 -0.635376 0.809082 -0.029907 -0.118774 -0.023682
0.144775 -0.629150 0.796387 -0.046265 -0.101807 0.022827
0.160889 -0.619629 0.818115 -0.069214 -0.103760 0.048096
0.160156 -0.627441 0.823853 -0.062500 -0.096680 0.068604
0.149048 -0.627075 0.797363 -0.044434 -0.095581 0.086060
0.140137 -0.610596 0.779419 -0.025879 -0.111572 0.093994
0.149780 -0.588867 0.770874 0.011108 -0.135742 0.087891
0.168945 -0.563477 0.792480 0.058228 -0.160645 0.063599
