0.080078 -0.418091 0.960327 -0.133057 0.013184 -0.039551
0.069580 -0.415039 0.950928 -0.165283 0.019775 -0.026489
0.049683 -0.419556 0.923706 -0.175415 0.012695 -0.015747
0.054443 -0.413696 0.923706 -0.111816 -0.019043 -0.029175
0.063965 -0.395142 0.927490 -0.066040 -0.058105 -0.058472
0.074951 -0.361694 0.920532 -0.019287 -0.094238 -0.096558
0.119263 -0.336792 0.974854 0.045532 -0.112915 -0.142578
0.134033 -0.321899 0.994995 0.049438 -0.100464 -0.172607
0.120972 -0.317993 0.983521 0.010498 -0.056152 -0.162598
0.078003 -0.360840 0.958618 -0.046265 -0.004395 -0.127197
0.033203 -0.395020 0.918457 -0.105103 0.017578 -0.102417
-0.002319 -0.411865 0.896240 -0.122803 0.000732 -0.096558
0.004639 -0.427002 0.891357 -0.101074 -0.041016 -0.103638
0.042725 -0.419922 0.958008 -0.075684 -0.080322 -0.126587
0.050659 -0.439697 0.978149 -0.055420 -0.088379 -0.139404
0.033813 -0.466431 0.974365 -0.029663 -0.081665 -0.145020
0.008057 -0.509277 0.950806 -0.027344 -0.085449 -0.148804
-0.016479 -0.571167 0.954224 -0.018799 -0.101440 -0.149292
-0.010864 -0.584229 0.958130 0.009277 -0.115356 -0.141479
-0.008667 -0.615723 0.974731 0.002441 -0.106934 -0.113770
-0.015137 -0.632568 0.980103 -0.022705 -0.088501 -0.080322
-0.028442 -0.658325 0.974731 -0.051636 -0.064941 -0.046265
-0.055786 -0.715698 0.959351 -0.075684 -0.050659 -0.012695
-0.088257 -0.769897 0.943359 -0.060425 -0.054810 0.023560
-0.103271 -0.784058 0.930176 -0.024780 -0.077148 0.059692
-0.096436 -0.790039 0.937744 0.017578 -0.098877 0.106323
-0.065552 -0.760498 0.949097 0.046631 -0.113892 0.151978
-0.060059 -0.741699 0.933594 0.042847 -0.113159 0.198364
-0.062012 -0.724121 0.918457 0.034302 -0.113281 0.240112
-0.064941 -0.703247 0.902466 0.029663 -0.125122 0.277588
-0.053101 -0.683960 0.882568 0.037598 -0.142334 0.312256
-0.024048 -0.640503 0.891479 0.041626 -0.150879 0.338379
-0.004883 -0.610107 0.890503 0.038696 -0.145264 0.368774
-0.001587 -0.604980 0.888916 0.013916 -0.146118 0.395508
0.005493 -0.593872 0.886719 -0.015381 -0.154175 0.421143
0.019897 -0.584229 0.894409 -0.026001 -0.163208 0.444580
0.052368 -0.553589 0.914795 -0.013794 -0.178711 0.457520
0.071655 -0.512939 0.906860 0.000000 -0.180298 0.474365
0.080688 -0.480225 0.894165 0.002930 -0.174561 0.494507
0.101440 -0.453613 0.907959 -0.028320 -0.174316 0.506104
0.140625 -0.400269 0.947144 -0.072021 -0.166016 0.509399
0.146362 -0.397949 0.959106 -0.108154 -0.129272 0.513184
0.149902 -0.384521 0.970337 -0.123779 -0.104370 0.507080
0.145996 -0.385010 0.975952 -0.103760 -0.087036 0.498779
0.142700 -0.373413 0.972412 -0.093506 -0.073364 0.499268
0.150635 -0.362793 0.979492 -0.095093 -0.061523 0.512329
0.167725 -0.317261 0.985718 -0.081665 -0.064331 0.509521
0.183960 -0.288574 0.988159 -0.074341 -0.074097 0.482910
0.208008 -0.258179 1.004028 -0.024658 -0.098877 0.439331
0.230225 -0.214966 1.028320 0.030273 -0.113647 0.399536
0.249390 -0.163574 1.015625 0.048706 -0.124146 0.363037
0.276489 -0.117310 1.037476 0.054443 -0.135620 0.318115
0.303345 -0.070923 1.063599 0.056396 -0.145386 0.268188
0.335938 -0.062134 1.097412 0.060181 -0.135498 0.220581
0.365112 -0.042114 1.123291 0.049561 -0.109253 0.176758
0.373169 -0.030151 1.125366 0.018188 -0.066406 0.138184
0.361816 -0.053955 1.110718 -0.006226 -0.016602 0.104248
0.341309 -0.081787 1.085327 -0.033203 0.009888 0.072388
0.318604 -0.116333 1.055054 -0.027100 0.018311 0.032959
0.300537 -0.122681 1.013062 0.015137 0.002686 -0.021240
0.294312 -0.121582 0.982300 0.078247 -0.030029 -0.085815
0.301880 -0.114624 0.967773 0.139648 -0.066895 -0.149780
0.319946 -0.111450 0.967896 0.164795 -0.087891 -0.198608
0.345337 -0.120483 0.973877 0.134277 -0.079712 -0.228882
0.375488 -0.130127 1.004150 0.061157 -0.041138 -0.266846
0.353027 -0.173706 0.989258 -0.044434 0.020142 -0.309448
0.287964 -0.239014 0.911499 -0.109009 0.075195 -0.354126
0.242432 -0.303223 0.910522 -0.123901 0.097900 -0.411987
0.201050 -0.383911 0.876831 -0.106201 0.075317 -0.451782
0.158813 -0.422852 0.832886 -0.076050 0.035278 -0.485229
0.135620 -0.445068 0.791748 0.019775 -0.033447 -0.533325
0.128662 -0.455078 0.814209 0.208618 -0.142578 -0.606812
0.168701 -0.472656 0.921265 0.397339 -0.245117 -0.683350
0.234131 -0.453491 1.062988 0.511230 -0.259033 -0.711426
0.265991 -0.383057 1.124512 0.455322 -0.149414 -0.649536
0.218628 -0.337646 1.080933 0.196777 0.024292 -0.528320
0.162964 -0.338379 1.050293 -0.109131 0.185669 -0.416748
0.102783 -0.384766 1.039795 -0.327759 0.289673 -0.363647
0.044556 -0.450195 1.042603 -0.429565 0.326416 -0.349854
-0.022339 -0.499146 1.020264 -0.428833 0.317749 -0.342896
-0.083496 -0.532959 0.996582 -0.363647 0.279297 -0.343384
-0.101929 -0.511475 0.999146 -0.257813 0.215820 -0.363037
-0.110962 -0.449829 1.016724 -0.170044 0.156006 -0.385986
-0.119873 -0.397949 1.034546 -0.102295 0.125977 -0.391479
-0.135742 -0.371460 1.063965 -0.112183 0.137207 -0.375854
-0.178345 -0.363159 1.054443 -0.171631 0.196777 -0.345093
-0.207275 -0.366699 1.059326 -0.139771 0.213257 -0.312866
-0.234619 -0.391357 1.052490 -0.145508 0.189209 -0.261353
-0.267456 -0.399658 1.020630 -0.206787 0.193848 -0.203735
-0.309692 -0.444580 0.981934 -0.245728 0.194946 -0.140015
-0.317871 -0.462402 0.966187 -0.239136 0.141846 -0.090576
-0.276489 -0.435669 0.999146 -0.188965 0.061768 -0.063477
-0.231812 -0.406128 1.037231 -0.128906 0.003662 -0.045898
-0.192749 -0.376099 1.049561 -0.087769 -0.027222 -0.018799
-0.156616 -0.346924 1.060059 -0.069946 -0.053223 0.006592
-0.140015 -0.336548 1.054688 -0.092773 -0.064209 0.034180
-0.121826 -0.339844 1.071899 -0.095337 -0.073120 0.055420
-0.071289 -0.318481 1.110962 -0.082397 -0.081787 0.067505
-0.041138 -0.309814 1.127319 -0.100098 -0.073608 0.084473
-0.010742 -0.298584 1.145752 -0.118652 -0.063965 0.092163
0.034790 -0.278687 1.182251 -0.155029 -0.052612 0.085815
0.053833 -0.266968 1.189209 -0.191650 -0.031738 0.071411
0.060059 -0.274048 1.180786 -0.197876 -0.013062 0.056274
0.046997 -0.290649 1.149048 -0.182495 0.007324 0.052124
0.032959 -0.313721 1.118286 -0.154541 0.020508 0.066772
0.028442 -0.328247 1.078491 -0.091675 0.015991 0.086792
0.044434 -0.325806 1.058105 -0.031494 -0.000366 0.086548
0.037964 -0.354858 1.031982 0.005981 -0.006958 0.063354
0.078613 -0.351440 1.043091 0.090942 -0.044922 0.013550
0.107056 -0.332520 1.051636 0.144287 -0.070435 -0.041748
0.104004 -0.348633 1.010864 0.151245 -0.056885 -0.068848
0.084839 -0.376587 0.990234 0.126831 -0.031128 -0.076050
0.067627 -0.410278 0.979614 0.083740 -0.011108 -0.056519
0.042114 -0.438721 0.941040 0.030029 0.008789 -0.004395
0.018311 -0.459106 0.898315 -0.021484 0.020508 0.055298
-0.008301 -0.489258 0.841187 -0.046387 0.000488 0.101196
-0.014160 -0.506470 0.831909 -0.037354 -0.047363 0.134033
-0.001709 -0.508423 0.778687 0.013672 -0.128174 0.148926
0.092285 -0.442871 0.831421 0.094482 -0.224731 0.097412
0.180664 -0.412598 0.914673 0.194092 -0.302246 -0.009521
0.212158 -0.409058 0.945068 0.290649 -0.324341 -0.137817
0.195923 -0.445801 0.946899 0.366211 -0.317383 -0.247681
0.153931 -0.512207 0.910156 0.403564 -0.282349 -0.271851
0.139526 -0.539063 0.895874 0.363159 -0.242798 -0.231079
0.144165 -0.557861 0.912109 0.258179 -0.184448 -0.133789
0.143311 -0.564453 0.881592 0.133667 -0.106445 -0.005615
0.147583 -0.556030 0.871094 0.004517 -0.045410 0.099487
0.173462 -0.539185 0.867310 -0.105713 -0.020386 0.156738
0.173218 -0.528198 0.850708 -0.161133 -0.022095 0.145508
0.163818 -0.535889 0.831299 -0.129028 -0.046997 0.092529
0.149292 -0.569214 0.826172 -0.051514 -0.098267 0.018311
0.147827 -0.580933 0.820190 0.054321 -0.162598 -0.050781
0.161011 -0.573730 0.831909 0.169922 -0.225830 -0.106323
0.194824 -0.562012 0.861206 0.254761 -0.265137 -0.139160
0.229736 -0.540039 0.914429 0.257446 -0.251221 -0.129150
0.240112 -0.526367 0.915527 0.170288 -0.183350 -0.070801
0.224487 -0.516479 0.894897 0.049316 -0.103149 -0.002930
0.216797 -0.515259 0.889160 -0.050415 -0.044922 0.045410
0.192139 -0.539185 0.876953 -0.103027 -0.008667 0.067383
0.162354 -0.561401 0.851929 -0.082642 0.006348 0.066895
0.145020 -0.585571 0.849609 -0.045166 -0.002808 0.059326
0.138550 -0.588013 0.866333 -0.019897 -0.015259 0.051758
0.112549 -0.595337 0.847534 0.001343 -0.016357 0.058350
0.091187 -0.590820 0.830933 0.013916 -0.025146 0.069214
0.089600 -0.576538 0.833496 0.015381 -0.040283 0.083984
0.094727 -0.555664 0.842407 -0.003662 -0.048218 0.107178
0.108521 -0.544312 0.864380 -0.043457 -0.044067 0.140625
0.099487 -0.543701 0.883911 -0.084351 -0.035522 0.170166
0.097412 -0.536133 0.885986 -0.096191 -0.031860 0.192261
0.102173 -0.540527 0.888672 -0.106323 -0.029785 0.216064
