0.016113 -0.577515 0.912354 -0.184082 -0.061279 -0.136963
0.014526 -0.576294 0.922241 -0.122803 -0.083130 -0.140991
0.025635 -0.551514 0.934326 -0.070068 -0.104370 -0.136597
0.028076 -0.524414 0.941895 -0.023438 -0.112427 -0.126099
0.011108 -0.520874 0.938110 -0.017700 -0.109619 -0.104126
0.001709 -0.503174 0.937744 -0.029175 -0.105225 -0.070190
0.009399 -0.494995 0.949463 -0.042114 -0.103760 -0.041504
0.030884 -0.475586 0.973511 -0.052734 -0.105591 -0.029785
0.051514 -0.485840 0.996582 -0.061768 -0.094849 -0.019775
0.054077 -0.500122 0.998291 -0.064575 -0.074829 -0.027832
0.025635 -0.532104 0.971680 -0.068359 -0.055908 -0.041016
-0.026367 -0.593018 0.931519 -0.058228 -0.051270 -0.045776
-0.073853 -0.656982 0.903687 -0.027466 -0.076172 -0.038818
-0.090698 -0.698608 0.893066 0.030762 -0.125000 -0.019653
-0.073608 -0.709229 0.897095 0.099487 -0.182373 0.001587
-0.034302 -0.705566 0.927979 0.148071 -0.222046 0.029297
0.009399 -0.689087 0.961670 0.159058 -0.222168 0.067871
0.014771 -0.668335 0.948120 0.131836 -0.192383 0.109741
-0.004517 -0.673706 0.913452 0.097168 -0.166260 0.148560
-0.015015 -0.688599 0.914917 0.077637 -0.165039 0.179077
0.007568 -0.674316 0.909546 0.095947 -0.187134 0.205322
0.011719 -0.676392 0.906860 0.096069 -0.189575 0.229126
0.027710 -0.674072 0.914551 0.117554 -0.195923 0.247681
0.030151 -0.680054 0.908813 0.132935 -0.194214 0.267212
0.014526 -0.689819 0.895020 0.122192 -0.190186 0.294922
0.011841 -0.698853 0.879272 0.110596 -0.195313 0.326416
0.013062 -0.699951 0.877197 0.108032 -0.208862 0.359619
0.030518 -0.674683 0.875244 0.129272 -0.223755 0.396484
0.073242 -0.614868 0.893066 0.137451 -0.234131 0.429932
0.103516 -0.574463 0.910278 0.128784 -0.225830 0.452881
0.123169 -0.531250 0.906982 0.107666 -0.210327 0.471069
0.122314 -0.541626 0.923218 0.040283 -0.187988 0.494019
0.118896 -0.523804 0.912720 0.006958 -0.175781 0.511597
0.137939 -0.492188 0.932007 0.013550 -0.177124 0.526123
0.151123 -0.448486 0.913330 0.021240 -0.177856 0.530884
0.179810 -0.410400 0.914185 0.063110 -0.185425 0.514526
0.212769 -0.365112 0.929688 0.093628 -0.187500 0.490845
0.224731 -0.329102 0.933838 0.068481 -0.170532 0.472412
0.205933 -0.341553 0.949097 0.022705 -0.145386 0.464722
0.227173 -0.312988 0.960327 -0.005493 -0.144043 0.453491
0.239014 -0.292847 0.971558 0.000244 -0.145386 0.436890
0.258057 -0.275635 0.993652 -0.019287 -0.146240 0.421753
0.290283 -0.244873 1.019043 -0.029053 -0.135254 0.410767
0.313110 -0.192261 1.038574 -0.062988 -0.110840 0.393799
0.318481 -0.173096 1.048828 -0.093872 -0.082397 0.369629
0.337280 -0.149902 1.054321 -0.082886 -0.064331 0.333008
0.344238 -0.135986 1.053833 -0.076538 -0.054932 0.282227
0.350708 -0.131958 1.060059 -0.064819 -0.047241 0.227173
0.372925 -0.108643 1.062134 -0.034912 -0.036865 0.171875
0.385010 -0.081543 1.064453 -0.030273 -0.018433 0.118896
0.391235 -0.067139 1.059326 -0.039185 0.013916 0.074707
0.387573 -0.061523 1.036743 -0.068237 0.054077 0.043335
0.373779 -0.057739 1.017578 -0.108032 0.087769 0.007324
0.357178 -0.075317 0.990967 -0.131714 0.106812 -0.041138
0.333374 -0.107178 0.964966 -0.150146 0.108276 -0.089966
0.334473 -0.142456 0.980103 -0.158081 0.096802 -0.137695
0.348389 -0.169678 1.011597 -0.153198 0.089844 -0.190186
0.355225 -0.187256 0.987793 -0.138062 0.100586 -0.247070
0.345459 -0.181885 0.997192 -0.156738 0.138428 -0.309937
0.335327 -0.202148 0.982910 -0.147217 0.141479 -0.357178
0.309082 -0.241577 0.963623 -0.144775 0.160156 -0.395874
0.283081 -0.290039 0.959595 -0.180054 0.198242 -0.424805
0.232666 -0.360962 0.926147 -0.178467 0.214844 -0.450439
0.181641 -0.434326 0.923340 -0.170898 0.245850 -0.461670
0.157349 -0.479614 0.915894 -0.195801 0.252197 -0.455933
0.127441 -0.496338 0.921143 -0.223267 0.283325 -0.453735
0.072021 -0.532349 0.887817 -0.272949 0.310059 -0.444092
0.019897 -0.560181 0.857666 -0.282959 0.319824 -0.455322
-0.024170 -0.576538 0.819458 -0.286499 0.315186 -0.469727
-0.083496 -0.638672 0.864380 -0.218018 0.279907 -0.470337
-0.104370 -0.652832 0.869873 -0.196289 0.247925 -0.461304
-0.137329 -0.659058 0.880615 -0.208496 0.235352 -0.423584
-0.164429 -0.661865 0.883911 -0.219727 0.224487 -0.376343
-0.191162 -0.643066 0.884399 -0.247437 0.213989 -0.326172
-0.212891 -0.632446 0.892212 -0.266968 0.197144 -0.279297
-0.213379 -0.610596 0.901978 -0.247925 0.166626 -0.250366
-0.213379 -0.572632 0.916382 -0.230713 0.140137 -0.236328
-0.236450 -0.587524 0.932861 -0.208130 0.134766 -0.224365
-0.246582 -0.561523 0.962524 -0.135742 0.136841 -0.219971
-0.229248 -0.524292 0.996460 -0.102539 0.094727 -0.195190
-0.238770 -0.495483 1.012939 -0.177124 0.085693 -0.153809
-0.251343 -0.486450 1.021484 -0.256470 0.099365 -0.109619
-0.255371 -0.490479 1.045288 -0.301636 0.093384 -0.072266
-0.255981 -0.508789 1.072876 -0.290283 0.049683 -0.040527
-0.227905 -0.503296 1.111938 -0.214355 -0.008789 -0.022217
-0.167236 -0.474121 1.171753 -0.113525 -0.061768 -0.015991
-0.115479 -0.439941 1.210938 -0.041138 -0.091919 -0.014526
-0.098389 -0.408203 1.198364 0.027588 -0.109375 -0.014038
-0.073120 -0.359985 1.185425 0.100708 -0.124268 -0.026245
-0.042358 -0.328369 1.187012 0.151733 -0.130005 -0.038818
0.005615 -0.285278 1.179443 0.181519 -0.123169 -0.044189
0.035034 -0.245972 1.160889 0.160522 -0.092529 -0.037598
0.038574 -0.246094 1.125122 0.118896 -0.045532 -0.026489
0.033081 -0.265381 1.083130 0.062134 -0.003784 -0.021362
0.033203 -0.303711 1.067505 0.026367 0.015991 -0.026245
0.018311 -0.347534 1.037109 -0.006348 0.033569 -0.020996
-0.006348 -0.390503 0.986816 -0.015259 0.040649 -0.013550
0.004883 -0.406128 0.975464 0.027832 0.020874 -0.016357
0.016479 -0.409058 0.955444 0.100586 -0.015259 -0.040039
0.051514 -0.404419 0.959717 0.191650 -0.060547 -0.088745
0.107056 -0.390625 0.990479 0.287354 -0.094849 -0.159058
0.143311 -0.398682 1.018066 0.354980 -0.085205 -0.207520
0.148315 -0.400757 0.998413 0.338745 -0.028564 -0.215942
0.121460 -0.429565 0.949829 0.247803 0.051270 -0.182251
0.092041 -0.465088 0.897217 0.119873 0.119751 -0.130249
0.068359 -0.496582 0.872314 -0.008301 0.166138 -0.073975
0.027588 -0.544556 0.823364 -0.083740 0.187378 -0.022461
-0.019531 -0.589111 0.769897 -0.076660 0.161499 -0.001221
-0.050293 -0.633911 0.733032 0.019409 0.072632 -0.030273
-0.009521 -0.628784 0.771484 0.228271 -0.060791 -0.112427
0.062134 -0.608765 0.831177 0.426025 -0.162231 -0.187744
0.101685 -0.587891 0.863892 0.511353 -0.180542 -0.209473
0.115845 -0.567749 0.867920 0.487183 -0.151611 -0.183594
0.114990 -0.557129 0.858154 0.354248 -0.093384 -0.118286
0.083618 -0.598145 0.826782 0.167480 -0.031372 -0.035767
0.057129 -0.652710 0.821777 0.032959 -0.007690 0.026489
0.045288 -0.708130 0.825806 -0.028931 -0.009766 0.073364
0.060303 -0.723511 0.837524 -0.046021 -0.020752 0.101196
0.082886 -0.699219 0.842407 -0.014404 -0.034058 0.097656
0.099365 -0.657104 0.835571 0.035156 -0.051392 0.064331
0.089233 -0.669556 0.819214 0.076172 -0.069580 0.031494
0.087158 -0.683350 0.822144 0.104980 -0.091309 0.009644
0.088013 -0.701416 0.834229 0.112793 -0.103638 0.009399
0.088745 -0.720093 0.847046 0.122559 -0.102173 0.026978
0.088989 -0.702515 0.841675 0.122803 -0.094238 0.051392
0.095947 -0.676636 0.841675 0.097656 -0.089233 0.079102
0.102295 -0.649292 0.842651 0.075439 -0.089966 0.101929
0.109497 -0.634888 0.846802 0.066162 -0.090820 0.118530
0.103271 -0.640747 0.866333 0.060791 -0.097656 0.130981
0.112427 -0.626709 0.873657 0.067871 -0.108398 0.138916
0.127197 -0.594727 0.884399 0.094360 -0.120728 0.142334
0.136353 -0.557983 0.881226 0.111450 -0.122192 0.144043
0.127563 -0.561279 0.884521 0.100830 -0.110596 0.155396
0.118286 -0.556519 0.879395 0.080078 -0.090942 0.174194
0.095459 -0.565186 0.870972 0.038330 -0.068481 0.199341
0.066895 -0.563477 0.852661 0.002686 -0.060791 0.220581
0.051758 -0.563354 0.848633 -0.012207 -0.073364 0.230347
0.050659 -0.570557 0.857056 -0.008545 -0.102783 0.233765
0.054443 -0.589600 0.900757 0.017578 -0.138306 0.234497
0.068848 -0.594238 0.940796 0.053833 -0.171631 0.229858
0.082031 -0.582397 0.966553 0.090576 -0.195190 0.222168
0.085693 -0.569092 0.974487 0.136353 -0.206543 0.213135
0.097900 -0.534058 0.995850 0.176758 -0.207520 0.209106
0.095947 -0.516602 1.001953 0.169678 -0.185913 0.235229
0.088989 -0.484863 0.995361 0.127441 -0.151978 0.280151
0.076294 -0.471680 0.974365 0.104126 -0.123535 0.320923
0.080078 -0.442017 0.964600 0.111694 -0.120605 0.336426
0.098145 -0.407349 0.967651 0.132690 -0.129272 0.327026
0.120361 -0.348999 0.956055 0.146606 -0.127197 0.313965
0.120483 -0.294800 0.906860 0.127075 -0.093628 0.317017
