0.024902 -0.457275 0.986694 -0.023193 -0.125244 -0.072021
0.048950 -0.409180 0.991821 -0.052734 -0.097168 -0.059326
0.076660 -0.354248 0.991211 -0.103149 -0.056763 -0.036499
0.080566 -0.310425 0.953735 -0.153931 -0.020752 -0.020630
0.052246 -0.314331 0.918335 -0.179565 -0.010864 -0.028564
0.029541 -0.333374 0.899170 -0.129761 -0.040771 -0.049805
0.049194 -0.327026 0.908813 -0.071045 -0.098267 -0.071533
0.134644 -0.285522 0.979126 -0.012695 -0.144531 -0.109619
0.191040 -0.231201 1.004150 0.027466 -0.145996 -0.168457
0.183960 -0.238770 0.991943 0.059448 -0.105713 -0.222534
0.149780 -0.305176 0.978516 0.046631 -0.060059 -0.259766
0.099731 -0.369385 0.966064 -0.014648 -0.024902 -0.260132
0.069092 -0.419434 0.961914 -0.018677 0.000610 -0.241455
0.027100 -0.476685 0.939209 -0.075439 0.017212 -0.215698
0.022461 -0.497925 0.933350 -0.081787 -0.005981 -0.215088
0.021851 -0.517090 0.932983 -0.046997 -0.036987 -0.235229
0.033691 -0.512939 0.951660 -0.001343 -0.054932 -0.262695
0.020508 -0.546509 0.957642 0.016479 -0.043823 -0.267700
-0.001709 -0.565063 0.949707 -0.020264 -0.012939 -0.241821
-0.029907 -0.577759 0.928711 -0.067627 0.018677 -0.196533
-0.048950 -0.587891 0.915283 -0.109497 0.031128 -0.150635
-0.056519 -0.616211 0.911987 -0.129395 0.022461 -0.110840
-0.051758 -0.624634 0.924316 -0.140869 0.013062 -0.088135
-0.068237 -0.645508 0.926880 -0.142578 0.001465 -0.075928
-0.084961 -0.666016 0.924805 -0.092407 -0.018677 -0.066040
-0.090454 -0.683228 0.925659 -0.062500 -0.041748 -0.044922
-0.084839 -0.675903 0.934326 -0.034912 -0.063965 -0.024536
-0.087524 -0.656860 0.925171 -0.002563 -0.078613 -0.001953
-0.091187 -0.653809 0.909546 0.015991 -0.095337 0.017578
-0.076294 -0.628174 0.925659 0.029541 -0.114014 0.029663
-0.064941 -0.620483 0.937500 0.022217 -0.118286 0.047363
-0.062134 -0.618896 0.937988 0.014648 -0.116333 0.065308
-0.073730 -0.631958 0.924561 0.010132 -0.113647 0.082886
-0.096069 -0.654053 0.908813 0.014893 -0.117554 0.106445
-0.103638 -0.672241 0.899292 0.031982 -0.132202 0.138306
-0.095093 -0.665649 0.900024 0.038208 -0.153687 0.167114
-0.095459 -0.676392 0.899780 0.043823 -0.171631 0.204346
-0.067993 -0.659302 0.922729 0.068726 -0.193237 0.232300
-0.049194 -0.633911 0.922607 0.111450 -0.216919 0.249146
-0.032837 -0.624634 0.934814 0.127808 -0.222168 0.276733
-0.008057 -0.598145 0.913696 0.133179 -0.218750 0.314331
0.016113 -0.596924 0.922485 0.080078 -0.213257 0.353882
0.064209 -0.562622 0.942261 0.027954 -0.204102 0.387939
0.086670 -0.532593 0.946167 -0.029297 -0.170532 0.418823
0.086548 -0.529907 0.940674 -0.063110 -0.126343 0.437500
0.091187 -0.531982 0.945190 -0.078247 -0.108398 0.440063
0.094727 -0.522705 0.940430 -0.064209 -0.106079 0.436157
0.112549 -0.497559 0.939575 -0.021240 -0.116089 0.433838
0.091187 -0.490601 0.922729 -0.004395 -0.118530 0.437256
0.092651 -0.450684 0.888184 0.055664 -0.128540 0.425781
0.108643 -0.420288 0.930908 0.092285 -0.147827 0.417358
0.147461 -0.362183 0.934570 0.082397 -0.134766 0.425659
0.158203 -0.336548 0.971069 0.029175 -0.104858 0.434937
0.170410 -0.322021 0.986450 -0.004883 -0.069946 0.442749
0.152588 -0.324829 0.995605 -0.065430 -0.043091 0.441895
0.151611 -0.330078 0.993652 -0.085205 -0.036255 0.438110
0.173584 -0.300537 1.000732 -0.077515 -0.043701 0.426758
0.204834 -0.263794 1.015015 -0.092041 -0.046387 0.410278
0.228882 -0.229614 1.029541 -0.095093 -0.038330 0.380981
0.233521 -0.203369 1.023560 -0.094116 -0.030273 0.336792
0.230957 -0.195679 1.020264 -0.080688 -0.029663 0.285889
0.232178 -0.196045 1.018433 -0.050659 -0.038208 0.239868
0.258301 -0.175659 1.030640 -0.027466 -0.039917 0.207886
0.286499 -0.158813 1.046753 -0.038940 -0.022583 0.185425
0.301147 -0.143433 1.034302 -0.052979 0.002075 0.159790
0.314331 -0.125610 1.018555 -0.062378 0.020386 0.122925
0.324219 -0.130737 1.020142 -0.076416 0.031982 0.080566
0.335815 -0.128174 1.007080 -0.081787 0.034912 0.033813
0.342407 -0.134033 1.004761 -0.063843 0.030640 -0.019165
0.358643 -0.149170 1.020264 -0.054199 0.022705 -0.078369
0.377319 -0.166626 1.036255 -0.065552 0.030151 -0.139893
0.383911 -0.171509 1.042603 -0.090820 0.059814 -0.195923
0.351318 -0.222778 1.011108 -0.134888 0.126343 -0.243042
0.309326 -0.241089 0.971680 -0.187988 0.167480 -0.285767
0.259888 -0.302612 0.945679 -0.170776 0.184814 -0.325195
0.223022 -0.336548 0.931274 -0.167603 0.187866 -0.369141
0.167358 -0.387085 0.897339 -0.156860 0.180298 -0.402832
0.126343 -0.412476 0.881714 -0.130615 0.171265 -0.426270
0.107300 -0.415161 0.889771 -0.115601 0.163208 -0.438843
0.076904 -0.421875 0.898071 -0.111572 0.167603 -0.452881
0.050171 -0.431519 0.907471 -0.108032 0.174561 -0.466553
0.004150 -0.450073 0.909668 -0.140991 0.199707 -0.469360
-0.044922 -0.462524 0.891724 -0.192627 0.209595 -0.452393
-0.088623 -0.483643 0.889282 -0.240601 0.227905 -0.433594
-0.120605 -0.490723 0.895020 -0.297607 0.228760 -0.415039
-0.130981 -0.482666 0.894409 -0.264771 0.219604 -0.408936
-0.208496 -0.499756 0.886963 -0.268555 0.250366 -0.408203
-0.240112 -0.503784 0.893555 -0.238647 0.173218 -0.399048
-0.282104 -0.516235 0.921875 -0.193237 0.107544 -0.391724
-0.276611 -0.492310 0.970825 -0.093262 0.074585 -0.390381
-0.272827 -0.474365 1.026978 -0.049316 0.072632 -0.364502
-0.240479 -0.434692 1.062866 -0.099609 0.036743 -0.313232
-0.234009 -0.440796 1.096802 -0.172729 0.081665 -0.264282
-0.250122 -0.434814 1.090576 -0.185059 0.145264 -0.227661
-0.257202 -0.453979 1.095703 -0.161011 0.163940 -0.198120
-0.256592 -0.456665 1.104736 -0.185669 0.133545 -0.167358
-0.254639 -0.454224 1.087769 -0.223755 0.129883 -0.132813
-0.251953 -0.449097 1.078857 -0.231812 0.126343 -0.101074
-0.237305 -0.439941 1.068726 -0.215332 0.092896 -0.071655
-0.201904 -0.416260 1.090698 -0.161377 0.034424 -0.054688
-0.151489 -0.395752 1.111328 -0.097778 -0.010132 -0.044434
-0.073242 -0.363159 1.157227 -0.045410 -0.030884 -0.046021
-0.068237 -0.361816 1.138184 -0.027588 -0.028442 -0.062622
-0.097656 -0.398193 1.093750 0.040649 -0.033081 -0.102295
-0.120605 -0.451050 1.074951 0.137085 -0.054199 -0.138062
-0.105713 -0.466919 1.085327 0.207886 -0.073608 -0.140503
-0.097290 -0.470703 1.062988 0.214478 -0.068848 -0.099243
-0.105835 -0.482422 1.026978 0.173218 -0.046997 -0.037476
-0.117432 -0.492432 0.977905 0.114990 -0.034424 0.024292
-0.080933 -0.479736 0.978027 0.064941 -0.038086 0.074829
-0.027832 -0.425537 0.985474 0.012207 -0.032837 0.098389
-0.011475 -0.433960 0.976074 -0.005737 -0.013550 0.090820
-0.002930 -0.437500 0.965454 -0.002808 -0.006104 0.057495
-0.033813 -0.488037 0.931885 0.007568 -0.008301 0.031982
-0.069946 -0.531372 0.878784 0.048096 -0.026001 0.006592
-0.078125 -0.557129 0.859985 0.131104 -0.091309 -0.027222
-0.056396 -0.564453 0.863525 0.247681 -0.183472 -0.058838
-0.000977 -0.517456 0.871704 0.325806 -0.235962 -0.075073
0.080078 -0.458496 0.917725 0.335571 -0.246826 -0.075195
0.116943 -0.434082 0.932617 0.246582 -0.200439 -0.058228
0.111084 -0.470459 0.917603 0.116211 -0.125366 -0.024902
0.088379 -0.506104 0.898315 0.015747 -0.072998 -0.006714
0.074829 -0.534790 0.874390 -0.036133 -0.054565 -0.003296
0.073730 -0.537964 0.847900 -0.046997 -0.066406 -0.018555
0.060425 -0.573120 0.826416 -0.026001 -0.098389 -0.054932
0.044678 -0.608032 0.807373 0.055786 -0.160034 -0.116699
0.048462 -0.630249 0.812988 0.164551 -0.235474 -0.169922
0.073364 -0.631958 0.831055 0.251587 -0.296387 -0.191406
0.122437 -0.593506 0.844116 0.327637 -0.335693 -0.189331
0.180664 -0.549683 0.879639 0.344360 -0.332153 -0.167358
0.201416 -0.550293 0.895752 0.270264 -0.271118 -0.106934
0.207642 -0.536133 0.877319 0.155396 -0.178955 -0.034424
0.181519 -0.558960 0.849487 0.011841 -0.097412 0.020264
0.152588 -0.599609 0.834106 -0.072998 -0.052979 0.043945
0.129150 -0.629883 0.835571 -0.075562 -0.039063 0.045654
0.118896 -0.649658 0.821777 -0.043213 -0.038574 0.049194
0.132935 -0.618530 0.837036 0.007080 -0.046997 0.036621
0.128052 -0.579102 0.807007 0.061279 -0.057861 0.008789
0.108765 -0.581787 0.800903 0.106934 -0.074829 -0.019653
0.103271 -0.588623 0.816040 0.135864 -0.097656 -0.034424
0.105225 -0.579346 0.831421 0.151855 -0.108398 -0.021851
0.116577 -0.555542 0.849487 0.141724 -0.100708 0.016602
0.142212 -0.531250 0.871460 0.090454 -0.074219 0.065552
0.140137 -0.527588 0.881348 0.015625 -0.031128 0.103027
0.108276 -0.544556 0.876831 -0.019287 0.007690 0.117798
0.074707 -0.557251 0.849121 -0.036499 0.012207 0.114380
0.034424 -0.601685 0.852783 -0.025391 -0.004639 0.106323
0.015747 -0.624023 0.861694 0.003418 -0.036865 0.108765
0.009399 -0.625488 0.871216 0.038086 -0.078979 0.118774
0.023193 -0.617920 0.890503 0.087036 -0.123413 0.121338
