0.108032 -0.238159 1.030151 -0.052612 -0.002563 -0.034424
0.099487 -0.252930 1.024780 -0.054199 0.001953 -0.030762
0.090820 -0.286255 1.031128 -0.049316 0.001343 -0.025269
0.085693 -0.291504 1.043091 -0.040405 -0.005005 -0.018555
0.082764 -0.305054 1.049805 -0.043091 -0.015991 -0.009399
0.087280 -0.303223 1.053223 -0.037598 -0.024414 -0.002075
0.095093 -0.285889 1.045898 -0.036377 -0.032959 0.008423
0.104370 -0.269409 1.051025 -0.024536 -0.037109 0.018799
0.123657 -0.244995 1.054443 -0.008789 -0.042725 0.015869
0.129150 -0.232666 1.056030 -0.002686 -0.043701 0.004761
0.131470 -0.222778 1.056763 0.001099 -0.037720 -0.006836
0.133789 -0.210327 1.038818 -0.012329 -0.025635 -0.005615
0.120850 -0.229614 1.029053 -0.045776 -0.013428 0.000000
0.107056 -0.233276 1.011475 -0.065674 -0.013184 -0.003296
0.101563 -0.257080 1.005249 -0.056396 -0.024170 -0.009766
0.100708 -0.278076 1.017578 -0.042725 -0.041748 -0.017578
0.101807 -0.289551 1.017700 -0.038086 -0.051392 -0.026245
0.089355 -0.293335 1.010742 -0.048584 -0.054321 -0.030762
0.082031 -0.308350 0.999268 -0.074097 -0.053345 -0.030518
0.071777 -0.315063 0.995850 -0.096924 -0.058350 -0.034180
0.067871 -0.325684 0.983521 -0.100220 -0.059692 -0.034912
0.054077 -0.350830 0.977539 -0.100586 -0.055908 -0.032349
0.044312 -0.376953 0.968140 -0.098389 -0.063721 -0.026611
0.038940 -0.392700 0.960938 -0.078857 -0.074463 -0.015381
0.041504 -0.378296 0.958130 -0.062622 -0.091919 0.000488
0.045776 -0.368408 0.948486 -0.054443 -0.105713 0.025269
0.060425 -0.347778 0.960815 -0.042603 -0.119141 0.047485
0.075073 -0.336304 0.982788 -0.039185 -0.125122 0.062378
0.087891 -0.328979 0.978394 -0.044556 -0.119629 0.077271
0.096069 -0.323242 0.984253 -0.046753 -0.115356 0.099487
0.107056 -0.312988 1.005127 -0.057739 -0.113892 0.118042
0.122437 -0.309570 1.020386 -0.073975 -0.106079 0.131592
0.131470 -0.302246 1.041626 -0.088501 -0.093506 0.139282
0.135986 -0.290039 1.048218 -0.096558 -0.073120 0.154053
0.139526 -0.283813 1.050537 -0.105957 -0.045532 0.176025
0.130005 -0.288452 1.040161 -0.127930 -0.017578 0.201538
0.121704 -0.297363 1.028320 -0.152344 0.012329 0.226929
0.114014 -0.307983 1.009888 -0.178467 0.038940 0.246460
0.091431 -0.323608 0.975586 -0.208618 0.053101 0.248901
0.066650 -0.339478 0.936523 -0.220703 0.047974 0.243042
0.051514 -0.356812 0.930420 -0.214600 0.011841 0.229126
0.071533 -0.338013 0.953247 -0.170654 -0.043701 0.218628
0.099609 -0.330933 0.992065 -0.112915 -0.083618 0.221802
0.129517 -0.315186 1.039673 -0.044922 -0.104126 0.221802
0.150635 -0.291626 1.066650 0.003662 -0.122437 0.219849
0.174072 -0.263428 1.089600 0.039063 -0.136230 0.219604
0.193970 -0.235352 1.107544 0.051392 -0.110962 0.221802
0.214844 -0.191040 1.114380 0.014893 -0.080933 0.235840
0.205444 -0.169189 1.083496 -0.033569 -0.020508 0.264526
0.187378 -0.158569 1.044067 -0.094360 0.031250 0.279419
0.164063 -0.174438 1.012451 -0.149170 0.050781 0.272949
0.147705 -0.215576 0.994141 -0.168701 0.042236 0.257080
0.152832 -0.231689 1.007690 -0.127319 0.008301 0.236206
0.172119 -0.231567 1.015991 -0.071289 -0.026245 0.221924
0.184937 -0.218628 1.031738 -0.034424 -0.056030 0.206421
0.208618 -0.194702 1.058105 -0.017212 -0.078735 0.187988
0.219482 -0.177734 1.074951 0.006226 -0.074829 0.180054
0.224854 -0.160400 1.075806 -0.010620 -0.062866 0.174072
0.227783 -0.151123 1.077637 -0.015747 -0.042358 0.166260
0.221802 -0.125122 1.064331 -0.023071 -0.021851 0.156494
0.208984 -0.123169 1.042969 -0.049805 -0.002930 0.142212
0.203003 -0.133545 1.021240 -0.055054 0.006836 0.127075
0.198730 -0.148071 1.023682 -0.055664 0.003662 0.114380
0.198120 -0.144775 1.025879 -0.059814 -0.004761 0.114258
0.204468 -0.151855 1.024048 -0.068481 -0.010254 0.123657
0.222168 -0.145752 1.031616 -0.052246 -0.010986 0.123047
0.232422 -0.137451 1.040161 -0.057617 -0.018311 0.108032
0.234009 -0.137085 1.036743 -0.040161 -0.016724 0.084229
0.242432 -0.125244 1.026733 -0.002930 -0.015991 0.051270
0.229736 -0.132690 1.004395 -0.001221 -0.015747 0.022705
0.241699 -0.126343 1.006714 0.029419 -0.013184 -0.007935
0.246094 -0.141724 1.009033 -0.008423 -0.009644 -0.027954
0.245605 -0.161621 0.995728 -0.048950 0.004517 -0.034302
0.243164 -0.174438 0.980469 -0.083496 0.007690 -0.041260
0.233765 -0.212646 0.967773 -0.134277 0.006226 -0.046509
0.242188 -0.208618 0.960571 -0.108154 0.003418 -0.050659
0.242920 -0.214111 0.962036 -0.119263 -0.002319 -0.049194
0.257935 -0.219482 0.973755 -0.103394 0.001709 -0.053467
0.270508 -0.207642 1.001099 -0.089478 0.007690 -0.070801
0.273193 -0.213013 1.001221 -0.095703 0.024414 -0.093750
0.272827 -0.216064 1.002197 -0.096802 0.049561 -0.111938
0.260498 -0.231934 1.003784 -0.115479 0.071167 -0.126709
0.257080 -0.249268 1.003784 -0.130615 0.085449 -0.146729
0.244507 -0.270996 1.033569 -0.146484 0.093384 -0.165161
0.239136 -0.283691 1.026367 -0.155151 0.097900 -0.184204
0.222900 -0.304199 1.027710 -0.153687 0.096802 -0.203857
0.207153 -0.325928 1.011719 -0.146851 0.093384 -0.221558
0.182495 -0.315186 1.004028 -0.135254 0.091919 -0.229126
0.163818 -0.332764 0.972412 -0.157715 0.095215 -0.233521
0.155029 -0.331787 0.960938 -0.169800 0.082520 -0.245605
0.140625 -0.334717 0.956909 -0.171143 0.067139 -0.255127
0.136841 -0.348145 0.952393 -0.145264 0.060425 -0.261353
0.141113 -0.346680 0.965942 -0.117310 0.045898 -0.265747
0.151978 -0.339966 0.987671 -0.116455 0.032593 -0.270752
0.167480 -0.331909 1.023560 -0.121460 0.035400 -0.279907
0.155151 -0.336548 1.030762 -0.133545 0.057129 -0.292358
0.133423 -0.341431 1.015381 -0.154663 0.080811 -0.301025
0.113647 -0.351318 1.009521 -0.171753 0.097412 -0.297241
0.097046 -0.358032 1.003662 -0.184326 0.104126 -0.294922
0.080811 -0.363525 0.999878 -0.183594 0.106323 -0.292236
0.066040 -0.374756 1.005737 -0.163818 0.101318 -0.292847
0.050659 -0.370972 0.987671 -0.143799 0.096558 -0.292480
0.036011 -0.367676 1.002319 -0.102295 0.104858 -0.290405
0.020996 -0.374023 0.998291 -0.092773 0.094604 -0.284790
0.002563 -0.383789 0.998413 -0.083862 0.090088 -0.279175
0.002686 -0.394287 1.032349 -0.080688 0.101563 -0.270996
-0.014771 -0.403809 1.033813 -0.104004 0.109985 -0.253296
-0.040039 -0.401978 1.029297 -0.146973 0.120117 -0.226440
-0.061157 -0.405029 1.020996 -0.147949 0.127319 -0.206299
-0.082153 -0.417358 1.008179 -0.137939 0.124146 -0.194824
-0.094727 -0.423218 1.002075 -0.127686 0.111450 -0.179810
-0.107788 -0.434326 1.003052 -0.113770 0.095093 -0.162109
-0.103149 -0.438721 1.012207 -0.083984 0.072876 -0.145996
-0.097534 -0.421143 1.003784 -0.072021 0.044312 -0.124756
-0.089966 -0.411011 1.016235 -0.060425 0.034180 -0.091797
-0.076660 -0.393188 1.029175 -0.034668 0.034912 -0.062256
-0.067017 -0.374268 1.030762 -0.037354 0.030518 -0.044922
-0.062378 -0.374512 1.019043 -0.028320 0.025146 -0.037231
-0.056885 -0.369507 1.016602 -0.018066 0.021362 -0.028442
-0.039429 -0.367310 1.026367 -0.016602 0.006470 -0.016479
-0.019531 -0.353516 1.052002 -0.015259 -0.010132 -0.003296
-0.002075 -0.334106 1.059814 0.005005 -0.016846 0.002075
0.009521 -0.328491 1.057251 0.033447 -0.020142 0.005859
0.018921 -0.300781 1.057373 0.038818 -0.031006 0.010864
0.031860 -0.285645 1.061523 0.042480 -0.037964 0.020142
0.049438 -0.257446 1.077637 0.050537 -0.038452 0.024658
0.062256 -0.251343 1.091675 0.039673 -0.032104 0.030884
0.077271 -0.231323 1.098999 0.037842 -0.024658 0.027344
0.076294 -0.217651 1.095093 0.048340 -0.015869 0.018188
0.070068 -0.219727 1.091187 0.068481 -0.011963 0.009644
0.076782 -0.205688 1.101196 0.106689 -0.015747 -0.002319
0.083618 -0.200317 1.110840 0.124023 -0.016479 -0.013062
0.084351 -0.193481 1.107788 0.116211 -0.010742 -0.020752
0.074341 -0.201660 1.083008 0.099365 -0.002930 -0.022949
0.066284 -0.208740 1.068726 0.070557 0.000000 -0.019775
0.067017 -0.213867 1.053101 0.059814 -0.001953 -0.018799
0.069824 -0.211548 1.043579 0.066528 -0.010986 -0.021851
0.074707 -0.226074 1.052979 0.065674 -0.009521 -0.013916
0.075684 -0.237305 1.056030 0.039551 0.004517 0.001343
0.065430 -0.253784 1.028564 -0.007690 0.014038 0.009766
0.067871 -0.252686 1.025269 -0.000732 0.016479 0.008301
0.067871 -0.263672 1.037964 0.020508 0.011841 -0.000366
0.063110 -0.277344 1.026855 0.034546 0.011597 -0.002075
0.055176 -0.290894 1.010010 0.040771 0.005859 0.002441
0.061768 -0.291138 0.995239 0.038330 -0.007446 0.002441
0.062378 -0.292847 0.985840 0.039673 -0.022095 0.003296
0.068726 -0.300049 0.975464 0.047119 -0.039917 0.000854
0.073364 -0.299438 0.977173 0.060547 -0.053955 -0.002563
0.084229 -0.316895 0.986084 0.062622 -0.065063 -0.007324
0.097290 -0.311035 0.993652 0.067139 -0.071533 -0.013428
