0.079834 -0.205444 1.125610 -0.174561 0.037842 0.063965
0.067993 -0.212646 1.074463 -0.170532 0.050049 0.055420
0.044678 -0.233276 1.026489 -0.141235 0.041016 0.032837
0.034668 -0.261597 0.993530 -0.085205 0.017822 0.009033
0.023071 -0.305908 0.953247 -0.065674 0.000732 -0.002197
0.011230 -0.339233 0.926270 -0.069214 -0.012817 -0.007568
0.031616 -0.352905 0.931885 -0.064331 -0.019165 -0.009888
0.029297 -0.355469 0.931274 -0.084473 0.000000 -0.019043
0.004150 -0.382568 0.893066 -0.095947 0.025024 -0.048706
-0.031738 -0.418457 0.867676 -0.073120 0.030151 -0.093628
-0.061035 -0.459961 0.825317 -0.028687 0.008789 -0.139771
-0.065430 -0.478516 0.834839 0.025513 -0.031494 -0.174194
-0.060791 -0.501221 0.844604 0.055176 -0.070557 -0.182617
-0.041992 -0.515137 0.874268 0.066895 -0.094604 -0.173584
-0.029541 -0.534912 0.889526 0.047485 -0.091919 -0.144287
-0.035645 -0.557739 0.900879 0.010010 -0.064819 -0.106079
-0.036865 -0.564331 0.906494 -0.028320 -0.042847 -0.072021
-0.037109 -0.562744 0.908325 -0.040894 -0.033203 -0.055054
-0.027222 -0.555786 0.928711 -0.027466 -0.032593 -0.065430
-0.033813 -0.569580 0.937744 -0.001953 -0.033813 -0.093750
-0.061890 -0.602539 0.924316 0.032104 -0.036011 -0.110229
-0.091431 -0.627075 0.919922 0.056396 -0.040771 -0.093018
-0.099609 -0.627075 0.918701 0.063232 -0.054443 -0.045898
-0.082275 -0.606201 0.929932 0.056274 -0.071777 0.009155
-0.063232 -0.571533 0.947632 0.047607 -0.084351 0.059082
-0.055542 -0.556396 0.964355 0.046509 -0.081665 0.108398
-0.041748 -0.537964 0.982788 0.031616 -0.073853 0.142090
-0.042114 -0.531128 0.990479 0.013550 -0.053955 0.172607
-0.045288 -0.526611 0.991089 -0.018799 -0.029541 0.205811
-0.052368 -0.528198 0.992065 -0.080811 -0.005859 0.243286
-0.065918 -0.533447 0.949951 -0.111450 0.013428 0.284790
-0.079468 -0.520508 0.908203 -0.109741 0.007202 0.315552
-0.076904 -0.525269 0.898682 -0.092163 -0.024170 0.329102
-0.062866 -0.512817 0.908813 -0.053711 -0.065552 0.331299
-0.032837 -0.473389 0.936157 -0.024658 -0.094604 0.334351
-0.014038 -0.453369 0.953003 -0.029907 -0.097534 0.352539
0.003174 -0.413330 0.953369 -0.049316 -0.087158 0.374756
0.018188 -0.386230 0.960571 -0.073730 -0.082520 0.386108
0.031982 -0.380981 1.004150 -0.096313 -0.092163 0.388306
0.044067 -0.368530 1.005005 -0.115601 -0.098511 0.391968
0.050171 -0.352783 1.017700 -0.116455 -0.093872 0.404297
0.046021 -0.340332 0.994751 -0.114990 -0.092773 0.419189
0.070313 -0.311890 1.002197 -0.103516 -0.104492 0.429443
0.084351 -0.286743 1.018066 -0.103882 -0.100464 0.423950
0.087646 -0.265259 1.003052 -0.085938 -0.089844 0.413818
0.084106 -0.247070 0.993652 -0.092163 -0.079468 0.403809
0.074829 -0.244141 0.986450 -0.109375 -0.071777 0.400513
0.097290 -0.218750 1.019043 -0.115479 -0.079102 0.397339
0.127075 -0.183350 1.042114 -0.121826 -0.090210 0.390625
0.144409 -0.161377 1.056519 -0.109863 -0.089966 0.365845
0.142700 -0.157959 1.049316 -0.097900 -0.097046 0.328125
0.150513 -0.157837 1.065796 -0.082764 -0.101807 0.292603
0.170654 -0.142090 1.091309 -0.062012 -0.096924 0.264160
0.178955 -0.135254 1.098145 -0.049561 -0.080200 0.235107
0.177856 -0.125488 1.094482 -0.049927 -0.064697 0.209961
0.180176 -0.131470 1.100342 -0.052124 -0.051880 0.185913
0.192261 -0.132813 1.114502 -0.042969 -0.041748 0.163086
0.199951 -0.127197 1.103149 -0.039429 -0.028687 0.140625
0.202881 -0.147827 1.100098 -0.041138 -0.016968 0.113525
0.196533 -0.166748 1.097778 -0.031006 -0.005493 0.091187
0.201050 -0.187500 1.083374 -0.020264 0.004761 0.075317
0.212646 -0.177856 1.064819 -0.005981 0.001709 0.052368
0.219604 -0.160645 1.045166 0.013672 -0.003784 0.018066
0.219604 -0.159424 1.013916 0.035767 -0.011841 -0.023560
0.217896 -0.160034 0.993042 0.065186 -0.026978 -0.067993
0.222046 -0.161133 0.977417 0.092407 -0.045654 -0.108765
0.244019 -0.149414 0.986450 0.106445 -0.055908 -0.145874
0.256470 -0.154785 1.012329 0.052612 -0.041382 -0.176147
0.239380 -0.180542 1.009644 -0.034180 0.005249 -0.187500
0.208496 -0.227539 0.977539 -0.119873 0.052490 -0.187256
0.178345 -0.281128 0.945801 -0.163452 0.071899 -0.189453
0.169189 -0.308594 0.949097 -0.143921 0.062988 -0.205566
0.182495 -0.319458 0.958862 -0.098999 0.049072 -0.234253
0.194214 -0.315674 0.979858 -0.064453 0.041016 -0.274536
0.185669 -0.306396 0.977295 -0.046997 0.042969 -0.325684
0.152344 -0.326294 0.959961 -0.046021 0.054321 -0.372559
0.117798 -0.360229 0.942627 -0.057861 0.060181 -0.401978
0.098511 -0.368652 0.952148 -0.076904 0.067993 -0.416016
0.091187 -0.374756 0.964355 -0.093506 0.074097 -0.414673
0.081055 -0.371338 0.972778 -0.112183 0.089722 -0.405884
0.070190 -0.388794 0.981201 -0.133179 0.105835 -0.384644
0.054932 -0.386719 0.978760 -0.163452 0.115601 -0.363770
0.039429 -0.373047 0.945435 -0.164917 0.125244 -0.350464
0.012817 -0.374390 0.944336 -0.166748 0.131104 -0.357666
-0.009766 -0.374268 0.932983 -0.147461 0.123169 -0.370972
-0.019531 -0.342773 0.926147 -0.125244 0.120728 -0.383545
-0.031006 -0.349976 0.935303 -0.133545 0.114258 -0.378662
-0.050659 -0.359863 0.943726 -0.150391 0.114258 -0.372070
-0.078735 -0.377197 0.950195 -0.167358 0.109253 -0.361938
-0.116821 -0.406860 0.947144 -0.205444 0.115356 -0.349243
-0.153198 -0.427246 0.947632 -0.218018 0.118286 -0.338501
-0.192627 -0.466553 0.955566 -0.244141 0.089600 -0.323730
-0.201660 -0.523438 1.001099 -0.302246 0.076538 -0.291504
-0.265503 -0.601563 1.001343 -0.377197 0.044434 -0.244751
-0.258789 -0.580688 1.002686 -0.263916 0.062134 -0.205444
-0.275757 -0.611084 0.991943 -0.253052 0.032837 -0.172485
-0.239624 -0.541382 1.013306 -0.122925 0.021118 -0.164063
-0.240967 -0.543091 1.020508 -0.096436 0.004150 -0.143921
-0.224365 -0.543579 1.026367 -0.120728 -0.006714 -0.114868
-0.202759 -0.524048 1.026367 -0.111816 -0.001221 -0.084106
-0.189453 -0.517212 1.021729 -0.135254 0.009521 -0.049683
-0.165527 -0.495605 1.019897 -0.147339 0.015747 -0.014893
-0.134033 -0.470337 1.026367 -0.157715 0.015503 0.006836
-0.100342 -0.446045 1.045410 -0.137817 0.015259 0.016235
-0.089600 -0.453125 1.048950 -0.108887 0.012085 0.018188
-0.076050 -0.459106 1.067261 -0.077637 0.006470 0.016113
-0.061768 -0.445068 1.070313 -0.045898 0.000000 0.020386
-0.046509 -0.437256 1.063110 -0.020996 -0.006836 0.023926
-0.028687 -0.418945 1.074585 0.013428 -0.009399 0.025879
-0.015259 -0.403687 1.083008 0.019043 0.006714 0.036865
-0.014526 -0.394409 1.070313 -0.007935 0.036133 0.054199
-0.010864 -0.364380 1.057007 -0.032349 0.066650 0.070435
-0.020508 -0.366089 1.034058 -0.051880 0.094849 0.077393
-0.035645 -0.362305 1.021362 -0.050415 0.102173 0.065063
-0.051270 -0.378784 1.009766 -0.019409 0.084473 0.045044
-0.064209 -0.383667 0.995728 0.034912 0.049805 0.022461
-0.068726 -0.386597 0.990112 0.086182 0.010742 0.002197
-0.069946 -0.376587 1.000488 0.115723 -0.019409 -0.007813
-0.065796 -0.355591 1.016479 0.119995 -0.027588 0.003540
-0.060425 -0.333252 1.005737 0.108521 -0.019043 0.031128
-0.047607 -0.316040 1.012939 0.074829 -0.014038 0.060303
-0.053101 -0.333252 1.018921 0.022217 -0.007324 0.089355
-0.043701 -0.335693 1.018066 -0.011597 0.006958 0.120972
-0.025146 -0.309082 1.012085 -0.038086 0.012573 0.135986
-0.024536 -0.280396 0.984985 -0.058960 0.016235 0.120972
-0.043091 -0.285889 0.947266 -0.050537 0.020020 0.080444
-0.041870 -0.310303 0.951660 -0.008667 -0.019653 0.015503
-0.049072 -0.361572 0.967529 0.043213 -0.057739 -0.033325
-0.045776 -0.402344 0.991089 0.094727 -0.081177 -0.051025
-0.027954 -0.405396 1.007446 0.120728 -0.092285 -0.042725
-0.009033 -0.401123 1.008545 0.103271 -0.082031 -0.024536
0.000610 -0.408081 0.996948 0.068726 -0.066772 -0.000122
-0.001953 -0.448486 0.997314 0.012451 -0.038696 0.037354
0.020142 -0.439941 0.976074 -0.046143 -0.007568 0.093384
0.035767 -0.422974 0.972534 -0.106201 0.022461 0.134521
0.036255 -0.402832 0.939819 -0.111572 0.031616 0.133057
0.030273 -0.412109 0.906860 -0.069458 0.010010 0.090942
0.020752 -0.443970 0.884399 -0.001099 -0.034058 0.027710
0.024536 -0.469849 0.885742 0.066284 -0.077515 -0.023682
0.038452 -0.479980 0.910034 0.086914 -0.094604 -0.051514
0.045288 -0.500854 0.914307 0.082886 -0.087769 -0.052124
0.030884 -0.536499 0.892334 0.081909 -0.080078 -0.045410
0.021729 -0.550293 0.873047 0.088501 -0.086060 -0.037109
0.018311 -0.552124 0.859009 0.075684 -0.099487 -0.023315
0.025391 -0.558105 0.864502 0.050293 -0.109497 -0.003540
0.054810 -0.507080 0.881348 0.037231 -0.109619 0.015747
0.062866 -0.497437 0.878662 0.009888 -0.090698 0.030762
0.058105 -0.497803 0.856323 -0.018799 -0.075195 0.027344
0.037476 -0.520996 0.827637 -0.014526 -0.082886 0.008057
0.028198 -0.536377 0.823486 0.024414 -0.115723 -0.023315
