0.059570 -0.287598 1.015747 -0.036255 -0.091309 -0.092773
0.054932 -0.283813 1.024658 -0.067749 -0.058594 -0.099243
0.035889 -0.306763 1.007568 -0.094604 -0.023804 -0.102539
0.021606 -0.316040 0.991821 -0.113281 -0.011230 -0.108032
0.013306 -0.314575 0.973633 -0.107788 -0.016357 -0.112915
0.007080 -0.320801 0.965332 -0.080566 -0.029175 -0.128296
-0.009155 -0.346680 0.963623 -0.035034 -0.049805 -0.149902
-0.007202 -0.359009 0.976318 0.012085 -0.070557 -0.167358
-0.006470 -0.367188 0.995728 0.022827 -0.073486 -0.169312
-0.006470 -0.365967 1.013184 -0.011597 -0.056396 -0.159058
-0.006592 -0.357666 1.003052 -0.058105 -0.028931 -0.142456
-0.016235 -0.380737 1.013550 -0.096924 -0.005005 -0.130249
-0.031494 -0.419922 1.014404 -0.118164 0.007935 -0.127075
-0.049438 -0.461182 1.012451 -0.108398 0.009033 -0.123535
-0.067505 -0.483154 0.998169 -0.074341 -0.007080 -0.123657
-0.072998 -0.487427 0.983276 -0.017212 -0.035522 -0.120483
-0.060791 -0.477173 0.987793 0.022705 -0.067139 -0.116455
-0.032471 -0.461792 1.014771 0.022827 -0.076904 -0.108276
-0.024414 -0.450806 1.017456 -0.009766 -0.061401 -0.093628
-0.039673 -0.474487 0.999634 -0.037476 -0.035034 -0.073242
-0.050171 -0.494385 0.985718 -0.044922 -0.029419 -0.059937
-0.050903 -0.504639 0.986084 -0.033325 -0.039917 -0.054932
-0.052734 -0.512451 0.980103 -0.017578 -0.051025 -0.051392
-0.049438 -0.513062 0.991211 -0.005737 -0.059082 -0.050659
-0.053833 -0.518311 0.988159 0.011963 -0.064697 -0.051758
-0.073730 -0.550781 0.979126 0.038208 -0.063965 -0.045166
-0.074219 -0.559692 0.970337 0.061401 -0.067627 -0.031982
-0.063110 -0.552002 0.965820 0.083984 -0.069580 -0.016479
-0.060547 -0.554199 0.973022 0.084839 -0.063721 -0.007080
-0.077026 -0.566528 0.954834 0.067993 -0.050903 0.003784
-0.098389 -0.586304 0.928711 0.054443 -0.042603 0.025635
-0.111572 -0.591675 0.911255 0.047241 -0.047485 0.051392
-0.119629 -0.610229 0.890015 0.064209 -0.063354 0.083862
-0.099243 -0.588501 0.900391 0.086426 -0.090454 0.113770
-0.068115 -0.543213 0.916992 0.105591 -0.106934 0.137573
-0.045654 -0.505859 0.906860 0.110229 -0.091187 0.157349
-0.027954 -0.487793 0.938477 0.085205 -0.071045 0.173584
-0.044189 -0.520386 0.930542 0.025757 -0.055908 0.189453
-0.060181 -0.546753 0.923828 -0.012451 -0.045898 0.208862
-0.072510 -0.552368 0.906982 -0.026611 -0.061401 0.236694
-0.053101 -0.528320 0.903442 -0.004272 -0.082397 0.270508
-0.028564 -0.495972 0.899170 -0.004272 -0.089478 0.306885
-0.005249 -0.459717 0.910156 -0.043213 -0.078979 0.329468
-0.010010 -0.450317 0.884399 -0.066772 -0.068481 0.339478
-0.005859 -0.450317 0.895264 -0.088257 -0.077515 0.337524
0.015747 -0.459351 0.936890 -0.098755 -0.088745 0.329834
0.047363 -0.434692 0.976196 -0.068970 -0.103027 0.326660
0.063232 -0.427612 1.003906 -0.069580 -0.088989 0.336548
0.074707 -0.405273 1.004639 -0.079956 -0.058350 0.356201
0.071655 -0.386353 0.992798 -0.131348 -0.023560 0.384155
0.087036 -0.331543 0.987061 -0.170044 -0.008301 0.411133
0.094604 -0.309204 0.973022 -0.211304 -0.010986 0.416748
0.104980 -0.284424 0.981812 -0.221680 -0.026733 0.408813
0.125610 -0.259399 0.993164 -0.205933 -0.039307 0.390625
0.147461 -0.223877 1.008545 -0.198608 -0.044189 0.359619
0.143066 -0.219849 1.010132 -0.160522 -0.044312 0.325684
0.155640 -0.202271 1.016846 -0.121582 -0.053589 0.286987
0.182739 -0.174805 1.048584 -0.100952 -0.060913 0.247437
0.189575 -0.178711 1.070557 -0.099731 -0.054810 0.211670
0.184570 -0.195435 1.084473 -0.099243 -0.045166 0.178101
0.174561 -0.209961 1.079834 -0.105835 -0.036255 0.155396
0.162109 -0.219849 1.078247 -0.107788 -0.031494 0.138794
0.167725 -0.200439 1.066772 -0.092529 -0.034546 0.126221
0.177734 -0.187622 1.079346 -0.075317 -0.040527 0.113525
0.197144 -0.176636 1.067139 -0.061646 -0.039673 0.102173
0.215332 -0.163452 1.056152 -0.067383 -0.032959 0.081665
0.217407 -0.166382 1.049316 -0.089111 -0.022949 0.054443
0.221436 -0.178589 1.038818 -0.103027 -0.015381 0.021240
0.217773 -0.204102 1.038696 -0.093140 -0.016357 -0.017578
0.213745 -0.221558 1.044312 -0.056152 -0.021851 -0.063110
0.213257 -0.226440 1.029419 -0.009033 -0.030029 -0.108765
0.220703 -0.222290 1.035522 0.022827 -0.034912 -0.148560
0.218262 -0.221802 1.015259 0.016113 -0.027588 -0.184204
0.218262 -0.224243 1.008301 -0.000488 -0.002075 -0.215576
0.221802 -0.231445 1.006348 -0.035034 0.037231 -0.240723
0.199951 -0.275635 0.985718 -0.099731 0.076416 -0.257080
0.177124 -0.322388 0.967651 -0.128784 0.105835 -0.273804
0.152222 -0.364990 0.962280 -0.123535 0.103027 -0.292114
0.131958 -0.396240 0.959839 -0.119263 0.105103 -0.305420
0.114868 -0.407959 0.943970 -0.145996 0.109741 -0.311401
0.091064 -0.413940 0.916870 -0.137085 0.105591 -0.327026
0.069702 -0.425537 0.903442 -0.081543 0.099243 -0.350708
0.046021 -0.440063 0.911499 -0.050903 0.087646 -0.371338
0.027222 -0.455566 0.911499 -0.045898 0.085938 -0.371216
0.021729 -0.454590 0.920654 -0.067627 0.096191 -0.358032
0.012085 -0.443604 0.940308 -0.119507 0.111816 -0.344116
-0.007690 -0.449829 0.934692 -0.166870 0.125244 -0.338745
-0.042725 -0.461914 0.919800 -0.183716 0.128296 -0.351929
-0.077759 -0.497559 0.916870 -0.170288 0.116455 -0.363037
-0.096069 -0.519775 0.952148 -0.134766 0.101685 -0.362549
-0.105469 -0.520264 0.960693 -0.115845 0.098755 -0.336182
-0.121704 -0.506958 0.929932 -0.155151 0.141602 -0.305664
-0.133667 -0.468994 0.936401 -0.114014 0.160645 -0.291260
-0.137695 -0.446899 0.938721 -0.097168 0.161011 -0.281616
-0.142456 -0.452271 0.968750 -0.126953 0.153320 -0.277100
-0.159912 -0.471069 0.975342 -0.147339 0.153076 -0.269043
-0.194702 -0.502686 0.970825 -0.180420 0.144897 -0.248169
-0.237305 -0.529175 0.927734 -0.169922 0.135620 -0.221924
-0.249390 -0.509033 0.919556 -0.136841 0.106812 -0.196045
-0.254150 -0.493530 0.908447 -0.118408 0.062256 -0.161621
-0.273438 -0.483154 0.899170 -0.128540 0.044922 -0.139893
-0.274414 -0.490234 0.905884 -0.116089 0.018311 -0.112671
-0.267822 -0.508667 0.927856 -0.106934 -0.033325 -0.090088
-0.218750 -0.475098 0.992920 -0.040649 -0.063110 -0.078979
-0.202393 -0.472778 1.024292 -0.049683 -0.064453 -0.071655
-0.198853 -0.477051 1.009155 -0.041504 -0.060181 -0.058105
-0.179565 -0.465576 1.032349 -0.017944 -0.055054 -0.046997
-0.167969 -0.478027 1.056885 -0.047363 -0.042725 -0.022461
-0.166504 -0.482422 1.054565 -0.082520 -0.022095 0.007080
-0.157959 -0.473877 1.054077 -0.078735 -0.012207 0.037964
-0.139404 -0.461060 1.053833 -0.063354 -0.013794 0.063721
-0.124878 -0.441040 1.047241 -0.040771 -0.017944 0.076538
-0.115112 -0.427490 1.037598 -0.000854 -0.030029 0.079102
-0.094360 -0.413208 1.046631 0.042725 -0.045532 0.075806
-0.085938 -0.401978 1.047852 0.062622 -0.057373 0.074951
-0.072998 -0.380615 1.049805 0.074951 -0.066284 0.080078
-0.053467 -0.363525 1.061401 0.074463 -0.070679 0.089722
-0.026489 -0.338867 1.080322 0.066895 -0.072021 0.101685
0.005981 -0.318115 1.106201 0.052002 -0.066040 0.106689
0.020386 -0.313477 1.116577 0.028320 -0.044800 0.105103
0.027588 -0.299072 1.090942 0.024048 -0.030640 0.094482
0.032349 -0.292969 1.068604 0.020508 -0.015869 0.070068
0.029541 -0.312134 1.075195 0.038818 -0.017700 0.039795
0.008301 -0.352173 1.053833 0.045044 -0.009766 0.023071
0.003662 -0.368774 1.022583 0.069824 -0.015991 0.016724
-0.000122 -0.381714 0.998901 0.103271 -0.022217 0.018311
0.006470 -0.359375 0.973389 0.116699 -0.023560 0.019165
-0.008057 -0.367188 0.930054 0.109863 -0.026367 0.020996
-0.017944 -0.367310 0.901733 0.099976 -0.032104 0.016968
-0.019043 -0.374512 0.902466 0.084717 -0.054443 0.017578
-0.008545 -0.399170 0.910889 0.059204 -0.069458 0.028931
0.006104 -0.414307 0.926636 0.031494 -0.073975 0.040405
0.020386 -0.401123 0.927246 -0.000366 -0.075562 0.037476
0.022827 -0.410034 0.907349 0.007935 -0.070557 0.026367
0.018677 -0.441162 0.887939 0.018066 -0.075928 -0.005981
0.018433 -0.468262 0.901978 0.036987 -0.086792 -0.035645
0.008179 -0.521606 0.883301 0.027100 -0.082642 -0.032349
0.000244 -0.554199 0.889160 -0.013916 -0.066528 -0.008423
-0.002197 -0.562744 0.890747 -0.041748 -0.050903 0.032837
-0.005737 -0.548096 0.853394 -0.059448 -0.046875 0.072144
-0.000488 -0.531494 0.844116 -0.062500 -0.066895 0.083740
0.031616 -0.501587 0.857910 -0.036377 -0.106079 0.058350
0.054321 -0.481567 0.884399 0.009155 -0.147583 -0.008911
0.062378 -0.501709 0.909546 0.086914 -0.175049 -0.080078
0.061523 -0.538452 0.924194 0.135864 -0.177979 -0.117676
0.049438 -0.567139 0.932617 0.130005 -0.155029 -0.112061
0.036865 -0.569824 0.917725 0.094238 -0.117554 -0.074829
0.023926 -0.584717 0.900269 0.054321 -0.085815 -0.024292
0.027832 -0.554199 0.879272 0.032715 -0.073975 0.018066
0.037354 -0.520264 0.875366 0.007690 -0.078491 0.037231
