0.000122 -0.399414 0.975830 -0.043945 -0.003174 -0.053833
0.005493 -0.380737 0.971191 -0.026855 -0.013794 -0.058105
0.014526 -0.361694 0.968506 -0.020752 -0.020508 -0.064941
0.019653 -0.360718 0.981445 -0.025146 -0.022583 -0.071777
0.030396 -0.357788 0.986450 -0.031860 -0.020752 -0.079224
0.032715 -0.368408 0.992676 -0.052612 -0.011230 -0.079712
0.022095 -0.387817 0.992065 -0.072144 -0.000488 -0.078735
0.016846 -0.377075 0.974731 -0.069336 0.006348 -0.081177
0.000366 -0.387695 0.963013 -0.065796 0.007324 -0.089111
-0.008057 -0.404663 0.956421 -0.043579 -0.005371 -0.098755
-0.010498 -0.407959 0.962036 -0.021606 -0.020996 -0.102051
-0.003418 -0.407227 0.965820 -0.014893 -0.028320 -0.098511
0.000732 -0.413330 0.983276 -0.033203 -0.027466 -0.095215
-0.002319 -0.406738 0.975098 -0.044434 -0.017456 -0.092529
-0.003906 -0.411133 0.963867 -0.055664 -0.005493 -0.090820
-0.018311 -0.434082 0.958862 -0.065552 0.004395 -0.092896
-0.039429 -0.451904 0.949097 -0.053833 0.010986 -0.095093
-0.049438 -0.468750 0.942139 -0.048340 0.010742 -0.085938
-0.053711 -0.479858 0.940186 -0.054443 0.005127 -0.076294
-0.062622 -0.499023 0.931152 -0.053589 -0.004639 -0.068604
-0.068604 -0.515503 0.930176 -0.043823 -0.022217 -0.061523
-0.064453 -0.509888 0.944702 -0.029175 -0.038086 -0.052612
-0.059937 -0.517212 0.954346 -0.021851 -0.042358 -0.042847
-0.072388 -0.520142 0.941162 -0.019897 -0.039063 -0.036377
-0.084595 -0.535034 0.940796 -0.018799 -0.035278 -0.026611
-0.085449 -0.547363 0.944336 -0.026611 -0.032959 -0.017212
-0.091675 -0.576538 0.947998 -0.031128 -0.033325 -0.010376
-0.100708 -0.593750 0.940430 -0.020142 -0.041870 -0.005737
-0.108154 -0.610840 0.928833 0.003784 -0.054443 0.008789
-0.098145 -0.618774 0.941284 0.026611 -0.070557 0.026123
-0.087036 -0.617920 0.952271 0.052734 -0.084473 0.042603
-0.083740 -0.622559 0.951416 0.072144 -0.091675 0.062378
-0.079712 -0.618530 0.938354 0.064819 -0.096313 0.083252
-0.070679 -0.598877 0.930054 0.053711 -0.098633 0.108276
-0.063599 -0.577515 0.917480 0.039307 -0.097290 0.135254
-0.046265 -0.546631 0.912109 0.020874 -0.090820 0.162476
-0.035522 -0.524292 0.922119 -0.017944 -0.074707 0.185425
-0.037598 -0.524048 0.900024 -0.055664 -0.045288 0.209106
-0.057495 -0.540405 0.877075 -0.087646 -0.037842 0.226929
-0.059082 -0.533691 0.867798 -0.087158 -0.059326 0.234253
-0.057495 -0.537964 0.871216 -0.076782 -0.091064 0.240601
-0.030151 -0.504761 0.863525 -0.052490 -0.113647 0.250977
-0.006714 -0.493774 0.895386 -0.037842 -0.141113 0.249268
0.007568 -0.484131 0.927856 -0.031982 -0.148926 0.250977
0.024292 -0.481689 0.950806 -0.058350 -0.141357 0.269043
0.041992 -0.471924 0.983765 -0.074585 -0.122070 0.296143
0.055542 -0.451782 1.001831 -0.083252 -0.099976 0.327515
0.072632 -0.415894 1.011475 -0.090942 -0.074341 0.354980
0.090210 -0.370972 1.015625 -0.097778 -0.052002 0.371338
0.091675 -0.353638 1.002319 -0.120728 -0.024048 0.375488
0.074829 -0.354126 0.991211 -0.157104 -0.012695 0.369995
0.071777 -0.337646 0.984741 -0.150391 -0.012817 0.365356
0.091675 -0.302734 0.991943 -0.139771 -0.019775 0.357422
0.114502 -0.270386 1.004517 -0.137817 -0.032227 0.343140
0.134155 -0.231079 1.008179 -0.136353 -0.037354 0.315796
0.145752 -0.234375 1.033936 -0.134399 -0.045898 0.275391
0.154541 -0.234741 1.054443 -0.106323 -0.046875 0.230957
0.151611 -0.248657 1.061035 -0.110596 -0.033936 0.200684
0.162231 -0.233765 1.069946 -0.122314 -0.014038 0.183105
0.160889 -0.226196 1.059448 -0.137329 0.005615 0.167969
0.154785 -0.219849 1.047729 -0.133667 0.012207 0.148682
0.158813 -0.222046 1.041504 -0.117798 0.002808 0.120605
0.164551 -0.210693 1.042603 -0.101929 -0.009155 0.093872
0.166992 -0.229492 1.040894 -0.077271 -0.018921 0.069580
0.190063 -0.214966 1.038208 -0.036865 -0.039551 0.042480
0.233154 -0.188477 1.052246 -0.004883 -0.055054 0.010376
0.262329 -0.174194 1.071411 0.009766 -0.047729 -0.032593
0.269287 -0.186523 1.075928 0.008911 -0.022339 -0.080200
0.254395 -0.236450 1.084717 -0.011353 0.031372 -0.115967
0.210083 -0.306274 1.057739 -0.074951 0.096313 -0.126343
0.155151 -0.354004 0.991577 -0.124756 0.145752 -0.121338
0.105469 -0.380249 0.921143 -0.124146 0.150513 -0.128052
0.079224 -0.383423 0.870605 -0.085205 0.112793 -0.150146
0.073730 -0.375610 0.852539 -0.037231 0.058594 -0.181152
0.093506 -0.369141 0.880737 -0.005005 0.013428 -0.215332
0.115601 -0.362061 0.922607 0.003784 -0.005127 -0.255737
0.109863 -0.362061 0.930664 0.015137 0.007080 -0.290283
0.101685 -0.365479 0.918457 0.013672 0.028442 -0.314819
0.085815 -0.388062 0.922363 -0.024048 0.056885 -0.327148
0.070923 -0.410034 0.931641 -0.080811 0.079224 -0.321167
0.057617 -0.419434 0.933716 -0.132080 0.100830 -0.309570
0.026123 -0.449707 0.933594 -0.159546 0.112061 -0.301392
-0.004028 -0.465820 0.913452 -0.147095 0.104248 -0.300171
-0.019043 -0.457031 0.902832 -0.104004 0.082886 -0.308472
-0.020386 -0.430298 0.911621 -0.052856 0.060913 -0.328735
-0.025024 -0.421021 0.926147 -0.019043 0.055420 -0.347534
-0.041382 -0.422607 0.939819 -0.027588 0.066650 -0.353516
-0.052124 -0.439209 0.982422 -0.066162 0.086060 -0.337036
-0.070435 -0.452026 0.988037 -0.137695 0.155884 -0.308960
-0.098022 -0.463501 0.973755 -0.119263 0.177246 -0.294067
-0.116455 -0.450317 0.958374 -0.033325 0.187012 -0.291016
-0.127441 -0.438843 0.970459 -0.006714 0.161377 -0.285889
-0.127563 -0.401611 0.974731 0.015869 0.133423 -0.264648
-0.115845 -0.386597 0.973267 -0.001465 0.107300 -0.231689
-0.107788 -0.367188 0.984863 -0.077637 0.113647 -0.209717
-0.135620 -0.391846 0.974731 -0.173218 0.150879 -0.197632
-0.189331 -0.447754 0.949951 -0.233032 0.181152 -0.202881
-0.249268 -0.528687 0.924316 -0.232910 0.180786 -0.211060
-0.285767 -0.575928 0.921631 -0.199341 0.137817 -0.208740
-0.300171 -0.622192 0.933960 -0.152954 0.079834 -0.182861
-0.300903 -0.637329 0.959717 -0.135742 0.032227 -0.150146
-0.292603 -0.638672 0.983521 -0.133667 0.009399 -0.113525
-0.269165 -0.610474 1.019409 -0.128540 0.009033 -0.078857
-0.260620 -0.586670 1.026245 -0.135742 0.022339 -0.049683
-0.250854 -0.569580 1.023804 -0.126099 0.029053 -0.024902
-0.236694 -0.550049 1.028198 -0.110596 0.019287 -0.004395
-0.210083 -0.533813 1.041382 -0.092896 0.003540 0.017212
-0.184204 -0.502808 1.050781 -0.067871 -0.010742 0.029053
-0.163696 -0.481812 1.054932 -0.029663 -0.022095 0.035645
-0.132690 -0.449463 1.083618 0.013550 -0.035278 0.037231
-0.113892 -0.437500 1.106934 0.020996 -0.037842 0.037842
-0.092529 -0.395752 1.096802 0.031494 -0.028442 0.043335
-0.082886 -0.361450 1.074097 0.023193 -0.012695 0.051392
-0.074829 -0.346558 1.051636 -0.003418 -0.000488 0.049194
-0.059326 -0.337769 1.053101 -0.017700 0.013306 0.037598
-0.043579 -0.346191 1.078979 -0.049316 0.028442 0.019531
-0.066528 -0.405273 1.081177 -0.066406 0.047729 0.008301
-0.101196 -0.464233 1.038696 -0.032959 0.045044 0.012573
-0.112427 -0.453735 0.999634 0.028442 0.009155 0.015259
-0.103271 -0.432617 0.969238 0.113281 -0.048340 0.006104
-0.080811 -0.407104 0.971558 0.182129 -0.087524 -0.013916
-0.070801 -0.404541 0.962402 0.208862 -0.109253 -0.020752
-0.063843 -0.415894 0.953125 0.190674 -0.104370 -0.012939
-0.048828 -0.396484 0.947510 0.164917 -0.105469 0.001587
-0.050781 -0.410034 0.934937 0.122803 -0.103149 0.025391
-0.051392 -0.440063 0.894287 0.087280 -0.100830 0.046997
-0.033081 -0.445068 0.905151 0.070313 -0.115479 0.076172
-0.003418 -0.448120 0.919067 0.040771 -0.101685 0.098267
0.015869 -0.431885 0.893311 0.031616 -0.097656 0.093628
0.025391 -0.425903 0.874146 0.048096 -0.099976 0.068604
0.028198 -0.439331 0.864502 0.056885 -0.109253 0.029419
0.019287 -0.473267 0.845703 0.069458 -0.129639 0.000732
0.016235 -0.504639 0.839844 0.087280 -0.139893 -0.016602
0.012329 -0.529297 0.828613 0.106689 -0.166870 -0.015381
0.035889 -0.513062 0.827759 0.133301 -0.184692 -0.003418
0.058838 -0.513794 0.844971 0.100586 -0.187866 0.008545
0.084839 -0.508423 0.884644 0.052246 -0.184326 0.015503
0.095337 -0.526245 0.889771 0.019531 -0.162964 0.028809
0.102295 -0.524780 0.889648 -0.006226 -0.134277 0.036377
0.097534 -0.509766 0.861572 -0.011108 -0.118652 0.028442
0.090820 -0.514404 0.844971 0.010254 -0.122192 0.006592
0.076172 -0.523438 0.813843 0.032471 -0.130127 -0.023193
0.060913 -0.552856 0.807373 0.045044 -0.150879 -0.047485
0.069458 -0.557495 0.825195 0.058472 -0.169922 -0.054565
0.088379 -0.536865 0.857910 0.047974 -0.171875 -0.046509
0.086670 -0.542480 0.873657 0.013184 -0.151245 -0.024414
0.085327 -0.537354 0.864014 -0.007202 -0.128540 -0.003662
0.080200 -0.538818 0.856689 -0.031372 -0.118286 0.007446
0.074219 -0.539551 0.854370 -0.039673 -0.117188 0.008057
0.077515 -0.545654 0.867310 -0.032104 -0.122192 0.003784
