-0.008179 -0.435669 0.937134 -0.026733 0.009521 -0.059082
-0.007568 -0.442749 0.944214 -0.022339 0.002930 -0.061646
-0.014160 -0.435913 0.928223 -0.014526 0.000610 -0.063599
-0.021606 -0.437866 0.923706 -0.017334 -0.004883 -0.066528
-0.011353 -0.431274 0.932983 -0.021973 -0.010620 -0.069824
-0.017334 -0.441406 0.937256 -0.046875 -0.003174 -0.066406
-0.037231 -0.462769 0.916626 -0.071655 0.013550 -0.052856
-0.038452 -0.463867 0.916992 -0.081177 0.014526 -0.042480
-0.044312 -0.468872 0.919556 -0.078735 0.004028 -0.041748
-0.052246 -0.475464 0.912354 -0.061035 -0.014160 -0.047974
-0.057251 -0.486938 0.918823 -0.032471 -0.034058 -0.054932
-0.042969 -0.482910 0.929688 -0.014526 -0.051880 -0.062012
-0.030640 -0.469238 0.953125 -0.007446 -0.055664 -0.065308
-0.026611 -0.484009 0.956543 -0.024780 -0.038696 -0.056763
-0.042236 -0.498657 0.941162 -0.056030 -0.016846 -0.047852
-0.064697 -0.522461 0.911865 -0.059937 -0.010498 -0.038696
-0.072144 -0.530640 0.912964 -0.028809 -0.024170 -0.033813
-0.071533 -0.541504 0.908203 -0.006714 -0.042114 -0.030396
-0.062988 -0.536255 0.918457 0.001587 -0.054443 -0.028564
-0.059204 -0.551636 0.924194 -0.002563 -0.053101 -0.024536
-0.067505 -0.580811 0.915771 -0.012695 -0.048706 -0.019165
-0.086670 -0.625977 0.903320 -0.009521 -0.048340 -0.009033
-0.102783 -0.655762 0.898438 0.004517 -0.053711 0.005249
-0.099121 -0.665771 0.904663 0.012451 -0.059204 0.023682
-0.097290 -0.669556 0.912964 0.009155 -0.058594 0.046753
-0.093750 -0.680786 0.932495 0.001465 -0.053223 0.074219
-0.095703 -0.677368 0.919312 0.003174 -0.045898 0.101318
-0.105957 -0.672974 0.903076 0.009766 -0.047363 0.125977
-0.105835 -0.652832 0.889526 0.024536 -0.063721 0.143555
-0.101807 -0.633911 0.876953 0.051392 -0.087280 0.159058
-0.087646 -0.628540 0.889526 0.075195 -0.111938 0.171631
-0.071777 -0.606812 0.897705 0.081177 -0.126831 0.193481
-0.053955 -0.605225 0.923096 0.070679 -0.120850 0.222412
-0.031738 -0.580933 0.928345 0.054688 -0.103638 0.245605
-0.024292 -0.572144 0.923584 0.020508 -0.081909 0.270264
-0.041504 -0.581787 0.898926 -0.029419 -0.050903 0.292969
-0.058228 -0.592407 0.873169 -0.056274 -0.036987 0.320801
-0.043091 -0.568115 0.871216 -0.057495 -0.047119 0.345215
-0.015991 -0.535645 0.893677 -0.062256 -0.057861 0.356934
-0.007568 -0.518066 0.895142 -0.082397 -0.057129 0.370117
-0.004761 -0.507446 0.897583 -0.103027 -0.051514 0.379761
0.000854 -0.469727 0.878540 -0.122925 -0.042114 0.381348
-0.004517 -0.460327 0.890259 -0.141846 -0.047607 0.372437
0.000488 -0.460815 0.912720 -0.143311 -0.059692 0.359253
0.013672 -0.455444 0.938110 -0.137573 -0.070801 0.352417
0.031250 -0.454102 0.987427 -0.140381 -0.072266 0.350464
0.037476 -0.448120 0.993286 -0.160034 -0.061523 0.361938
0.044434 -0.421875 0.995483 -0.158691 -0.048340 0.371460
0.051514 -0.399780 0.989990 -0.152832 -0.049561 0.369141
0.065430 -0.367554 0.984375 -0.133911 -0.050293 0.360229
0.080811 -0.341553 0.992798 -0.130249 -0.053955 0.344360
0.086548 -0.323853 1.014771 -0.136597 -0.043823 0.324829
0.068848 -0.334595 1.001953 -0.144775 -0.035767 0.311768
0.076904 -0.328491 0.996094 -0.116577 -0.045654 0.298950
0.091675 -0.299561 1.012817 -0.093018 -0.065674 0.274414
0.105347 -0.287109 1.021729 -0.063599 -0.079102 0.240723
0.116211 -0.278931 1.022217 -0.034790 -0.082520 0.199707
0.111694 -0.276245 1.016602 -0.015015 -0.078125 0.160278
0.111328 -0.280884 1.005859 -0.006348 -0.069702 0.131348
0.117554 -0.285156 1.004395 -0.003418 -0.062500 0.113037
0.117676 -0.291504 1.005615 0.000488 -0.057373 0.098755
0.126587 -0.294922 1.007446 0.002197 -0.058716 0.084106
0.141479 -0.298096 1.002075 0.014648 -0.062256 0.070801
0.171997 -0.287598 1.031006 0.030396 -0.066772 0.042725
0.194580 -0.280640 1.048950 0.032715 -0.057495 0.005981
0.208374 -0.278931 1.056641 0.028076 -0.029785 -0.024780
0.200928 -0.302734 1.043091 -0.000977 0.011841 -0.049438
0.187256 -0.321533 1.024780 -0.034058 0.061157 -0.067627
0.170410 -0.340698 0.992188 -0.080444 0.103394 -0.081055
0.150635 -0.360474 0.955933 -0.118164 0.129150 -0.095459
0.120361 -0.390991 0.921997 -0.130249 0.138306 -0.116455
0.090210 -0.420898 0.888672 -0.122192 0.131348 -0.142944
0.070190 -0.424438 0.865479 -0.094604 0.115723 -0.172119
0.079468 -0.412231 0.864136 -0.078247 0.101440 -0.204346
0.080566 -0.421265 0.895386 -0.091675 0.095093 -0.244873
0.056030 -0.467163 0.942749 -0.107056 0.098633 -0.278931
0.037964 -0.484619 0.940430 -0.102905 0.109863 -0.294067
0.011597 -0.500244 0.924683 -0.107422 0.131470 -0.285889
-0.017090 -0.504761 0.906494 -0.123169 0.143066 -0.277588
-0.040283 -0.497559 0.900024 -0.129028 0.140503 -0.276611
-0.059814 -0.494995 0.896729 -0.131104 0.137817 -0.278442
-0.085449 -0.471924 0.888184 -0.123535 0.135498 -0.288940
-0.109497 -0.475952 0.883301 -0.098511 0.134399 -0.294800
-0.134644 -0.490479 0.891602 -0.105225 0.130981 -0.300537
-0.164673 -0.510498 0.899902 -0.109741 0.123413 -0.295898
-0.185425 -0.511475 0.898804 -0.086426 0.116699 -0.279419
-0.202393 -0.505737 0.905884 -0.072266 0.118042 -0.252808
-0.182617 -0.475464 0.947144 -0.062866 0.122314 -0.210693
-0.160400 -0.455688 0.949341 -0.112427 0.193237 -0.175537
-0.161987 -0.431274 0.943604 -0.151489 0.228882 -0.170654
-0.171265 -0.435669 0.927734 -0.121826 0.268311 -0.183838
-0.199341 -0.452393 0.911499 -0.159058 0.265259 -0.200684
-0.216431 -0.473389 0.898315 -0.191284 0.234375 -0.216797
-0.236694 -0.532104 0.921387 -0.200928 0.198486 -0.220703
-0.255493 -0.567261 0.907715 -0.221558 0.158203 -0.202393
-0.260742 -0.569946 0.894775 -0.202881 0.104004 -0.181396
-0.240356 -0.545654 0.918823 -0.114014 0.060059 -0.181885
-0.225464 -0.542725 0.949707 -0.026001 0.034180 -0.182617
-0.216187 -0.535645 0.966553 0.011963 0.016357 -0.170898
-0.213623 -0.530640 0.979858 0.001831 0.004883 -0.145996
-0.218384 -0.533813 0.968140 -0.052856 -0.002441 -0.115112
-0.227173 -0.540527 0.954834 -0.096436 -0.005981 -0.089478
-0.225342 -0.540771 0.958130 -0.092773 -0.010620 -0.079834
-0.225464 -0.545044 0.960449 -0.063354 -0.017456 -0.074829
-0.213867 -0.543701 0.965210 -0.050415 -0.028687 -0.070190
-0.203857 -0.541870 0.976685 -0.043701 -0.039795 -0.070068
-0.200684 -0.544434 0.981201 -0.030396 -0.046631 -0.068481
-0.202393 -0.548340 0.981567 -0.027954 -0.053955 -0.061890
-0.198364 -0.554810 0.979492 -0.018311 -0.068848 -0.051514
-0.181030 -0.525635 0.986572 0.014038 -0.085815 -0.044678
-0.168091 -0.513062 0.988037 0.033813 -0.096924 -0.038818
-0.172729 -0.524780 0.981567 0.051758 -0.101440 -0.032349
-0.166016 -0.501587 0.970947 0.070923 -0.103760 -0.023315
-0.158569 -0.498047 0.980225 0.067261 -0.101196 -0.007202
-0.143799 -0.488525 0.996704 0.068726 -0.102173 -0.001221
-0.122925 -0.472168 1.014771 0.094238 -0.099121 -0.000977
-0.111328 -0.473389 1.013428 0.092896 -0.089600 0.003540
-0.106079 -0.457642 0.998779 0.079590 -0.080566 0.007690
-0.108032 -0.449097 0.976563 0.079590 -0.079224 0.010010
-0.106812 -0.443359 0.956665 0.081665 -0.086914 0.012451
-0.098633 -0.441895 0.946289 0.086670 -0.083374 0.021240
-0.083862 -0.431641 0.945923 0.073120 -0.078857 0.030884
-0.074829 -0.436768 0.943726 0.057251 -0.071411 0.041870
-0.065430 -0.435669 0.935181 0.038940 -0.066406 0.045288
-0.063721 -0.438599 0.914917 0.029541 -0.072754 0.045288
-0.068237 -0.442993 0.882324 0.025024 -0.079102 0.042480
-0.083130 -0.461304 0.857788 0.036133 -0.105469 0.037231
-0.083374 -0.492676 0.848511 0.059692 -0.141479 0.023071
-0.054321 -0.482056 0.869873 0.088501 -0.187256 -0.009033
-0.024536 -0.492432 0.901733 0.117920 -0.230103 -0.035767
0.000122 -0.471802 0.911743 0.120605 -0.232300 -0.058228
0.009521 -0.501221 0.935791 0.088623 -0.203735 -0.063477
0.008423 -0.531372 0.923828 0.071899 -0.163574 -0.054443
0.015381 -0.521484 0.928467 0.041748 -0.133301 -0.036377
0.018799 -0.537964 0.928101 0.005615 -0.107788 -0.006226
0.024414 -0.548706 0.912842 0.000366 -0.091919 0.012207
0.019043 -0.556030 0.896606 0.014160 -0.087280 0.014771
0.012573 -0.566528 0.869873 0.024292 -0.100952 0.010254
0.017944 -0.579346 0.860474 0.060425 -0.125122 0.000000
0.036865 -0.561401 0.872314 0.110718 -0.153564 -0.020508
0.056519 -0.561279 0.875366 0.130615 -0.166138 -0.031494
0.069214 -0.577637 0.884033 0.120239 -0.163330 -0.034424
0.089600 -0.575806 0.913818 0.089233 -0.142944 -0.029663
0.095215 -0.587769 0.921631 0.034790 -0.105347 -0.016357
0.089111 -0.576782 0.911377 0.005249 -0.068481 -0.011108
0.070435 -0.571167 0.870605 0.003052 -0.048828 -0.022827
0.044312 -0.589111 0.851074 0.008423 -0.051636 -0.037476
0.033325 -0.608398 0.844360 0.040161 -0.070435 -0.038940
0.044067 -0.607544 0.859375 0.073730 -0.089844 -0.032104
0.052368 -0.594727 0.877930 0.080200 -0.090942 -0.013062
