-0.019531 -0.474976 0.934692 -0.061401 0.020386 -0.069702
-0.029907 -0.478394 0.913086 -0.036743 0.009033 -0.069946
-0.036499 -0.491699 0.916016 -0.017578 -0.002197 -0.068359
-0.032837 -0.502563 0.933472 -0.013306 -0.011230 -0.066772
-0.049805 -0.521729 0.929077 -0.018677 -0.010376 -0.060303
-0.060303 -0.538208 0.921143 -0.024780 -0.008789 -0.045288
-0.061157 -0.546875 0.917480 -0.034790 -0.012329 -0.023804
-0.061279 -0.552979 0.925537 -0.039063 -0.010986 -0.006348
-0.066284 -0.575928 0.923950 -0.049316 -0.006836 0.002441
-0.090576 -0.623291 0.914795 -0.051270 -0.009277 0.001831
-0.122803 -0.661011 0.899658 -0.031250 -0.019897 -0.000610
-0.133057 -0.686890 0.895142 0.006470 -0.041260 0.010376
-0.126465 -0.700439 0.913452 0.035767 -0.064453 0.031006
-0.113281 -0.699463 0.928467 0.053345 -0.076294 0.065796
-0.099121 -0.689941 0.936646 0.051025 -0.074219 0.105469
-0.097168 -0.681152 0.940186 0.031982 -0.067749 0.145020
-0.084961 -0.661621 0.946655 0.032471 -0.064941 0.177856
-0.066650 -0.640503 0.936646 0.044556 -0.052124 0.203125
-0.053833 -0.604248 0.942505 0.058594 -0.051025 0.224731
-0.041870 -0.601563 0.938354 0.048340 -0.055786 0.252441
-0.025513 -0.582031 0.940430 0.039185 -0.056519 0.276001
-0.018921 -0.575317 0.930542 0.032471 -0.064087 0.295166
-0.002441 -0.553223 0.939697 0.041138 -0.079590 0.308472
0.011719 -0.536377 0.920898 0.042725 -0.090820 0.324829
0.023071 -0.499146 0.919922 0.033325 -0.091064 0.339233
0.010620 -0.476929 0.894653 0.003540 -0.074951 0.352051
-0.008057 -0.467896 0.862305 -0.005493 -0.068726 0.360352
-0.006470 -0.445435 0.848389 -0.001831 -0.075684 0.362793
-0.005249 -0.422363 0.842896 -0.005615 -0.083252 0.365845
-0.003784 -0.413086 0.841797 -0.010864 -0.100342 0.364624
0.032104 -0.401001 0.893311 -0.004395 -0.123901 0.357422
0.063965 -0.381348 0.942627 0.000366 -0.137817 0.348877
0.068726 -0.391357 0.976685 -0.026245 -0.124878 0.338867
0.078003 -0.385864 0.996582 -0.040039 -0.108398 0.341431
0.084839 -0.379272 1.007202 -0.059326 -0.093750 0.355469
0.089844 -0.361572 1.017212 -0.092651 -0.080322 0.368652
0.094971 -0.336548 1.018311 -0.109009 -0.065430 0.377319
0.093872 -0.303101 1.008301 -0.119629 -0.056763 0.371582
0.094727 -0.274414 0.993530 -0.113892 -0.063965 0.344971
0.096924 -0.281982 1.010376 -0.085205 -0.085571 0.308594
0.112915 -0.277344 1.043823 -0.041382 -0.108154 0.276489
0.130981 -0.259644 1.075806 -0.012085 -0.113281 0.251465
0.156982 -0.225708 1.093872 -0.005493 -0.093994 0.234741
0.156372 -0.205566 1.085083 -0.046265 -0.051147 0.219971
0.145630 -0.203979 1.059814 -0.094116 -0.012817 0.198730
0.132202 -0.227173 1.050537 -0.107422 0.006592 0.171265
0.122681 -0.248047 1.042114 -0.102539 0.014526 0.141357
0.111816 -0.272705 1.039063 -0.096436 0.019043 0.114136
0.108154 -0.291504 1.040405 -0.085693 0.023926 0.096069
0.104004 -0.306030 1.047852 -0.076416 0.031006 0.084351
0.097046 -0.314209 1.032227 -0.070313 0.041016 0.074219
0.094971 -0.316772 1.033447 -0.073120 0.051514 0.060669
0.090698 -0.327271 1.023560 -0.073242 0.059204 0.050049
0.082397 -0.338745 0.999268 -0.082031 0.067749 0.033691
0.079956 -0.351929 0.991211 -0.095337 0.075806 0.012451
0.078247 -0.372314 0.984985 -0.100708 0.078369 -0.006592
0.088257 -0.369751 0.976318 -0.092163 0.075806 -0.020508
0.088257 -0.380249 0.974976 -0.091187 0.074951 -0.027466
0.079590 -0.394897 0.955444 -0.081787 0.069214 -0.037964
0.099854 -0.384155 0.968506 -0.038452 0.050049 -0.054565
0.124634 -0.359497 0.984985 0.002808 0.033936 -0.082275
0.131958 -0.360229 0.991699 0.025391 0.034668 -0.117676
0.138672 -0.343628 0.996704 0.046265 0.052979 -0.151611
0.124146 -0.340088 0.964600 0.027832 0.096558 -0.170166
0.089233 -0.354004 0.917603 -0.030884 0.138306 -0.177856
0.065796 -0.369629 0.884277 -0.070557 0.152588 -0.184937
0.046631 -0.379028 0.869507 -0.071899 0.141602 -0.197754
0.032593 -0.400513 0.840698 -0.043823 0.114868 -0.216919
0.025024 -0.397949 0.834473 -0.011719 0.079590 -0.244751
0.022705 -0.395874 0.856934 -0.003784 0.052612 -0.270996
0.028442 -0.382690 0.868286 -0.006470 0.042480 -0.284058
0.026001 -0.398804 0.886475 -0.026733 0.044434 -0.286499
0.019287 -0.416016 0.902100 -0.063721 0.059692 -0.291260
-0.001099 -0.429688 0.916260 -0.083984 0.062622 -0.294067
-0.021851 -0.450073 0.919556 -0.099243 0.065552 -0.299683
-0.043213 -0.457031 0.924683 -0.121338 0.067871 -0.306885
-0.071411 -0.460449 0.906006 -0.107544 0.070923 -0.311890
-0.091675 -0.462646 0.898560 -0.068970 0.066772 -0.318848
-0.102905 -0.471924 0.914429 -0.073853 0.054321 -0.320923
-0.120483 -0.468628 0.912964 -0.094482 0.054199 -0.315674
-0.139771 -0.477783 0.918579 -0.112549 0.061646 -0.306519
-0.151245 -0.472656 0.916748 -0.111328 0.059448 -0.295044
-0.158569 -0.468384 0.957397 -0.118164 0.067261 -0.279663
-0.172485 -0.487305 0.964233 -0.178955 0.079346 -0.248535
-0.197021 -0.509399 0.927856 -0.250610 0.133179 -0.228760
-0.218018 -0.515381 0.952515 -0.196533 0.139893 -0.225830
-0.222046 -0.519287 0.947510 -0.137329 0.130493 -0.218872
-0.204224 -0.506104 0.996582 -0.111206 0.087646 -0.207397
-0.178101 -0.471313 1.009521 -0.102051 0.071045 -0.180542
-0.181152 -0.453979 0.997925 -0.148438 0.074707 -0.148804
-0.193726 -0.442017 0.966064 -0.168091 0.075684 -0.128784
-0.212158 -0.450562 0.968628 -0.161499 0.068848 -0.117920
-0.210327 -0.432617 0.970581 -0.113403 0.070923 -0.105103
-0.209717 -0.434692 0.969116 -0.100342 0.069092 -0.090942
-0.204102 -0.435303 0.960449 -0.089966 0.055542 -0.081421
-0.187378 -0.429565 0.969482 -0.101196 0.025879 -0.072510
-0.172852 -0.433105 0.993530 -0.113525 0.003418 -0.066040
-0.163330 -0.445313 1.013794 -0.097168 -0.011597 -0.064331
-0.153687 -0.447754 1.018799 -0.065430 -0.015625 -0.062744
-0.143799 -0.458374 1.033569 -0.052368 -0.019531 -0.057983
-0.120728 -0.453979 1.071411 -0.038940 -0.034546 -0.053833
-0.100708 -0.438354 1.100952 -0.029663 -0.047363 -0.051758
-0.086304 -0.431152 1.120728 -0.040039 -0.047852 -0.049561
-0.082397 -0.424927 1.129395 -0.048340 -0.042603 -0.051270
-0.062256 -0.406128 1.137817 -0.028931 -0.041260 -0.059814
-0.048706 -0.401001 1.141846 -0.006226 -0.029419 -0.067139
-0.042603 -0.400635 1.131104 0.005127 -0.007813 -0.069946
-0.049072 -0.409912 1.105347 -0.006470 0.019165 -0.062012
-0.066162 -0.432007 1.078613 -0.035034 0.044189 -0.040894
-0.069214 -0.420410 1.064087 -0.062500 0.054077 -0.021484
-0.074951 -0.412964 1.043823 -0.062866 0.049927 -0.014648
-0.092773 -0.422363 1.008301 -0.026611 0.031738 -0.022461
-0.100464 -0.438477 0.985962 0.033813 -0.008789 -0.041016
-0.089233 -0.419434 0.961426 0.106812 -0.047852 -0.055054
-0.077759 -0.417236 0.945801 0.138794 -0.074341 -0.062866
-0.054443 -0.401733 0.962280 0.146484 -0.087769 -0.068970
-0.055542 -0.425415 0.958862 0.121338 -0.070068 -0.051025
-0.063721 -0.437866 0.929688 0.064087 -0.039063 -0.014526
-0.065308 -0.430786 0.900757 -0.011719 -0.012695 0.029419
-0.072998 -0.445923 0.877930 -0.078613 -0.000854 0.059937
-0.083862 -0.456299 0.851563 -0.092896 -0.018311 0.053833
-0.095093 -0.462402 0.817505 -0.032349 -0.071045 0.022583
-0.084839 -0.467651 0.802002 0.071655 -0.148071 -0.031250
-0.038452 -0.460327 0.842773 0.190186 -0.237671 -0.088135
0.018921 -0.453857 0.899170 0.243530 -0.274780 -0.125122
0.051392 -0.481079 0.970825 0.189575 -0.237671 -0.128784
0.039429 -0.551880 0.981201 0.090088 -0.156006 -0.093872
0.006592 -0.615723 0.962280 0.021729 -0.077515 -0.034058
-0.021484 -0.637939 0.907349 -0.027100 -0.019043 0.041748
-0.055664 -0.678589 0.864136 -0.075439 0.014038 0.125122
-0.061401 -0.694702 0.840210 -0.067627 0.010620 0.197876
-0.027710 -0.614380 0.829346 -0.020752 -0.027832 0.211670
0.003906 -0.538818 0.820435 0.052856 -0.078735 0.168945
0.022339 -0.521729 0.818726 0.144165 -0.134033 0.085693
0.038452 -0.524536 0.844360 0.218140 -0.186279 -0.001709
0.047974 -0.563477 0.867432 0.259888 -0.203857 -0.061890
0.046143 -0.585693 0.877686 0.250244 -0.190918 -0.084229
0.038696 -0.607178 0.872559 0.187988 -0.162231 -0.078003
0.023193 -0.643311 0.871216 0.135864 -0.136108 -0.055298
0.026611 -0.640381 0.867554 0.115601 -0.122681 -0.022827
0.040405 -0.617920 0.873291 0.088989 -0.111450 0.010742
0.061523 -0.578613 0.865967 0.057739 -0.097778 0.030518
0.071533 -0.559326 0.875732 0.028809 -0.079834 0.028564
0.068115 -0.570679 0.869629 0.009155 -0.060913 0.016724
0.055786 -0.572266 0.864014 0.010498 -0.053955 0.004517
0.030029 -0.589478 0.837158 0.022827 -0.052368 0.009521
0.023315 -0.577515 0.820435 0.039673 -0.056030 0.018188
0.028320 -0.566772 0.822266 0.037964 -0.064453 0.024902
0.026123 -0.560425 0.832520 0.027344 -0.070801 0.026733
0.025146 -0.566772 0.843140 0.016602 -0.077759 0.029175
