0.046997 -0.346802 0.974731 -0.027710 -0.015381 -0.052612
0.036255 -0.369629 0.970459 -0.057129 0.005981 -0.052612
0.028320 -0.388062 0.982178 -0.082642 0.020264 -0.054688
0.022217 -0.393433 0.977051 -0.075928 0.024536 -0.056152
0.010010 -0.406494 0.968262 -0.065430 0.018433 -0.059814
0.013306 -0.402954 0.967896 -0.032715 0.001831 -0.065796
0.016357 -0.397827 0.975464 0.006714 -0.013184 -0.072510
0.014526 -0.391968 0.956299 0.016357 -0.018921 -0.073242
0.017212 -0.375610 0.957275 0.007568 -0.019531 -0.071167
0.014038 -0.388550 0.955811 -0.025513 -0.012085 -0.067749
0.012085 -0.394409 0.958740 -0.045532 -0.003418 -0.065552
0.007446 -0.406616 0.960327 -0.062012 0.005615 -0.067139
0.000610 -0.420288 0.955688 -0.066528 0.006592 -0.068115
-0.000610 -0.418213 0.946045 -0.055054 -0.000244 -0.064453
-0.003784 -0.422363 0.934204 -0.058960 -0.008423 -0.062256
-0.007080 -0.434448 0.931396 -0.063721 -0.010864 -0.063110
-0.027466 -0.468140 0.919067 -0.068359 -0.012451 -0.066772
-0.036133 -0.491211 0.922119 -0.057373 -0.023926 -0.066528
-0.047729 -0.518921 0.928711 -0.041016 -0.034180 -0.055908
-0.040771 -0.543701 0.940796 -0.020142 -0.037720 -0.036011
-0.045410 -0.559204 0.947388 -0.019653 -0.033569 -0.013672
-0.052124 -0.577026 0.944092 -0.031982 -0.026123 0.003418
-0.064697 -0.608398 0.939331 -0.035767 -0.024292 0.014648
-0.082397 -0.650513 0.934692 -0.028442 -0.033813 0.017700
-0.100220 -0.683594 0.926880 -0.006470 -0.054321 0.020142
-0.115601 -0.709106 0.924072 0.023193 -0.079346 0.034790
-0.117554 -0.702881 0.927124 0.050293 -0.103516 0.060669
-0.105835 -0.681274 0.938354 0.073975 -0.123047 0.091187
-0.092407 -0.667847 0.945313 0.092773 -0.137085 0.120728
-0.077759 -0.652222 0.957397 0.108887 -0.142700 0.148682
-0.046753 -0.609009 0.967896 0.122925 -0.136108 0.179199
-0.019775 -0.571045 0.981812 0.120850 -0.111450 0.211548
0.000122 -0.539551 0.974243 0.118408 -0.057007 0.243286
-0.000244 -0.487183 0.937012 0.111206 -0.010742 0.273560
-0.030029 -0.435181 0.835205 0.089233 0.006470 0.288452
-0.036743 -0.420532 0.797729 0.085205 -0.031006 0.274902
0.010986 -0.435303 0.869263 0.090454 -0.101929 0.238159
0.060791 -0.446167 0.961548 0.073853 -0.137817 0.210449
0.062134 -0.472900 0.982056 0.024658 -0.110474 0.211304
0.039185 -0.494995 0.958984 -0.042847 -0.070801 0.244019
0.040527 -0.473755 0.939697 -0.104980 -0.058594 0.295898
0.086060 -0.409546 0.949585 -0.139893 -0.057007 0.339966
0.123535 -0.381226 0.993896 -0.153076 -0.058228 0.354614
0.151001 -0.364014 1.024292 -0.170654 -0.044312 0.354126
0.145996 -0.363647 1.031006 -0.202271 -0.011719 0.343628
0.116089 -0.388672 1.007080 -0.225586 0.009399 0.331543
0.092651 -0.393799 0.984863 -0.200439 0.005127 0.323975
0.089966 -0.391113 0.994873 -0.148193 -0.024170 0.320557
0.106445 -0.360596 1.020264 -0.081665 -0.050415 0.320557
0.128784 -0.321411 1.031372 -0.054688 -0.064697 0.327271
0.158936 -0.253784 1.028687 -0.049316 -0.062744 0.330322
0.158203 -0.211060 1.013672 -0.069580 -0.040527 0.322754
0.148315 -0.177979 0.980347 -0.093140 -0.024048 0.296753
0.143433 -0.185425 0.987549 -0.104004 -0.023560 0.257446
0.142578 -0.189087 0.998047 -0.084839 -0.026245 0.218750
0.131592 -0.201904 0.995117 -0.052124 -0.026611 0.193237
0.126465 -0.201050 0.992310 -0.026245 -0.027954 0.173340
0.131470 -0.182983 0.982788 -0.014526 -0.038940 0.156616
0.141113 -0.181152 0.985352 -0.020508 -0.050293 0.139038
0.162476 -0.186279 1.020386 -0.033203 -0.047729 0.120850
0.174927 -0.190430 1.052490 -0.063110 -0.014526 0.113159
0.172119 -0.186035 1.024170 -0.105591 0.037964 0.114990
0.154053 -0.159546 0.963623 -0.177856 0.078003 0.109619
0.148193 -0.150269 0.942871 -0.200073 0.093140 0.078247
0.151855 -0.150757 0.930298 -0.182617 0.078979 0.023315
0.163940 -0.184082 0.956543 -0.163574 0.054321 -0.042236
0.172974 -0.220581 0.981812 -0.140869 0.040283 -0.092896
0.172241 -0.239014 0.978638 -0.133057 0.036865 -0.127563
0.161011 -0.262329 0.960693 -0.135376 0.031860 -0.153320
0.169067 -0.289063 0.967896 -0.109131 0.014648 -0.181519
0.187012 -0.314453 1.001953 -0.077148 0.000977 -0.212769
0.178589 -0.349487 1.008789 -0.055786 0.003784 -0.244507
0.165894 -0.379883 0.999146 -0.026611 0.008301 -0.269653
0.170654 -0.386475 1.002075 0.008301 0.010986 -0.294189
0.165649 -0.390137 0.995361 0.039185 0.019165 -0.314453
0.162720 -0.389160 0.999634 0.050903 0.030762 -0.333984
0.152466 -0.402710 1.002441 0.028687 0.056763 -0.345337
0.111572 -0.443115 0.967285 -0.016724 0.090332 -0.347778
0.068848 -0.489990 0.942017 -0.052002 0.108521 -0.346680
0.027710 -0.528687 0.923218 -0.071533 0.105225 -0.347168
0.007568 -0.539063 0.908447 -0.046631 0.067749 -0.349487
-0.003418 -0.547241 0.931274 -0.013062 0.036255 -0.345459
-0.014282 -0.546753 0.938599 -0.028198 0.025024 -0.324951
-0.023560 -0.542603 0.970459 -0.036865 0.009888 -0.312012
-0.007080 -0.510864 0.972412 -0.003662 0.026489 -0.313354
-0.071899 -0.528076 0.950806 -0.085449 0.080322 -0.310303
-0.055664 -0.423706 0.964966 -0.061890 0.003662 -0.279907
-0.083740 -0.458008 0.983521 -0.078247 0.031128 -0.258911
-0.139526 -0.475952 0.934814 -0.189819 0.075806 -0.212036
-0.179565 -0.511108 0.928223 -0.220337 0.081299 -0.172974
-0.210205 -0.524780 0.932739 -0.213989 0.075195 -0.137939
-0.231812 -0.513794 0.922119 -0.154297 0.075684 -0.110352
-0.226318 -0.464600 0.912598 -0.080566 0.065308 -0.101685
-0.215820 -0.389526 0.914795 -0.022705 0.043823 -0.116089
-0.195313 -0.342285 0.938477 -0.020142 0.000244 -0.140869
-0.181763 -0.348755 0.979248 -0.043579 -0.027222 -0.172607
-0.116577 -0.378296 1.069458 -0.127563 -0.064819 -0.157715
-0.148682 -0.429810 1.102539 -0.332153 -0.040161 -0.118164
-0.187866 -0.447021 1.011108 -0.334717 0.021118 -0.081055
-0.205566 -0.438354 1.010742 -0.276611 0.041870 -0.075562
-0.210327 -0.439209 0.998657 -0.202148 0.005249 -0.072510
-0.175293 -0.417725 1.023926 -0.058960 -0.022339 -0.080688
-0.144653 -0.403931 1.049438 0.017456 -0.055786 -0.082764
-0.105225 -0.375366 1.066772 0.078979 -0.066772 -0.083862
-0.077393 -0.333496 1.084717 0.149292 -0.066162 -0.087769
-0.052368 -0.328003 1.081909 0.141724 -0.061890 -0.085815
-0.035889 -0.326416 1.099854 0.089233 -0.054565 -0.075684
-0.011230 -0.318848 1.099731 0.020996 -0.034302 -0.054688
0.005249 -0.312744 1.091919 -0.059814 -0.005981 -0.039673
-0.008545 -0.337402 1.067627 -0.088379 0.026123 -0.036377
-0.023926 -0.383789 1.042480 -0.066406 0.034058 -0.028809
-0.026367 -0.398071 1.031738 -0.038452 0.019409 -0.017700
-0.011841 -0.392212 1.020020 -0.040649 0.001709 0.009399
-0.006470 -0.396729 0.999268 -0.117920 -0.016602 0.039917
0.021851 -0.373779 1.003052 -0.142822 -0.021729 0.048828
0.042114 -0.375488 1.019531 -0.126831 -0.018066 0.023926
0.018433 -0.420776 1.002686 -0.101563 -0.022095 -0.036987
0.000000 -0.447144 0.977051 0.009033 -0.045532 -0.113281
-0.000488 -0.459229 0.974487 0.126953 -0.079834 -0.175049
0.010254 -0.460449 0.983887 0.167114 -0.097412 -0.198853
0.012085 -0.483765 0.986328 0.170898 -0.095093 -0.183594
0.001709 -0.504150 0.988892 0.140381 -0.079102 -0.142578
-0.019409 -0.527466 0.953247 0.061157 -0.055664 -0.075195
-0.023804 -0.532837 0.933594 -0.021973 -0.045044 -0.006348
-0.004028 -0.510864 0.939087 -0.051880 -0.046631 0.041260
0.018311 -0.471436 0.945313 -0.063721 -0.047119 0.052490
0.023193 -0.464844 0.938477 -0.038330 -0.058960 0.022705
0.018433 -0.466431 0.909668 0.030884 -0.074341 -0.026733
0.028076 -0.459229 0.888184 0.101440 -0.110352 -0.086426
0.043213 -0.481323 0.919189 0.164673 -0.149536 -0.146606
0.058594 -0.504639 0.943970 0.225464 -0.166504 -0.174438
0.061401 -0.530518 0.948853 0.213989 -0.149170 -0.163452
0.053589 -0.540894 0.940430 0.158447 -0.116821 -0.121582
0.054321 -0.550171 0.928955 0.098633 -0.090088 -0.072632
0.050659 -0.561890 0.906616 0.062134 -0.071777 -0.031860
0.064453 -0.545166 0.899780 0.046997 -0.069824 -0.002563
0.083130 -0.524170 0.902466 0.024658 -0.067505 0.018433
0.082153 -0.517090 0.891357 -0.006714 -0.055054 0.026978
0.083740 -0.502441 0.884521 -0.012817 -0.058472 0.016846
0.071899 -0.524658 0.870850 0.013672 -0.077759 -0.005371
0.056152 -0.536987 0.869629 0.062622 -0.110474 -0.029785
0.050537 -0.549927 0.873535 0.125732 -0.143677 -0.041992
0.057617 -0.553955 0.878174 0.155273 -0.172363 -0.033447
0.084351 -0.531006 0.905884 0.152100 -0.182861 -0.005859
0.096924 -0.512085 0.920654 0.125854 -0.165283 0.032104
0.122314 -0.474243 0.921631 0.078247 -0.137695 0.064331
0.127319 -0.467896 0.920776 0.019043 -0.107910 0.079224
0.120361 -0.461182 0.908936 0.001953 -0.085327 0.068481
0.098999 -0.456177 0.882446 0.017944 -0.075073 0.046875
0.087036 -0.457275 0.874146 0.031128 -0.077515 0.024658
