0.048462 -0.346680 0.973022 -0.024902 -0.052368 -0.088013
0.058472 -0.345825 0.984619 -0.029175 -0.048462 -0.088135
0.059692 -0.342896 0.988159 -0.045532 -0.034302 -0.086060
0.053955 -0.344238 0.975220 -0.064575 -0.023682 -0.087891
0.050293 -0.348022 0.967651 -0.073853 -0.020264 -0.086914
0.048340 -0.354004 0.968018 -0.064453 -0.025146 -0.091553
0.054199 -0.360718 0.973145 -0.053711 -0.036255 -0.103516
0.049438 -0.358887 0.971436 -0.041992 -0.046875 -0.115479
0.041016 -0.378540 0.958984 -0.013550 -0.057373 -0.127686
0.035522 -0.400635 0.954224 0.012695 -0.073853 -0.136963
0.037598 -0.414795 0.966309 0.019409 -0.079590 -0.136719
0.040039 -0.434448 0.970093 0.002563 -0.072754 -0.124023
0.039917 -0.463989 0.986938 -0.038330 -0.057007 -0.103760
0.027710 -0.510864 0.990967 -0.087402 -0.030640 -0.079834
0.005859 -0.556274 0.976685 -0.124390 -0.011841 -0.056885
-0.001709 -0.591309 0.980469 -0.116699 -0.017212 -0.044312
-0.008667 -0.593506 0.961304 -0.114624 -0.042969 -0.042358
-0.021118 -0.630859 0.978271 -0.095337 -0.055542 -0.033813
0.001953 -0.609009 0.996582 -0.010986 -0.053467 -0.010986
0.008545 -0.568848 1.002563 0.008789 -0.029297 0.020752
0.004639 -0.551270 0.981934 -0.032837 0.008789 0.057739
-0.012817 -0.543335 0.949829 -0.074341 0.031006 0.085571
-0.015259 -0.547974 0.948242 -0.053345 0.040039 0.106934
-0.027222 -0.584229 0.948608 -0.043335 0.032715 0.129517
-0.035522 -0.588867 0.941772 -0.014282 0.015259 0.149780
-0.028198 -0.566528 0.943237 0.050049 -0.009888 0.165283
-0.015991 -0.540405 0.949707 0.090454 -0.034424 0.175537
-0.010376 -0.522217 0.938110 0.116455 -0.035889 0.177612
-0.007568 -0.518188 0.950073 0.116577 -0.039429 0.187988
-0.015259 -0.514648 0.941650 0.073975 -0.027588 0.215942
-0.016602 -0.516113 0.930908 0.010864 -0.003174 0.256348
-0.026123 -0.508911 0.903809 -0.045654 0.010498 0.293579
-0.040649 -0.520630 0.890137 -0.070068 -0.002930 0.320313
-0.015625 -0.523926 0.907227 -0.049683 -0.040283 0.338013
0.009766 -0.526733 0.950928 -0.035522 -0.069580 0.349609
0.022095 -0.513306 0.941650 -0.044434 -0.070313 0.365967
0.035278 -0.491821 0.922852 -0.051514 -0.062012 0.389893
0.052612 -0.454712 0.908569 -0.066162 -0.051880 0.398682
0.056641 -0.443481 0.905640 -0.085327 -0.045898 0.392212
0.059204 -0.458618 0.927612 -0.079956 -0.050903 0.376343
0.072998 -0.461548 0.958740 -0.069092 -0.059937 0.376831
0.088013 -0.450195 0.978394 -0.082642 -0.056274 0.401978
0.103149 -0.408569 0.980103 -0.119873 -0.046997 0.438110
0.132446 -0.369629 0.989258 -0.150269 -0.037476 0.459839
0.151855 -0.328125 0.997681 -0.184204 -0.026367 0.456421
0.144897 -0.303589 0.981445 -0.204590 -0.022705 0.445923
0.146484 -0.262695 0.951782 -0.163574 -0.021118 0.431274
0.147217 -0.226196 0.933228 -0.134766 -0.036133 0.395630
0.159180 -0.203125 0.940674 -0.118896 -0.059082 0.348511
0.183472 -0.206421 1.013428 -0.107056 -0.072388 0.305786
0.182007 -0.219238 1.026123 -0.131348 -0.062378 0.276245
0.160767 -0.226807 1.001831 -0.146606 -0.046021 0.257324
0.161499 -0.208496 1.007202 -0.114380 -0.054199 0.238281
0.169067 -0.203613 1.013916 -0.081543 -0.076172 0.217651
0.182007 -0.201172 1.035278 -0.057495 -0.091187 0.190674
0.197998 -0.190552 1.048950 -0.025391 -0.095093 0.161987
0.198120 -0.161133 1.048340 -0.028198 -0.083618 0.138550
0.203125 -0.150757 1.049438 -0.063843 -0.064819 0.123413
0.214111 -0.141724 1.050903 -0.113037 -0.044434 0.097656
0.223389 -0.150757 1.075073 -0.132446 -0.023071 0.061157
0.216187 -0.182373 1.064819 -0.152222 0.010010 0.027466
0.195190 -0.206787 1.033447 -0.177124 0.042236 -0.004883
0.173950 -0.220703 1.005981 -0.194824 0.067627 -0.033691
0.152832 -0.268799 0.969971 -0.205078 0.072754 -0.065430
0.134155 -0.309448 0.951660 -0.166870 0.062500 -0.099365
0.136230 -0.312988 0.936401 -0.094604 0.030273 -0.132324
0.158081 -0.304077 0.966309 -0.029907 -0.007690 -0.158081
0.208008 -0.274292 1.026367 -0.005493 -0.027832 -0.173950
0.247192 -0.264893 1.082153 -0.029663 -0.010986 -0.190430
0.262329 -0.256348 1.119385 -0.063354 0.032471 -0.220581
0.237671 -0.281616 1.089478 -0.082153 0.080566 -0.252319
0.204956 -0.303223 1.051758 -0.085327 0.113647 -0.289551
0.187988 -0.323853 1.030518 -0.081543 0.127441 -0.319458
0.160278 -0.367798 1.013916 -0.071899 0.140015 -0.342896
0.135010 -0.395874 1.005371 -0.048828 0.148315 -0.358032
0.095581 -0.423584 0.975098 -0.043213 0.156616 -0.363892
0.069458 -0.441650 0.953125 -0.042480 0.159058 -0.361084
0.046997 -0.442505 0.947144 -0.045898 0.157593 -0.356689
0.026489 -0.447388 0.916748 -0.075317 0.156372 -0.342896
0.003540 -0.445557 0.900635 -0.094849 0.146973 -0.336548
-0.019043 -0.445679 0.885132 -0.043579 0.138306 -0.341431
-0.038208 -0.434326 0.873169 0.016846 0.120361 -0.356689
-0.034546 -0.415649 0.884155 0.045532 0.101807 -0.364624
-0.039063 -0.401367 0.907837 0.016113 0.109863 -0.360840
-0.071167 -0.415527 0.903809 -0.075684 0.141846 -0.342651
-0.108643 -0.440918 0.866699 -0.208374 0.173218 -0.300781
-0.141479 -0.448364 0.840210 -0.303223 0.196045 -0.265015
-0.183105 -0.474854 0.817261 -0.291992 0.203857 -0.256348
-0.192871 -0.475708 0.817139 -0.185303 0.168579 -0.275024
-0.199951 -0.487061 0.847412 -0.128784 0.097290 -0.291382
-0.179688 -0.480713 0.908447 -0.102661 0.037354 -0.296997
-0.171509 -0.487183 0.946899 -0.116455 0.012451 -0.287109
-0.195435 -0.500854 0.954102 -0.177124 0.021118 -0.264404
-0.213013 -0.512451 0.948853 -0.215088 0.031250 -0.234375
-0.189331 -0.516113 0.977539 -0.278687 0.009888 -0.184814
-0.225464 -0.551025 0.976807 -0.368164 0.003418 -0.142334
-0.206787 -0.548096 0.989258 -0.257202 -0.005371 -0.111572
-0.205444 -0.573608 1.023071 -0.231812 -0.043091 -0.093628
-0.151855 -0.520752 1.075562 -0.104126 -0.051270 -0.090698
-0.118286 -0.487549 1.098633 -0.035400 -0.052124 -0.091675
-0.130493 -0.506958 1.091553 -0.073975 -0.047729 -0.089844
-0.119385 -0.494751 1.106323 -0.033569 -0.038940 -0.088379
-0.107056 -0.498657 1.118164 -0.022827 -0.028931 -0.072876
-0.098511 -0.488647 1.119507 -0.032471 -0.020142 -0.047607
-0.078003 -0.486816 1.118286 -0.028442 -0.013062 -0.018066
-0.070679 -0.466309 1.115723 -0.033813 0.001709 0.003784
-0.072632 -0.473633 1.107056 -0.036621 0.021729 0.026001
-0.090088 -0.484619 1.072998 -0.042603 0.030151 0.041992
-0.104492 -0.498779 1.047607 0.018188 0.016357 0.048218
-0.096680 -0.471802 1.022705 0.104126 -0.019043 0.042603
-0.076416 -0.461548 1.023315 0.162354 -0.054321 0.036743
-0.045044 -0.435913 1.050537 0.179565 -0.064575 0.033081
-0.038818 -0.429932 1.054810 0.161255 -0.044922 0.026855
-0.054688 -0.432373 1.025391 0.163574 -0.021484 0.016968
-0.052612 -0.429565 1.011230 0.202515 -0.018555 0.001831
-0.042114 -0.401367 1.001343 0.217285 -0.045654 -0.005737
-0.026367 -0.387451 1.015869 0.207642 -0.069946 -0.004150
-0.013550 -0.380737 1.021973 0.189697 -0.082520 0.007568
0.021118 -0.349976 1.026978 0.175049 -0.088501 0.014282
0.045288 -0.309204 1.013184 0.164673 -0.077271 0.010376
0.045166 -0.317627 0.998047 0.141724 -0.050049 0.008301
0.026733 -0.335449 0.977905 0.108765 -0.030640 0.006104
0.018677 -0.361328 0.954712 0.099365 -0.022583 0.006714
0.018188 -0.377441 0.944580 0.085571 -0.022217 0.013672
0.020630 -0.388428 0.934448 0.062744 -0.023315 0.020996
0.015137 -0.406128 0.928711 0.047485 -0.034546 0.014404
0.007202 -0.435425 0.914673 0.086792 -0.064575 -0.007080
-0.003052 -0.443604 0.881958 0.154785 -0.113647 -0.039551
0.019775 -0.415405 0.872681 0.233765 -0.172729 -0.058228
0.055054 -0.380371 0.889648 0.260498 -0.203491 -0.069702
0.084351 -0.365112 0.905396 0.233887 -0.199341 -0.073853
0.083618 -0.404053 0.911621 0.157959 -0.164795 -0.069702
0.073730 -0.455933 0.914673 0.070068 -0.124390 -0.056152
0.069336 -0.495239 0.919800 0.011108 -0.090576 -0.031128
0.046753 -0.528198 0.888672 -0.030518 -0.062012 0.001831
0.037842 -0.536011 0.850708 -0.049683 -0.058472 0.030273
0.040527 -0.537354 0.836792 -0.034790 -0.084839 0.046997
0.035645 -0.560913 0.831299 -0.006226 -0.122314 0.050903
0.065796 -0.552368 0.853882 0.021362 -0.158936 0.039429
0.096436 -0.541016 0.889038 0.030762 -0.183716 0.010620
0.108398 -0.549316 0.894775 0.059814 -0.182251 -0.021973
0.108276 -0.549316 0.888916 0.085083 -0.164185 -0.045532
0.104370 -0.557739 0.880615 0.083008 -0.137939 -0.050293
0.079712 -0.591675 0.863770 0.052734 -0.107910 -0.031616
0.069824 -0.626831 0.867554 0.028687 -0.092041 0.003174
0.072998 -0.627930 0.869751 0.021362 -0.086548 0.041260
0.089600 -0.608643 0.884521 0.016846 -0.082764 0.077026
0.108154 -0.566895 0.882202 0.004150 -0.078369 0.091675
0.111328 -0.549561 0.886719 -0.010864 -0.074829 0.084473
0.109375 -0.542969 0.885620 0.003296 -0.070313 0.068604
