0.013306 -0.417480 0.974854 -0.082031 0.020142 -0.056030
0.009521 -0.400879 0.963257 -0.061157 0.003418 -0.057983
0.008911 -0.391602 0.952759 -0.037354 -0.017578 -0.062988
0.014038 -0.397095 0.955444 -0.019775 -0.037720 -0.072266
0.019653 -0.385986 0.965210 -0.006104 -0.047119 -0.078613
0.032959 -0.370605 0.978149 -0.014038 -0.044800 -0.079956
0.032227 -0.381104 0.978882 -0.034912 -0.029297 -0.073120
0.020630 -0.396240 0.975098 -0.058228 -0.013306 -0.067261
0.012695 -0.425659 0.972290 -0.070190 -0.010742 -0.062378
-0.001099 -0.433960 0.953125 -0.077515 -0.019775 -0.065430
-0.015625 -0.454468 0.934814 -0.061523 -0.032959 -0.073608
-0.025269 -0.478027 0.928101 -0.024780 -0.054077 -0.082520
-0.023071 -0.480835 0.936279 -0.005981 -0.082275 -0.086914
-0.015015 -0.468994 0.951660 0.008911 -0.100342 -0.082397
-0.006226 -0.459961 0.970337 0.031982 -0.103271 -0.072388
0.001221 -0.454102 0.975708 0.026733 -0.095215 -0.053955
0.001953 -0.460693 0.979248 -0.012451 -0.069092 -0.028442
-0.001953 -0.483765 0.976563 -0.040527 -0.043457 -0.007202
-0.014771 -0.510376 0.963257 -0.059814 -0.033936 0.003296
-0.011597 -0.533691 0.962524 -0.034058 -0.039063 0.005371
-0.018188 -0.534912 0.960205 0.002197 -0.047607 0.008179
-0.017578 -0.542480 0.953857 0.028687 -0.050415 0.010132
-0.017944 -0.559082 0.961914 0.045532 -0.054688 0.014771
-0.019897 -0.576782 0.968994 0.056152 -0.051147 0.030396
-0.024536 -0.590088 0.969238 0.043823 -0.035767 0.056885
-0.035645 -0.597412 0.961792 0.016846 -0.017578 0.086670
-0.041138 -0.591064 0.948486 0.009521 -0.007446 0.114990
-0.041260 -0.580933 0.939209 0.011230 -0.010132 0.134399
-0.041138 -0.579102 0.932373 0.029175 -0.023804 0.145020
-0.039307 -0.589478 0.926025 0.054688 -0.041748 0.153076
-0.029907 -0.590210 0.936035 0.065918 -0.052612 0.168335
-0.047974 -0.606201 0.920166 0.052124 -0.050415 0.188965
-0.063354 -0.597290 0.891113 0.049805 -0.058472 0.207275
-0.055176 -0.576294 0.885742 0.076172 -0.081299 0.225098
-0.040527 -0.567261 0.895508 0.078369 -0.101318 0.244019
-0.009521 -0.536987 0.916992 0.065186 -0.100830 0.272339
0.007813 -0.501221 0.917480 0.017334 -0.076416 0.307007
-0.011230 -0.497681 0.880127 -0.055542 -0.036011 0.340698
-0.016846 -0.498291 0.866577 -0.092896 -0.034790 0.355225
0.001343 -0.472290 0.896118 -0.085083 -0.058960 0.352295
0.024902 -0.438232 0.894043 -0.043701 -0.085083 0.341553
0.049561 -0.402588 0.906006 -0.011597 -0.109619 0.322876
0.078857 -0.368530 0.936279 -0.006226 -0.127686 0.304199
0.092896 -0.343140 0.966064 0.011353 -0.123901 0.292725
0.101074 -0.326660 0.970459 0.003784 -0.104858 0.293945
0.095337 -0.330688 0.975342 -0.037842 -0.074829 0.305786
0.081787 -0.335815 0.963745 -0.065796 -0.054321 0.325439
0.102539 -0.297607 0.985840 -0.073486 -0.051758 0.335938
0.111938 -0.264893 0.996582 -0.088623 -0.054565 0.329590
0.120239 -0.235352 0.992920 -0.088013 -0.052979 0.309082
0.111572 -0.234863 0.979614 -0.083740 -0.060669 0.283813
0.116577 -0.233521 0.985962 -0.061646 -0.078735 0.250977
0.124390 -0.243164 1.013306 -0.032104 -0.106934 0.215332
0.158081 -0.221436 1.057861 0.008545 -0.129395 0.183350
0.174194 -0.206543 1.092041 0.021362 -0.114990 0.160156
0.170288 -0.203369 1.082520 -0.001099 -0.076294 0.150391
0.161377 -0.201660 1.066772 -0.042847 -0.043457 0.147095
0.167725 -0.188721 1.053833 -0.069214 -0.028809 0.142700
0.179321 -0.164063 1.046143 -0.076904 -0.019043 0.133911
0.166504 -0.175659 1.011841 -0.085815 -0.017212 0.108398
0.175415 -0.187622 1.010864 -0.074707 -0.033081 0.067261
0.171387 -0.203491 0.997192 -0.072998 -0.045044 0.031860
0.163696 -0.224854 0.988403 -0.056763 -0.042847 0.010376
0.161011 -0.239136 0.979370 -0.027710 -0.050659 -0.003052
0.170288 -0.244385 0.999268 -0.001099 -0.076660 -0.015869
0.197998 -0.240356 1.024902 0.010132 -0.101074 -0.030029
0.231812 -0.239136 1.069458 -0.005615 -0.105347 -0.048096
0.246826 -0.235596 1.078857 -0.023926 -0.077637 -0.069092
0.239136 -0.260132 1.078369 -0.055542 -0.034424 -0.090088
0.223389 -0.289063 1.056641 -0.080078 0.002686 -0.111694
0.221680 -0.298828 1.047607 -0.068481 0.023926 -0.144897
0.217529 -0.321655 1.049072 -0.039673 0.035767 -0.184692
0.199463 -0.353149 1.042969 -0.024292 0.046631 -0.218872
0.189453 -0.372559 1.019409 -0.021973 0.054810 -0.238037
0.192017 -0.378540 1.047729 -0.027588 0.067017 -0.245239
0.180420 -0.383179 1.042236 -0.035034 0.090820 -0.253174
0.151611 -0.390015 1.016968 -0.053711 0.126343 -0.260742
0.112061 -0.407471 0.976440 -0.071899 0.149414 -0.272095
0.078003 -0.412476 0.938843 -0.057251 0.156860 -0.288574
0.051514 -0.417114 0.913208 -0.041748 0.152710 -0.306885
0.020874 -0.415649 0.892700 -0.024536 0.143677 -0.318848
-0.002563 -0.407471 0.884399 -0.005127 0.127441 -0.322998
-0.027832 -0.384888 0.863281 -0.017090 0.111328 -0.319580
-0.040894 -0.356201 0.857910 -0.044434 0.094849 -0.312866
-0.074829 -0.344116 0.824463 -0.062500 0.089478 -0.308960
-0.083496 -0.351318 0.880371 -0.034058 0.099121 -0.309937
-0.098877 -0.398438 0.938477 -0.081543 0.105469 -0.295776
-0.101929 -0.366699 0.933838 -0.148560 0.138428 -0.281494
-0.138794 -0.375366 0.953369 -0.153931 0.167725 -0.280762
-0.174438 -0.400513 0.919434 -0.140015 0.165039 -0.280396
-0.202881 -0.420898 0.911255 -0.141846 0.108643 -0.280151
-0.174805 -0.411011 0.983276 -0.098755 0.054321 -0.277344
-0.163208 -0.401245 1.026245 -0.103638 0.019897 -0.254517
-0.164063 -0.394775 1.030396 -0.134521 0.023560 -0.225830
-0.167236 -0.386353 1.025024 -0.149048 0.033325 -0.197021
-0.170288 -0.379395 1.022095 -0.153442 0.038208 -0.177856
-0.155396 -0.363159 1.037842 -0.153687 0.039429 -0.159546
-0.162231 -0.382080 1.050171 -0.188843 0.047119 -0.132568
-0.184082 -0.428101 1.048462 -0.212646 0.050171 -0.103271
-0.195557 -0.459351 1.044067 -0.203613 0.033203 -0.078247
-0.191040 -0.451050 1.040894 -0.161377 0.003540 -0.065430
-0.183716 -0.466919 1.046021 -0.114746 -0.028809 -0.055054
-0.145264 -0.416504 1.062012 -0.020996 -0.044556 -0.045166
-0.132446 -0.391235 1.054077 0.027100 -0.035767 -0.037109
-0.118408 -0.397339 1.062256 0.008911 -0.026978 -0.030273
-0.106567 -0.410645 1.072998 -0.013062 -0.023315 -0.016113
-0.090576 -0.401489 1.077881 -0.035889 -0.021851 0.001221
-0.065186 -0.376465 1.079346 -0.055908 -0.018921 0.019165
-0.048340 -0.360229 1.099121 -0.092407 -0.004150 0.036377
-0.036133 -0.347046 1.087891 -0.129761 0.009033 0.045410
-0.042236 -0.364624 1.072021 -0.141602 0.009644 0.045898
-0.030396 -0.373779 1.092163 -0.088257 -0.000610 0.024414
-0.018311 -0.361694 1.110352 -0.020508 -0.019775 -0.004395
-0.019775 -0.372681 1.106445 0.021484 -0.024414 -0.020020
-0.022461 -0.373779 1.101929 0.049805 -0.024170 -0.024536
-0.015381 -0.362305 1.103516 0.049805 -0.021240 -0.014648
-0.016846 -0.375122 1.077759 0.035645 -0.004272 0.006592
-0.025024 -0.381104 1.044678 0.016357 0.017212 0.030029
-0.024292 -0.360962 1.013062 -0.013062 0.024902 0.053101
-0.012939 -0.344238 0.994507 -0.049805 0.030273 0.065186
-0.018799 -0.343750 0.950195 -0.066406 0.019043 0.062988
-0.029053 -0.365723 0.921387 -0.038940 -0.008179 0.036255
-0.024292 -0.372070 0.900757 0.053711 -0.061279 0.000732
0.003662 -0.363892 0.923706 0.149414 -0.121948 -0.038086
0.035156 -0.354370 0.931030 0.194580 -0.155151 -0.069702
0.066040 -0.343750 0.953613 0.195923 -0.164307 -0.091553
0.068481 -0.357666 0.950195 0.171143 -0.145142 -0.108276
0.056763 -0.386841 0.920532 0.142212 -0.123413 -0.110596
0.034424 -0.438843 0.902710 0.109253 -0.110474 -0.104248
0.038574 -0.447998 0.899902 0.106323 -0.115479 -0.083618
0.027588 -0.465332 0.864868 0.103760 -0.122070 -0.052368
0.027466 -0.484253 0.853760 0.120728 -0.146240 -0.030151
0.069458 -0.445313 0.879761 0.147705 -0.179077 -0.022949
0.100220 -0.431885 0.896362 0.133667 -0.182495 -0.022949
0.111450 -0.415649 0.908936 0.100220 -0.159546 -0.033936
0.090576 -0.459106 0.888794 0.063110 -0.132324 -0.039307
0.081665 -0.484985 0.880371 0.066284 -0.125366 -0.057495
0.082520 -0.492554 0.875854 0.084229 -0.129272 -0.076050
0.076172 -0.526123 0.877930 0.077393 -0.129639 -0.079956
0.078247 -0.563354 0.897583 0.056030 -0.123779 -0.064941
0.070435 -0.603638 0.905640 0.011597 -0.100586 -0.034058
0.056030 -0.644287 0.885864 -0.032471 -0.077271 0.013550
0.058838 -0.610596 0.862061 -0.055908 -0.071045 0.051147
0.052124 -0.600708 0.831177 -0.069702 -0.082764 0.068726
0.064453 -0.584351 0.838257 -0.046997 -0.115601 0.058228
0.072388 -0.577759 0.841187 0.001587 -0.154785 0.035522
0.094727 -0.560425 0.882446 0.048462 -0.186646 0.014771
0.117920 -0.568359 0.932617 0.062378 -0.191040 0.014404
0.137695 -0.545776 0.951050 0.061035 -0.170532 0.018799
0.143311 -0.529541 0.962036 0.036011 -0.131714 0.031128
