0.022583 -0.491333 0.953613 -0.020142 -0.006592 -0.054321
0.005127 -0.497070 0.932739 -0.033325 0.005859 -0.038696
-0.021240 -0.521729 0.914307 -0.061157 0.013916 -0.019775
-0.032593 -0.545654 0.901855 -0.067505 0.009521 0.001587
-0.028931 -0.557129 0.911987 -0.060181 -0.004639 0.014526
-0.034180 -0.577148 0.912354 -0.040527 -0.019043 0.016113
-0.047119 -0.609009 0.904175 -0.011475 -0.033813 0.010254
-0.066406 -0.635254 0.906250 0.006592 -0.045410 0.012207
-0.073120 -0.649902 0.901245 0.013306 -0.055176 0.033569
-0.057373 -0.625977 0.916626 0.013062 -0.064209 0.063721
-0.047852 -0.626221 0.929932 0.008423 -0.066528 0.090332
-0.047241 -0.640503 0.920410 0.021484 -0.062500 0.103394
-0.057373 -0.670898 0.933472 0.046875 -0.070679 0.112061
-0.056763 -0.690063 0.937134 0.064453 -0.084961 0.126953
-0.051392 -0.693115 0.945801 0.093872 -0.097168 0.148926
-0.030518 -0.656616 0.945068 0.111084 -0.103394 0.185059
-0.014648 -0.631958 0.944580 0.087158 -0.097168 0.234009
-0.004150 -0.604614 0.949951 0.047974 -0.082886 0.280762
-0.001221 -0.582764 0.932373 0.022949 -0.068848 0.318115
0.002686 -0.565674 0.911621 0.015381 -0.065674 0.345459
0.008789 -0.535645 0.892334 0.024170 -0.078247 0.352539
0.019043 -0.507813 0.895630 0.039551 -0.099365 0.346924
0.030518 -0.492676 0.887695 0.059692 -0.120728 0.339966
0.028442 -0.499634 0.885254 0.072388 -0.136475 0.331299
0.047363 -0.479980 0.891846 0.093262 -0.151855 0.326904
0.062988 -0.462036 0.923584 0.098633 -0.162720 0.322632
0.075928 -0.461304 0.936401 0.083252 -0.161743 0.327026
0.083252 -0.449341 0.950806 0.080933 -0.151123 0.344116
0.083130 -0.440918 0.955444 0.053589 -0.141235 0.370605
0.099854 -0.403931 0.968750 0.021606 -0.142212 0.388672
0.128784 -0.328979 0.971191 0.006592 -0.140869 0.401001
0.133789 -0.310669 0.961548 -0.026367 -0.131348 0.405151
0.156738 -0.263672 0.968506 -0.030273 -0.128052 0.381958
0.157715 -0.265991 0.978149 -0.060059 -0.128784 0.355591
0.167603 -0.266113 0.989868 -0.051392 -0.122559 0.336914
0.183838 -0.240234 1.007324 -0.032715 -0.113037 0.324341
0.194702 -0.217529 1.012817 -0.047363 -0.096802 0.310181
0.194824 -0.211670 1.004150 -0.058228 -0.078369 0.291016
0.204102 -0.185913 0.989746 -0.064941 -0.065186 0.265381
0.194336 -0.205566 1.000244 -0.069092 -0.059814 0.233521
0.199219 -0.225586 1.016479 -0.055176 -0.064575 0.206055
0.210083 -0.223999 1.021606 -0.045654 -0.060913 0.187378
0.212646 -0.210327 1.007935 -0.049927 -0.047241 0.171265
0.217163 -0.198730 1.003418 -0.056641 -0.033936 0.156006
0.224365 -0.181396 1.008301 -0.071899 -0.025146 0.128052
0.229370 -0.172729 0.999878 -0.088867 -0.017822 0.084595
0.230835 -0.198975 1.023682 -0.077759 -0.017578 0.028564
0.247803 -0.203125 1.047363 -0.047607 -0.016113 -0.018311
0.256958 -0.205444 1.051270 -0.057861 0.009644 -0.043701
0.255859 -0.235840 1.043091 -0.101196 0.048218 -0.049072
0.252441 -0.253418 1.023193 -0.147461 0.086426 -0.048828
0.253296 -0.263916 0.990845 -0.195801 0.118774 -0.049561
0.255737 -0.277222 0.967773 -0.233154 0.142944 -0.062378
0.260132 -0.275391 0.938354 -0.256836 0.154663 -0.094727
0.239746 -0.341309 0.948242 -0.263672 0.150635 -0.145386
0.218994 -0.393188 0.946899 -0.212402 0.137329 -0.193970
0.192505 -0.441528 0.950073 -0.144409 0.116943 -0.233276
0.188232 -0.442993 0.935425 -0.074829 0.089966 -0.269653
0.190430 -0.416992 0.955688 -0.018921 0.075562 -0.306641
0.177612 -0.403564 0.953369 -0.001465 0.079956 -0.332520
0.170776 -0.395386 0.969238 -0.025513 0.101563 -0.348999
0.150757 -0.397949 0.982544 -0.080811 0.134277 -0.356079
0.102783 -0.429810 0.968506 -0.140381 0.167847 -0.354370
0.052002 -0.476807 0.963013 -0.173706 0.186279 -0.347778
0.009155 -0.499146 0.945923 -0.184326 0.185425 -0.338379
-0.027344 -0.501465 0.927490 -0.189453 0.177979 -0.327026
-0.059570 -0.490723 0.915771 -0.171143 0.163330 -0.319092
-0.088867 -0.491455 0.887817 -0.105835 0.140503 -0.320557
-0.075928 -0.454712 0.915161 -0.008667 0.096191 -0.340332
-0.076416 -0.443726 0.954956 -0.012573 0.090820 -0.345093
-0.094604 -0.450195 0.955200 -0.105591 0.101929 -0.319580
-0.123779 -0.456909 0.937622 -0.170898 0.124634 -0.286255
-0.148438 -0.437744 0.914673 -0.186646 0.144775 -0.258789
-0.170410 -0.451172 0.913818 -0.205078 0.143555 -0.235107
-0.192749 -0.462769 0.899292 -0.241699 0.151123 -0.214600
-0.201660 -0.453125 0.884644 -0.192871 0.126587 -0.203369
-0.189331 -0.446289 0.904419 -0.110352 0.107544 -0.208252
-0.168579 -0.427002 0.949219 -0.069458 0.067627 -0.211670
-0.166626 -0.443970 0.969849 -0.093506 0.050903 -0.205322
-0.156738 -0.453735 0.987793 -0.106323 0.049683 -0.190308
-0.159058 -0.471924 0.991455 -0.158691 0.060181 -0.155884
-0.172974 -0.493774 0.985229 -0.212524 0.079224 -0.118774
-0.166016 -0.486816 0.988037 -0.188843 0.086670 -0.091431
-0.159424 -0.497192 1.011230 -0.185791 0.071655 -0.071167
-0.146240 -0.495972 1.017090 -0.144531 0.056519 -0.065063
-0.135620 -0.489014 1.032715 -0.088867 0.027344 -0.067261
-0.131958 -0.499756 1.028564 -0.071411 -0.010010 -0.066650
-0.094360 -0.468994 1.082031 -0.018066 -0.044312 -0.067871
-0.061401 -0.432251 1.114990 0.010864 -0.050293 -0.068237
-0.035034 -0.411011 1.136230 0.001953 -0.021606 -0.063721
-0.035400 -0.413452 1.133057 -0.014648 0.014526 -0.057007
-0.034790 -0.419067 1.119385 -0.026978 0.037720 -0.049805
-0.028687 -0.407837 1.119019 -0.049194 0.050903 -0.040405
-0.054932 -0.440430 1.092896 -0.088135 0.069824 -0.024048
-0.060669 -0.447144 1.074829 -0.090454 0.071533 -0.010498
-0.067261 -0.453979 1.054688 -0.080078 0.065308 -0.004761
-0.061401 -0.446655 1.026367 -0.040894 0.043823 -0.003052
-0.057983 -0.444702 1.003784 0.011230 0.019409 -0.004639
-0.044434 -0.428101 0.999390 0.048218 -0.010376 -0.017700
-0.014648 -0.392090 1.007935 0.084717 -0.044067 -0.040039
0.005371 -0.380371 1.014404 0.111328 -0.060791 -0.060425
0.003296 -0.405396 1.018311 0.114990 -0.053711 -0.076660
-0.003662 -0.431152 1.006104 0.086060 -0.032715 -0.069702
-0.017090 -0.451660 0.973999 0.035278 -0.007690 -0.039063
-0.019531 -0.441284 0.937378 -0.023315 0.009888 0.001343
-0.019653 -0.432373 0.911255 -0.065674 0.010986 0.030762
-0.018311 -0.431274 0.874756 -0.073608 -0.008911 0.033813
-0.021484 -0.463135 0.866455 -0.036743 -0.048462 0.013916
-0.012573 -0.462646 0.880371 0.032104 -0.104370 -0.028809
0.011719 -0.466187 0.881226 0.122070 -0.156982 -0.079834
0.037964 -0.459595 0.888550 0.208008 -0.194092 -0.134399
0.046753 -0.472412 0.904785 0.242676 -0.201050 -0.163452
0.042725 -0.509644 0.902466 0.222656 -0.174805 -0.154175
0.027100 -0.537842 0.874023 0.174683 -0.136597 -0.113525
0.006958 -0.576050 0.838623 0.112671 -0.115479 -0.061157
-0.000610 -0.593384 0.806152 0.077515 -0.120239 -0.014893
0.022705 -0.579102 0.805176 0.056274 -0.141357 0.019287
0.058716 -0.547241 0.834839 0.041626 -0.165405 0.017944
0.082642 -0.540405 0.847534 0.059937 -0.180054 -0.010254
0.088867 -0.552612 0.848145 0.092651 -0.178955 -0.049194
0.079956 -0.593750 0.838013 0.094849 -0.167358 -0.074707
0.071777 -0.638428 0.832764 0.078247 -0.151733 -0.075928
0.074097 -0.658691 0.845459 0.065430 -0.135986 -0.050903
0.069946 -0.678101 0.842407 0.035156 -0.112793 -0.002563
0.065796 -0.675903 0.821167 0.001221 -0.088501 0.051880
0.073120 -0.658569 0.800415 -0.022095 -0.080811 0.092407
0.085449 -0.645264 0.805054 -0.032715 -0.096191 0.100830
0.110596 -0.641113 0.834839 -0.005005 -0.121948 0.079590
0.138916 -0.627075 0.872437 0.038940 -0.134644 0.050293
0.145996 -0.617065 0.885742 0.058472 -0.113159 0.029175
0.119263 -0.618896 0.846069 0.051392 -0.074097 0.027466
0.093994 -0.623657 0.818481 0.040527 -0.057007 0.043457
0.079224 -0.629639 0.811157 0.037842 -0.059204 0.057007
0.086182 -0.608887 0.809937 0.056519 -0.080200 0.067017
0.112061 -0.573242 0.841187 0.075928 -0.108032 0.063843
0.122314 -0.555542 0.860474 0.073120 -0.115601 0.056519
0.119507 -0.556030 0.863770 0.056763 -0.107544 0.050171
0.104126 -0.554565 0.864258 0.051392 -0.107178 0.051758
0.094604 -0.568481 0.854736 0.064575 -0.108398 0.058716
0.095337 -0.548462 0.866089 0.076172 -0.120972 0.059814
0.086548 -0.560669 0.862549 0.076660 -0.129150 0.056152
0.070313 -0.567139 0.867065 0.088745 -0.135864 0.048950
0.063965 -0.590454 0.889526 0.101929 -0.150879 0.052002
0.067017 -0.588379 0.907471 0.096436 -0.162598 0.071167
0.081299 -0.555054 0.926392 0.082275 -0.163696 0.103149
0.090698 -0.531738 0.939697 0.053101 -0.150757 0.133911
0.096313 -0.505493 0.948364 0.016724 -0.135986 0.149902
0.097900 -0.487915 0.928467 0.025024 -0.126831 0.155884
0.104614 -0.465332 0.943115 0.043335 -0.124634 0.151367
0.104858 -0.475220 0.951904 0.036743 -0.110107 0.149414
