0.022095 -0.537598 0.955688 -0.008301 -0.015869 0.014404
0.016235 -0.545166 0.943359 0.000854 -0.014160 0.020386
0.006104 -0.550293 0.927490 0.003296 -0.005981 0.027222
-0.006592 -0.573364 0.903931 -0.009888 0.004517 0.034424
-0.023315 -0.606201 0.893677 -0.023682 0.000000 0.042603
-0.037354 -0.636108 0.888794 -0.024292 -0.011963 0.056885
-0.042480 -0.662231 0.884277 -0.007690 -0.019165 0.077271
-0.041992 -0.668701 0.888184 0.013672 -0.026245 0.097534
-0.036255 -0.673706 0.887451 0.041382 -0.041748 0.118164
-0.023315 -0.645630 0.881958 0.066406 -0.056641 0.137451
-0.005005 -0.626099 0.888062 0.069824 -0.063110 0.155151
0.010376 -0.613159 0.900146 0.048584 -0.055664 0.173096
0.009277 -0.624023 0.900024 0.020752 -0.045288 0.195313
0.009521 -0.642578 0.899170 0.003540 -0.040894 0.223755
0.018311 -0.652344 0.919312 -0.006958 -0.044800 0.253174
0.026733 -0.651489 0.924072 -0.017090 -0.047852 0.281128
0.044678 -0.622925 0.920288 0.010132 -0.054810 0.309448
0.052002 -0.602295 0.934692 0.012085 -0.049927 0.343262
0.062256 -0.574463 0.911255 0.014160 -0.050659 0.375122
0.081177 -0.537354 0.908691 0.012207 -0.045776 0.390991
0.076782 -0.522339 0.891968 -0.011353 -0.041870 0.396240
0.067139 -0.503418 0.872314 -0.020020 -0.034058 0.396851
0.043945 -0.496582 0.832520 -0.047363 -0.037476 0.397583
0.042603 -0.459717 0.804932 -0.056396 -0.039551 0.403931
0.034058 -0.422119 0.774414 -0.075562 -0.039673 0.408936
0.024170 -0.422974 0.777100 -0.111206 -0.046509 0.404541
0.024048 -0.391357 0.760010 -0.184814 -0.080811 0.388428
0.010376 -0.416504 0.769409 -0.208130 -0.107910 0.367188
0.028687 -0.403931 0.798462 -0.136353 -0.142822 0.341797
0.070313 -0.390869 0.865601 -0.095093 -0.177002 0.322021
0.116699 -0.353027 0.935059 -0.083618 -0.189331 0.310425
0.145752 -0.311035 0.977173 -0.111572 -0.166992 0.308594
0.154907 -0.298462 0.989990 -0.149292 -0.137939 0.304321
0.171387 -0.265259 1.009521 -0.149170 -0.115723 0.280762
0.169067 -0.270020 1.007202 -0.155762 -0.101807 0.248779
0.184692 -0.252319 1.024292 -0.133911 -0.101807 0.214600
0.210083 -0.234253 1.059448 -0.121460 -0.093994 0.190674
0.228271 -0.220337 1.066650 -0.147461 -0.070190 0.169189
0.234985 -0.219116 1.065674 -0.172852 -0.036133 0.141357
0.237915 -0.245972 1.074707 -0.187256 -0.002686 0.108765
0.240845 -0.257690 1.070801 -0.188721 0.023438 0.072144
0.232178 -0.278198 1.060059 -0.175415 0.044678 0.029907
0.227661 -0.272217 1.047485 -0.144409 0.054077 -0.019043
0.219482 -0.301270 1.042725 -0.125854 0.051758 -0.067139
0.213989 -0.322876 1.048950 -0.097412 0.041992 -0.112671
0.205444 -0.381348 1.062134 -0.062744 0.034180 -0.137451
0.199341 -0.419556 1.084106 -0.034912 0.026367 -0.145142
0.201660 -0.424927 1.084595 -0.004150 0.024048 -0.143555
0.226440 -0.382446 1.084229 0.014771 0.026001 -0.154419
0.250977 -0.353271 1.084717 -0.009399 0.048706 -0.178467
0.236572 -0.365356 1.062378 -0.042114 0.090454 -0.212524
0.208984 -0.409424 1.028687 -0.065186 0.134155 -0.245361
0.177734 -0.463501 0.997437 -0.081299 0.167480 -0.261841
0.152100 -0.501831 0.967163 -0.078735 0.187744 -0.264526
0.134033 -0.511597 0.939209 -0.073242 0.192261 -0.267944
0.115723 -0.525146 0.922729 -0.064575 0.187988 -0.271240
0.089355 -0.545166 0.899780 -0.045166 0.179565 -0.279663
0.062988 -0.558350 0.868164 0.010010 0.166626 -0.292114
0.041260 -0.555176 0.844727 0.057373 0.129272 -0.300293
0.025757 -0.558838 0.845337 0.075317 0.092041 -0.304688
0.015625 -0.554443 0.847168 0.078125 0.056519 -0.296021
-0.007935 -0.566528 0.850586 0.056641 0.043213 -0.266479
-0.052612 -0.566162 0.821899 -0.017334 0.045776 -0.214233
-0.107544 -0.578735 0.793457 -0.102539 0.027710 -0.148926
-0.128052 -0.566406 0.783691 -0.156738 -0.009766 -0.098877
-0.087769 -0.497314 0.842407 -0.185669 -0.053101 -0.095215
-0.045898 -0.448486 0.916992 -0.206909 -0.063843 -0.155029
-0.057373 -0.426392 0.939209 -0.168457 -0.028076 -0.262451
-0.121826 -0.445435 0.858765 -0.095459 0.031494 -0.350098
-0.170898 -0.493042 0.814941 -0.052124 0.077759 -0.392822
-0.205200 -0.546021 0.833740 -0.093384 0.095825 -0.380859
-0.214600 -0.592651 0.878418 -0.132690 0.090820 -0.327148
-0.197998 -0.599976 0.937744 -0.171631 0.070801 -0.252686
-0.182861 -0.583618 0.979248 -0.202271 0.072754 -0.185791
-0.154053 -0.523560 1.022339 -0.125488 0.054443 -0.147095
-0.137695 -0.468140 1.026489 -0.112305 0.067383 -0.115356
-0.148926 -0.441406 0.961792 -0.180908 0.080078 -0.102905
-0.123657 -0.403076 1.018188 -0.073242 0.055908 -0.123779
-0.111328 -0.402344 1.026123 -0.043335 0.054443 -0.128906
-0.085938 -0.413452 1.077271 -0.044556 0.039063 -0.118164
-0.049927 -0.400024 1.138062 -0.043213 0.043457 -0.103394
-0.041016 -0.444946 1.136475 -0.126099 0.035889 -0.072266
-0.038452 -0.470703 1.150635 -0.154541 0.029907 -0.052368
-0.040649 -0.473389 1.122925 -0.154175 0.030151 -0.033691
-0.046265 -0.456299 1.093384 -0.139771 0.014526 -0.033691
-0.041870 -0.445801 1.079346 -0.052734 -0.014038 -0.053467
-0.036377 -0.436890 1.067383 0.040283 -0.038940 -0.081787
-0.013428 -0.419556 1.058838 0.098389 -0.059937 -0.101074
0.009888 -0.399414 1.080566 0.101685 -0.064697 -0.106201
0.029297 -0.386597 1.074707 0.121216 -0.044922 -0.108154
0.038940 -0.389893 1.078247 0.131714 -0.012573 -0.116089
0.018921 -0.414673 1.048706 0.108643 0.020142 -0.118164
-0.004761 -0.447510 1.015503 0.085815 0.029541 -0.115234
-0.017944 -0.453735 0.987427 0.070435 0.010254 -0.109009
-0.035278 -0.475952 0.952881 0.044189 -0.020630 -0.099365
-0.042114 -0.468506 0.920166 0.057739 -0.061523 -0.099121
-0.042480 -0.474243 0.897461 0.109619 -0.103882 -0.104248
-0.011353 -0.454224 0.904785 0.169678 -0.140503 -0.106079
0.037598 -0.423706 0.925415 0.175781 -0.146118 -0.102051
0.053833 -0.437622 0.943604 0.126587 -0.117065 -0.103149
0.040894 -0.477417 0.922974 0.069336 -0.076782 -0.095703
0.006958 -0.535522 0.881836 0.011230 -0.046509 -0.079712
-0.009888 -0.569824 0.842529 -0.022217 -0.048706 -0.059570
-0.019531 -0.598877 0.812622 -0.024048 -0.078369 -0.040649
-0.022705 -0.621216 0.798340 0.003662 -0.128662 -0.027100
0.005249 -0.637451 0.815674 0.036865 -0.166138 -0.014526
0.046143 -0.611572 0.839233 0.037720 -0.188110 -0.005493
0.068604 -0.591064 0.864258 0.011719 -0.185791 -0.013062
0.076416 -0.591064 0.860352 0.018921 -0.180542 -0.028076
0.079834 -0.587158 0.840210 0.043457 -0.179810 -0.050659
0.077881 -0.604858 0.813354 0.064209 -0.184937 -0.068237
0.077148 -0.616821 0.807617 0.083374 -0.200806 -0.085815
0.099121 -0.631226 0.818237 0.089844 -0.207642 -0.087891
0.141602 -0.627197 0.875854 0.064087 -0.194702 -0.087524
0.174194 -0.618896 0.906738 0.032959 -0.160767 -0.090454
0.180054 -0.618530 0.896606 0.020508 -0.114258 -0.098633
0.167847 -0.645996 0.886475 0.002930 -0.063354 -0.098633
0.145020 -0.673950 0.845215 -0.022827 -0.029541 -0.090820
0.121338 -0.690430 0.822754 -0.012329 -0.019043 -0.078613
0.095703 -0.723389 0.796631 0.020020 -0.025391 -0.050293
0.104370 -0.713745 0.797485 0.052856 -0.050293 -0.022339
0.123657 -0.694458 0.823242 0.078247 -0.077515 0.006714
0.152344 -0.658325 0.830444 0.085938 -0.078125 0.032593
0.168701 -0.624756 0.842163 0.054199 -0.068115 0.053589
0.164673 -0.603516 0.831787 0.047974 -0.050415 0.063477
0.152344 -0.596558 0.812134 0.049683 -0.039185 0.064331
0.142700 -0.593384 0.802368 0.061523 -0.048096 0.056396
0.150513 -0.585205 0.803833 0.090088 -0.065308 0.048828
0.156372 -0.585083 0.829102 0.097656 -0.077881 0.043213
0.153931 -0.588501 0.833862 0.087646 -0.074463 0.052734
0.143677 -0.581543 0.825806 0.064087 -0.067505 0.071533
0.128540 -0.592896 0.819702 0.043579 -0.068237 0.092651
0.116821 -0.607178 0.810669 0.049927 -0.080322 0.105103
0.126953 -0.594482 0.828247 0.068604 -0.096924 0.104736
0.131104 -0.596558 0.853271 0.079834 -0.106689 0.106445
0.125610 -0.604980 0.863770 0.072632 -0.103394 0.117065
0.115356 -0.593506 0.854614 0.034790 -0.092651 0.138428
0.115356 -0.579956 0.850342 -0.001587 -0.088623 0.165161
0.114746 -0.590820 0.853149 -0.023804 -0.093262 0.184937
0.101318 -0.610107 0.863770 -0.026001 -0.095703 0.190552
0.101929 -0.605469 0.859863 -0.003296 -0.110962 0.194824
0.120972 -0.584595 0.892822 0.027222 -0.125854 0.197021
0.132568 -0.543701 0.907227 0.040039 -0.129761 0.203247
0.142090 -0.518311 0.910522 0.029785 -0.115601 0.220703
0.148315 -0.490356 0.921265 -0.005737 -0.088745 0.245728
0.138428 -0.477417 0.917725 -0.066162 -0.051270 0.262939
0.125977 -0.458740 0.914185 -0.111450 -0.017822 0.275513
0.109375 -0.468628 0.893555 -0.130493 0.000000 0.279907
0.091553 -0.477905 0.906494 -0.126465 -0.002563 0.268677
0.078369 -0.478149 0.896362 -0.111206 -0.004395 0.266357
