0.101685 -0.281860 0.997925 -0.043457 -0.001343 -0.026245
0.102539 -0.280762 0.998535 -0.025146 -0.012939 -0.036987
0.105225 -0.280273 1.003784 -0.014038 -0.020630 -0.043335
0.111938 -0.279663 1.010742 -0.004517 -0.021973 -0.050903
0.115234 -0.274536 1.015503 -0.003418 -0.016113 -0.059204
0.106445 -0.278809 0.998413 -0.014526 -0.005981 -0.060181
0.098999 -0.293823 0.987915 -0.029663 0.000366 -0.055908
0.084595 -0.319214 0.980347 -0.039307 0.002197 -0.047119
0.078125 -0.338745 0.977173 -0.041870 -0.009277 -0.041260
0.075562 -0.352173 0.986572 -0.035034 -0.027222 -0.035034
0.083496 -0.345215 0.992676 -0.022949 -0.041504 -0.028564
0.091553 -0.343994 1.001221 -0.012085 -0.049561 -0.029297
0.088745 -0.348633 1.005005 0.001465 -0.051514 -0.032593
0.083130 -0.369873 1.000610 0.007446 -0.048218 -0.027588
0.078247 -0.378540 0.998901 0.007446 -0.047974 -0.018311
0.078735 -0.386719 1.003296 0.003418 -0.050659 -0.010132
0.071045 -0.404907 1.003784 0.001953 -0.049072 -0.003784
0.060181 -0.412842 0.985474 0.008179 -0.053833 0.003052
0.052002 -0.437744 0.984619 0.028687 -0.067871 0.015381
0.056152 -0.444458 0.992676 0.054688 -0.090454 0.021729
0.064453 -0.438599 1.000977 0.078491 -0.105957 0.030762
0.068604 -0.443115 1.008179 0.093628 -0.112671 0.038940
0.076172 -0.437866 1.011719 0.100342 -0.114136 0.052246
0.079224 -0.425537 1.006714 0.091919 -0.103271 0.075562
0.078247 -0.413208 0.993896 0.070068 -0.089111 0.101563
0.081421 -0.402832 0.983398 0.046875 -0.080078 0.118530
0.079102 -0.405640 0.980225 0.040771 -0.074463 0.128174
0.083496 -0.408325 0.981934 0.046265 -0.076904 0.134766
0.087280 -0.397461 0.982788 0.040894 -0.076050 0.146729
0.092773 -0.394043 0.985229 0.010010 -0.064941 0.165283
0.091919 -0.378662 0.987915 -0.017578 -0.053711 0.189575
0.089966 -0.357056 0.982422 -0.047485 -0.042847 0.215698
0.099731 -0.327637 0.991455 -0.080322 -0.036987 0.227295
0.106079 -0.312500 1.005005 -0.099365 -0.023071 0.228882
0.103394 -0.321655 1.011475 -0.142090 -0.004883 0.233521
0.107056 -0.312744 1.031250 -0.163574 0.009521 0.233887
0.092773 -0.373169 1.040161 -0.186279 0.031372 0.227295
0.082397 -0.385376 1.032837 -0.187866 0.035156 0.220947
0.068115 -0.417725 1.002441 -0.196899 0.018555 0.213379
0.054321 -0.420166 1.004150 -0.190186 -0.023438 0.215454
0.059692 -0.414185 1.013062 -0.068970 -0.030884 0.222534
0.086060 -0.375366 1.013916 -0.009521 -0.059814 0.236572
0.091553 -0.365723 1.026489 0.000366 -0.068604 0.249023
0.102905 -0.329590 1.030273 0.007568 -0.070679 0.265991
0.107544 -0.312866 1.013306 0.006104 -0.067017 0.279663
0.114014 -0.279907 0.992432 0.015991 -0.069824 0.278320
0.126465 -0.246338 1.000488 0.033081 -0.076172 0.265503
0.143921 -0.237427 1.007446 0.037109 -0.073364 0.258179
0.157837 -0.221191 1.022827 0.017334 -0.061768 0.255859
0.159424 -0.213013 1.010010 -0.025757 -0.033936 0.262939
0.162109 -0.200928 0.992676 -0.064941 -0.005859 0.265259
0.154907 -0.199829 0.972168 -0.089844 0.008667 0.258301
0.150146 -0.199341 0.966675 -0.093994 0.002197 0.246094
0.151245 -0.193481 0.968506 -0.084473 -0.017944 0.225708
0.167725 -0.187012 0.977783 -0.068115 -0.041992 0.202148
0.173096 -0.176025 0.989746 -0.055420 -0.059326 0.178589
0.182861 -0.159912 0.999390 -0.045410 -0.068604 0.156128
0.197144 -0.128052 1.006714 -0.047119 -0.061279 0.142456
0.206543 -0.117798 1.021973 -0.054810 -0.038696 0.130493
0.202271 -0.115234 1.010864 -0.079102 -0.016724 0.115601
0.201416 -0.119141 1.022217 -0.092407 0.001221 0.103882
0.196899 -0.147339 1.007813 -0.118286 -0.000122 0.092529
0.204102 -0.153564 1.018677 -0.103882 -0.015015 0.080566
0.228882 -0.143555 1.033203 -0.074463 -0.031494 0.068237
0.247803 -0.162964 1.058472 -0.071899 -0.041016 0.063721
0.265747 -0.170410 1.071045 -0.063843 -0.040405 0.046631
0.264160 -0.169434 1.055786 -0.045654 -0.033569 0.015137
0.251587 -0.181396 1.029053 -0.025269 -0.034668 -0.024414
0.246338 -0.186646 1.019287 0.003296 -0.041382 -0.064331
0.256470 -0.187988 1.021240 0.014160 -0.046265 -0.096680
0.264404 -0.181763 1.014771 0.009521 -0.041260 -0.125244
0.263672 -0.188354 0.997925 -0.001465 -0.016113 -0.142944
0.258789 -0.233521 0.990112 -0.049316 0.012329 -0.153442
0.248169 -0.274536 0.985352 -0.089111 0.040039 -0.162476
0.234131 -0.316772 0.970459 -0.122803 0.062256 -0.164551
0.224854 -0.331665 0.969482 -0.161743 0.071045 -0.171143
0.218750 -0.351563 0.973633 -0.193481 0.077026 -0.184326
0.201294 -0.364258 0.968262 -0.219238 0.076660 -0.203125
0.183105 -0.377319 0.954102 -0.205933 0.077515 -0.219604
0.164185 -0.390503 0.938721 -0.186157 0.070313 -0.233398
0.150269 -0.371704 0.934326 -0.165649 0.054077 -0.241577
0.130249 -0.341797 0.954712 -0.150024 0.041626 -0.241211
0.181763 -0.349731 0.976318 -0.118408 0.038208 -0.227051
0.174194 -0.336670 0.976807 -0.122314 0.032959 -0.251709
0.180542 -0.324463 0.993042 -0.126343 0.040405 -0.259033
0.190308 -0.316772 1.023926 -0.137207 0.050415 -0.257935
0.196411 -0.309204 1.047241 -0.142090 0.067871 -0.260986
0.205200 -0.305908 1.065063 -0.128052 0.092529 -0.270264
0.190430 -0.319702 1.078491 -0.127930 0.117065 -0.281494
0.165283 -0.351196 1.066040 -0.135132 0.143066 -0.291382
0.133545 -0.374634 1.042358 -0.132568 0.164063 -0.297607
0.101074 -0.382446 1.008057 -0.146484 0.171875 -0.295166
0.082520 -0.399170 0.993774 -0.151123 0.179688 -0.281860
0.076050 -0.411865 0.985840 -0.163696 0.179565 -0.270264
0.062500 -0.432495 0.970581 -0.169556 0.181519 -0.263428
0.039673 -0.438599 0.956665 -0.153687 0.187256 -0.261353
0.005981 -0.446777 0.934814 -0.138184 0.186646 -0.261230
-0.027466 -0.446289 0.909424 -0.123779 0.162598 -0.266846
-0.045654 -0.455566 0.901245 -0.102295 0.132446 -0.273560
-0.055176 -0.445190 0.910400 -0.078247 0.091309 -0.280396
-0.057739 -0.454346 0.910278 -0.049561 0.056274 -0.272705
-0.055542 -0.436157 0.957520 -0.039551 0.041016 -0.255615
-0.051636 -0.416992 0.976685 -0.052856 0.019043 -0.231079
-0.047363 -0.394287 1.004150 -0.088013 0.017212 -0.195313
-0.063599 -0.402222 0.992676 -0.122437 0.038940 -0.159668
-0.081177 -0.391846 0.985474 -0.142944 0.050171 -0.133301
-0.090576 -0.381348 0.996582 -0.144409 0.059937 -0.120850
-0.096802 -0.381348 1.006836 -0.122192 0.050415 -0.117310
-0.099487 -0.375732 1.032227 -0.111938 0.027466 -0.117798
-0.087280 -0.363525 1.064575 -0.070435 0.012085 -0.120239
-0.077393 -0.347168 1.095093 -0.039551 -0.003052 -0.112427
-0.060303 -0.329468 1.119385 -0.028809 -0.019897 -0.092651
-0.047485 -0.303223 1.142578 -0.017456 -0.019653 -0.073853
-0.035278 -0.292114 1.145874 -0.021484 -0.010376 -0.061279
-0.030273 -0.277222 1.144775 -0.011475 -0.005615 -0.056763
-0.025635 -0.272217 1.135986 0.008057 -0.005737 -0.052124
-0.015015 -0.268555 1.133057 0.021729 -0.007935 -0.050049
0.001221 -0.250977 1.127686 0.027832 -0.012695 -0.046265
0.008789 -0.248047 1.116089 0.041748 -0.017090 -0.043701
0.017944 -0.236572 1.100342 0.056641 -0.021240 -0.042480
0.026489 -0.238403 1.089844 0.065430 -0.022217 -0.034180
0.037476 -0.238403 1.079102 0.070557 -0.020874 -0.026489
0.050293 -0.236450 1.078979 0.045410 -0.014160 -0.017822
0.056519 -0.233032 1.065063 0.016235 0.000610 -0.008301
0.050171 -0.248169 1.041992 -0.005005 0.016113 0.003540
0.053345 -0.242188 1.030762 -0.011230 0.018555 0.007324
0.055542 -0.249756 1.019775 -0.002563 0.012085 0.010376
0.060669 -0.274902 1.008911 0.011108 0.005737 0.012329
0.061279 -0.307983 0.994141 0.023560 -0.006592 0.004272
0.066528 -0.337524 0.984741 0.017456 -0.017090 0.001587
0.075928 -0.360107 0.993896 -0.007446 -0.024170 0.013794
0.075073 -0.364746 0.986084 -0.036133 -0.028076 0.018677
0.060547 -0.391846 0.952759 -0.063477 -0.041870 0.018311
0.036255 -0.390625 0.923828 -0.100708 -0.073364 0.024292
0.044067 -0.402222 0.914063 -0.076904 -0.098633 0.038818
0.066162 -0.375854 0.931152 -0.070435 -0.120605 0.051392
0.084106 -0.363037 0.938965 -0.036621 -0.124023 0.052490
0.095215 -0.376953 0.943115 -0.028687 -0.120239 0.051636
0.110229 -0.371582 0.972534 -0.042969 -0.115112 0.046143
0.108398 -0.390137 0.977783 -0.046509 -0.085693 0.034302
0.103027 -0.404663 0.970459 -0.046753 -0.067505 0.027100
0.094849 -0.416870 0.960083 -0.039185 -0.061890 0.031616
0.096436 -0.429077 0.949219 -0.034180 -0.064697 0.042358
0.099731 -0.419800 0.948486 -0.020752 -0.076782 0.040161
0.104858 -0.419678 0.956543 0.005615 -0.091187 0.022461
0.114868 -0.448242 0.969360 0.040527 -0.100464 -0.000732
0.124390 -0.454712 0.978271 0.045654 -0.091431 -0.000732
0.126221 -0.463867 0.980225 -0.002319 -0.061157 0.024902
0.119019 -0.459717 0.958984 -0.065186 -0.025879 0.053467
0.118164 -0.466919 0.944214 -0.116333 0.001343 0.071411
