0.098755 -0.268677 1.007080 -0.011719 0.020508 -0.011353
0.094482 -0.259521 1.005615 -0.008179 0.017090 -0.012329
0.093018 -0.263794 1.005615 0.001221 0.012695 -0.020386
0.096558 -0.264160 1.010620 0.017944 0.006226 -0.030396
0.092896 -0.269043 1.004150 0.016724 0.006226 -0.034790
0.085571 -0.273071 0.995850 -0.003296 -0.001465 -0.037231
0.084839 -0.276978 0.987183 0.011963 -0.009399 -0.043091
0.089966 -0.270386 0.994385 0.042725 -0.016357 -0.047607
0.090454 -0.281982 1.010010 0.027588 -0.019653 -0.036377
0.096802 -0.281494 1.020752 0.020874 -0.020142 -0.032715
0.096191 -0.279785 1.009399 0.013916 -0.018433 -0.033447
0.092285 -0.279785 1.005493 0.011353 -0.023071 -0.042236
0.089478 -0.278809 1.003296 0.012207 -0.028931 -0.046753
0.081787 -0.280273 0.992432 0.016846 -0.031250 -0.048706
0.087280 -0.276367 0.993774 0.012573 -0.039307 -0.035645
0.088501 -0.279663 1.006958 0.006226 -0.045410 -0.026611
0.085571 -0.296143 1.006470 -0.003662 -0.046997 -0.017334
0.095337 -0.288574 1.025635 -0.000732 -0.049927 -0.011230
0.100464 -0.286499 1.025024 -0.022339 -0.046997 -0.001953
0.097046 -0.291870 1.020142 -0.033569 -0.036133 -0.002930
0.092651 -0.294800 1.010864 -0.025024 -0.030762 -0.014404
0.078735 -0.323364 1.000977 -0.025757 -0.032227 -0.020996
0.073975 -0.340820 0.997070 -0.028564 -0.041138 -0.020386
0.072021 -0.346069 1.006836 -0.026611 -0.051270 -0.018311
0.077026 -0.337280 1.005493 -0.018799 -0.059082 -0.012085
0.073975 -0.350464 1.004395 -0.008179 -0.068726 -0.009521
0.074585 -0.357788 1.009155 0.008667 -0.076782 -0.007446
0.072266 -0.369507 0.999023 0.019775 -0.080811 -0.003662
0.070679 -0.370361 0.998657 0.029419 -0.089600 0.002075
0.075562 -0.358276 0.994263 0.040527 -0.101196 0.009033
0.070068 -0.361084 0.985718 0.053223 -0.113892 0.014038
0.075317 -0.370728 0.988159 0.076904 -0.134766 0.010498
0.090210 -0.368896 1.006104 0.104980 -0.164551 0.001343
0.091553 -0.390137 1.000122 0.119263 -0.186523 -0.001099
0.099976 -0.392212 1.006348 0.156494 -0.195068 0.000488
0.122925 -0.373535 1.048218 0.187866 -0.190308 0.011475
0.135010 -0.372437 1.059570 0.167358 -0.160889 0.029785
0.136597 -0.371582 1.080566 0.121216 -0.124634 0.061401
0.116699 -0.391846 1.059326 0.079590 -0.074829 0.088379
0.089600 -0.401978 1.018066 0.040771 -0.042480 0.111084
0.072754 -0.399170 0.987427 0.010742 -0.036865 0.135376
0.073364 -0.403931 0.985107 0.007935 -0.053467 0.146973
0.085815 -0.400146 1.012695 0.035034 -0.078125 0.149780
0.105347 -0.349609 1.009155 0.054565 -0.100586 0.145996
0.109253 -0.361572 1.008545 0.047974 -0.095825 0.153076
0.104858 -0.362915 0.991699 0.054565 -0.088501 0.162231
0.122437 -0.346924 0.997192 0.031616 -0.079346 0.183838
0.116943 -0.332642 1.014282 -0.030518 -0.053345 0.217163
0.123535 -0.330933 1.002563 -0.112915 -0.012451 0.247559
0.104126 -0.345215 0.977783 -0.169800 0.011597 0.273193
0.090820 -0.352905 0.966553 -0.185791 -0.000732 0.282227
0.104004 -0.343384 0.979004 -0.153076 -0.042969 0.275879
0.120850 -0.327393 0.999878 -0.078735 -0.085571 0.266846
0.149048 -0.295166 1.038818 -0.005493 -0.112793 0.242554
0.169922 -0.271606 1.052246 0.036865 -0.125244 0.228027
0.176758 -0.241455 1.052246 0.051636 -0.121704 0.221191
0.185547 -0.221436 1.047119 0.033569 -0.106445 0.227783
0.200317 -0.197510 1.049072 -0.005615 -0.084351 0.239014
0.195923 -0.171875 1.041260 -0.060669 -0.054688 0.252930
0.190674 -0.173950 1.031738 -0.102905 -0.041016 0.261353
0.185547 -0.189331 1.014771 -0.101196 -0.040161 0.268311
0.186646 -0.174194 1.018188 -0.062256 -0.049438 0.270752
0.207153 -0.139160 1.039185 -0.001465 -0.060913 0.248413
0.217773 -0.122803 1.056152 0.058472 -0.062256 0.209229
0.226563 -0.120239 1.058960 0.089966 -0.053467 0.185791
0.234375 -0.112793 1.067017 0.071777 -0.039185 0.171997
0.225830 -0.108521 1.057373 0.013306 -0.020142 0.176514
0.225220 -0.098267 1.032471 -0.027344 0.000488 0.181396
0.222290 -0.075439 1.010254 -0.064453 0.019653 0.184448
0.214600 -0.067749 0.986694 -0.096802 0.041626 0.178345
0.204346 -0.072266 0.974731 -0.120117 0.041992 0.159790
0.207153 -0.081299 0.981689 -0.111816 0.023926 0.129883
0.212280 -0.090698 0.995728 -0.093506 -0.003906 0.094971
0.226440 -0.079224 0.998901 -0.045654 -0.026855 0.061768
0.229858 -0.085327 0.989624 -0.007446 -0.046143 0.025391
0.237305 -0.088501 0.979614 0.040405 -0.063110 -0.003174
0.247681 -0.087280 0.972900 0.076538 -0.074463 -0.020996
0.262573 -0.075928 0.963257 0.081421 -0.081665 -0.037109
0.288208 -0.061035 0.966431 0.073486 -0.082153 -0.052612
0.306274 -0.054443 0.983643 0.049438 -0.075928 -0.075195
0.320435 -0.061401 0.997925 0.021851 -0.065186 -0.098633
0.317627 -0.079834 1.007690 -0.005737 -0.043457 -0.113892
0.309204 -0.097656 1.001709 -0.064819 -0.010254 -0.115601
0.285645 -0.137573 0.974243 -0.136841 0.023682 -0.102173
0.270630 -0.172363 0.973755 -0.175659 0.031494 -0.090698
0.258301 -0.207275 0.986816 -0.189575 0.020874 -0.095947
0.261230 -0.225586 0.997437 -0.160034 0.003052 -0.109619
0.274048 -0.235352 1.022705 -0.122437 -0.010010 -0.139526
0.276489 -0.241211 1.045044 -0.108398 -0.017456 -0.165527
0.282227 -0.240112 1.050415 -0.103149 -0.009277 -0.184570
0.288940 -0.259399 1.058594 -0.121948 0.007446 -0.199951
0.287109 -0.277832 1.071045 -0.111450 0.035156 -0.213379
0.271362 -0.294189 1.061157 -0.094238 0.063232 -0.223633
0.258423 -0.280151 1.048828 -0.086548 0.082397 -0.235352
0.246460 -0.265625 1.041504 -0.099121 0.110718 -0.249878
0.214355 -0.262695 1.017456 -0.140991 0.137207 -0.257568
0.180664 -0.280884 0.979614 -0.175781 0.155029 -0.252075
0.157959 -0.291382 0.973267 -0.193970 0.159546 -0.247559
0.142334 -0.295410 0.962036 -0.213257 0.155640 -0.241577
0.131104 -0.305054 0.955811 -0.224731 0.146118 -0.238159
0.122925 -0.307739 0.952271 -0.210205 0.135254 -0.249756
0.111694 -0.309204 0.953857 -0.193848 0.114014 -0.271729
0.101318 -0.322510 0.952881 -0.174561 0.090454 -0.300171
0.093384 -0.335083 0.968018 -0.146606 0.069580 -0.324097
0.084717 -0.358154 0.989746 -0.124756 0.058716 -0.327148
0.079590 -0.359619 0.999023 -0.130005 0.052734 -0.313110
0.075928 -0.319092 0.997925 -0.146606 0.059570 -0.292603
0.061768 -0.304077 1.012817 -0.160522 0.080811 -0.257324
0.032593 -0.290039 0.981567 -0.175293 0.107666 -0.242554
-0.000610 -0.297485 0.935913 -0.179077 0.110474 -0.236206
-0.011230 -0.313477 0.935669 -0.120239 0.091553 -0.246216
-0.007080 -0.325439 0.953613 -0.114258 0.054321 -0.257813
0.004028 -0.339600 0.982422 -0.127441 0.018066 -0.251221
0.013184 -0.367554 1.024414 -0.122070 0.003784 -0.240112
0.016479 -0.388428 1.059082 -0.157104 0.002441 -0.215698
-0.000366 -0.397583 1.056763 -0.187866 0.013916 -0.175171
-0.016846 -0.413574 1.044922 -0.230225 0.034790 -0.137085
-0.023926 -0.393066 1.052246 -0.201660 0.050415 -0.121704
-0.018188 -0.359131 1.066284 -0.175537 0.037354 -0.108887
-0.013306 -0.343262 1.083984 -0.139404 0.022095 -0.108521
-0.013672 -0.337891 1.098633 -0.099121 0.024414 -0.112427
-0.004395 -0.325317 1.120605 -0.078491 0.016602 -0.114746
0.008545 -0.306763 1.139404 -0.067749 0.007568 -0.106812
0.017578 -0.302124 1.135010 -0.068848 0.020508 -0.090210
0.014526 -0.298706 1.129761 -0.069458 0.042358 -0.076416
0.016602 -0.275146 1.130737 -0.073853 0.055176 -0.057861
0.012573 -0.274292 1.108643 -0.082397 0.064575 -0.032837
0.013306 -0.259277 1.092529 -0.083008 0.067627 -0.023438
0.013794 -0.252808 1.083496 -0.066528 0.061768 -0.016846
0.018066 -0.234863 1.078613 -0.044556 0.049561 -0.017334
0.025635 -0.231567 1.072876 -0.023682 0.041626 -0.019897
0.025391 -0.224121 1.049927 -0.008545 0.034912 -0.019653
0.029663 -0.239014 1.049561 0.002930 0.026245 -0.015259
0.042847 -0.240723 1.062744 0.006470 0.017212 -0.005615
0.053345 -0.244995 1.050659 -0.000122 0.019653 0.010864
0.053101 -0.259766 1.052002 -0.017578 0.030029 0.030640
0.058716 -0.268433 1.055908 -0.044678 0.044434 0.059204
0.046021 -0.293945 1.032104 -0.070313 0.060547 0.091431
0.027466 -0.319214 1.006104 -0.090210 0.063110 0.122070
0.018433 -0.323364 0.979858 -0.090088 0.039795 0.153076
0.015991 -0.307861 0.955444 -0.077637 -0.000366 0.190430
0.045654 -0.265015 0.960815 -0.056030 -0.044434 0.228149
0.088257 -0.242065 0.990112 -0.027344 -0.078125 0.236816
0.160889 -0.189819 1.081543 -0.018433 -0.085815 0.210938
0.175659 -0.197998 1.116577 -0.036011 -0.051636 0.152100
0.156738 -0.202271 1.078613 -0.008545 0.001953 0.078857
0.125000 -0.233521 1.042114 -0.003784 0.038086 0.026001
0.104980 -0.261597 1.031250 -0.030029 0.053955 0.002319
0.082031 -0.301636 1.006714 -0.060059 0.064941 0.011963
0.049927 -0.357300 0.992798 -0.074341 0.059692 0.027954
