0.102661 -0.221069 1.009644 -0.036621 0.006592 -0.053589
0.094116 -0.212891 1.011475 -0.027466 0.000977 -0.061279
0.095337 -0.209839 1.019287 -0.019287 -0.003784 -0.070801
0.098022 -0.225952 1.006592 -0.021362 -0.006592 -0.077026
0.096802 -0.223511 1.011963 -0.018677 -0.011108 -0.073242
0.093506 -0.223267 1.026978 -0.017456 -0.011108 -0.075073
0.094604 -0.238525 1.011475 -0.016846 -0.009521 -0.076538
0.090576 -0.236694 1.012939 -0.006714 -0.007202 -0.072632
0.088989 -0.249268 0.995850 -0.026123 -0.011841 -0.073120
0.087158 -0.248779 1.000244 -0.036133 -0.013184 -0.069214
0.087524 -0.250854 1.015015 -0.052734 -0.017090 -0.068237
0.095703 -0.255249 0.997559 -0.048950 -0.019165 -0.069946
0.089966 -0.264893 0.998535 -0.022827 -0.024170 -0.067017
0.090820 -0.270996 1.000732 -0.006104 -0.035645 -0.065674
0.092896 -0.262695 1.003662 -0.012207 -0.050537 -0.064087
0.099365 -0.263794 1.017578 -0.034546 -0.058105 -0.063110
0.104492 -0.262695 1.022705 -0.035767 -0.052002 -0.066895
0.091064 -0.257446 1.005005 -0.042969 -0.041748 -0.065063
0.086060 -0.264893 0.993164 -0.046387 -0.037720 -0.057129
0.078491 -0.286255 0.986328 -0.043945 -0.042969 -0.046875
0.089111 -0.294678 0.997559 -0.053345 -0.057007 -0.041260
0.099854 -0.297241 1.013916 -0.059204 -0.069702 -0.044556
0.107666 -0.297241 1.024658 -0.065552 -0.067261 -0.044067
0.105713 -0.310425 1.028564 -0.070313 -0.059448 -0.038696
0.103394 -0.315430 1.017578 -0.064087 -0.051147 -0.032715
0.102295 -0.297485 1.010132 -0.053467 -0.048096 -0.025879
0.095459 -0.301758 0.999146 -0.048828 -0.047729 -0.018433
0.094482 -0.308350 0.997314 -0.040405 -0.051270 -0.018066
0.091919 -0.314209 0.991211 -0.032837 -0.058350 -0.022705
0.087891 -0.326172 0.985840 -0.023682 -0.066650 -0.025879
0.093872 -0.341187 1.018066 0.003906 -0.075562 -0.026978
0.091797 -0.358398 1.020752 0.008789 -0.085815 -0.035278
0.090698 -0.384888 1.039063 -0.010620 -0.094482 -0.024902
0.082031 -0.387573 1.057983 -0.031616 -0.088379 0.008423
0.065674 -0.397705 1.040283 -0.048828 -0.063721 0.052612
0.053711 -0.412354 1.023804 -0.063354 -0.059326 0.087158
0.047974 -0.423584 1.006592 -0.061157 -0.074341 0.099365
0.053589 -0.417969 1.016846 -0.051880 -0.104126 0.102051
0.062988 -0.417480 1.023071 -0.048706 -0.128662 0.102417
0.080933 -0.419678 1.033813 -0.041626 -0.135620 0.100586
0.085571 -0.406738 1.033936 -0.031128 -0.129150 0.107178
0.091797 -0.407104 1.020752 -0.033569 -0.113037 0.120728
0.084106 -0.405762 1.010498 -0.055908 -0.097900 0.132690
0.080688 -0.411743 0.993652 -0.091309 -0.082031 0.149414
0.073242 -0.431519 0.965698 -0.116333 -0.066772 0.170654
0.070435 -0.433594 0.957397 -0.111084 -0.071289 0.181396
0.073975 -0.428467 0.958984 -0.089111 -0.083862 0.187988
0.076660 -0.429932 0.959229 -0.065918 -0.099609 0.209229
0.088501 -0.413208 0.958008 -0.032104 -0.114868 0.232666
0.098999 -0.391479 0.960815 0.002808 -0.134888 0.243164
0.113647 -0.368042 0.971802 0.032593 -0.158325 0.250977
0.146484 -0.329956 1.011597 0.035400 -0.175415 0.262085
0.167480 -0.317139 1.036255 0.017456 -0.171997 0.271973
0.185669 -0.306519 1.067749 0.013916 -0.157593 0.280640
0.193604 -0.294312 1.081665 0.015381 -0.135986 0.289063
0.196899 -0.279419 1.084106 0.019165 -0.108276 0.296631
0.197998 -0.257813 1.085083 0.025391 -0.080200 0.300171
0.191284 -0.239380 1.058838 0.024780 -0.049316 0.304810
0.174805 -0.225952 1.017090 0.009766 -0.032593 0.308350
0.173584 -0.210693 1.006104 -0.005981 -0.034424 0.307617
0.176880 -0.197998 0.999756 -0.001099 -0.046021 0.302246
0.185059 -0.173340 0.997925 0.006226 -0.063232 0.291504
0.202881 -0.136475 1.023438 0.018921 -0.073242 0.272461
0.213501 -0.126587 1.027344 0.016724 -0.067383 0.261475
0.219482 -0.117554 1.033569 0.022461 -0.053955 0.250610
0.217896 -0.105103 1.031982 0.023438 -0.040405 0.233398
0.216675 -0.103760 1.025269 0.032959 -0.033691 0.214966
0.219604 -0.102661 1.035645 0.020142 -0.032715 0.201294
0.227417 -0.109131 1.055786 0.013306 -0.020874 0.201172
0.233398 -0.115479 1.060181 0.012939 -0.003784 0.189209
0.224365 -0.105103 1.058838 0.009277 0.007446 0.172485
0.220459 -0.095581 1.043091 0.001465 0.018066 0.159058
0.213745 -0.089722 1.026855 -0.021240 0.023804 0.146851
0.211548 -0.076538 1.010864 -0.010986 0.028198 0.129517
0.205200 -0.071777 0.989624 -0.003540 0.016602 0.106323
0.203369 -0.089233 0.983032 0.016724 -0.008545 0.077393
0.216675 -0.084839 0.987793 0.041138 -0.040771 0.048584
0.235962 -0.079834 1.002197 0.056396 -0.066528 0.022461
0.248047 -0.078247 1.017334 0.073242 -0.073120 -0.003540
0.253052 -0.073975 1.015381 0.074097 -0.062378 -0.020752
0.245605 -0.090210 1.000854 0.037354 -0.050659 -0.026367
0.236328 -0.110840 0.985840 0.007813 -0.042969 -0.021851
0.236084 -0.129639 0.984375 -0.006836 -0.051270 -0.025146
0.242920 -0.142944 0.989502 -0.005615 -0.070557 -0.041992
0.262085 -0.153564 1.002441 0.005859 -0.086792 -0.067749
0.269165 -0.177734 1.013062 0.016479 -0.092407 -0.090454
0.275757 -0.190796 1.011353 0.011353 -0.087158 -0.109497
0.287720 -0.207397 1.024170 -0.015015 -0.065796 -0.114746
0.279297 -0.235596 1.015015 -0.065430 -0.038696 -0.111694
0.270508 -0.241699 1.004517 -0.091797 -0.010010 -0.109985
0.251343 -0.262451 0.979736 -0.111572 0.014648 -0.111328
0.236694 -0.273804 0.960938 -0.120117 0.025513 -0.115112
0.220459 -0.284546 0.939819 -0.137085 0.026489 -0.124023
0.214233 -0.292480 0.923950 -0.132568 0.018311 -0.135742
0.216675 -0.290649 0.919434 -0.118164 -0.003418 -0.153076
0.223389 -0.283691 0.910522 -0.104492 -0.027588 -0.169556
0.236816 -0.265869 0.921387 -0.077148 -0.048462 -0.183716
0.259277 -0.226074 0.932373 -0.054810 -0.076904 -0.210571
0.293213 -0.187988 0.960083 -0.053467 -0.100464 -0.265015
0.321045 -0.126465 0.991211 -0.078491 -0.102783 -0.320435
0.282837 -0.130005 0.982178 -0.178345 -0.077515 -0.366089
0.251343 -0.152100 0.973633 -0.226807 -0.030273 -0.358521
0.218872 -0.199829 0.937988 -0.249023 0.013184 -0.351807
0.199585 -0.228760 0.925781 -0.285400 0.016846 -0.355103
0.187622 -0.265503 0.965454 -0.285522 0.002563 -0.363647
0.184326 -0.302124 0.998657 -0.277710 -0.012817 -0.373535
0.189697 -0.332642 1.028931 -0.263184 -0.023315 -0.375244
0.200439 -0.338867 1.062256 -0.267578 -0.022461 -0.372192
0.187500 -0.341797 1.065796 -0.335205 -0.006348 -0.369751
0.179077 -0.345093 1.073975 -0.320801 0.005859 -0.368896
0.175659 -0.356201 1.087646 -0.279297 0.025024 -0.363159
0.163574 -0.348022 1.088379 -0.272217 0.040527 -0.359375
0.142822 -0.347778 1.070068 -0.262939 0.059814 -0.342041
0.117310 -0.344849 1.050415 -0.260376 0.079956 -0.316895
0.093262 -0.348511 0.999023 -0.253296 0.094360 -0.288940
0.081787 -0.345337 1.013184 -0.212158 0.099487 -0.266357
0.074585 -0.368286 1.004395 -0.182007 0.105347 -0.260498
0.060913 -0.377686 0.994019 -0.136597 0.112671 -0.259644
0.057495 -0.393188 0.993408 -0.117065 0.108154 -0.247803
0.049805 -0.401978 1.000000 -0.111694 0.099243 -0.227783
0.038086 -0.388672 0.987061 -0.097168 0.098389 -0.200195
0.020996 -0.366943 0.963623 -0.103149 0.096313 -0.173096
0.007690 -0.353882 0.947021 -0.125610 0.084839 -0.152954
-0.003296 -0.342407 0.939941 -0.124756 0.060425 -0.150391
-0.007690 -0.329590 0.937012 -0.108521 0.029175 -0.157104
-0.002319 -0.323120 0.960815 -0.090088 0.008423 -0.162964
-0.000366 -0.311523 0.981689 -0.061035 0.007690 -0.158325
0.002441 -0.304565 1.001953 -0.057495 0.001221 -0.145020
0.006836 -0.307495 1.024658 -0.069214 -0.011719 -0.127563
0.019043 -0.314941 1.065430 -0.079224 -0.020508 -0.105835
0.032471 -0.298462 1.096680 -0.081177 -0.025513 -0.079346
0.053711 -0.297974 1.137695 -0.052124 -0.027222 -0.056030
0.073486 -0.278320 1.173828 -0.028931 -0.030518 -0.051270
0.080566 -0.275269 1.191040 -0.014404 -0.027344 -0.051392
0.099243 -0.271729 1.213623 0.020874 -0.015991 -0.052368
0.101318 -0.269653 1.217285 0.035522 -0.001465 -0.048340
0.107788 -0.261230 1.222290 0.026001 0.013916 -0.037109
0.108276 -0.237427 1.201050 0.006714 0.033203 -0.022095
0.107910 -0.231567 1.177368 -0.002563 0.049194 -0.007080
0.107300 -0.229980 1.151489 0.003052 0.054077 -0.000244
0.104248 -0.222412 1.118774 0.030518 0.051392 0.005127
0.111450 -0.212280 1.107300 0.064087 0.037109 0.007935
0.124390 -0.207275 1.106323 0.086426 0.020386 0.001221
0.144653 -0.194092 1.106323 0.092651 0.014404 -0.006958
0.155029 -0.195923 1.103638 0.078125 0.024292 -0.002563
0.167603 -0.203613 1.097168 0.050903 0.042114 0.011475
0.157837 -0.227905 1.073242 0.021851 0.062866 0.019653
0.154785 -0.237671 1.052246 0.005737 0.078613 0.027466
0.136230 -0.259888 1.023193 -0.010620 0.094116 0.036987
0.121216 -0.275757 0.998291 -0.021240 0.096924 0.037842
