0.079468 -0.234985 1.031494 -0.020142 -0.014526 -0.037354
0.078857 -0.240601 1.027832 -0.027832 -0.012207 -0.032471
0.074707 -0.236816 1.026123 -0.029663 -0.010376 -0.031738
0.071533 -0.242188 1.024170 -0.028442 -0.012085 -0.029297
0.080566 -0.241089 1.024292 -0.026001 -0.016846 -0.034668
0.079590 -0.237305 1.025757 -0.027344 -0.016846 -0.035400
0.081909 -0.238770 1.025391 -0.027954 -0.014771 -0.035400
0.081909 -0.230713 1.020264 -0.021240 -0.015137 -0.038452
0.075684 -0.243774 1.016357 -0.006958 -0.008911 -0.033936
0.067505 -0.248779 1.005859 0.004272 -0.006348 -0.030273
0.063354 -0.248901 1.002441 0.008423 -0.009277 -0.033569
0.064087 -0.248413 1.001709 0.006958 -0.017090 -0.035156
0.068848 -0.244385 1.009399 0.005981 -0.022339 -0.040039
0.074097 -0.229370 1.011230 0.004517 -0.024780 -0.044678
0.075317 -0.233765 1.002930 -0.006958 -0.018677 -0.044678
0.067993 -0.245361 0.999146 -0.028076 -0.009888 -0.039673
0.064453 -0.264893 0.995483 -0.026123 -0.005615 -0.037109
0.061890 -0.267456 0.987793 0.018677 -0.000244 -0.039673
0.057251 -0.281372 0.975220 0.011597 -0.012451 -0.048706
0.056396 -0.302002 0.971558 0.009399 -0.021851 -0.057861
0.059204 -0.306152 0.977417 0.023560 -0.026855 -0.067627
0.057373 -0.323608 0.971191 0.001343 -0.032715 -0.073486
0.059692 -0.348022 0.980225 0.013184 -0.031494 -0.083252
0.048828 -0.389771 0.979614 0.021240 -0.028687 -0.081177
0.044189 -0.406006 0.975342 0.017944 -0.034424 -0.071167
0.035645 -0.389893 0.974854 0.007690 -0.050415 -0.055664
0.037598 -0.400024 0.982056 -0.002686 -0.064697 -0.030884
0.043213 -0.402466 0.996338 -0.021851 -0.087036 -0.015015
0.073608 -0.432739 1.000000 -0.038574 -0.110352 0.023926
0.075684 -0.411865 1.035278 -0.027954 -0.122314 0.047363
0.086182 -0.435913 1.068970 -0.045166 -0.111694 0.063965
0.085571 -0.433594 1.076294 -0.065063 -0.102905 0.079590
0.082031 -0.450562 1.076782 -0.061401 -0.078613 0.088623
0.075806 -0.441650 1.064819 -0.051025 -0.053589 0.100098
0.067139 -0.430908 1.041992 -0.061646 -0.036865 0.125122
0.056030 -0.411621 1.019775 -0.079590 -0.038574 0.149414
0.028198 -0.424316 0.985596 -0.148071 -0.040894 0.181030
0.029663 -0.418091 0.971802 -0.150024 -0.053223 0.203613
0.024292 -0.394043 0.982300 -0.068604 -0.065674 0.210938
0.050171 -0.343140 0.968872 -0.001953 -0.099487 0.206055
0.058472 -0.338257 0.973877 0.061646 -0.135498 0.183105
0.067139 -0.349976 0.994629 0.033691 -0.150146 0.182373
0.110229 -0.312500 1.033447 0.016968 -0.170898 0.187744
0.149902 -0.273804 1.091064 0.051514 -0.174561 0.188599
0.167725 -0.266602 1.104858 0.029663 -0.119507 0.197998
0.182617 -0.257324 1.139771 -0.022705 -0.066650 0.207642
0.168335 -0.276855 1.122559 -0.109497 -0.009277 0.221558
0.128052 -0.313110 1.076172 -0.169678 0.025391 0.226563
0.076416 -0.338257 1.020630 -0.141113 0.015137 0.220337
0.052979 -0.331299 0.982788 -0.054199 -0.026489 0.212769
0.059326 -0.299072 0.988892 0.028442 -0.078857 0.210449
0.088501 -0.260132 1.019165 0.073486 -0.119385 0.220581
0.132568 -0.224731 1.063721 0.062500 -0.120972 0.236450
0.154175 -0.216187 1.101196 0.032349 -0.092651 0.247925
0.156250 -0.217529 1.091309 0.003540 -0.052124 0.263672
0.160278 -0.200195 1.078247 -0.016479 -0.023438 0.278931
0.170288 -0.172363 1.078613 -0.038330 -0.002686 0.284058
0.164795 -0.162720 1.057251 -0.066040 0.022461 0.281128
0.158081 -0.151245 1.030273 -0.090332 0.041992 0.273193
0.139771 -0.151733 0.998169 -0.113647 0.052246 0.265625
0.125610 -0.151855 0.969604 -0.104614 0.051270 0.260132
0.135010 -0.146240 0.970337 -0.075073 0.034302 0.251099
0.153809 -0.109009 0.978149 -0.048340 0.012573 0.232422
0.159058 -0.085327 0.979370 -0.022949 0.003418 0.213135
0.169189 -0.066162 0.980713 -0.001587 -0.003174 0.196777
0.171387 -0.053101 0.980225 -0.003662 -0.007080 0.182983
0.181885 -0.035156 0.984253 -0.020508 -0.012085 0.170166
0.194214 -0.028198 1.005737 -0.036377 -0.013062 0.144043
0.208496 -0.029297 1.036499 -0.055664 -0.003662 0.108398
0.197510 -0.053711 1.024536 -0.068726 0.018433 0.080322
0.178833 -0.079834 1.006470 -0.071533 0.031738 0.061035
0.171875 -0.100464 0.996826 -0.065918 0.022949 0.041992
0.173828 -0.107422 0.988037 -0.055786 0.001099 0.022339
0.192139 -0.114136 0.993164 -0.032593 -0.021729 0.001099
0.220215 -0.119385 0.999878 -0.020874 -0.036621 -0.025513
0.240967 -0.126465 1.014648 -0.027954 -0.027588 -0.043213
0.261963 -0.127563 1.017700 -0.068115 -0.001465 -0.045044
0.276733 -0.144897 1.025757 -0.132080 0.035889 -0.049072
0.265503 -0.159302 1.015503 -0.184326 0.064941 -0.064819
0.242432 -0.197388 0.997803 -0.191162 0.080811 -0.090332
0.230957 -0.215820 1.007935 -0.164673 0.065430 -0.125244
0.229248 -0.213745 1.009521 -0.122681 0.046753 -0.159668
0.235352 -0.205933 1.035034 -0.087891 0.028687 -0.195190
0.248169 -0.205933 1.048706 -0.097656 0.024292 -0.223633
0.239502 -0.230103 1.045532 -0.124390 0.044922 -0.244873
0.210938 -0.244507 1.040527 -0.140381 0.063843 -0.266235
0.189819 -0.278687 1.001709 -0.153442 0.074219 -0.279053
0.168091 -0.305176 0.986572 -0.146729 0.075317 -0.287109
0.166138 -0.319458 1.002563 -0.121826 0.073486 -0.292725
0.171997 -0.310669 1.023438 -0.114258 0.075806 -0.305176
0.150146 -0.318237 1.010132 -0.124756 0.095947 -0.323120
0.121094 -0.331909 0.987305 -0.128906 0.119263 -0.336426
0.091187 -0.336792 0.948364 -0.139404 0.125244 -0.339966
0.062500 -0.344238 0.925415 -0.119141 0.115967 -0.335449
0.052979 -0.338013 0.922363 -0.084839 0.094360 -0.335693
0.038696 -0.332031 0.924072 -0.078979 0.071167 -0.331055
0.033813 -0.313599 0.942627 -0.079712 0.057007 -0.322388
0.031128 -0.304810 0.950684 -0.099365 0.052246 -0.314819
0.017578 -0.306641 0.948486 -0.116333 0.055298 -0.311646
0.000732 -0.309448 0.945190 -0.120117 0.055786 -0.313843
-0.016968 -0.317505 0.958496 -0.121460 0.055176 -0.314697
-0.022949 -0.326782 0.978394 -0.136841 0.052002 -0.314331
-0.035400 -0.344238 0.973389 -0.149170 0.053833 -0.309448
-0.044067 -0.336548 1.016968 -0.116089 0.058838 -0.305664
-0.060791 -0.337524 1.007690 -0.154175 0.053101 -0.290161
-0.073730 -0.350342 1.013184 -0.159424 0.046753 -0.274658
-0.093140 -0.358276 1.006348 -0.163452 0.036255 -0.254395
-0.104858 -0.360840 1.016113 -0.154175 0.028564 -0.231201
-0.110474 -0.360840 1.028687 -0.132690 0.019287 -0.206665
-0.106445 -0.359741 1.050537 -0.112305 0.010620 -0.189087
-0.097778 -0.363647 1.067017 -0.101929 0.005127 -0.175049
-0.096436 -0.367310 1.084595 -0.093018 0.003906 -0.160278
-0.094238 -0.372192 1.074829 -0.090332 0.002930 -0.142090
-0.093384 -0.379639 1.079224 -0.092041 0.005371 -0.123413
-0.080688 -0.373413 1.087891 -0.056519 0.008057 -0.111206
-0.074707 -0.369751 1.076294 -0.052612 -0.002563 -0.093628
-0.071167 -0.359497 1.074707 -0.018921 -0.010376 -0.073608
-0.062500 -0.355957 1.078979 0.004761 -0.013794 -0.053101
-0.040039 -0.333984 1.089844 0.032471 -0.020630 -0.033569
-0.022583 -0.318726 1.102417 0.038330 -0.019165 -0.004395
-0.006348 -0.292603 1.099731 0.031006 -0.008179 0.020630
-0.004517 -0.278076 1.090088 0.000366 0.007568 0.040039
-0.011841 -0.262573 1.060547 -0.003296 0.010986 0.047485
-0.003052 -0.242554 1.053711 0.029785 -0.001953 0.031982
0.012573 -0.227783 1.056885 0.074097 -0.027710 0.007080
0.029541 -0.216919 1.071899 0.101196 -0.047852 -0.014160
0.046509 -0.201538 1.085083 0.121094 -0.060791 -0.026001
0.065063 -0.184570 1.098022 0.114502 -0.062988 -0.030396
0.072144 -0.176514 1.091675 0.107788 -0.057007 -0.036011
0.075439 -0.174072 1.082397 0.104492 -0.051392 -0.041504
0.081421 -0.164551 1.083130 0.091187 -0.048950 -0.045166
0.078247 -0.174805 1.082275 0.073242 -0.041016 -0.039917
0.077148 -0.189697 1.078003 0.076172 -0.034668 -0.037842
0.076172 -0.198853 1.074097 0.090698 -0.036255 -0.042358
0.084961 -0.194946 1.069458 0.100952 -0.037842 -0.044189
0.074341 -0.193481 1.056030 0.106445 -0.038330 -0.053955
0.070679 -0.197021 1.041382 0.121704 -0.039551 -0.064575
0.065674 -0.220825 1.030273 0.126099 -0.040161 -0.070557
0.067017 -0.216309 1.031494 0.113037 -0.042603 -0.074585
0.067261 -0.230835 1.023315 0.094727 -0.046021 -0.072998
0.069824 -0.244507 1.036499 0.084717 -0.045654 -0.077271
0.062744 -0.259766 1.026489 0.078247 -0.040894 -0.083984
0.050049 -0.281982 1.014893 0.082764 -0.034302 -0.074463
0.047607 -0.298096 1.024536 0.071533 -0.028931 -0.054932
0.046143 -0.302979 1.024780 0.034546 -0.019165 -0.022339
0.036865 -0.298096 1.004150 0.014526 -0.003540 0.011230
0.014526 -0.333008 0.943848 0.018188 -0.004639 0.032349
-0.010498 -0.338745 0.914917 0.064209 -0.057007 0.011597
0.016113 -0.346313 0.932129 0.156860 -0.131104 -0.014648
0.068848 -0.319458 0.973267 0.263550 -0.191040 -0.054077
