0.112305 -0.219604 1.033203 -0.007935 -0.011597 -0.022339
0.108032 -0.219727 1.032349 -0.014771 -0.012207 -0.034180
0.101196 -0.227783 1.021973 -0.010864 -0.011963 -0.038452
0.102295 -0.221313 1.021118 -0.010254 -0.015503 -0.034912
0.103027 -0.215698 1.020752 -0.017334 -0.015625 -0.029541
0.105347 -0.208252 1.014771 -0.022339 -0.017090 -0.027100
0.108765 -0.203003 1.014160 -0.020752 -0.018677 -0.035278
0.106445 -0.202271 1.015259 -0.016479 -0.020264 -0.048584
0.105591 -0.211060 1.014160 -0.019897 -0.020874 -0.057861
0.104858 -0.229980 1.020508 -0.021362 -0.018921 -0.062866
0.098389 -0.245361 1.017944 -0.022705 -0.016113 -0.064087
0.096191 -0.256836 1.020142 -0.018433 -0.013916 -0.063110
0.093506 -0.279297 1.027466 -0.014771 -0.013184 -0.055786
0.087891 -0.300903 1.021484 -0.017822 -0.013062 -0.046997
0.078369 -0.307251 1.018311 -0.018433 -0.011597 -0.036133
0.074951 -0.310547 1.008911 -0.031494 -0.014893 -0.021851
0.069946 -0.330322 1.009644 -0.040161 -0.022095 -0.015625
0.065063 -0.357056 1.012085 -0.029175 -0.030029 -0.019897
0.058472 -0.357788 1.001099 -0.011841 -0.039063 -0.021118
0.055542 -0.364624 0.989868 0.002808 -0.047485 -0.012939
0.060425 -0.365601 0.994263 0.011963 -0.064697 -0.001465
0.072510 -0.360718 1.007080 0.024292 -0.084229 0.003540
0.088135 -0.361450 1.024780 0.029663 -0.098633 0.007446
0.113770 -0.354980 1.049194 0.039551 -0.104126 0.011841
0.120972 -0.370972 1.066284 0.034668 -0.094360 0.020020
0.117432 -0.372559 1.063965 0.021851 -0.072876 0.036133
0.112183 -0.398193 1.050415 0.015991 -0.045166 0.061646
0.107178 -0.404907 1.038696 0.009033 -0.036011 0.074829
0.101196 -0.441284 1.032349 -0.002930 -0.035278 0.090088
0.088867 -0.478760 1.035156 -0.004883 -0.039917 0.102661
0.073364 -0.492432 1.011353 -0.002075 -0.049805 0.123535
0.050903 -0.500244 0.991211 0.010498 -0.070313 0.143066
0.053223 -0.494629 0.992676 0.036377 -0.105347 0.154175
0.067871 -0.478760 1.011475 0.084106 -0.142456 0.151123
0.079590 -0.462769 1.018066 0.124268 -0.164795 0.143799
0.089966 -0.456787 1.023560 0.159668 -0.173584 0.130981
0.081665 -0.467529 1.000854 0.161133 -0.175415 0.122925
0.071045 -0.467773 0.986816 0.158936 -0.182739 0.127930
0.087524 -0.440186 0.983398 0.156494 -0.190063 0.140991
0.119507 -0.427734 1.037598 0.107056 -0.163940 0.188232
0.130005 -0.405518 1.051270 0.012329 -0.090210 0.262085
0.106812 -0.383667 0.999756 -0.091187 -0.012451 0.339233
0.061768 -0.354248 0.909790 -0.144775 0.020874 0.381348
0.041016 -0.294434 0.861328 -0.120239 -0.010620 0.377197
0.045044 -0.267334 0.857300 -0.066528 -0.088623 0.340454
0.059570 -0.234741 0.883789 -0.001465 -0.180420 0.293701
0.104004 -0.168091 0.926880 0.062500 -0.264160 0.248291
0.146973 -0.111450 0.985962 0.098877 -0.280518 0.215698
0.167480 -0.072021 1.008789 0.080811 -0.255859 0.201782
0.188110 -0.043701 1.011108 0.032959 -0.215820 0.208740
0.194946 -0.006714 1.012695 -0.009277 -0.154541 0.232910
0.206421 0.046753 1.010620 -0.056396 -0.110718 0.259521
0.212036 0.098022 0.988037 -0.081421 -0.078125 0.260742
0.215088 0.138184 0.975586 -0.082275 -0.066284 0.236084
0.231934 0.140991 0.999878 -0.077515 -0.073242 0.193726
0.260132 0.146606 1.049561 -0.065552 -0.078125 0.148560
0.283691 0.148804 1.084961 -0.075806 -0.069336 0.110596
0.302368 0.173828 1.112305 -0.101563 -0.045654 0.088623
0.323120 0.186768 1.116089 -0.125977 -0.012939 0.069458
0.349365 0.197388 1.125122 -0.140625 0.011108 0.036377
0.373657 0.176880 1.134155 -0.138428 0.034058 -0.003784
0.381592 0.176147 1.130859 -0.130249 0.060181 -0.038818
0.376953 0.180176 1.109253 -0.129883 0.078003 -0.079712
0.371704 0.165527 1.096313 -0.117432 0.086792 -0.141113
0.370605 0.134277 1.091919 -0.099731 0.087524 -0.215332
0.366943 0.091431 1.097168 -0.091553 0.093628 -0.279663
0.350708 0.020020 1.083618 -0.096436 0.116699 -0.321655
0.323730 -0.037964 1.058350 -0.102783 0.138062 -0.349976
0.288940 -0.096680 1.016357 -0.100220 0.147217 -0.369873
0.264893 -0.151978 1.004028 -0.074829 0.136108 -0.393921
0.251953 -0.194214 1.004028 -0.045532 0.118530 -0.407959
0.242798 -0.225464 1.017822 -0.043091 0.102051 -0.415649
0.237671 -0.239258 1.012817 -0.044067 0.096558 -0.420532
0.230469 -0.250244 1.009888 -0.043823 0.097412 -0.421387
0.216187 -0.250732 0.998657 -0.037598 0.100098 -0.421143
0.209595 -0.260254 1.007813 -0.040405 0.100098 -0.417969
0.210205 -0.288574 1.029907 -0.078735 0.114258 -0.409790
0.184814 -0.352661 1.017700 -0.136353 0.143799 -0.402466
0.135742 -0.410034 0.977417 -0.165649 0.158081 -0.389771
0.079102 -0.444702 0.914063 -0.143066 0.138184 -0.389648
0.042725 -0.471191 0.885620 -0.064209 0.083984 -0.400269
0.037964 -0.492798 0.924927 -0.002930 0.019287 -0.398315
0.042847 -0.516357 0.959595 0.019531 -0.016357 -0.373291
0.033691 -0.538696 0.969849 0.000244 -0.025391 -0.330811
0.022461 -0.526978 0.962524 -0.047729 -0.034058 -0.274902
0.012207 -0.526489 0.945435 -0.074219 -0.048096 -0.231323
0.022339 -0.481689 0.966919 -0.083984 -0.072021 -0.210327
0.026855 -0.472412 0.962158 -0.098511 -0.086548 -0.202393
0.018799 -0.473511 0.953369 -0.093018 -0.102539 -0.205933
0.006470 -0.479736 0.942383 -0.072388 -0.124634 -0.220459
0.002319 -0.495239 0.938232 -0.039185 -0.152344 -0.226807
0.006592 -0.519775 0.956421 -0.001221 -0.180664 -0.224365
0.023804 -0.531250 0.996338 0.020386 -0.194824 -0.189209
0.037476 -0.518066 1.040405 0.004761 -0.183472 -0.125732
0.051514 -0.500000 1.050293 -0.065796 -0.144165 -0.059937
0.043579 -0.494385 1.025024 -0.165649 -0.101196 0.004517
0.013428 -0.499146 0.984253 -0.285645 -0.095337 0.051025
-0.002441 -0.491577 0.969727 -0.342896 -0.130615 0.081787
-0.006226 -0.448242 0.939941 -0.311890 -0.195068 0.088379
0.022583 -0.424072 0.988281 -0.197144 -0.234863 0.079712
0.031860 -0.425537 1.030273 -0.143066 -0.266846 0.068481
0.037842 -0.414795 1.046509 -0.087402 -0.278442 0.078003
0.036255 -0.397827 1.053955 -0.060059 -0.273926 0.102539
0.019287 -0.409058 1.047485 -0.070435 -0.255615 0.136597
0.001953 -0.401611 1.062866 -0.091797 -0.229004 0.179199
-0.020752 -0.398682 1.067139 -0.128906 -0.192627 0.239014
-0.050171 -0.402588 1.051636 -0.155518 -0.158447 0.294922
-0.083862 -0.407959 1.028320 -0.142456 -0.137207 0.342529
-0.091919 -0.401001 1.014404 -0.097900 -0.152710 0.368408
-0.076538 -0.387451 1.039795 -0.030273 -0.191284 0.380127
-0.037842 -0.368774 1.097412 0.039063 -0.225586 0.390503
0.020386 -0.329712 1.176025 0.088257 -0.230347 0.404785
0.072632 -0.285767 1.233521 0.077515 -0.185913 0.443115
0.098755 -0.255737 1.267456 0.005493 -0.105347 0.496948
0.097412 -0.201538 1.226196 -0.048706 -0.010376 0.533569
0.077759 -0.188354 1.159912 -0.077759 0.078979 0.554199
0.063354 -0.175293 1.093628 -0.078491 0.119873 0.556519
0.070068 -0.181519 1.066406 -0.065674 0.124390 0.560547
0.102539 -0.166382 1.068359 -0.024292 0.126099 0.546997
0.150513 -0.130249 1.084839 0.066772 0.145020 0.539917
0.215942 -0.064575 1.098022 0.142334 0.088867 0.513916
0.284302 -0.026611 1.152100 0.205933 0.091309 0.479858
0.348633 -0.005615 1.152588 0.259766 0.096680 0.442261
0.407227 0.003540 1.167114 0.297729 0.092407 0.395752
0.461792 0.037109 1.204834 0.319702 0.110840 0.359741
0.489136 0.079224 1.205444 0.274292 0.141235 0.322754
0.496460 0.116577 1.194946 0.206177 0.168823 0.264404
0.491577 0.121704 1.175049 0.153442 0.195801 0.196777
0.479248 0.105103 1.139282 0.129639 0.228516 0.122559
0.458374 0.094727 1.084717 0.098755 0.246826 0.057861
0.433960 0.074585 1.016968 0.057617 0.254028 0.002686
0.393555 0.019653 0.985718 0.018433 0.257935 -0.036621
0.350342 -0.068359 0.945679 -0.005737 0.264771 -0.059448
0.312134 -0.103882 0.934692 -0.005859 0.261719 -0.096436
0.271118 -0.107910 0.919434 -0.003418 0.238403 -0.132935
0.227661 -0.116943 0.913574 0.031250 0.216187 -0.187622
0.201904 -0.126099 0.922363 0.076416 0.177734 -0.236450
0.180054 -0.142700 0.954468 0.093628 0.158691 -0.263550
0.166870 -0.143555 0.966553 0.072388 0.153931 -0.266113
0.144409 -0.153320 0.971558 0.025757 0.156982 -0.252197
0.129395 -0.164917 0.983032 -0.011963 0.166382 -0.240723
0.128296 -0.143799 1.002075 -0.028564 0.156616 -0.249512
0.110840 -0.125488 1.013794 -0.015747 0.135742 -0.294800
0.074829 -0.133301 1.005127 0.040527 0.109375 -0.359131
0.036987 -0.185181 1.008423 0.110596 0.074829 -0.416626
0.028320 -0.221191 1.057617 0.175903 0.044434 -0.446533
0.027222 -0.247070 1.086426 0.195679 0.047485 -0.434204
0.008667 -0.299805 1.080566 0.157471 0.088989 -0.384888
-0.010498 -0.308716 1.066284 0.105957 0.130493 -0.313843
-0.030273 -0.294312 1.009277 0.027588 0.161011 -0.234131
