-0.006592 -0.295166 1.046509 0.812012 -0.369507 -0.297729
-0.046509 -0.296021 0.993164 0.574219 -0.261597 -0.263916
-0.093140 -0.304688 0.939697 0.311401 -0.184448 -0.209229
-0.098145 -0.330444 0.933716 0.112671 -0.148560 -0.144043
-0.103149 -0.354004 0.943604 0.007813 -0.147461 -0.099976
-0.071167 -0.346680 0.967285 -0.001221 -0.169189 -0.093994
-0.046265 -0.335205 0.981934 0.018311 -0.204468 -0.132935
-0.012817 -0.302368 0.988647 0.098999 -0.243652 -0.203857
0.028809 -0.256348 1.024658 0.187500 -0.263550 -0.276611
0.007080 -0.322021 1.007568 0.214478 -0.256714 -0.327148
0.027832 -0.301636 1.034424 0.261963 -0.255981 -0.342651
0.029785 -0.294556 1.003174 0.247192 -0.227783 -0.322632
0.031006 -0.270630 0.980591 0.148438 -0.199951 -0.296631
0.056396 -0.234497 0.956421 0.024780 -0.172363 -0.264526
0.057495 -0.284790 0.945435 -0.094360 -0.148071 -0.252808
0.092285 -0.285645 0.966797 -0.099976 -0.148804 -0.266724
0.100098 -0.338135 0.968262 -0.022339 -0.153687 -0.305054
0.104858 -0.389526 0.968018 0.079224 -0.173218 -0.361938
0.097046 -0.460205 0.965088 0.188965 -0.178467 -0.390015
0.071777 -0.510864 0.942993 0.245972 -0.174194 -0.376221
0.074219 -0.502441 0.935791 0.222656 -0.155762 -0.325195
0.038574 -0.551514 0.901001 0.118530 -0.120239 -0.249390
0.034058 -0.583008 0.890137 0.055420 -0.107178 -0.183838
0.035645 -0.611938 0.914185 0.000488 -0.115112 -0.154785
0.049561 -0.643799 0.941162 -0.046021 -0.135742 -0.140137
0.068604 -0.640991 0.967651 -0.050415 -0.141357 -0.129395
0.077026 -0.659180 0.978882 -0.025146 -0.131470 -0.125244
0.074463 -0.671875 0.980835 0.009766 -0.116699 -0.125244
0.047363 -0.703003 0.959106 0.060425 -0.104126 -0.114746
0.020874 -0.717163 0.932983 0.060303 -0.098999 -0.080811
0.020996 -0.721924 0.932983 0.067871 -0.099854 -0.026123
0.017944 -0.694824 0.942261 0.059570 -0.093018 0.030273
0.022827 -0.657715 0.912842 0.033813 -0.077881 0.095825
0.041260 -0.600708 0.905029 -0.007935 -0.083740 0.132324
0.061157 -0.567383 0.926514 -0.026733 -0.097778 0.146484
0.084351 -0.516235 0.955566 -0.016235 -0.110107 0.134155
0.078979 -0.514160 0.981567 0.000488 -0.107910 0.124634
0.063110 -0.477783 0.965942 -0.014648 -0.089844 0.128052
0.024658 -0.487427 0.932617 -0.059326 -0.072876 0.146606
0.006470 -0.510254 0.942261 -0.076904 -0.075317 0.182617
0.003784 -0.525024 0.975830 -0.124146 -0.084717 0.225342
0.008423 -0.517456 1.002197 -0.164673 -0.079834 0.277344
0.019043 -0.506836 1.023682 -0.178223 -0.065186 0.341187
0.012207 -0.492065 1.005127 -0.217773 -0.053833 0.390381
0.006836 -0.472412 0.979858 -0.230591 -0.062866 0.427124
0.009766 -0.448853 0.965576 -0.189087 -0.092163 0.448730
0.043213 -0.399292 0.975220 -0.133423 -0.131836 0.455688
0.086792 -0.354004 1.015503 -0.090088 -0.150024 0.451538
0.097046 -0.336060 1.010620 -0.065186 -0.131958 0.446045
0.077637 -0.320557 0.972778 -0.060913 -0.114868 0.428589
0.065796 -0.316406 0.960571 -0.040283 -0.116699 0.426758
0.089722 -0.279663 0.978394 -0.022583 -0.136353 0.428223
0.127686 -0.247559 1.022095 -0.024536 -0.146362 0.429199
0.163208 -0.219604 1.064819 -0.050049 -0.139038 0.425415
0.171509 -0.187500 1.073242 -0.083862 -0.113647 0.407471
0.171021 -0.155762 1.054810 -0.071655 -0.089111 0.382446
0.191406 -0.119873 1.047119 -0.052246 -0.075073 0.359619
0.207153 -0.095703 1.066406 -0.078857 -0.054321 0.338013
0.216797 -0.067627 1.067017 -0.122437 -0.015747 0.320435
0.204102 -0.063721 1.038574 -0.165527 0.023926 0.299927
0.195923 -0.056030 1.034668 -0.171631 0.039307 0.267090
0.191284 -0.052490 1.037109 -0.150635 0.035278 0.224243
0.195557 -0.060791 1.054077 -0.096802 0.019165 0.169189
0.223145 -0.041992 1.083374 -0.044678 0.004517 0.111816
0.234131 -0.044678 1.082031 -0.023071 0.007813 0.062012
0.234863 -0.037109 1.072388 -0.011719 0.012939 0.015381
0.239990 -0.045288 1.072510 0.000732 0.015137 -0.027954
0.261353 -0.022583 1.085571 0.031006 0.018677 -0.087891
0.263428 -0.030884 1.076660 0.059448 0.029541 -0.152466
0.255005 -0.064209 1.067993 0.064819 0.033447 -0.216187
0.254028 -0.077393 1.045776 0.063965 0.029663 -0.267944
0.256104 -0.093994 1.040283 0.056274 0.031372 -0.301758
0.263306 -0.110229 1.019531 0.026733 0.039673 -0.319458
0.269287 -0.119751 1.008301 -0.033325 0.046265 -0.342407
0.275024 -0.139648 1.006836 -0.097656 0.056274 -0.365479
0.267212 -0.183105 0.995361 -0.148804 0.073975 -0.390137
0.256836 -0.226563 0.987183 -0.178467 0.090454 -0.420654
0.232544 -0.289063 0.974854 -0.192261 0.111450 -0.456787
0.196655 -0.362671 0.928711 -0.193848 0.123657 -0.488647
0.170166 -0.421265 0.887695 -0.151001 0.115234 -0.512695
0.145264 -0.451050 0.866333 -0.104126 0.088867 -0.527954
0.128784 -0.478149 0.843994 -0.053955 0.053345 -0.519775
0.159546 -0.479614 0.869019 -0.006958 0.016968 -0.503296
0.198364 -0.454956 0.916504 -0.000366 0.003662 -0.490967
0.196167 -0.442993 0.907104 -0.032837 0.032104 -0.480103
0.177612 -0.441772 0.897339 -0.063721 0.066162 -0.476685
0.127808 -0.481445 0.867310 -0.088501 0.106934 -0.475586
0.083862 -0.516602 0.852661 -0.141724 0.135132 -0.465332
0.038818 -0.556519 0.813110 -0.186646 0.145264 -0.433228
0.001953 -0.582520 0.796997 -0.188965 0.136963 -0.387207
-0.004150 -0.594971 0.804932 -0.159058 0.101929 -0.348511
-0.003052 -0.592163 0.831055 -0.149170 0.065186 -0.339722
-0.012573 -0.597534 0.854126 -0.126953 0.035034 -0.346436
-0.007690 -0.584229 0.872437 -0.119141 0.008057 -0.341553
-0.003052 -0.569946 0.895020 -0.139404 -0.007202 -0.316650
0.035156 -0.554077 0.971069 -0.191772 -0.018677 -0.284912
0.029907 -0.571289 0.970825 -0.292847 -0.003296 -0.251221
0.024536 -0.561157 0.966553 -0.292114 0.026855 -0.224365
0.019653 -0.559082 0.956787 -0.356689 0.037842 -0.203125
-0.002686 -0.566406 0.955811 -0.380127 0.053833 -0.187256
-0.030029 -0.580444 0.929565 -0.338135 0.078125 -0.168335
-0.032227 -0.563843 0.903809 -0.287598 0.081665 -0.160889
-0.040771 -0.576294 0.900024 -0.244507 0.045532 -0.162231
-0.048950 -0.593262 0.897583 -0.189575 0.006836 -0.167358
-0.044189 -0.592773 0.917603 -0.145996 -0.036499 -0.168213
-0.036987 -0.607056 0.955811 -0.132324 -0.068726 -0.161255
-0.041260 -0.628418 0.980225 -0.137695 -0.072876 -0.150513
-0.042725 -0.635132 1.010254 -0.111450 -0.068481 -0.130737
-0.054565 -0.653809 1.006470 -0.132690 -0.066528 -0.090698
-0.072510 -0.647217 1.006104 -0.161255 -0.069214 -0.048828
-0.075317 -0.619385 0.994507 -0.206665 -0.069336 -0.007080
-0.069458 -0.596436 0.961792 -0.246826 -0.075684 0.028442
-0.084961 -0.572388 0.948364 -0.220459 -0.033569 0.059937
-0.083496 -0.584106 0.925903 -0.137451 -0.129272 0.085083
-0.069580 -0.565674 0.962402 -0.111816 -0.102905 0.109253
-0.061523 -0.523926 0.953125 -0.153442 -0.138672 0.146729
-0.070557 -0.552002 0.943604 -0.188965 -0.123413 0.190796
-0.074829 -0.542114 0.944092 -0.240112 -0.130127 0.222534
-0.080933 -0.552368 0.945435 -0.237183 -0.116821 0.265259
-0.057983 -0.551270 0.988159 -0.175171 -0.141479 0.307739
-0.025024 -0.532227 1.029419 -0.098511 -0.207397 0.332642
0.003296 -0.521729 1.079224 -0.017700 -0.186768 0.357178
0.035278 -0.484985 1.116699 0.019775 -0.164307 0.382690
0.056274 -0.461914 1.138184 -0.016357 -0.120361 0.410767
0.048462 -0.436646 1.126953 -0.052979 -0.061401 0.430542
0.027100 -0.435913 1.072998 -0.113159 0.011963 0.450928
0.013672 -0.418091 1.071289 -0.114014 0.059326 0.452515
0.010376 -0.438843 1.067871 -0.087769 0.099731 0.467773
0.014404 -0.419312 1.076538 -0.056274 0.121216 0.477783
0.013428 -0.446777 1.087891 -0.009155 0.139526 0.493652
0.017822 -0.455933 1.117676 0.051025 0.152832 0.508179
0.009033 -0.475708 1.126587 0.109741 0.170410 0.524048
-0.007080 -0.482666 1.112061 0.166138 0.191650 0.544434
-0.005127 -0.468506 1.076050 0.206787 0.204224 0.568848
0.015381 -0.421997 1.053467 0.236450 0.208008 0.580444
0.025757 -0.399658 1.025024 0.248901 0.229492 0.586060
0.032471 -0.382324 0.997559 0.254761 0.251587 0.578369
0.028931 -0.378418 0.993286 0.215698 0.260620 0.554077
0.018433 -0.381958 0.970337 0.175903 0.260376 0.534912
0.017090 -0.353271 0.965576 0.169678 0.250122 0.511841
0.025024 -0.334106 0.984131 0.166992 0.230225 0.484497
0.045532 -0.295654 0.989136 0.154785 0.203003 0.448242
0.056641 -0.274414 1.024780 0.161377 0.178467 0.408813
0.076294 -0.238892 1.068848 0.183350 0.163574 0.383789
0.099854 -0.220459 1.103027 0.199219 0.176270 0.370117
0.102417 -0.202026 1.095581 0.190674 0.201660 0.348877
0.096558 -0.186279 1.082764 0.171753 0.205322 0.324097
0.078491 -0.198364 1.095825 0.186523 0.200562 0.302612
0.076660 -0.205078 1.110229 0.235352 0.185791 0.284058
0.077881 -0.180908 1.113281 0.281860 0.158936 0.262329
