-0.000122 -0.327026 1.003784 0.010620 -0.021973 -0.095215
0.000122 -0.312256 1.008789 0.017090 -0.023315 -0.094971
-0.003418 -0.322510 0.997803 0.020508 -0.020874 -0.088013
-0.003662 -0.318237 0.989258 0.019165 -0.028076 -0.090454
-0.000732 -0.316772 0.982910 0.023682 -0.040039 -0.094849
0.004028 -0.306030 0.978638 0.036133 -0.053711 -0.101563
0.000977 -0.303955 0.981567 0.053955 -0.069214 -0.100586
0.015991 -0.298218 0.995850 0.061279 -0.074707 -0.090820
0.022095 -0.296753 0.993652 0.035522 -0.060791 -0.079468
0.022095 -0.299683 0.986938 -0.011963 -0.037354 -0.070801
0.023438 -0.297363 0.971313 -0.038330 -0.020996 -0.074585
0.028931 -0.288208 0.964966 -0.014038 -0.020630 -0.088501
0.028931 -0.295288 0.958618 0.007202 -0.035767 -0.105591
0.026855 -0.310425 0.962036 0.011353 -0.047729 -0.114136
0.028076 -0.316284 0.959717 0.008423 -0.048828 -0.116577
0.034058 -0.323608 0.967285 -0.005859 -0.045776 -0.119873
0.043335 -0.338379 0.964478 -0.027588 -0.034912 -0.121704
0.040894 -0.344727 0.947632 -0.047607 -0.022583 -0.120239
0.034180 -0.382446 0.927124 -0.058472 -0.019897 -0.112671
0.026611 -0.397583 0.917114 -0.059570 -0.032104 -0.113892
0.019409 -0.420898 0.918579 -0.061523 -0.055542 -0.114746
0.016357 -0.424805 0.916504 -0.047119 -0.084717 -0.121094
0.017578 -0.432983 0.916016 -0.024048 -0.116089 -0.130371
0.030640 -0.428223 0.922974 0.000366 -0.149414 -0.135986
0.059570 -0.432129 0.946655 0.002319 -0.167358 -0.130249
0.105225 -0.457764 0.970825 -0.030762 -0.148804 -0.109009
0.112915 -0.516357 1.029785 -0.117920 -0.102051 -0.094727
0.077393 -0.592896 0.993530 -0.233521 -0.038940 -0.087036
0.005249 -0.708984 0.950073 -0.283447 -0.009644 -0.071167
-0.035278 -0.771851 0.926270 -0.240479 -0.033081 -0.060181
-0.055542 -0.817383 0.932495 -0.138672 -0.091919 -0.036255
-0.054688 -0.833008 0.951660 -0.002319 -0.156250 -0.004883
-0.056396 -0.808228 0.964355 0.110229 -0.208862 0.024536
-0.057495 -0.785645 0.980591 0.198486 -0.238525 0.067993
-0.023682 -0.691040 0.989990 0.287720 -0.241089 0.119751
-0.010010 -0.605225 0.990723 0.171997 -0.201782 0.201538
-0.023193 -0.557861 0.962891 -0.021362 -0.130859 0.296753
-0.039307 -0.509033 0.915283 -0.181152 -0.071167 0.380737
-0.050659 -0.482056 0.866821 -0.288818 -0.050537 0.431274
-0.054077 -0.430420 0.840942 -0.228394 -0.061523 0.429199
-0.039429 -0.406738 0.871460 -0.160400 -0.096069 0.411377
-0.038086 -0.387329 0.902100 -0.144775 -0.127930 0.383423
-0.040894 -0.372925 0.908569 -0.146362 -0.144531 0.376953
-0.033081 -0.336548 0.918701 -0.107178 -0.160278 0.377563
0.008667 -0.302734 0.991211 -0.058472 -0.182129 0.383789
0.000977 -0.249634 0.962036 -0.004150 -0.190430 0.381348
0.043335 -0.170776 1.031372 0.012573 -0.178589 0.375732
0.080566 -0.115112 1.058228 -0.067749 -0.158569 0.378662
0.094604 -0.079956 1.094360 -0.100708 -0.121338 0.374146
0.118530 -0.043213 1.105713 -0.112305 -0.092896 0.366455
0.138794 -0.032959 1.134399 -0.123779 -0.074463 0.340210
0.160034 -0.004761 1.148682 -0.104736 -0.057495 0.306885
0.184570 0.026733 1.149536 -0.076904 -0.044067 0.269897
0.195557 0.059814 1.132568 -0.063354 -0.039307 0.223389
0.212402 0.066650 1.153076 -0.043945 -0.050659 0.169678
0.234375 0.056030 1.165405 0.000732 -0.068726 0.119751
0.251831 0.060913 1.177490 0.059814 -0.073975 0.063965
0.267334 0.056885 1.182007 0.093384 -0.065674 0.017578
0.292603 0.084595 1.161133 0.102295 -0.044434 -0.025757
0.308838 0.082031 1.147949 0.067017 -0.020020 -0.066040
0.307129 0.046265 1.142822 0.008057 0.012085 -0.119019
0.292725 0.001465 1.123901 -0.053345 0.046509 -0.175171
0.279663 -0.026489 1.095337 -0.109375 0.076416 -0.229736
0.264404 -0.071899 1.056152 -0.148438 0.100464 -0.275269
0.246826 -0.131958 1.028687 -0.159424 0.113647 -0.312866
0.239014 -0.182983 1.052612 -0.170898 0.118042 -0.342651
0.179199 -0.277222 0.956177 -0.232788 0.110962 -0.351440
0.170776 -0.300415 0.933228 -0.249268 0.095703 -0.370972
0.171509 -0.317627 0.921753 -0.218384 0.078125 -0.387573
0.167358 -0.347168 0.921509 -0.175537 0.076050 -0.398682
0.170776 -0.368286 0.918823 -0.131226 0.071533 -0.421997
0.166016 -0.387207 0.914673 -0.116089 0.063965 -0.455811
0.156372 -0.427002 0.915771 -0.091309 0.064575 -0.474854
0.143677 -0.449341 0.927979 -0.051514 0.067993 -0.481201
0.134888 -0.477051 0.909790 -0.041870 0.076904 -0.477295
0.123413 -0.478394 0.887817 -0.047729 0.088013 -0.477417
0.113770 -0.474854 0.862671 -0.050659 0.090454 -0.474121
0.091553 -0.542725 0.846924 -0.156616 0.076416 -0.425903
0.079468 -0.486572 0.836304 -0.132935 0.066528 -0.421875
0.099487 -0.493408 0.874023 0.011230 0.063965 -0.401611
0.088623 -0.489624 0.873047 -0.004761 0.061035 -0.382813
0.073120 -0.505859 0.881592 -0.074097 0.058838 -0.371216
0.067383 -0.508911 0.869385 -0.137329 0.058472 -0.359131
0.069336 -0.508423 0.879150 -0.139771 0.056396 -0.348633
0.074707 -0.529663 0.927490 -0.156494 0.051025 -0.357666
0.066162 -0.544556 0.953003 -0.172485 0.052856 -0.371704
0.049805 -0.568481 0.963745 -0.181519 0.068848 -0.376831
0.014404 -0.601685 0.952515 -0.229614 0.080933 -0.366821
-0.009644 -0.619995 0.945435 -0.269897 0.087646 -0.336426
-0.024780 -0.623657 0.942261 -0.265503 0.098511 -0.302734
-0.037354 -0.621338 0.925659 -0.228882 0.100098 -0.273560
-0.043701 -0.614380 0.920898 -0.201172 0.084229 -0.259766
-0.058716 -0.606201 0.897339 -0.190308 0.066528 -0.244141
-0.069214 -0.624023 0.900024 -0.176270 0.045654 -0.217163
-0.071899 -0.604370 0.897217 -0.192383 0.021729 -0.191772
-0.073364 -0.609375 0.881592 -0.206055 0.000122 -0.151001
-0.068848 -0.578979 0.864868 -0.214233 -0.031128 -0.130981
-0.051636 -0.570435 0.890991 -0.251953 -0.056763 -0.118896
-0.064697 -0.598755 0.913818 -0.279541 -0.083496 -0.111694
-0.054077 -0.624756 0.958862 -0.293091 -0.112427 -0.090332
-0.044556 -0.657959 1.053833 -0.285156 -0.143066 -0.074951
-0.036865 -0.687500 1.103027 -0.248291 -0.151367 -0.061523
-0.026855 -0.709717 1.150269 -0.143188 -0.189819 -0.058472
-0.009277 -0.695068 1.182251 -0.010498 -0.191650 -0.042603
-0.016968 -0.650513 1.131348 0.069336 -0.161743 -0.004028
-0.041870 -0.600952 1.039429 0.067993 -0.110352 0.057373
-0.078613 -0.572266 0.945679 -0.036865 -0.088745 0.099731
-0.108398 -0.556519 0.915283 -0.142944 -0.107544 0.115601
-0.129150 -0.572876 0.931152 -0.155640 -0.166992 0.128296
-0.123657 -0.558960 0.969482 -0.089844 -0.220093 0.151855
-0.095947 -0.536255 0.987671 0.015503 -0.260132 0.194214
-0.058350 -0.501953 1.021729 0.081787 -0.285034 0.226929
-0.020142 -0.457764 1.046631 0.116577 -0.300537 0.260864
0.015747 -0.433228 1.069580 0.151611 -0.290039 0.295044
0.046997 -0.391602 1.073364 0.148193 -0.245605 0.324707
0.040039 -0.381348 1.045166 0.076050 -0.184937 0.366577
0.013672 -0.388306 1.009155 -0.010376 -0.116699 0.414063
-0.004883 -0.378174 0.968506 -0.049194 -0.076538 0.447632
-0.008667 -0.379883 0.951904 -0.020508 -0.064331 0.479370
0.001465 -0.377441 0.927002 -0.002319 -0.072388 0.498901
0.028442 -0.349365 0.949585 0.015869 -0.069580 0.498047
0.035034 -0.341064 0.956421 -0.007080 -0.038208 0.494995
0.034546 -0.337402 0.934204 -0.028809 0.006958 0.498413
0.030884 -0.327148 0.939453 -0.044922 0.045288 0.496704
0.058105 -0.329956 0.988892 -0.095459 0.089111 0.499146
0.111816 -0.281372 1.041870 -0.161499 0.139526 0.513306
0.151489 -0.302612 1.088257 -0.153809 0.254150 0.525146
0.205688 -0.263550 1.094727 -0.120850 0.381836 0.500854
0.191650 -0.271606 1.044312 -0.059814 0.491455 0.446289
0.154541 -0.256714 0.962280 0.001343 0.573486 0.401733
0.110840 -0.260986 0.859375 0.090942 0.610107 0.368286
0.079590 -0.265015 0.817261 0.151611 0.572021 0.335815
0.075195 -0.274170 0.837036 0.196899 0.488892 0.296753
0.104736 -0.257568 0.947876 0.293091 0.397339 0.262207
0.156372 -0.243164 1.071045 0.372559 0.327271 0.244141
0.181152 -0.198120 1.206787 0.413574 0.277710 0.230835
0.196533 -0.158813 1.242065 0.396851 0.242676 0.235107
0.177490 -0.116943 1.229004 0.309448 0.219238 0.213379
0.135986 -0.112061 1.202637 0.129150 0.180176 0.173706
0.117310 -0.140991 1.159546 -0.031494 0.134399 0.141968
0.104370 -0.166382 1.148071 -0.114624 0.100464 0.097778
0.091919 -0.198730 1.161377 -0.193481 0.065308 0.029663
0.090698 -0.228271 1.160767 -0.241699 0.041626 -0.014404
0.077515 -0.271362 1.161255 -0.245483 0.020630 -0.041992
0.072266 -0.291748 1.174438 -0.210083 -0.001343 -0.064331
0.097656 -0.278564 1.190430 -0.146362 0.000366 -0.086548
0.082886 -0.276855 1.186035 -0.098389 0.016724 -0.095093
0.053345 -0.269897 1.150024 -0.074097 0.047852 -0.095093
0.018311 -0.277710 1.106812 -0.006226 0.068237 -0.106567
-0.005371 -0.269531 1.074463 0.064331 0.086304 -0.138550
