0.002441 -0.263062 1.000488 0.071533 -0.090332 -0.122803
-0.010498 -0.266846 1.014038 0.052612 -0.085815 -0.131592
-0.027344 -0.292480 1.014404 -0.006348 -0.062866 -0.117188
-0.051514 -0.302490 1.002930 -0.061523 -0.040283 -0.097168
-0.071533 -0.330811 0.994629 -0.084595 -0.032715 -0.072754
-0.064209 -0.323608 0.997437 -0.062622 -0.043579 -0.064453
-0.055176 -0.317627 1.013672 -0.018311 -0.062378 -0.067139
-0.054688 -0.309570 1.009644 0.021606 -0.082520 -0.077026
-0.055054 -0.331177 1.014893 0.051880 -0.089966 -0.081543
-0.060791 -0.344238 1.011963 0.043579 -0.086670 -0.086548
-0.057617 -0.359741 1.014648 0.024658 -0.074585 -0.079956
-0.052979 -0.356934 1.006958 0.013062 -0.063965 -0.079834
-0.053833 -0.368408 0.999023 0.028564 -0.060791 -0.075073
-0.052124 -0.376221 0.990601 0.040161 -0.066284 -0.072632
-0.050537 -0.377808 0.986572 0.044067 -0.071289 -0.064087
-0.036743 -0.367676 0.965332 0.046753 -0.070679 -0.051880
-0.028687 -0.361206 0.945679 0.048462 -0.072510 -0.044312
-0.005859 -0.356689 0.938110 0.051147 -0.082397 -0.043213
0.015259 -0.351318 0.932861 0.057251 -0.089355 -0.049438
0.022095 -0.353638 0.911865 0.066040 -0.091187 -0.061035
0.028198 -0.364258 0.898926 0.073486 -0.099243 -0.073975
0.040161 -0.375366 0.911865 0.049805 -0.102173 -0.081665
0.037842 -0.401245 0.917603 0.001343 -0.094360 -0.070190
0.038940 -0.426147 0.913452 -0.034546 -0.089111 -0.057007
0.032715 -0.455811 0.901245 -0.058838 -0.093506 -0.053345
0.019775 -0.478027 0.888428 -0.074951 -0.110596 -0.054321
0.012085 -0.517944 0.890747 -0.074463 -0.143677 -0.050049
0.017090 -0.523560 0.902344 -0.078369 -0.176025 -0.062256
0.019897 -0.548828 0.916870 -0.088623 -0.210815 -0.076782
0.033569 -0.565674 0.964722 -0.067017 -0.236084 -0.085205
0.040894 -0.583008 0.993896 -0.046265 -0.235596 -0.075684
0.036133 -0.596680 0.997192 -0.039429 -0.207764 -0.048584
0.026733 -0.593994 0.993164 -0.023560 -0.171265 -0.018677
0.005127 -0.615723 0.969482 -0.070557 -0.147217 0.020508
-0.034546 -0.644409 0.955688 -0.129517 -0.138062 0.059082
-0.057251 -0.659424 0.954956 -0.186768 -0.144531 0.109863
-0.067749 -0.647827 0.941895 -0.221313 -0.161011 0.168823
-0.074341 -0.604492 0.942993 -0.172241 -0.170532 0.225220
-0.057617 -0.544800 0.945557 -0.105835 -0.187134 0.270996
-0.036133 -0.485107 0.954346 -0.075928 -0.198364 0.295532
-0.020142 -0.437988 0.976440 -0.073730 -0.184326 0.312500
-0.037598 -0.395142 0.944092 -0.065552 -0.147217 0.334473
-0.034058 -0.353271 0.930298 -0.093628 -0.116699 0.363281
-0.041626 -0.333252 0.890259 -0.121094 -0.117798 0.380127
-0.016968 -0.310181 0.944580 -0.192139 -0.141235 0.391968
0.040649 -0.258545 1.002441 -0.177490 -0.147461 0.393433
0.071045 -0.192871 1.042725 -0.183350 -0.135254 0.381348
0.108521 -0.147949 1.067139 -0.187134 -0.137817 0.341797
0.104858 -0.129150 1.137207 -0.188232 -0.163818 0.272095
0.113037 -0.124634 1.150146 -0.127563 -0.183716 0.208618
0.110474 -0.119263 1.163574 -0.071655 -0.171021 0.177490
0.130127 -0.070068 1.209229 -0.038330 -0.130737 0.181641
0.155518 -0.028320 1.213623 -0.056519 -0.085205 0.195801
0.177612 0.009644 1.203735 -0.085571 -0.026733 0.197021
0.170898 0.014771 1.174561 -0.113647 0.022583 0.182495
0.166748 0.011108 1.133179 -0.133911 0.041016 0.153442
0.173096 0.004272 1.141357 -0.102173 0.039673 0.108643
0.182617 -0.007813 1.139038 -0.056152 0.034546 0.058594
0.183716 -0.019653 1.124756 -0.018433 0.029297 0.005615
0.188599 -0.021851 1.111206 0.020996 0.017456 -0.051025
0.188599 -0.043945 1.099731 0.049438 0.001343 -0.099609
0.189575 -0.057739 1.092285 0.085205 -0.015259 -0.134033
0.198608 -0.070068 1.083618 0.091675 -0.021851 -0.151123
0.213135 -0.079712 1.068970 0.068481 -0.016479 -0.160889
0.234131 -0.074707 1.064087 0.023804 0.007202 -0.170532
0.245117 -0.088989 1.048340 -0.055298 0.040039 -0.185669
0.253296 -0.116211 1.018433 -0.103882 0.067017 -0.207520
0.245361 -0.162598 1.035645 -0.092407 0.083984 -0.248779
0.231934 -0.227417 0.999878 -0.081665 0.108521 -0.295532
0.202026 -0.287476 0.973877 -0.074219 0.112305 -0.338379
0.187988 -0.332397 0.961060 -0.072388 0.100220 -0.373169
0.180298 -0.375732 0.972656 -0.053101 0.085083 -0.395752
0.167847 -0.410156 0.970947 -0.035156 0.075928 -0.408936
0.153198 -0.434814 0.949463 -0.028076 0.073120 -0.408569
0.146362 -0.446167 0.940674 -0.033203 0.072876 -0.395020
0.148804 -0.439941 0.942627 -0.060303 0.080078 -0.377075
0.143066 -0.452026 0.947876 -0.104736 0.099487 -0.364258
0.124756 -0.473389 0.940674 -0.140869 0.124023 -0.359497
0.096802 -0.488647 0.922852 -0.175903 0.142090 -0.356323
0.073242 -0.505005 0.881470 -0.178833 0.144653 -0.351807
0.057495 -0.509644 0.872437 -0.170532 0.131714 -0.352539
0.041016 -0.526367 0.874878 -0.175293 0.111206 -0.355225
0.038940 -0.536743 0.887207 -0.176270 0.095215 -0.345215
0.026733 -0.548706 0.910156 -0.166138 0.091431 -0.332397
0.003784 -0.569336 0.907349 -0.156250 0.093872 -0.315674
-0.043701 -0.586914 0.857666 -0.157104 0.092529 -0.294556
-0.039673 -0.546143 0.876587 -0.133911 0.112183 -0.278320
-0.052856 -0.539917 0.875366 -0.072021 0.084351 -0.258301
-0.048950 -0.533203 0.883545 -0.072021 0.068359 -0.236206
-0.055664 -0.534302 0.895142 -0.116333 0.083862 -0.210205
-0.069946 -0.538696 0.886597 -0.167114 0.107666 -0.184692
-0.088257 -0.541626 0.880249 -0.186035 0.099976 -0.167114
-0.087891 -0.551025 0.883301 -0.176025 0.069336 -0.147827
-0.081177 -0.533936 0.897705 -0.159058 0.040894 -0.133789
-0.068359 -0.522827 0.928467 -0.164673 0.010864 -0.120605
-0.058838 -0.529419 0.958862 -0.162720 -0.001709 -0.114990
-0.073975 -0.546265 0.963745 -0.131226 0.002808 -0.105103
-0.099854 -0.551270 0.937500 -0.120117 -0.005249 -0.090088
-0.114136 -0.547485 0.931763 -0.110840 -0.026855 -0.073120
-0.103882 -0.542725 0.931885 -0.090576 -0.046875 -0.050903
-0.105469 -0.539307 0.924316 -0.100098 -0.054077 -0.032837
-0.111816 -0.541626 0.904053 -0.112305 -0.057129 -0.005615
-0.125732 -0.542847 0.886108 -0.129639 -0.063354 0.029053
-0.129395 -0.536377 0.860596 -0.142090 -0.076294 0.059082
-0.129150 -0.514282 0.838501 -0.156006 -0.095459 0.074341
-0.136597 -0.508301 0.825317 -0.168701 -0.123535 0.084595
-0.124878 -0.516724 0.843872 -0.189941 -0.160156 0.084839
-0.126709 -0.535522 0.895752 -0.208496 -0.201660 0.072266
-0.128906 -0.575439 0.957275 -0.196655 -0.236938 0.084473
-0.112061 -0.573486 1.008301 -0.180908 -0.255859 0.117920
-0.094727 -0.544678 1.036621 -0.159424 -0.259033 0.164307
-0.072510 -0.500610 1.052490 -0.128052 -0.250977 0.216064
-0.053711 -0.453247 1.052368 -0.108276 -0.232544 0.260010
-0.052856 -0.435425 1.049683 -0.101929 -0.212769 0.289795
-0.054932 -0.428467 1.050659 -0.079468 -0.140747 0.300781
-0.069214 -0.432739 0.998169 -0.106689 -0.141602 0.315063
-0.069580 -0.446899 1.019897 -0.093750 -0.105469 0.326294
-0.058350 -0.447998 1.040405 -0.099731 -0.102173 0.348389
-0.033203 -0.440552 1.063477 -0.061646 -0.094482 0.373291
0.000854 -0.416504 1.128174 -0.034180 -0.085449 0.393433
0.025757 -0.399536 1.147217 -0.054199 -0.084351 0.398560
0.025391 -0.368408 1.154175 -0.044678 -0.025635 0.401123
0.022217 -0.349121 1.116333 -0.014038 0.022095 0.411133
0.025269 -0.347168 1.094482 -0.009521 0.036377 0.407349
0.039429 -0.332153 1.114746 0.000000 0.044800 0.398071
0.046143 -0.360229 1.118774 0.021729 0.058472 0.413330
0.052612 -0.339111 1.113647 0.051514 0.076782 0.399780
0.058838 -0.318726 1.130859 0.049561 0.078491 0.379761
0.082031 -0.317993 1.135376 0.083496 0.091675 0.378052
0.085327 -0.304932 1.131714 0.169067 0.122681 0.387573
0.091675 -0.279053 1.145996 0.232544 0.143311 0.381226
0.091919 -0.270020 1.153442 0.245728 0.154053 0.369629
0.097168 -0.254150 1.153809 0.232300 0.141602 0.350098
0.116577 -0.211426 1.178833 0.235229 0.120239 0.321777
0.142334 -0.181030 1.196655 0.278320 0.110962 0.299927
0.161011 -0.152344 1.202271 0.321167 0.109619 0.256104
0.161743 -0.136719 1.201660 0.288086 0.100586 0.197388
0.157349 -0.120117 1.188477 0.245605 0.093628 0.142822
0.157471 -0.089478 1.177612 0.223999 0.091064 0.092163
0.152588 -0.090210 1.139160 0.194580 0.091187 0.058228
0.138550 -0.083252 1.107910 0.193848 0.093872 0.030151
0.124146 -0.081787 1.053711 0.215210 0.096436 0.009033
0.120117 -0.053955 1.007935 0.251221 0.094238 -0.006348
0.105103 -0.034302 0.964844 0.270630 0.084473 -0.019287
0.093262 -0.050049 0.925171 0.269287 0.072632 -0.025635
0.092773 -0.040283 0.918091 0.235352 0.057861 -0.042969
0.100586 -0.067993 0.937500 0.196899 0.054077 -0.056641
0.114624 -0.090820 0.940796 0.158081 0.075684 -0.078003
0.092041 -0.126221 0.923096 0.079346 0.107544 -0.097534
0.066528 -0.182007 0.903564 0.038818 0.121826 -0.122803
