0.138428 -0.140015 1.094238 0.056763 -0.029297 -0.101563
0.112427 -0.147339 1.054932 0.032104 -0.000366 -0.119873
0.082153 -0.174438 1.039551 -0.005005 0.007080 -0.138062
0.072876 -0.179443 1.041260 -0.013550 0.007446 -0.140869
0.062744 -0.181396 1.031372 -0.023560 0.020020 -0.124268
0.044922 -0.190796 1.019287 -0.026855 0.027222 -0.106201
0.035645 -0.203247 1.024292 -0.021240 0.017456 -0.088867
0.041504 -0.201904 1.038330 -0.017944 -0.001221 -0.073975
0.054565 -0.190796 1.061523 -0.002686 -0.010620 -0.066772
0.058716 -0.178345 1.059570 0.011597 -0.011597 -0.074097
0.057983 -0.178589 1.056396 0.012329 -0.007935 -0.085327
0.059570 -0.173584 1.048218 0.006958 0.001221 -0.089844
0.054688 -0.182983 1.019043 0.005493 0.011108 -0.088989
0.042236 -0.195068 0.987915 -0.005737 0.003784 -0.096436
0.042358 -0.197021 0.967041 -0.001587 -0.020630 -0.107178
0.061523 -0.205322 0.979980 0.017334 -0.043945 -0.113403
0.078613 -0.218262 0.992554 0.018799 -0.058228 -0.110474
0.093628 -0.246826 1.009033 -0.001587 -0.054443 -0.101196
0.100098 -0.256348 0.994751 -0.031860 -0.039063 -0.093262
0.095093 -0.286255 0.979492 -0.064331 -0.027344 -0.085205
0.095825 -0.309204 0.974609 -0.077148 -0.034668 -0.080688
0.107788 -0.332397 0.985962 -0.067017 -0.045776 -0.073730
0.103271 -0.366211 0.994385 -0.068359 -0.047485 -0.072021
0.081543 -0.412598 0.976440 -0.077515 -0.046509 -0.069214
0.050049 -0.456909 0.958618 -0.084961 -0.060669 -0.058472
0.034912 -0.502930 0.947510 -0.085938 -0.087402 -0.044800
0.023315 -0.543701 0.979370 -0.074951 -0.114746 -0.020630
0.027100 -0.581299 1.004883 -0.072998 -0.133179 0.008179
0.037231 -0.571899 1.027344 -0.084839 -0.139893 0.039795
0.047974 -0.578491 1.049316 -0.117676 -0.129395 0.083252
0.050659 -0.560547 1.052979 -0.142578 -0.114258 0.107544
0.054932 -0.543579 1.058960 -0.138916 -0.097534 0.135376
0.049316 -0.537476 1.035278 -0.112183 -0.077637 0.167114
0.038696 -0.518555 1.021606 -0.081909 -0.059814 0.197144
0.038696 -0.496582 1.016968 -0.060791 -0.041748 0.231201
0.040649 -0.472900 1.012085 -0.081665 -0.027954 0.264282
0.037354 -0.459839 1.012939 -0.131470 -0.011475 0.287598
0.011475 -0.466675 1.003662 -0.194214 0.007446 0.311035
-0.007080 -0.466797 1.002930 -0.256470 0.018188 0.341309
-0.024048 -0.464966 0.999146 -0.318359 0.022949 0.381958
-0.030273 -0.444092 0.993652 -0.360962 0.018066 0.422119
-0.030640 -0.397583 0.968628 -0.352051 0.002441 0.454346
-0.021851 -0.357788 0.962402 -0.296631 -0.025879 0.472290
0.002075 -0.280762 0.975220 -0.205200 -0.068481 0.469482
0.037476 -0.236694 1.004883 -0.117676 -0.090210 0.467651
0.062012 -0.200562 1.031860 -0.088501 -0.088867 0.456177
0.056274 -0.191772 1.020386 -0.117065 -0.060669 0.443481
0.040283 -0.181641 0.979370 -0.149536 -0.035522 0.442505
0.048706 -0.150146 0.970459 -0.146729 -0.032349 0.444336
0.080078 -0.098999 0.996948 -0.128052 -0.049927 0.436035
0.109131 -0.057251 1.036499 -0.102783 -0.061035 0.416504
0.133179 -0.018066 1.057251 -0.074707 -0.067505 0.390991
0.155884 0.022827 1.066528 -0.061523 -0.067505 0.365967
0.186890 0.076904 1.080566 -0.046143 -0.070801 0.332886
0.216919 0.124390 1.090942 -0.016357 -0.086304 0.284912
0.248047 0.163208 1.103760 0.030762 -0.107910 0.223022
0.281250 0.191528 1.149170 0.077271 -0.118652 0.156128
0.313354 0.214600 1.177246 0.102661 -0.099487 0.098877
0.331421 0.232422 1.167114 0.095581 -0.066528 0.046265
0.338379 0.244141 1.141113 0.074219 -0.043945 -0.018066
0.340088 0.252441 1.117554 0.073120 -0.047363 -0.099243
0.344849 0.227173 1.101318 0.080688 -0.067383 -0.182495
0.354736 0.211426 1.103638 0.115845 -0.074707 -0.260254
0.362549 0.187988 1.110718 0.122803 -0.060547 -0.313477
0.359863 0.144043 1.087524 0.077637 -0.017334 -0.347168
0.348022 0.102661 1.056641 0.005981 0.036621 -0.373047
0.321899 0.036133 1.011108 -0.089600 0.079468 -0.391113
0.318970 -0.022339 0.984009 -0.158569 0.085938 -0.418701
0.312988 -0.097534 0.999390 -0.209106 0.079590 -0.464722
0.300659 -0.158936 1.012573 -0.169434 0.076660 -0.518677
0.279175 -0.223145 0.999634 -0.090942 0.083008 -0.559570
0.255981 -0.283691 0.977295 -0.057495 0.086548 -0.587036
0.217773 -0.360474 0.954712 -0.044556 0.083252 -0.599121
0.193359 -0.410156 0.952637 -0.020752 0.071045 -0.605347
0.177856 -0.439453 0.974487 -0.000977 0.063477 -0.609863
0.155518 -0.469849 0.972290 -0.015503 0.071167 -0.604004
0.127441 -0.495117 0.954956 -0.086670 0.090698 -0.580688
0.097778 -0.551270 0.955200 -0.165894 0.110107 -0.546631
0.057861 -0.605591 0.933228 -0.251221 0.121216 -0.509521
0.035522 -0.620483 0.940918 -0.259766 0.116089 -0.474487
0.034668 -0.624390 0.976563 -0.222290 0.103760 -0.443970
0.007568 -0.642334 0.991089 -0.175781 0.101318 -0.423950
-0.025879 -0.643188 0.962769 -0.125122 0.096436 -0.396729
-0.041260 -0.626099 0.946045 -0.092773 0.086548 -0.356689
-0.046875 -0.589478 0.941772 -0.096558 0.080811 -0.317871
-0.047607 -0.560059 0.932983 -0.107910 0.083252 -0.270508
-0.044312 -0.529785 0.942383 -0.137695 0.080078 -0.234375
-0.049683 -0.506714 0.944946 -0.163452 0.080078 -0.206787
-0.050049 -0.478271 0.943970 -0.127319 0.079956 -0.184448
-0.053833 -0.467285 0.953369 -0.138550 0.049072 -0.168579
-0.056396 -0.466797 0.984253 -0.171143 0.030518 -0.156006
-0.071777 -0.482300 0.982300 -0.197754 0.040771 -0.132813
-0.078979 -0.462402 0.969604 -0.184204 0.045044 -0.111572
-0.079712 -0.441650 0.960571 -0.157227 0.031250 -0.097046
-0.078979 -0.435425 0.972168 -0.124756 0.009644 -0.091797
-0.072510 -0.439209 0.990112 -0.128906 0.001343 -0.081909
-0.075806 -0.429932 0.989014 -0.117554 -0.002808 -0.068115
-0.088501 -0.444214 0.958618 -0.120361 -0.006104 -0.050415
-0.098633 -0.438110 0.927368 -0.133545 -0.011230 -0.032715
-0.099487 -0.429688 0.910767 -0.157227 -0.024658 -0.015381
-0.107788 -0.424805 0.890625 -0.173340 -0.042358 0.010254
-0.115601 -0.438354 0.867554 -0.170654 -0.062744 0.030151
-0.110474 -0.424805 0.859009 -0.163208 -0.095215 0.036743
-0.116943 -0.431274 0.843750 -0.152588 -0.127197 0.055054
-0.111572 -0.424194 0.850342 -0.139038 -0.168457 0.072144
-0.093018 -0.396729 0.895020 -0.135498 -0.213989 0.085693
-0.064819 -0.384644 0.969849 -0.102661 -0.250488 0.106323
-0.026367 -0.376587 1.044556 -0.080933 -0.271240 0.136597
0.012207 -0.358276 1.133301 -0.082520 -0.264526 0.165405
0.026978 -0.339111 1.187866 -0.109985 -0.220703 0.189087
0.023682 -0.325684 1.179565 -0.127563 -0.157715 0.215088
0.009644 -0.328857 1.146484 -0.115845 -0.107666 0.234741
-0.012939 -0.334106 1.112427 -0.105591 -0.086426 0.240601
-0.023071 -0.333130 1.070435 -0.062256 -0.084839 0.250977
-0.023804 -0.322144 1.044800 -0.007202 -0.090942 0.260620
-0.026367 -0.319336 1.010864 0.014771 -0.089722 0.271484
-0.015625 -0.309570 1.003174 0.017700 -0.076660 0.293091
-0.000366 -0.295898 1.011719 0.008545 -0.062866 0.322510
0.007446 -0.293213 1.017334 -0.005371 -0.055664 0.342285
0.024048 -0.278076 1.041870 -0.018433 -0.058105 0.352417
0.055298 -0.295898 1.047974 -0.046753 -0.065430 0.360962
0.089844 -0.302490 1.081665 -0.048584 -0.051025 0.355225
0.105957 -0.306641 1.100220 -0.053711 -0.025635 0.346436
0.134033 -0.303223 1.143555 -0.033569 -0.001343 0.335571
0.151367 -0.306641 1.161987 -0.052734 0.008545 0.324829
0.164063 -0.286743 1.173096 -0.073730 0.013916 0.310913
0.176147 -0.266724 1.181152 -0.049805 0.039307 0.301147
0.176636 -0.246826 1.161133 -0.010254 0.066406 0.291870
0.174805 -0.244019 1.154297 0.045532 0.077026 0.268921
0.186523 -0.225830 1.170898 0.133179 0.079346 0.239136
0.194458 -0.204590 1.172363 0.202393 0.086792 0.218506
0.217651 -0.186035 1.174072 0.218262 0.094727 0.207153
0.220825 -0.129272 1.181030 0.220581 0.113403 0.189209
0.224487 -0.130005 1.178833 0.228271 0.160278 0.166504
0.208252 -0.119141 1.151367 0.214600 0.197021 0.132446
0.184570 -0.119873 1.129395 0.192627 0.209717 0.090454
0.168579 -0.122437 1.107178 0.183472 0.202881 0.059326
0.155884 -0.119019 1.089844 0.182129 0.174072 0.034180
0.156006 -0.111084 1.107056 0.171875 0.133789 0.000610
0.156982 -0.094727 1.121582 0.159424 0.105713 -0.032227
0.150635 -0.084595 1.123901 0.161255 0.093018 -0.065186
0.137207 -0.065674 1.114136 0.178345 0.090454 -0.098999
0.121216 -0.068848 1.113037 0.193848 0.097656 -0.117798
0.105835 -0.076782 1.108276 0.208862 0.112305 -0.126709
0.098633 -0.059937 1.084229 0.235962 0.126221 -0.121338
0.100464 -0.047363 1.030396 0.236328 0.150146 -0.128418
0.083130 -0.064941 0.997559 0.226074 0.182617 -0.149170
0.062744 -0.075195 0.981445 0.215820 0.197388 -0.176270
0.041260 -0.098145 0.971069 0.174561 0.192749 -0.182251
0.007813 -0.127930 0.958252 0.126221 0.176147 -0.185425
