0.015747 -0.217651 1.023193 -0.050781 -0.000244 -0.115356
0.006348 -0.209229 1.016479 -0.047607 0.000122 -0.113892
-0.003174 -0.215576 1.015381 -0.034058 -0.009033 -0.104614
-0.003906 -0.217651 1.029663 -0.023438 -0.024536 -0.102783
0.002930 -0.198242 1.029541 -0.021851 -0.037964 -0.101563
0.002319 -0.197632 1.029297 -0.034790 -0.045410 -0.093140
0.010010 -0.194824 1.036133 -0.025269 -0.039917 -0.093750
0.006226 -0.207764 1.037354 -0.024292 -0.032593 -0.102783
-0.002441 -0.222412 1.015869 -0.026367 -0.026245 -0.110596
-0.010742 -0.234863 0.994263 -0.028931 -0.028809 -0.113892
-0.009399 -0.235718 0.988281 -0.018433 -0.036621 -0.108276
-0.002808 -0.235962 0.981689 -0.003784 -0.046753 -0.091187
0.002808 -0.252930 0.982178 -0.005737 -0.049927 -0.078369
0.002808 -0.273682 0.978271 -0.020996 -0.051147 -0.075195
0.009888 -0.290771 0.983154 -0.026245 -0.051025 -0.072266
0.009644 -0.295776 0.974976 -0.022583 -0.056274 -0.077515
0.015869 -0.308472 0.970459 -0.007446 -0.065308 -0.073608
0.016235 -0.329468 0.965210 -0.011108 -0.074585 -0.067993
0.018188 -0.354858 0.955933 -0.034180 -0.082642 -0.061768
0.018921 -0.379517 0.958618 -0.066772 -0.084961 -0.056274
0.022339 -0.420898 0.963379 -0.088379 -0.088867 -0.051758
0.022949 -0.452515 0.982544 -0.089600 -0.098145 -0.052734
0.005493 -0.499878 0.986572 -0.081909 -0.110229 -0.046997
-0.010620 -0.538940 0.983154 -0.068359 -0.124878 -0.029175
-0.008179 -0.538574 0.987061 -0.052246 -0.145508 -0.007202
0.008301 -0.527222 1.007935 -0.035522 -0.163818 0.029175
0.022339 -0.536743 1.037964 -0.026001 -0.177368 0.063965
0.027344 -0.545044 1.045654 -0.027954 -0.184814 0.081665
0.027832 -0.555298 1.064941 -0.032104 -0.189331 0.095215
0.016602 -0.560181 1.058105 -0.037842 -0.182007 0.118042
0.010986 -0.576904 1.055786 -0.043823 -0.171143 0.161255
0.012329 -0.578735 1.063599 -0.058350 -0.164917 0.204224
0.010620 -0.565186 1.063354 -0.093750 -0.162842 0.237305
0.016724 -0.535278 1.060425 -0.116577 -0.158691 0.267944
0.025513 -0.506836 1.046265 -0.102173 -0.143799 0.313843
0.026489 -0.470093 1.023193 -0.095337 -0.121338 0.364624
0.029541 -0.419067 0.985474 -0.110596 -0.102539 0.413208
0.032715 -0.376587 0.958862 -0.130127 -0.092651 0.443970
0.036865 -0.317017 0.949463 -0.138184 -0.093140 0.453369
0.034912 -0.288696 0.937500 -0.115845 -0.098877 0.457031
0.043457 -0.248657 0.951416 -0.081421 -0.114380 0.444824
0.067505 -0.205078 0.989014 -0.058838 -0.127808 0.422607
0.074707 -0.182983 1.002808 -0.046997 -0.122925 0.409424
0.078613 -0.153320 0.999023 -0.035400 -0.110718 0.401978
0.089722 -0.108276 1.006836 -0.034790 -0.101929 0.396484
0.109375 -0.065308 1.011963 -0.044312 -0.094727 0.391235
0.125732 -0.024170 1.018921 -0.049561 -0.092163 0.375000
0.142578 0.003784 1.023193 -0.034180 -0.097900 0.352295
0.161255 0.037231 1.042725 -0.008667 -0.114258 0.322754
0.191772 0.072998 1.058594 0.026978 -0.133057 0.288330
0.225220 0.130981 1.072754 0.062012 -0.140381 0.233887
0.258667 0.168701 1.095947 0.074951 -0.139526 0.166504
0.281860 0.183838 1.109009 0.078369 -0.131592 0.096069
0.307129 0.189575 1.127319 0.087402 -0.120361 0.026978
0.320923 0.191528 1.137451 0.102173 -0.104248 -0.037231
0.335693 0.183838 1.130981 0.137573 -0.096802 -0.097290
0.348267 0.177246 1.140747 0.177490 -0.096924 -0.159912
0.364014 0.182251 1.136108 0.204468 -0.090088 -0.220825
0.378784 0.185425 1.132935 0.197632 -0.062744 -0.280884
0.377930 0.170532 1.105713 0.153564 -0.012329 -0.321167
0.359131 0.126343 1.062988 0.076294 0.041260 -0.344116
0.340942 0.080200 1.037842 0.003784 0.086914 -0.371704
0.319092 0.045654 0.986328 -0.069458 0.119141 -0.398560
0.296753 -0.000122 0.943481 -0.100708 0.121216 -0.419556
0.283813 -0.066528 0.937378 -0.086670 0.095947 -0.459839
0.270630 -0.124023 0.958618 -0.076660 0.055908 -0.528198
0.251587 -0.186523 0.966309 -0.055786 0.020020 -0.593628
0.214600 -0.246582 0.931641 -0.013550 0.002197 -0.626099
0.178711 -0.293945 0.895874 0.021851 -0.013794 -0.629883
0.159546 -0.315674 0.902100 0.036255 -0.030640 -0.617554
0.159546 -0.354614 0.918091 0.000244 -0.031128 -0.592285
0.139038 -0.386841 0.939087 -0.072144 -0.016235 -0.569824
0.108643 -0.446655 0.924438 -0.132080 -0.003784 -0.539185
0.071411 -0.480225 0.941772 -0.145996 -0.008545 -0.517822
0.058228 -0.522339 0.954224 -0.145386 -0.013794 -0.480225
0.046387 -0.532349 0.951538 -0.142456 -0.015625 -0.443604
0.031982 -0.553833 0.963867 -0.158813 -0.020630 -0.416626
0.018555 -0.589233 0.990723 -0.178223 -0.025513 -0.389404
0.007813 -0.594116 1.021973 -0.189087 -0.027466 -0.354492
0.003418 -0.585815 1.040039 -0.190918 -0.017456 -0.306396
-0.007080 -0.590088 1.000244 -0.207153 -0.008179 -0.240967
-0.015381 -0.562500 1.012939 -0.154541 0.000122 -0.190552
-0.005493 -0.511963 1.020996 -0.113770 -0.005981 -0.156372
0.003784 -0.477051 1.038818 -0.124268 -0.007568 -0.124146
0.000854 -0.468994 1.038574 -0.133667 0.005371 -0.097534
-0.011719 -0.467285 1.038452 -0.147461 0.014038 -0.084717
-0.023926 -0.471191 1.028687 -0.160034 0.008667 -0.077637
-0.037354 -0.474731 1.034668 -0.129395 -0.000488 -0.064331
-0.038818 -0.470215 1.035156 -0.082642 -0.003662 -0.036377
-0.037476 -0.448364 1.024658 -0.087036 -0.004761 -0.009155
-0.037964 -0.423950 1.003662 -0.120972 -0.002808 0.006470
-0.049194 -0.399170 0.973999 -0.141113 -0.003418 0.014282
-0.069092 -0.405762 0.953735 -0.148193 -0.004761 0.038940
-0.074707 -0.405029 0.937866 -0.130493 -0.007080 0.055786
-0.080811 -0.402344 0.935913 -0.128174 -0.032104 0.079590
-0.065918 -0.395386 0.926880 -0.135620 -0.048096 0.092529
-0.066406 -0.384766 0.928101 -0.152954 -0.054565 0.095093
-0.082520 -0.389282 0.919312 -0.190063 -0.060791 0.102417
-0.099731 -0.383057 0.924194 -0.218994 -0.075806 0.121582
-0.095459 -0.365601 0.940430 -0.235352 -0.101440 0.150513
-0.076538 -0.348267 0.966187 -0.248535 -0.124023 0.176392
-0.068604 -0.333252 0.996948 -0.261230 -0.139526 0.197510
-0.067383 -0.332153 1.015625 -0.244141 -0.142822 0.231934
-0.054810 -0.316895 1.028687 -0.204956 -0.143555 0.263550
-0.044922 -0.303467 1.043701 -0.179932 -0.142456 0.289917
-0.016479 -0.287476 1.116943 -0.149780 -0.125366 0.310303
0.014282 -0.230469 1.095215 -0.118286 -0.127930 0.296387
0.008911 -0.249634 1.145264 -0.058228 -0.061401 0.284424
-0.030762 -0.267944 1.085693 -0.067139 -0.040771 0.305420
-0.053833 -0.299072 1.165405 -0.001099 0.057617 0.347534
-0.035767 -0.358643 1.078613 -0.030762 -0.063843 0.416504
0.005127 -0.286499 1.307129 0.096313 -0.104492 0.390869
0.107422 -0.286743 1.250488 0.244263 -0.147461 0.399048
0.169189 -0.222412 1.395142 0.193604 -0.167114 0.355835
0.177124 -0.203369 1.380005 0.227295 -0.041992 0.369751
0.178589 -0.147095 1.253052 0.298462 0.066895 0.386597
0.181519 -0.083130 1.159058 0.233521 0.080688 0.373657
0.184814 -0.065186 1.143799 0.189941 0.083496 0.362183
0.190674 -0.026978 1.127441 0.266846 0.091919 0.336792
0.212891 -0.003784 1.159546 0.383179 0.106567 0.321899
0.230469 -0.000122 1.175293 0.354614 0.119385 0.323853
0.239990 0.006714 1.148560 0.272339 0.149292 0.320679
0.227417 0.013672 1.113403 0.218506 0.184448 0.293335
0.214844 -0.002075 1.093872 0.185669 0.199829 0.269165
0.217529 -0.029175 1.059692 0.135498 0.173584 0.244507
0.221069 -0.018799 1.044922 0.069580 0.143677 0.192505
0.232056 -0.021606 1.049561 -0.006348 0.133057 0.138184
0.242554 -0.026489 1.069092 -0.080811 0.137451 0.082642
0.230713 -0.046021 1.073242 -0.153198 0.141357 0.036133
0.208496 -0.073608 1.078003 -0.180542 0.147339 -0.003174
0.196655 -0.096802 1.069824 -0.198364 0.153564 -0.032349
0.189087 -0.090698 1.081055 -0.191528 0.172485 -0.054443
0.169922 -0.089111 1.061890 -0.143433 0.200562 -0.065430
0.149902 -0.092407 1.040405 -0.092285 0.204834 -0.075317
0.131958 -0.108765 1.012939 -0.050659 0.188599 -0.078979
0.114746 -0.119873 0.989258 -0.012451 0.168579 -0.087769
0.111084 -0.093140 0.990356 0.009521 0.149048 -0.100708
0.115967 -0.093994 1.002930 0.015015 0.148315 -0.104492
0.115356 -0.066528 1.016968 0.005981 0.161987 -0.105225
0.111694 -0.043823 1.023315 -0.040771 0.182495 -0.102051
0.102051 -0.036377 1.014160 -0.087646 0.214111 -0.094727
0.068726 -0.086182 0.982422 -0.092163 0.237793 -0.080566
0.016724 -0.134521 0.934204 0.004028 0.236084 -0.102173
-0.013550 -0.180908 0.908813 0.127930 0.203125 -0.136230
-0.040161 -0.224609 0.874878 0.189575 0.138062 -0.158569
-0.057373 -0.240112 0.846924 0.279297 0.055908 -0.182129
-0.067017 -0.254272 0.835083 0.362793 -0.032959 -0.185547
-0.057007 -0.248291 0.816772 0.388428 -0.100098 -0.168945
-0.039551 -0.246094 0.824829 0.385498 -0.129883 -0.122681
-0.015259 -0.258301 0.856079 0.321167 -0.110474 -0.076782
