0.098511 -0.194458 1.046021 -0.082153 0.016846 -0.002808
0.093750 -0.180542 1.036621 -0.072144 0.022583 -0.009033
0.093506 -0.179565 1.027466 -0.062622 0.013428 -0.022827
0.095581 -0.167236 1.034546 -0.042603 0.000366 -0.040039
0.094727 -0.183105 1.029907 -0.034790 -0.006226 -0.046021
0.097900 -0.178467 1.038330 -0.038574 -0.009033 -0.050293
0.101685 -0.165527 1.021606 -0.044067 -0.005493 -0.050293
0.096680 -0.176758 1.028564 -0.056030 -0.000122 -0.051270
0.086304 -0.206787 1.030151 -0.059448 0.007813 -0.054810
0.065186 -0.232544 1.000122 -0.063599 0.015137 -0.054810
0.050659 -0.246460 0.972534 -0.065552 0.012085 -0.044922
0.046631 -0.260010 0.962646 -0.073975 -0.008057 -0.035767
0.052612 -0.260254 0.974121 -0.063721 -0.036133 -0.039917
0.060059 -0.279785 0.988770 -0.042603 -0.056030 -0.049194
0.061646 -0.296997 0.996704 -0.027954 -0.066772 -0.059448
0.066284 -0.315186 0.988403 -0.023926 -0.068115 -0.060669
0.063477 -0.333130 0.970215 -0.023315 -0.073608 -0.060425
0.064697 -0.354614 0.962158 -0.028809 -0.088745 -0.057007
0.073486 -0.380615 0.970337 -0.033936 -0.110107 -0.051270
0.088867 -0.379761 0.986572 -0.028198 -0.129639 -0.041260
0.100708 -0.392334 0.992310 -0.022827 -0.135620 -0.022583
0.108521 -0.395752 1.001709 -0.021606 -0.132324 -0.008423
0.106567 -0.386841 0.987915 -0.027344 -0.130371 0.010986
0.089966 -0.382202 0.971313 -0.024780 -0.136230 0.019531
0.090942 -0.369751 0.962280 -0.007080 -0.156494 0.018311
0.100586 -0.377319 0.978760 0.008179 -0.180176 0.021973
0.117310 -0.380249 1.010864 0.020996 -0.191284 0.035034
0.115967 -0.399292 1.023926 0.010986 -0.175781 0.057617
0.112061 -0.398682 1.044800 0.019775 -0.148438 0.082031
0.091919 -0.426270 1.006958 -0.018799 -0.120239 0.106567
0.068970 -0.433472 0.989502 -0.051025 -0.111694 0.133911
0.062012 -0.454834 1.000000 -0.086670 -0.128296 0.157715
0.068115 -0.468750 1.014771 -0.103027 -0.150146 0.179565
0.069702 -0.476807 1.034302 -0.105713 -0.165405 0.199585
0.068237 -0.451172 1.024292 -0.100830 -0.176025 0.215942
0.062378 -0.437500 1.003418 -0.078491 -0.174927 0.236450
0.069458 -0.409424 0.994263 -0.038696 -0.173218 0.261475
0.081909 -0.385010 0.999634 -0.030762 -0.165894 0.296631
0.093506 -0.358154 1.000977 -0.054199 -0.154175 0.328247
0.104980 -0.305908 1.001465 -0.083252 -0.137573 0.349976
0.101563 -0.286499 0.976685 -0.124878 -0.126709 0.359985
0.103638 -0.260742 0.960327 -0.123169 -0.125488 0.355103
0.116699 -0.203613 0.947266 -0.074463 -0.152222 0.347168
0.145630 -0.167847 0.954224 -0.044434 -0.184448 0.338745
0.179321 -0.108276 0.986206 -0.000977 -0.221191 0.311523
0.215820 -0.066650 1.001343 0.034546 -0.240234 0.280884
0.251709 -0.026001 1.037109 0.069702 -0.239990 0.248535
0.285522 0.009277 1.073486 0.066772 -0.221436 0.223022
0.312500 0.044067 1.082397 0.037354 -0.183838 0.199463
0.321045 0.062378 1.078003 -0.009277 -0.145996 0.176270
0.330078 0.088379 1.079712 -0.024048 -0.121460 0.149414
0.351807 0.106445 1.091797 -0.020264 -0.109253 0.116821
0.374146 0.137329 1.106934 -0.007080 -0.102539 0.074463
0.400146 0.153442 1.109863 0.008667 -0.093628 0.017944
0.413086 0.156982 1.107056 0.022827 -0.088867 -0.056763
0.426025 0.168579 1.112549 0.054932 -0.081909 -0.133057
0.441406 0.156250 1.112305 0.071533 -0.063599 -0.198608
0.446289 0.118530 1.129761 0.064697 -0.008301 -0.261108
0.437744 0.073853 1.127197 0.011597 0.004639 -0.298828
0.418701 0.024048 1.104004 -0.022461 0.053467 -0.307617
0.387085 -0.030273 1.044556 -0.073364 0.100342 -0.299683
0.358765 -0.082520 1.026611 -0.106445 0.123901 -0.289185
0.349609 -0.122070 1.018677 -0.103760 0.133667 -0.292603
0.344849 -0.152100 1.036987 -0.072754 0.144165 -0.315186
0.324463 -0.193604 1.029907 -0.068115 0.154053 -0.347900
0.297363 -0.250977 1.004272 -0.071411 0.161255 -0.377441
0.263428 -0.298096 0.989014 -0.063354 0.162720 -0.397095
0.235718 -0.327515 0.967896 -0.059692 0.157471 -0.398804
0.206543 -0.355713 0.970581 -0.063110 0.150146 -0.398926
0.193359 -0.376587 0.967773 -0.070801 0.147095 -0.384033
0.168457 -0.409424 0.942261 -0.098755 0.147949 -0.357788
0.140381 -0.420166 0.923340 -0.111206 0.140869 -0.332520
0.118896 -0.425171 0.896362 -0.109253 0.124146 -0.304443
0.104004 -0.423218 0.895386 -0.090576 0.092773 -0.283447
0.094238 -0.415161 0.888916 -0.068237 0.052124 -0.281250
0.100464 -0.386230 0.902954 0.011963 0.014648 -0.286499
0.104858 -0.381714 0.908813 0.023438 -0.009399 -0.294800
0.104980 -0.367432 0.917236 0.002686 -0.023438 -0.295288
0.119873 -0.355957 0.961182 -0.020386 -0.023315 -0.289795
0.124023 -0.360474 0.938477 -0.097046 -0.000122 -0.283447
0.124146 -0.337402 1.005371 -0.042603 0.068848 -0.284302
0.107178 -0.355835 1.010254 -0.088623 0.086914 -0.259033
0.081177 -0.389648 0.998779 -0.194946 0.105225 -0.222290
0.046509 -0.431885 0.977295 -0.281128 0.131592 -0.185059
0.022095 -0.421021 0.966797 -0.308960 0.145386 -0.143921
0.021973 -0.399536 0.957520 -0.295288 0.121582 -0.112061
0.018677 -0.407227 0.962158 -0.265869 0.085815 -0.091187
0.018188 -0.391968 0.988403 -0.253418 0.050537 -0.074341
0.014160 -0.375732 0.989502 -0.246826 0.021606 -0.059082
0.018188 -0.366211 0.996216 -0.216187 -0.008423 -0.053467
0.029663 -0.367432 1.017700 -0.169800 -0.031494 -0.058716
0.029419 -0.374390 1.027222 -0.147949 -0.037964 -0.060181
0.029785 -0.392700 1.027954 -0.127930 -0.031494 -0.063110
0.011963 -0.376099 1.010742 -0.165283 -0.028931 -0.056763
-0.007690 -0.393066 0.990112 -0.191284 -0.025879 -0.026733
-0.020264 -0.405151 0.993408 -0.189819 -0.031006 0.008545
-0.024170 -0.401611 0.977783 -0.181152 -0.043701 0.047241
-0.019287 -0.394287 0.971069 -0.154541 -0.068970 0.072754
-0.020630 -0.393799 0.973633 -0.123535 -0.098877 0.088745
-0.018311 -0.376465 0.954834 -0.127563 -0.136230 0.096802
-0.016602 -0.354004 0.974731 -0.141479 -0.178101 0.106934
0.008179 -0.372192 1.010986 -0.147339 -0.205688 0.115234
0.020874 -0.361816 1.029175 -0.114136 -0.211304 0.114136
0.022217 -0.361328 1.021362 -0.077271 -0.203247 0.119385
0.033569 -0.344604 1.021484 -0.080688 -0.194946 0.135010
0.044556 -0.338989 1.045654 -0.106323 -0.183594 0.156982
0.044556 -0.339355 1.065308 -0.120605 -0.175659 0.177368
0.044189 -0.325073 1.071289 -0.108276 -0.190430 0.199341
0.055176 -0.312866 1.080322 -0.120361 -0.215332 0.220459
0.073853 -0.298950 1.184937 -0.091675 -0.189087 0.220703
0.143677 -0.209106 1.194336 0.017700 -0.220337 0.193604
0.152344 -0.220947 1.228027 0.019165 -0.095337 0.163696
0.100952 -0.247192 1.192261 -0.148560 0.074219 0.162231
0.044922 -0.294189 1.114258 -0.207886 0.228027 0.184937
0.020874 -0.361206 1.046143 -0.198242 0.297852 0.210693
0.034424 -0.357910 1.068848 -0.086426 0.270874 0.237427
0.062012 -0.364746 1.104004 0.131714 0.230591 0.283569
0.105103 -0.352417 1.120239 0.272949 0.212891 0.293457
0.087280 -0.339478 1.095459 0.262085 0.217529 0.307007
0.118530 -0.318604 1.101929 0.259766 0.217773 0.356934
0.130249 -0.259888 1.121704 0.165771 0.233276 0.411865
0.120605 -0.266235 1.077271 0.021240 0.251343 0.446533
0.118530 -0.237915 1.041016 -0.053955 0.215698 0.447266
0.132080 -0.226685 1.037231 -0.050415 0.163696 0.427979
0.161133 -0.167236 1.084717 0.010864 0.112549 0.399780
0.212158 -0.137817 1.117188 0.112061 0.102783 0.371338
0.260010 -0.099243 1.152832 0.187256 0.095337 0.346802
0.288086 -0.074463 1.221191 0.188721 0.090820 0.318237
0.311646 -0.052856 1.257202 0.118408 0.099243 0.301392
0.313599 -0.044800 1.252197 0.075195 0.146240 0.281738
0.299927 -0.023926 1.222412 0.080200 0.174561 0.245972
0.282471 -0.020508 1.182495 0.079468 0.171997 0.205811
0.282715 0.010376 1.170654 0.119873 0.165894 0.166382
0.274658 0.033081 1.139526 0.126099 0.156860 0.122192
0.266357 0.035034 1.135498 0.075073 0.142700 0.083862
0.262085 0.000854 1.145020 0.030396 0.142700 0.053345
0.246704 -0.060181 1.156372 0.005371 0.157959 0.038086
0.198486 -0.082642 1.137573 -0.039673 0.185547 0.035278
0.156494 -0.134521 1.090332 -0.031128 0.236938 0.041992
0.112793 -0.157959 1.060425 -0.006348 0.243896 0.038330
0.069336 -0.184692 1.049927 -0.014648 0.214600 0.018677
0.036499 -0.247559 1.022827 0.040283 0.180298 -0.014526
0.021729 -0.243286 1.001587 0.185791 0.131592 -0.058228
0.019043 -0.232544 1.015015 0.292969 0.065552 -0.096558
0.010010 -0.201782 1.031738 0.333984 0.022583 -0.124878
0.023071 -0.162598 1.033081 0.312866 0.008911 -0.123779
0.036621 -0.104370 1.042480 0.240112 0.021118 -0.114380
0.016968 -0.100220 1.022339 0.165894 0.065674 -0.102905
-0.011475 -0.072388 0.971436 0.131348 0.097900 -0.086060
-0.018555 -0.098145 0.943848 0.106689 0.078247 -0.065674
