0.072632 -0.211548 1.016357 -0.114258 -0.012939 -0.060059
0.081787 -0.208252 1.022461 -0.102905 -0.010254 -0.068604
0.067627 -0.218262 0.998047 -0.114258 -0.010864 -0.069946
0.052368 -0.237427 0.972290 -0.092896 -0.018921 -0.069458
0.052979 -0.233398 0.961182 -0.045898 -0.044312 -0.067627
0.062744 -0.231445 0.959839 -0.027222 -0.072754 -0.070557
0.068848 -0.247559 0.969971 -0.027100 -0.088989 -0.078003
0.072998 -0.278564 0.984253 -0.040771 -0.092163 -0.083740
0.057861 -0.330566 0.982178 -0.069336 -0.085449 -0.087891
0.037964 -0.379883 0.974854 -0.079590 -0.085815 -0.091797
0.012573 -0.458252 0.972656 -0.067017 -0.103760 -0.086304
0.018066 -0.511963 0.989502 -0.027588 -0.140625 -0.076416
0.031250 -0.555664 1.020630 0.014771 -0.169434 -0.066772
0.045410 -0.602539 1.066040 0.048584 -0.168213 -0.047974
0.049072 -0.644531 1.081787 0.045898 -0.146118 -0.015381
0.025757 -0.682983 1.049683 0.032715 -0.120605 0.030518
0.025391 -0.678223 1.028076 0.024414 -0.121216 0.078491
0.052490 -0.656006 1.038696 0.019775 -0.142578 0.118042
0.074707 -0.644775 1.059326 0.017944 -0.151978 0.142822
0.052856 -0.660889 1.044922 -0.014893 -0.144531 0.171875
0.036377 -0.668579 1.025024 0.027466 -0.132935 0.218506
0.041748 -0.640869 0.995605 0.087036 -0.140625 0.269653
0.036499 -0.600708 0.966797 0.136719 -0.161133 0.306885
0.027222 -0.585815 0.921265 0.166016 -0.197021 0.332520
0.047974 -0.543701 0.930542 0.234619 -0.242188 0.356567
0.073486 -0.511230 0.955200 0.234375 -0.263916 0.391724
0.099731 -0.453491 0.987305 0.205933 -0.239624 0.427246
0.109131 -0.388062 0.979736 0.134521 -0.177979 0.470093
0.086914 -0.349731 0.913818 -0.012329 -0.117188 0.501709
0.070679 -0.309937 0.865967 -0.114258 -0.091797 0.515137
0.073242 -0.291382 0.867432 -0.188721 -0.105347 0.523682
0.105713 -0.245117 0.896484 -0.236938 -0.142822 0.521729
0.150513 -0.196899 0.953369 -0.225586 -0.161865 0.515381
0.197021 -0.140625 0.997559 -0.193970 -0.156250 0.505127
0.234497 -0.074219 1.034424 -0.177856 -0.144531 0.475464
0.241821 -0.033691 1.058716 -0.158203 -0.123291 0.432983
0.223267 -0.032349 1.058350 -0.136841 -0.099976 0.389893
0.235229 0.002808 1.088745 -0.087158 -0.089966 0.355713
0.250244 0.039917 1.130127 -0.078491 -0.068726 0.333008
0.291748 0.112183 1.146240 -0.053467 -0.032227 0.309814
0.291504 0.134521 1.121826 -0.035400 0.002930 0.270752
0.296753 0.180542 1.099365 0.009155 0.013672 0.230469
0.326294 0.207153 1.105225 0.039063 0.007446 0.198730
0.367310 0.257202 1.119751 0.034912 0.000732 0.164551
0.415039 0.313843 1.134033 0.056641 0.005737 0.109375
0.444214 0.336426 1.151123 0.072144 0.030518 0.033203
0.462646 0.341309 1.140625 0.073730 0.049561 -0.050049
0.468384 0.325439 1.137085 0.077393 0.067505 -0.136230
0.455566 0.263062 1.126099 0.051392 0.088501 -0.205933
0.432739 0.208008 1.104126 0.017822 0.113403 -0.251465
0.411987 0.157959 1.057251 0.008179 0.137451 -0.280762
0.360474 0.072998 0.978882 -0.029053 0.147217 -0.299438
0.328613 0.000488 0.930176 -0.022217 0.119385 -0.310425
0.348633 -0.014771 0.934814 0.014771 0.070557 -0.323853
0.375488 -0.030273 0.974854 0.002686 0.042358 -0.347168
0.392578 -0.074951 1.014404 -0.034912 0.060059 -0.388916
0.363281 -0.138428 1.013428 -0.070313 0.115112 -0.433228
0.291748 -0.231934 0.971802 -0.132935 0.164917 -0.459106
0.218140 -0.317261 0.925293 -0.201050 0.183350 -0.469849
0.170044 -0.385742 0.900024 -0.213867 0.176514 -0.468994
0.148804 -0.399170 0.887939 -0.182129 0.142578 -0.475464
0.133057 -0.410522 0.880615 -0.107422 0.097046 -0.504028
0.105225 -0.449829 0.857910 -0.015503 0.049438 -0.575684
0.101318 -0.501709 0.876709 0.062500 0.008667 -0.648438
0.091553 -0.556763 0.995850 0.085449 0.014282 -0.673340
0.065063 -0.596313 1.039795 -0.032593 0.075806 -0.624878
-0.004517 -0.619751 1.008789 -0.245483 0.150146 -0.536011
-0.059082 -0.614868 0.963745 -0.395020 0.189697 -0.439209
-0.101685 -0.599854 0.944946 -0.461426 0.192871 -0.342163
-0.125977 -0.549072 0.924438 -0.492432 0.152100 -0.263794
-0.117798 -0.496216 0.919678 -0.484619 0.086914 -0.206543
-0.114990 -0.435547 0.898193 -0.455200 0.000000 -0.187012
-0.091675 -0.370117 0.914551 -0.404419 -0.100586 -0.190552
-0.052246 -0.352295 0.963257 -0.362427 -0.166992 -0.204712
-0.019653 -0.352905 1.029175 -0.323242 -0.174805 -0.204224
-0.008667 -0.390747 1.073486 -0.289917 -0.117065 -0.175781
-0.067505 -0.443726 1.018188 -0.345093 -0.052368 -0.125122
-0.096191 -0.452881 0.979370 -0.349609 -0.013428 -0.076782
-0.106812 -0.466797 0.981812 -0.310913 -0.011719 -0.055786
-0.107544 -0.464844 0.983398 -0.229736 -0.033569 -0.045654
-0.107056 -0.473389 1.004883 -0.197144 -0.060913 -0.033081
-0.110718 -0.467041 0.999268 -0.198364 -0.083008 -0.019409
-0.118286 -0.482178 0.998901 -0.204712 -0.094482 -0.001587
-0.132080 -0.525024 1.036987 -0.233398 -0.108643 0.020142
-0.108643 -0.527954 1.032471 -0.218994 -0.127319 0.039673
-0.103271 -0.554321 1.050903 -0.209229 -0.150146 0.067139
-0.103271 -0.519287 1.033569 -0.134766 -0.158936 0.092041
-0.102539 -0.527832 1.007446 -0.122070 -0.173096 0.125732
-0.093994 -0.511230 1.036865 -0.083862 -0.179199 0.147095
-0.117310 -0.524780 0.937744 -0.088989 -0.191650 0.187988
-0.117065 -0.504395 1.049805 -0.008301 -0.171753 0.231445
-0.076294 -0.451782 0.974609 -0.022217 -0.210693 0.291504
-0.025513 -0.431152 1.104126 0.024170 -0.181763 0.320313
0.040771 -0.358765 1.077881 0.062744 -0.156006 0.354370
0.037476 -0.373901 1.068970 0.004395 -0.126953 0.384155
0.036377 -0.383301 1.068604 0.006714 -0.081787 0.409302
0.056641 -0.368286 1.102051 0.053711 -0.043823 0.436279
0.080200 -0.343506 1.148682 0.052124 -0.020142 0.468018
0.099976 -0.310791 1.197632 0.060791 0.031128 0.491211
0.104858 -0.292480 1.220825 0.083008 0.118530 0.513794
0.083862 -0.297729 1.188477 0.135132 0.183838 0.545776
0.083130 -0.288208 1.162964 0.212524 0.226074 0.566040
0.106689 -0.282104 1.148682 0.302490 0.268555 0.569702
0.116821 -0.260010 1.109131 0.347046 0.290649 0.565186
0.151733 -0.231323 1.143433 0.382202 0.279541 0.558594
0.202393 -0.184814 1.220215 0.355469 0.295044 0.539429
0.213745 -0.187256 1.215454 0.274536 0.346191 0.514648
0.221680 -0.189575 1.220581 0.252441 0.330200 0.478638
0.218384 -0.180908 1.232910 0.177490 0.305786 0.422119
0.231201 -0.121704 1.221802 0.082886 0.236572 0.376709
0.311646 -0.058594 1.230591 0.072144 0.154175 0.346802
0.328247 -0.037109 1.251587 0.009155 0.125244 0.312256
0.335205 -0.009399 1.223877 0.056274 0.141357 0.254883
0.339966 0.008301 1.196655 0.198486 0.133545 0.182373
0.353638 0.055664 1.181274 0.295776 0.083618 0.103638
0.358398 0.099976 1.165039 0.290161 0.042236 0.027954
0.356445 0.127197 1.181641 0.235718 0.035278 -0.028076
0.316650 0.098389 1.134277 0.221313 0.099121 -0.075195
0.270508 0.095093 1.050537 0.299194 0.171631 -0.118652
0.202393 0.037842 0.965332 0.338867 0.184570 -0.165527
0.155396 0.002563 0.919922 0.376831 0.148315 -0.219727
0.117676 -0.036499 0.885254 0.400391 0.098389 -0.266602
0.085327 -0.059692 0.856689 0.425293 0.057495 -0.295776
0.068726 -0.042725 0.824707 0.436157 0.013672 -0.301147
0.031494 -0.063110 0.783813 0.403687 -0.019165 -0.291382
0.004883 -0.085327 0.776855 0.366089 -0.051270 -0.286743
-0.021362 -0.125854 0.776978 0.320313 -0.075684 -0.277588
-0.044067 -0.183960 0.758789 0.272705 -0.084351 -0.243896
-0.037231 -0.241821 0.799438 0.206909 -0.084473 -0.212158
-0.032837 -0.278809 0.866821 0.087769 -0.091064 -0.223633
-0.065430 -0.317139 0.848022 0.016602 -0.110840 -0.264893
-0.108887 -0.372437 0.831665 0.066406 -0.146362 -0.300415
-0.123779 -0.423096 0.838501 0.177490 -0.199463 -0.324097
-0.113281 -0.414673 0.834717 0.235962 -0.256592 -0.326782
-0.085815 -0.411987 0.879272 0.214844 -0.277466 -0.301392
-0.051392 -0.394531 0.935913 0.143066 -0.243774 -0.249146
-0.046509 -0.401245 0.931030 0.012573 -0.174683 -0.175537
-0.056885 -0.406128 0.902100 -0.126587 -0.120605 -0.117676
-0.053711 -0.402100 0.880371 -0.209961 -0.110229 -0.066284
-0.039185 -0.403809 0.872925 -0.233521 -0.124146 -0.035645
-0.025269 -0.408936 0.888916 -0.255737 -0.148193 -0.036865
-0.008667 -0.448853 0.921875 -0.238159 -0.167114 -0.056519
0.015991 -0.453125 0.959351 -0.167969 -0.182007 -0.089966
0.032593 -0.460449 0.962646 -0.103516 -0.187378 -0.114014
0.048584 -0.438110 0.956787 -0.070190 -0.197021 -0.110840
0.081665 -0.426514 0.967896 -0.081543 -0.209595 -0.080078
0.128662 -0.379150 0.997070 -0.102783 -0.226318 -0.049194
0.177612 -0.329712 1.025757 -0.114258 -0.237549 -0.023682
0.228149 -0.281250 1.079224 -0.117798 -0.244141 -0.023804
0.299072 -0.212402 1.111328 -0.111084 -0.258179 -0.047852
