0.023193 -0.311768 1.011597 -0.118408 -0.002441 -0.063599
0.019897 -0.321411 0.998901 -0.109863 -0.017456 -0.071167
0.004883 -0.339722 0.981079 -0.094116 -0.035034 -0.078247
0.008423 -0.347046 0.981445 -0.074829 -0.054688 -0.082031
0.018799 -0.345459 0.992554 -0.065430 -0.065552 -0.081909
0.024414 -0.347412 1.005127 -0.075928 -0.063477 -0.082031
0.019775 -0.380981 1.010498 -0.082642 -0.048828 -0.077148
0.016724 -0.383179 1.012695 -0.081543 -0.039307 -0.066406
-0.006592 -0.437744 0.999146 -0.081665 -0.030273 -0.039917
-0.024780 -0.451660 0.975098 -0.068237 -0.037109 -0.025391
-0.024414 -0.459473 0.971924 -0.042480 -0.059937 -0.012573
-0.016357 -0.455200 0.971680 -0.001221 -0.083862 -0.008423
-0.017090 -0.472412 0.986938 0.040649 -0.099243 -0.010010
-0.018799 -0.498657 0.989014 0.068115 -0.109497 -0.002563
-0.020630 -0.511353 0.979980 0.078613 -0.113770 0.014648
-0.036987 -0.564209 0.977051 0.073853 -0.116821 0.046021
-0.039185 -0.576294 0.981812 0.070923 -0.128540 0.076172
-0.031250 -0.593872 0.972534 0.066162 -0.136719 0.110107
-0.037476 -0.619385 0.978638 0.050537 -0.139893 0.135010
-0.042236 -0.633179 0.968994 0.041260 -0.147095 0.163818
-0.041138 -0.635376 0.951904 0.051025 -0.156616 0.201538
-0.033325 -0.633667 0.936890 0.070679 -0.177490 0.242920
-0.016479 -0.621094 0.935303 0.092041 -0.179443 0.288940
0.001953 -0.576172 0.948853 0.113892 -0.156372 0.335815
0.003052 -0.545410 0.937012 0.064453 -0.116699 0.397949
-0.011841 -0.504883 0.901001 -0.009766 -0.070313 0.457642
-0.017456 -0.445435 0.858643 -0.068359 -0.049683 0.500854
-0.015015 -0.377075 0.828613 -0.072876 -0.052856 0.522949
0.001343 -0.317871 0.848145 -0.077515 -0.067627 0.525146
0.010254 -0.292114 0.889038 -0.104004 -0.081055 0.519409
0.033203 -0.253662 0.908813 -0.103149 -0.097778 0.516113
0.056030 -0.228882 0.959229 -0.072388 -0.119751 0.503174
0.103882 -0.192261 1.041870 -0.026733 -0.143311 0.478882
0.148438 -0.154419 1.124756 -0.011841 -0.150269 0.448120
0.185059 -0.118164 1.178589 -0.017334 -0.135498 0.416382
0.213867 -0.071045 1.206299 -0.026489 -0.108276 0.396851
0.228760 -0.014526 1.196777 -0.054565 -0.087402 0.372681
0.257324 0.049072 1.178955 -0.072144 -0.084717 0.329956
0.291138 0.094727 1.180298 -0.070557 -0.091431 0.273682
0.320801 0.130371 1.186890 -0.051392 -0.091797 0.202271
0.346436 0.174072 1.193604 -0.027954 -0.071899 0.130371
0.351685 0.181030 1.187744 -0.039795 -0.038452 0.071899
0.352905 0.171143 1.193604 -0.072510 -0.002197 0.015625
0.354370 0.169556 1.154419 -0.083984 0.027466 -0.044189
0.349854 0.138184 1.125366 -0.100830 0.041748 -0.110962
0.341553 0.109131 1.097778 -0.093872 0.039551 -0.182373
0.344727 0.061890 1.083984 -0.063354 0.028320 -0.249146
0.347168 0.014893 1.091797 -0.026489 0.025635 -0.301270
0.353638 -0.028564 1.081299 -0.024658 0.041626 -0.331421
0.341797 -0.088013 1.058838 -0.044312 0.078125 -0.341553
0.320313 -0.135742 1.030640 -0.066162 0.114014 -0.342163
0.294556 -0.159790 0.991699 -0.085449 0.140381 -0.348755
0.264526 -0.196899 0.954224 -0.098022 0.149536 -0.367432
0.222900 -0.247803 0.921143 -0.106934 0.148438 -0.397461
0.181274 -0.284912 0.879517 -0.106079 0.127808 -0.431885
0.151245 -0.305054 0.843872 -0.075073 0.091187 -0.468384
0.134766 -0.340698 0.836792 -0.026489 0.051270 -0.496216
0.131104 -0.358032 0.854370 0.020386 0.019897 -0.509399
0.149048 -0.365112 0.905396 0.033325 0.028320 -0.491943
0.142456 -0.386597 0.955078 -0.013062 0.093384 -0.450928
0.107910 -0.392334 0.923218 -0.102417 0.185791 -0.396240
0.007568 -0.478394 0.898682 -0.144409 0.261108 -0.321045
-0.064819 -0.504517 0.874390 -0.111450 0.243774 -0.295898
-0.109863 -0.527100 0.862671 -0.017944 0.152222 -0.304810
-0.118530 -0.512329 0.872070 0.100830 0.033569 -0.336304
-0.097412 -0.474365 0.905640 0.137939 -0.079590 -0.380737
-0.056152 -0.453979 0.971191 0.131592 -0.161621 -0.419312
-0.036255 -0.464722 1.028442 0.082153 -0.192749 -0.438843
-0.059448 -0.510254 1.047485 -0.080444 -0.177734 -0.422241
-0.093872 -0.560791 1.054321 -0.261353 -0.130859 -0.374268
-0.118042 -0.570068 1.042603 -0.382568 -0.087158 -0.322876
-0.123047 -0.565430 1.015259 -0.432373 -0.056152 -0.277954
-0.121826 -0.549561 0.972900 -0.417847 -0.046387 -0.237549
-0.121704 -0.549683 0.938843 -0.383545 -0.043213 -0.204956
-0.157837 -0.605225 0.930420 -0.290161 -0.011475 -0.180664
-0.159546 -0.625488 0.931396 -0.172607 0.005981 -0.140137
-0.179565 -0.639038 0.892334 -0.182373 -0.002686 -0.083252
-0.188232 -0.650146 0.884644 -0.183960 -0.026367 -0.022095
-0.182983 -0.639038 0.872681 -0.167480 -0.055420 0.033447
-0.159790 -0.620361 0.907715 -0.162476 -0.091309 0.076050
-0.117432 -0.577637 0.963867 -0.166382 -0.128540 0.095215
-0.101318 -0.575317 1.020020 -0.236572 -0.159180 0.098511
-0.096680 -0.575928 1.045288 -0.244263 -0.168457 0.112183
-0.098022 -0.557861 1.043335 -0.214600 -0.161011 0.140747
-0.089600 -0.535645 1.036499 -0.212158 -0.156250 0.182983
-0.077148 -0.507324 1.048340 -0.221436 -0.158447 0.224365
-0.067749 -0.485718 1.066895 -0.233765 -0.150269 0.270752
-0.075684 -0.462769 1.062866 -0.251831 -0.113892 0.322021
-0.106934 -0.443359 1.020508 -0.256714 -0.065918 0.363281
-0.124146 -0.419800 0.975464 -0.211304 -0.038452 0.388184
-0.143066 -0.423828 0.953979 -0.135376 -0.040894 0.394165
-0.123901 -0.381836 0.973389 -0.013306 -0.051636 0.386841
-0.123047 -0.409668 1.010620 0.010620 -0.061279 0.399780
-0.098511 -0.384399 1.015869 0.057983 -0.045654 0.423096
-0.137451 -0.318848 0.981567 0.103394 -0.016968 0.443848
-0.080933 -0.361816 1.025513 0.150757 0.005615 0.507446
-0.051514 -0.250854 1.163452 0.105347 -0.001465 0.520508
-0.009644 -0.274414 1.081665 0.186035 0.083252 0.561035
0.019653 -0.206909 1.062378 0.287109 0.119019 0.584106
0.030762 -0.226929 1.085205 0.235474 0.161499 0.589355
0.055420 -0.220337 1.117798 0.265503 0.196777 0.585449
0.047607 -0.247070 1.090088 0.284912 0.221558 0.578003
0.050171 -0.247314 1.094727 0.365723 0.210083 0.553223
0.072388 -0.219360 1.119385 0.469849 0.166748 0.523438
0.109131 -0.205811 1.154297 0.513062 0.132324 0.500000
0.147217 -0.176758 1.172729 0.505615 0.130127 0.478027
0.172852 -0.140991 1.204590 0.464844 0.166504 0.442017
0.204224 -0.111084 1.249634 0.380127 0.204102 0.398560
0.222290 -0.094238 1.260742 0.262329 0.224365 0.343262
0.219116 -0.088989 1.264648 0.148438 0.217163 0.282959
0.227417 -0.070068 1.236450 0.114868 0.188843 0.240234
0.239746 -0.041382 1.207886 0.101929 0.146362 0.201660
0.260132 -0.010742 1.208374 0.065430 0.093018 0.152466
0.283325 0.012817 1.202026 0.026489 0.052368 0.102661
0.287476 0.029663 1.194336 0.005981 0.030151 0.054932
0.284302 0.030762 1.155029 0.002075 0.013550 0.011230
0.284180 0.058716 1.144043 -0.057373 -0.010498 -0.040527
0.285400 0.042603 1.134277 -0.141968 -0.026245 -0.078003
0.259521 -0.022095 1.147217 -0.214844 -0.048828 -0.111938
0.227783 -0.060669 1.120605 -0.122314 -0.047241 -0.135620
0.196167 -0.057983 1.088867 -0.007690 -0.032959 -0.171021
0.130371 -0.128418 1.005371 0.084106 0.009033 -0.201050
0.109741 -0.099609 0.930420 0.159790 0.019287 -0.238159
0.082886 -0.083618 0.910156 0.224976 -0.001709 -0.289795
0.074585 -0.100098 0.914063 0.314575 -0.020264 -0.328735
0.066406 -0.115356 0.926880 0.366821 -0.031372 -0.348022
0.036865 -0.141846 0.905029 0.337891 -0.020752 -0.344238
0.001587 -0.172852 0.898682 0.270874 0.014648 -0.324829
-0.044189 -0.203613 0.861328 0.165894 0.045532 -0.298706
-0.069336 -0.219238 0.834106 0.097900 0.052612 -0.279663
-0.085571 -0.202393 0.799438 0.061279 0.035400 -0.300049
-0.123779 -0.235229 0.753540 0.029907 -0.001709 -0.339966
-0.162476 -0.302368 0.730103 0.028320 -0.060547 -0.381836
-0.188477 -0.389160 0.762085 0.056030 -0.111450 -0.400269
-0.204712 -0.425415 0.779541 0.072144 -0.158203 -0.387085
-0.208374 -0.471069 0.805908 0.063965 -0.171509 -0.333374
-0.203857 -0.509155 0.838257 0.045898 -0.160278 -0.260132
-0.186768 -0.507080 0.861084 -0.006470 -0.143921 -0.187866
-0.165405 -0.500610 0.868530 -0.086182 -0.113647 -0.131592
-0.167480 -0.484375 0.838989 -0.157349 -0.116089 -0.109741
-0.132202 -0.461670 0.854736 -0.138550 -0.150024 -0.105225
-0.078369 -0.437134 0.880371 -0.079224 -0.193970 -0.122803
-0.021484 -0.412231 0.935059 -0.038940 -0.230591 -0.151733
-0.006348 -0.458496 0.991089 -0.044556 -0.223022 -0.159302
-0.003784 -0.475342 1.001953 -0.092896 -0.189941 -0.146851
-0.003784 -0.476440 0.999634 -0.151245 -0.155273 -0.117676
0.001221 -0.469482 0.982666 -0.182983 -0.129883 -0.086182
0.008057 -0.452271 0.975586 -0.198975 -0.125000 -0.057007
0.008057 -0.464233 0.964844 -0.187500 -0.130737 -0.030762
0.038818 -0.430542 0.972168 -0.151733 -0.159424 -0.020264
