0.046509 -0.281982 0.997925 -0.071899 -0.016479 -0.062378
0.032227 -0.315674 0.987183 -0.080078 -0.019409 -0.060059
0.026978 -0.322266 0.974976 -0.074463 -0.034790 -0.059204
0.034302 -0.313721 0.972290 -0.074951 -0.051270 -0.062622
0.041260 -0.310791 0.981079 -0.082031 -0.060791 -0.070801
0.049072 -0.296875 0.994629 -0.090454 -0.063232 -0.077271
0.050781 -0.319458 0.998657 -0.097290 -0.057495 -0.070801
0.055054 -0.321167 1.004395 -0.099243 -0.056030 -0.065308
0.058960 -0.315552 1.005127 -0.108643 -0.055420 -0.063477
0.042603 -0.343994 1.003296 -0.127686 -0.046387 -0.060547
0.028320 -0.370117 0.979736 -0.127808 -0.037842 -0.056274
0.007935 -0.393799 0.958008 -0.113037 -0.044312 -0.050171
0.009521 -0.406738 0.953369 -0.093262 -0.066650 -0.044800
0.010864 -0.427612 0.959717 -0.073486 -0.094360 -0.048828
0.008789 -0.451782 0.962646 -0.042603 -0.121704 -0.058228
-0.002808 -0.505737 0.959839 -0.014160 -0.142822 -0.063599
0.000488 -0.514771 0.957520 0.006470 -0.158569 -0.062134
-0.006470 -0.552490 0.949951 0.000122 -0.162842 -0.040161
0.012817 -0.569458 0.955200 -0.009521 -0.168213 -0.016357
0.012573 -0.618408 0.981201 -0.033813 -0.168091 0.005615
0.007690 -0.668579 0.975708 -0.045776 -0.164429 0.025879
-0.017090 -0.738281 0.949463 -0.029053 -0.166870 0.041992
-0.035156 -0.778809 0.923828 0.017578 -0.191040 0.055298
-0.053589 -0.807007 0.898315 0.070313 -0.234741 0.072632
-0.067139 -0.811157 0.885010 0.149170 -0.292358 0.087524
-0.046021 -0.772217 0.905273 0.283569 -0.360352 0.112061
0.020386 -0.712280 0.991211 0.375977 -0.378296 0.168335
0.090942 -0.616821 1.056274 0.398071 -0.329468 0.251587
0.110962 -0.520142 1.051270 0.283081 -0.233398 0.347534
0.103394 -0.434570 0.995239 0.091553 -0.137329 0.434814
0.099976 -0.375122 0.957397 -0.060181 -0.089722 0.492432
0.125977 -0.297729 0.951172 -0.140503 -0.092163 0.504272
0.147095 -0.234375 0.997314 -0.193359 -0.104858 0.476807
0.129517 -0.223267 1.005249 -0.288940 -0.096313 0.440674
0.094971 -0.179932 0.965454 -0.395264 -0.081299 0.416992
0.058472 -0.166382 0.913574 -0.439941 -0.066406 0.418945
0.063599 -0.117065 0.917358 -0.335693 -0.075195 0.415527
0.107300 -0.062256 0.974487 -0.224243 -0.095337 0.411499
0.161987 0.007690 1.034790 -0.168457 -0.092529 0.400024
0.212524 0.074829 1.112427 -0.144653 -0.066650 0.380371
0.260498 0.138062 1.136475 -0.107788 -0.032104 0.343628
0.265625 0.158813 1.116455 -0.069336 -0.008789 0.290039
0.277100 0.163940 1.117920 -0.031494 -0.016846 0.220825
0.315186 0.174072 1.160522 -0.003906 -0.045288 0.151978
0.353149 0.198364 1.213623 -0.002441 -0.055420 0.092773
0.381470 0.208130 1.238770 -0.023682 -0.028076 0.058350
0.381592 0.213745 1.217896 -0.061279 0.019165 0.022217
0.364258 0.166138 1.198364 -0.084839 0.046143 -0.018188
0.366821 0.145264 1.188965 -0.054321 0.042725 -0.061646
0.386230 0.141235 1.180664 -0.018066 0.022339 -0.111450
0.409912 0.130981 1.169678 -0.008057 0.005249 -0.172119
0.422241 0.080444 1.154785 -0.015991 0.012207 -0.231812
0.406860 -0.000122 1.153076 -0.024292 0.042236 -0.275635
0.414673 -0.046143 1.135986 -0.015991 0.076416 -0.309570
0.405518 -0.075073 1.114624 -0.021240 0.121460 -0.349976
0.369507 -0.146484 1.059570 -0.009399 0.167114 -0.390991
0.317871 -0.239258 0.997437 0.016479 0.193848 -0.445190
0.249390 -0.327515 0.936523 0.057495 0.186035 -0.487061
0.211914 -0.371704 0.910400 0.103638 0.157715 -0.505981
0.188599 -0.406860 0.913086 0.108154 0.130859 -0.505493
0.160278 -0.436035 0.873291 0.088745 0.115601 -0.490845
0.107178 -0.474731 0.854248 0.077393 0.107666 -0.462280
0.086792 -0.462891 0.835327 0.083130 0.085938 -0.438232
0.077637 -0.438721 0.845703 0.080933 0.066162 -0.416504
0.072510 -0.410034 0.850098 0.068115 0.049194 -0.418823
0.037354 -0.445557 0.847656 0.035400 0.042480 -0.436523
-0.008789 -0.509644 0.855957 -0.016724 0.044189 -0.444580
-0.056641 -0.581177 0.884644 -0.096069 0.054565 -0.427612
-0.102783 -0.626465 0.906372 -0.173462 0.073364 -0.382813
-0.133423 -0.639038 0.901123 -0.215332 0.079956 -0.323120
-0.157593 -0.654663 0.901489 -0.218140 0.060547 -0.268066
-0.160889 -0.646484 0.909668 -0.174194 0.016602 -0.224365
-0.146484 -0.593628 0.926270 -0.138916 -0.022949 -0.196655
-0.131348 -0.555542 0.950317 -0.118286 -0.046997 -0.162720
-0.105835 -0.503662 0.986938 -0.115967 -0.051880 -0.115356
-0.078369 -0.454712 0.979858 -0.146851 -0.060791 -0.071167
-0.065674 -0.442139 0.997559 -0.119385 -0.039307 -0.034912
-0.050415 -0.432495 1.005493 -0.136108 -0.032593 -0.019287
-0.031860 -0.436890 1.019165 -0.161011 -0.047607 -0.012207
-0.006958 -0.430054 1.048462 -0.157715 -0.064331 -0.005005
0.017090 -0.433228 1.082886 -0.172241 -0.066406 0.009033
0.053223 -0.404541 1.100464 -0.180054 -0.056152 0.020264
0.074951 -0.372925 1.093506 -0.156128 -0.038208 0.021851
0.076904 -0.370239 1.079712 -0.126709 -0.021484 0.011963
0.070068 -0.378418 1.061401 -0.099854 -0.008423 -0.005615
0.034302 -0.395996 1.020142 -0.089355 -0.002930 -0.018677
0.023926 -0.390869 0.965088 -0.077515 -0.007324 -0.018799
0.007813 -0.415771 0.959717 -0.082031 -0.017578 -0.005981
-0.015137 -0.417358 0.939819 -0.060791 -0.026733 0.007690
-0.032227 -0.444214 0.913696 -0.053223 -0.044434 0.040283
-0.047241 -0.440308 0.911377 -0.059448 -0.059326 0.069824
-0.052490 -0.452271 0.923218 -0.055420 -0.067505 0.095581
-0.064453 -0.445923 0.911865 -0.064087 -0.076416 0.110962
-0.078369 -0.451294 0.907227 -0.100586 -0.097900 0.124023
-0.086060 -0.463013 0.916870 -0.193604 -0.119629 0.135620
-0.099854 -0.470215 0.933594 -0.388062 -0.166626 0.151611
-0.128784 -0.499146 0.901855 -0.638428 -0.208130 0.165405
-0.132568 -0.449829 0.886719 -0.770386 -0.260254 0.169434
-0.127197 -0.442261 0.917480 -0.752197 -0.278687 0.154419
-0.135742 -0.443115 0.937012 -0.679443 -0.299438 0.142822
-0.197388 -0.507324 0.842529 -0.671631 -0.328613 0.185059
-0.165894 -0.554443 1.058960 -0.403320 -0.259766 0.229004
-0.083496 -0.412231 1.199097 -0.179688 -0.235596 0.280151
0.011108 -0.451538 1.248291 0.018555 -0.207642 0.361694
-0.009277 -0.522583 1.182373 -0.166870 -0.182739 0.436279
-0.015503 -0.500244 1.152344 -0.066528 -0.098633 0.497681
0.054321 -0.453735 1.190063 0.093140 -0.059570 0.556641
0.109375 -0.387939 1.171631 -0.000732 -0.058228 0.579712
0.128174 -0.364868 1.127930 -0.013550 -0.040649 0.574463
0.162109 -0.315796 1.099487 0.044434 -0.030762 0.560059
0.195435 -0.278931 1.061401 0.005981 -0.054443 0.547363
0.261108 -0.233276 1.094849 -0.010132 -0.076660 0.499390
0.323364 -0.193604 1.127075 0.037231 -0.074219 0.433472
0.354004 -0.225708 1.180298 0.116699 -0.027222 0.380249
0.383057 -0.224365 1.184814 0.158081 0.016113 0.340210
0.398438 -0.214722 1.175415 0.198730 0.071411 0.320557
0.412598 -0.199463 1.170044 0.247803 0.120605 0.303223
0.424316 -0.176147 1.162354 0.280151 0.140381 0.249268
0.430664 -0.163086 1.170166 0.313232 0.137695 0.171875
0.402344 -0.184570 1.168335 0.318970 0.129883 0.096802
0.388428 -0.197754 1.180420 0.315430 0.118530 0.024292
0.380737 -0.179688 1.202271 0.307129 0.114746 -0.044556
0.361084 -0.166382 1.210449 0.289551 0.133301 -0.099365
0.324219 -0.172119 1.186646 0.247314 0.161621 -0.139893
0.280396 -0.168213 1.158325 0.233032 0.203003 -0.164185
0.237549 -0.193726 1.109375 0.272583 0.261597 -0.173706
0.203003 -0.186279 1.043457 0.308594 0.292480 -0.197754
0.166138 -0.177490 1.003052 0.331299 0.285645 -0.235229
0.137695 -0.179688 0.990234 0.386597 0.260864 -0.271484
0.106567 -0.200684 0.974609 0.492310 0.220215 -0.293823
0.085938 -0.185059 0.971924 0.564331 0.179932 -0.314697
0.069702 -0.163452 0.958496 0.575439 0.154907 -0.317871
0.050415 -0.144897 0.924072 0.542725 0.145386 -0.319214
0.036255 -0.117798 0.880127 0.519531 0.144775 -0.327026
-0.007324 -0.158447 0.849121 0.462769 0.127563 -0.323730
-0.050537 -0.241577 0.822998 0.403931 0.097778 -0.312866
-0.073364 -0.293823 0.828003 0.376343 0.043335 -0.308228
-0.064087 -0.292725 0.833252 0.357300 -0.022705 -0.301392
-0.041138 -0.292725 0.862549 0.336670 -0.068115 -0.279663
-0.009644 -0.269165 0.877319 0.312012 -0.095459 -0.270630
0.001587 -0.264648 0.878906 0.280762 -0.102173 -0.266968
-0.014160 -0.298950 0.860474 0.241699 -0.096558 -0.272095
-0.015381 -0.326904 0.893188 0.185669 -0.094482 -0.268921
0.000610 -0.325195 0.922852 0.082642 -0.093506 -0.263184
0.008789 -0.327881 0.928467 -0.013184 -0.079346 -0.260376
-0.001221 -0.327637 0.904053 -0.045044 -0.063965 -0.254761
-0.049927 -0.409058 0.852905 -0.032837 -0.070557 -0.242920
-0.066406 -0.451294 0.866699 0.042725 -0.123657 -0.236450
-0.059937 -0.497803 0.918945 0.124634 -0.184814 -0.209473
-0.031372 -0.490723 0.962891 0.180298 -0.217773 -0.169312
