0.056641 -0.330933 1.004028 -0.041748 -0.048096 -0.048828
0.084229 -0.305908 1.038208 -0.054199 -0.059204 -0.041016
0.092041 -0.291138 1.039673 -0.065308 -0.045166 -0.040039
0.082520 -0.290039 1.011475 -0.075806 -0.034668 -0.042114
0.061890 -0.304199 0.990967 -0.087524 -0.038452 -0.048584
0.058838 -0.309326 0.972534 -0.073364 -0.046509 -0.054443
0.055420 -0.329956 0.980469 -0.055054 -0.047852 -0.054688
0.055054 -0.341797 0.975464 -0.042480 -0.054077 -0.049194
0.070923 -0.351196 0.992798 -0.032959 -0.068359 -0.043579
0.093506 -0.341187 1.012451 -0.030151 -0.073853 -0.033569
0.103394 -0.326782 1.004517 -0.047607 -0.062378 -0.026733
0.093262 -0.355469 0.985229 -0.061401 -0.046143 -0.025513
0.083008 -0.390259 0.974365 -0.063843 -0.040527 -0.025513
0.076904 -0.420166 0.969604 -0.056274 -0.045044 -0.024658
0.068481 -0.453125 0.971313 -0.029175 -0.055664 -0.026367
0.070190 -0.480225 0.979126 0.010742 -0.068604 -0.018555
0.065430 -0.523804 0.990234 0.037964 -0.071167 -0.001221
0.073120 -0.548218 0.999146 0.053345 -0.072021 0.016235
0.070068 -0.592285 1.016968 0.048462 -0.065063 0.034790
0.062744 -0.608276 1.003418 0.057739 -0.046143 0.054199
0.036011 -0.655762 1.000122 0.061157 -0.015137 0.078125
0.010254 -0.684570 0.992554 0.080322 0.004028 0.116455
0.007568 -0.672607 0.972290 0.128784 0.002441 0.160034
0.018311 -0.643433 0.992676 0.144897 -0.009033 0.204468
0.039917 -0.617065 0.985962 0.085083 -0.016846 0.249268
0.016602 -0.607788 0.937500 -0.006592 -0.033325 0.271851
0.004150 -0.566895 0.900635 -0.046143 -0.067627 0.281616
-0.009521 -0.557739 0.876709 -0.033569 -0.105103 0.284180
-0.005615 -0.540527 0.891235 -0.019409 -0.144043 0.281860
0.011719 -0.508179 0.915527 -0.036987 -0.174805 0.290894
0.021362 -0.490845 0.940674 -0.149414 -0.179932 0.324463
0.029785 -0.449341 0.943970 -0.295776 -0.166138 0.372437
0.036133 -0.388550 0.933350 -0.425171 -0.140991 0.415405
0.029053 -0.324951 0.920288 -0.458252 -0.130859 0.429688
0.030762 -0.259277 0.911011 -0.374878 -0.136475 0.418701
0.031860 -0.238770 0.921509 -0.269653 -0.154419 0.387573
0.044922 -0.191284 0.955322 -0.120728 -0.176636 0.351807
0.062744 -0.132324 0.954834 -0.025024 -0.199951 0.319702
0.077637 -0.110352 1.000122 -0.011841 -0.216431 0.293335
0.111206 -0.076172 1.064453 -0.003540 -0.225098 0.287964
0.163574 -0.036377 1.127075 0.007080 -0.221802 0.292725
0.215698 0.008179 1.187866 0.015991 -0.202148 0.298950
0.263428 0.063721 1.231201 0.006958 -0.167603 0.299805
0.301025 0.130493 1.248657 0.009766 -0.118652 0.285522
0.330078 0.189209 1.235229 0.027710 -0.067871 0.247803
0.349243 0.235229 1.209961 0.042358 -0.028320 0.190308
0.378174 0.262207 1.201294 0.037354 0.001831 0.116455
0.363525 0.224121 1.179810 0.011963 0.030762 0.036011
0.345337 0.173218 1.157837 -0.005737 0.043701 -0.031128
0.340454 0.140625 1.128052 0.006348 0.044678 -0.083984
0.340576 0.120361 1.109497 0.040894 0.034302 -0.132935
0.338501 0.075195 1.098022 0.049805 0.015747 -0.175415
0.338867 0.015991 1.085327 0.035278 0.007446 -0.200195
0.358643 -0.009277 1.081421 0.012451 0.018066 -0.216187
0.376343 -0.012451 1.095703 -0.025024 0.045654 -0.238525
0.356567 -0.061768 1.052856 -0.071167 0.087891 -0.274902
0.325317 -0.141724 1.018677 -0.077148 0.113281 -0.317627
0.294067 -0.234985 1.012573 -0.055786 0.116089 -0.355225
0.270264 -0.302124 0.991333 -0.011841 0.100098 -0.379761
0.255859 -0.336670 0.984253 0.031860 0.075195 -0.396118
0.268066 -0.341675 0.995117 0.056763 0.055786 -0.410156
0.267700 -0.350830 1.004395 0.042114 0.062012 -0.420776
0.232910 -0.401245 0.971924 0.002808 0.086426 -0.427979
0.183960 -0.459106 0.944702 -0.045410 0.109253 -0.421387
0.122681 -0.515869 0.912964 -0.094971 0.119629 -0.395996
0.087769 -0.538696 0.884155 -0.115723 0.109619 -0.359497
0.056763 -0.528809 0.857178 -0.114258 0.092651 -0.330200
0.028320 -0.507202 0.829102 -0.089111 0.054565 -0.319336
-0.003052 -0.512939 0.816162 -0.017090 -0.001953 -0.335205
-0.007202 -0.513550 0.858643 0.086426 -0.064331 -0.352051
-0.003906 -0.532227 0.939697 0.139282 -0.086548 -0.327515
-0.006836 -0.535400 0.988525 0.115723 -0.053711 -0.269043
-0.029663 -0.509155 0.982178 0.020264 0.001343 -0.198486
-0.067261 -0.494873 0.941040 -0.114380 0.035767 -0.139404
-0.118164 -0.505127 0.957642 -0.168701 0.018433 -0.115967
-0.114380 -0.497803 0.973145 -0.131348 0.009277 -0.088379
-0.145996 -0.526855 0.967041 -0.143433 0.008789 -0.070435
-0.172485 -0.518921 0.920654 -0.139526 -0.026001 -0.058594
-0.184448 -0.542358 0.920044 -0.155029 -0.073242 -0.060059
-0.173096 -0.578369 0.960693 -0.128906 -0.110962 -0.059937
-0.151367 -0.576294 0.992676 -0.072388 -0.128784 -0.049805
-0.126221 -0.548218 0.999146 -0.017334 -0.136841 -0.016724
-0.092529 -0.533691 1.033691 0.007202 -0.148071 0.032349
-0.057861 -0.491211 1.069458 -0.030029 -0.151123 0.077271
-0.045166 -0.480103 1.064331 -0.071533 -0.129883 0.109741
-0.023071 -0.452881 1.083252 -0.058228 -0.108398 0.132324
-0.015015 -0.424927 1.072754 -0.051758 -0.086304 0.153076
-0.034302 -0.428955 1.053955 -0.046387 -0.073853 0.167847
-0.034546 -0.394165 1.033325 -0.015137 -0.092285 0.172607
-0.031128 -0.388550 1.024658 0.031494 -0.121094 0.172729
-0.029175 -0.402954 1.033936 0.078735 -0.140381 0.179321
-0.016357 -0.378784 1.050049 0.098022 -0.143311 0.195190
-0.035278 -0.371094 1.031006 0.082397 -0.125366 0.232056
-0.036743 -0.337891 0.999023 0.060303 -0.089355 0.279541
-0.045654 -0.319092 0.971680 0.041260 -0.065186 0.320313
-0.058716 -0.311401 0.958008 0.024170 -0.068848 0.351807
-0.056519 -0.300537 0.934448 0.032715 -0.070923 0.371826
-0.048950 -0.283691 0.928467 0.037720 -0.091064 0.376465
-0.039795 -0.272339 0.949341 0.075562 -0.113770 0.379150
-0.017700 -0.259399 0.978271 0.148315 -0.127197 0.381958
0.035645 -0.222046 1.027100 0.210815 -0.124756 0.388794
0.089111 -0.174438 1.141357 0.239258 -0.075317 0.397339
0.136719 -0.143188 1.117554 0.223755 0.014038 0.420776
0.151489 -0.136108 1.094604 0.192383 0.113647 0.441528
0.150146 -0.130615 1.057617 0.124268 0.203125 0.434326
0.145508 -0.164551 1.058472 0.036987 0.213135 0.441650
0.166504 -0.177368 1.093750 -0.006348 0.185669 0.438477
0.202881 -0.165161 1.135376 0.002441 0.147217 0.420410
0.241577 -0.151123 1.183838 0.037109 0.122925 0.397461
0.289307 -0.101196 1.234131 0.056030 0.119873 0.353149
0.318848 -0.056519 1.230469 0.007935 0.140381 0.306641
0.323486 -0.052246 1.210815 -0.067261 0.175415 0.258301
0.310181 -0.069946 1.203247 -0.145264 0.208008 0.207886
0.282593 -0.128174 1.177368 -0.202393 0.221313 0.177734
0.254150 -0.177124 1.136353 -0.191162 0.207031 0.156860
0.246338 -0.189941 1.113037 -0.126831 0.157471 0.130249
0.259399 -0.130249 1.102539 -0.022949 0.089600 0.088257
0.277100 -0.088623 1.100708 0.094238 0.034302 0.029419
0.299194 -0.021729 1.130249 0.183472 -0.000488 -0.046265
0.278809 -0.030640 1.132568 0.201904 0.003296 -0.091431
0.263184 -0.032593 1.120239 0.193237 0.026855 -0.125854
0.243652 -0.038574 1.121094 0.134888 0.054688 -0.135498
0.209595 -0.068848 1.123413 0.049683 0.092896 -0.141479
0.174438 -0.092651 1.108154 -0.002319 0.113159 -0.154663
0.135620 -0.118408 1.092773 -0.014771 0.112061 -0.164917
0.118896 -0.089844 1.088501 0.000610 0.095581 -0.177490
0.110840 -0.066162 1.084961 0.032959 0.087769 -0.198975
0.100342 -0.045166 1.068604 0.066650 0.070801 -0.243164
0.082520 -0.036133 1.071777 0.089233 0.046387 -0.293579
0.058594 -0.053101 1.053833 0.088135 0.037109 -0.322388
0.020386 -0.084961 1.025269 0.065552 0.038574 -0.317627
0.012451 -0.083862 1.017700 0.035522 0.036987 -0.296509
0.029785 -0.083984 1.026978 -0.012207 0.064209 -0.278687
0.024902 -0.089722 1.016968 -0.065796 0.093872 -0.247803
0.012085 -0.128662 0.995361 -0.077271 0.122314 -0.212280
-0.021118 -0.150024 0.945190 -0.078979 0.109741 -0.231445
-0.080688 -0.206055 0.889038 -0.046509 0.038086 -0.284912
-0.098755 -0.231567 0.865356 0.099731 -0.061035 -0.350952
-0.079346 -0.242920 0.877319 0.285034 -0.131470 -0.390747
-0.053589 -0.251587 0.910645 0.388062 -0.161255 -0.390625
-0.019287 -0.239624 0.931274 0.380005 -0.148804 -0.339111
-0.012573 -0.279175 0.923340 0.254150 -0.083130 -0.243164
-0.027100 -0.309082 0.906006 0.073364 -0.010132 -0.139404
-0.048462 -0.339966 0.866211 -0.113525 0.039185 -0.058716
-0.061890 -0.368530 0.812866 -0.232300 0.034424 -0.011719
-0.051270 -0.378296 0.797485 -0.237183 -0.024292 -0.030762
-0.035522 -0.384399 0.788574 -0.152466 -0.130615 -0.100220
0.005859 -0.392578 0.847290 -0.016846 -0.243652 -0.178223
0.062744 -0.397217 0.940063 0.080688 -0.296021 -0.236206
0.075684 -0.426025 0.979736 0.096558 -0.262817 -0.237183
