0.015137 -0.321777 1.000244 -0.051147 -0.046387 -0.040161
0.022949 -0.326904 1.003296 -0.037109 -0.055786 -0.043945
0.020508 -0.365112 0.999390 -0.029175 -0.060669 -0.038452
0.016479 -0.399658 0.989624 -0.028198 -0.062500 -0.036621
0.006592 -0.465088 0.986816 -0.041626 -0.062256 -0.028687
-0.011353 -0.539795 0.983887 -0.049194 -0.062134 -0.017578
-0.027710 -0.603760 0.962036 -0.049072 -0.067139 0.008789
-0.029175 -0.666992 0.948975 -0.042480 -0.078857 0.043701
-0.016968 -0.699829 0.959229 -0.040527 -0.101685 0.070679
0.003296 -0.716797 0.978638 -0.052979 -0.128052 0.094116
0.012573 -0.727539 0.995972 -0.038940 -0.140991 0.115112
0.018799 -0.720947 0.997314 -0.017944 -0.149048 0.139160
0.022583 -0.688965 0.985474 0.018066 -0.144165 0.172729
0.044556 -0.611816 0.974121 0.064453 -0.140259 0.203613
0.062378 -0.552002 0.930786 0.063477 -0.138184 0.237183
0.083374 -0.470215 0.939453 0.054199 -0.146362 0.259521
0.077759 -0.425415 0.942871 0.015869 -0.147583 0.275146
0.072266 -0.375977 0.935669 -0.036621 -0.156250 0.285278
0.075928 -0.320435 0.942017 -0.092407 -0.161133 0.296387
0.071899 -0.277344 0.962646 -0.151001 -0.156982 0.303467
0.064819 -0.268799 0.967773 -0.242554 -0.149292 0.305420
0.046997 -0.265991 0.976196 -0.345459 -0.143799 0.304443
0.036865 -0.250122 0.982666 -0.359253 -0.131470 0.300415
0.030396 -0.240723 0.997681 -0.327637 -0.109253 0.298340
0.034180 -0.208496 0.993896 -0.266602 -0.095215 0.299805
0.036987 -0.164307 0.986084 -0.195313 -0.100342 0.291626
0.036133 -0.143311 0.986694 -0.130859 -0.115234 0.272583
0.057617 -0.105469 1.028564 -0.053345 -0.125732 0.251953
0.101807 -0.047241 1.051147 -0.009277 -0.117432 0.244385
0.136108 0.007813 1.068726 -0.012817 -0.086548 0.235229
0.161743 0.031616 1.088013 -0.044189 -0.055542 0.221558
0.173828 0.018311 1.114624 -0.080200 -0.038208 0.193237
0.188721 0.001831 1.140747 -0.086792 -0.036743 0.159180
0.215698 -0.002930 1.175293 -0.049927 -0.049927 0.125366
0.254883 0.030151 1.199829 -0.012939 -0.061646 0.089966
0.286987 0.066040 1.203613 -0.000122 -0.054688 0.058716
0.312134 0.073364 1.202393 -0.001099 -0.033569 0.029053
0.335571 0.074463 1.196045 -0.000122 -0.013184 -0.008667
0.333984 0.049683 1.183472 -0.011108 0.013306 -0.053345
0.333862 0.028809 1.159058 -0.023926 0.025879 -0.093872
0.354004 0.007690 1.150757 -0.005371 0.025513 -0.131592
0.384888 0.023071 1.150269 0.028931 0.034668 -0.183228
0.396484 0.007935 1.134399 0.047729 0.051636 -0.242188
0.392212 -0.011475 1.098633 0.066528 0.067749 -0.313354
0.359985 -0.085205 1.059570 0.111450 0.081299 -0.366455
0.324829 -0.153931 1.015991 0.194458 0.089844 -0.407959
0.277710 -0.225220 0.972290 0.289551 0.066528 -0.439819
0.260376 -0.263550 0.959473 0.367065 0.010742 -0.470337
0.264160 -0.261230 0.980835 0.361084 -0.014893 -0.507202
0.240234 -0.277832 0.974731 0.272095 0.001709 -0.531738
0.159790 -0.372070 0.916870 0.130615 0.048340 -0.531982
0.070679 -0.485229 0.865723 0.018066 0.065186 -0.519531
0.019287 -0.549805 0.840454 -0.049805 0.041138 -0.498779
-0.025513 -0.598267 0.846191 -0.085693 0.015015 -0.468140
-0.051514 -0.573486 0.841431 -0.088379 -0.007080 -0.441650
-0.072021 -0.544434 0.822998 -0.082153 -0.007568 -0.425659
-0.084351 -0.523071 0.809204 -0.090454 -0.018921 -0.419556
-0.083496 -0.527588 0.840332 -0.105103 -0.037720 -0.407349
-0.094360 -0.548218 0.898193 -0.109009 -0.025513 -0.360718
-0.113037 -0.550537 0.905396 -0.174805 -0.009399 -0.284912
-0.148560 -0.553223 0.897583 -0.187134 -0.000977 -0.211792
-0.131836 -0.509033 0.887817 -0.132568 -0.008179 -0.143799
-0.115723 -0.469849 0.919800 -0.141357 -0.059204 -0.105225
-0.092407 -0.450439 0.955933 -0.131958 -0.107910 -0.065063
-0.073486 -0.413574 0.960327 -0.143799 -0.134155 -0.037231
-0.036621 -0.366455 0.985718 -0.161499 -0.143921 -0.021118
0.001221 -0.336304 1.040405 -0.166504 -0.139282 -0.020142
0.020386 -0.336914 1.059204 -0.174561 -0.126099 -0.024414
0.043335 -0.330688 1.094116 -0.182739 -0.110962 -0.028809
0.038818 -0.365845 1.112915 -0.198853 -0.078857 -0.024170
0.023804 -0.395386 1.102051 -0.215942 -0.043091 -0.011230
0.010620 -0.420166 1.108887 -0.239502 -0.022705 0.001587
-0.013306 -0.447510 1.100220 -0.265381 -0.015381 0.006714
-0.058472 -0.481812 1.076660 -0.280762 -0.016724 0.017456
-0.091431 -0.510498 1.060303 -0.227783 -0.018066 0.042725
-0.090088 -0.487793 1.032104 -0.139526 -0.040283 0.081665
-0.089478 -0.459595 1.008423 -0.062012 -0.073608 0.118408
-0.082520 -0.459229 0.999756 0.012207 -0.114624 0.137695
-0.063599 -0.449707 1.012085 0.069946 -0.142700 0.152222
-0.045166 -0.417236 1.039551 0.093628 -0.119629 0.177856
-0.061523 -0.414795 1.007813 0.063721 -0.062134 0.225952
-0.070801 -0.390137 0.954468 0.000732 -0.032837 0.276978
-0.061890 -0.378418 0.980713 -0.032227 -0.045044 0.313721
-0.028687 -0.335571 1.000977 -0.011719 -0.086792 0.335815
-0.008423 -0.349731 1.050171 -0.011597 -0.095093 0.356567
0.017212 -0.309692 1.092651 0.062988 -0.095337 0.361084
0.029541 -0.286743 1.117920 0.022827 -0.077026 0.368530
0.022949 -0.261108 1.054077 0.014771 -0.068481 0.371704
0.034546 -0.251099 1.175293 0.073853 -0.022827 0.370117
0.062866 -0.167480 1.141113 0.085327 0.014771 0.368164
0.048828 -0.214844 1.141357 0.109985 0.097900 0.385254
0.073730 -0.201172 1.146729 0.097046 0.131470 0.410645
0.073364 -0.201050 1.123047 0.005005 0.140991 0.428589
0.055420 -0.230591 1.083130 -0.019165 0.164429 0.430176
0.047363 -0.236572 1.066040 0.057129 0.166748 0.419556
0.067749 -0.233154 1.051147 0.137939 0.154663 0.410034
0.083862 -0.228638 1.013184 0.185181 0.135498 0.386108
0.119385 -0.202026 1.015869 0.175659 0.085327 0.346436
0.168823 -0.156982 1.084229 0.069702 0.024902 0.295288
0.212769 -0.124268 1.111328 -0.034302 -0.001221 0.252930
0.233398 -0.088501 1.104370 -0.092773 -0.005615 0.205444
0.254272 -0.076416 1.106323 -0.125977 -0.015137 0.157227
0.268799 -0.057251 1.105591 -0.153687 -0.020874 0.122314
0.297852 -0.026733 1.118408 -0.206665 -0.036743 0.082886
0.313965 0.002197 1.142578 -0.233154 -0.032349 0.040039
0.310669 -0.008545 1.196045 -0.183838 0.007568 -0.000366
0.305786 -0.010620 1.217407 -0.127930 0.037109 -0.030762
0.291626 -0.014404 1.219727 -0.093750 0.058228 -0.052734
0.293579 -0.012695 1.221191 -0.066406 0.078369 -0.076050
0.294800 -0.005371 1.230591 -0.055542 0.108032 -0.106567
0.296997 -0.013428 1.226196 -0.078735 0.142212 -0.139038
0.269165 -0.032715 1.195313 -0.105957 0.182739 -0.163818
0.218384 -0.077271 1.127197 -0.054810 0.226196 -0.182861
0.170410 -0.106323 1.058716 0.049927 0.236694 -0.212280
0.126221 -0.137207 0.993530 0.146362 0.215210 -0.230103
0.064087 -0.188110 0.917480 0.204102 0.179565 -0.234131
0.018921 -0.202148 0.850098 0.231689 0.118286 -0.229736
-0.031006 -0.230591 0.810059 0.217896 0.047852 -0.206421
-0.015015 -0.258667 0.842407 0.174438 -0.010010 -0.160889
0.070435 -0.206543 0.996460 0.103394 -0.018311 -0.171875
0.065918 -0.212280 1.020386 0.026489 0.052002 -0.229370
-0.009399 -0.282349 0.903076 0.032837 0.131226 -0.264893
-0.065552 -0.342285 0.827026 0.038940 0.154175 -0.288818
-0.101196 -0.397095 0.799194 0.009399 0.136719 -0.282715
-0.127441 -0.451050 0.799438 0.006592 0.100342 -0.281128
-0.137085 -0.489990 0.806274 0.057495 0.036133 -0.269409
-0.138916 -0.517456 0.812622 0.135986 -0.036133 -0.247681
-0.091919 -0.522949 0.860229 0.201294 -0.091064 -0.220459
-0.046875 -0.499146 0.929077 0.174927 -0.089844 -0.196533
-0.045776 -0.497803 0.906982 0.094238 -0.043945 -0.156738
-0.061646 -0.501343 0.868896 -0.015015 -0.006470 -0.118774
-0.080811 -0.512939 0.829346 -0.073730 -0.007080 -0.086304
-0.077881 -0.504517 0.796265 -0.070923 -0.058472 -0.072266
-0.049927 -0.495239 0.803955 -0.029541 -0.135742 -0.081543
-0.007690 -0.480225 0.854248 0.041504 -0.202881 -0.096924
0.025146 -0.475220 0.881836 0.096436 -0.235840 -0.099731
0.060303 -0.470337 0.929077 0.113159 -0.252197 -0.088501
0.102173 -0.436523 0.967407 0.114380 -0.255859 -0.077637
0.145264 -0.384155 0.984497 0.104980 -0.240234 -0.054810
0.166992 -0.355103 0.987061 0.054443 -0.208130 -0.033325
0.173340 -0.331665 0.972168 -0.015137 -0.180176 -0.016602
0.189087 -0.326660 0.960815 -0.059326 -0.162598 -0.003174
0.215820 -0.304688 0.975342 -0.089355 -0.159668 -0.010132
0.226196 -0.321533 0.996338 -0.103882 -0.167358 -0.026001
0.235107 -0.344849 1.023438 -0.064819 -0.178467 -0.044922
0.258423 -0.333862 1.046509 -0.006470 -0.189697 -0.057617
0.285522 -0.322632 1.054077 0.017700 -0.178345 -0.054565
0.308960 -0.291504 1.053223 -0.004150 -0.147949 -0.055054
0.321777 -0.274658 1.038330 -0.039307 -0.115479 -0.056519
0.330811 -0.277344 1.037476 -0.088257 -0.087769 -0.066650
