0.060913 -0.339233 0.973022 0.034424 -0.122559 -0.058594
0.071167 -0.346313 1.000244 0.046753 -0.130737 -0.057983
0.078857 -0.348755 1.023193 0.057983 -0.116089 -0.045166
0.096802 -0.333374 1.030273 0.017334 -0.089355 -0.025635
0.086304 -0.356567 1.012207 -0.067871 -0.055420 -0.008423
0.070923 -0.380493 1.001465 -0.075439 -0.034668 -0.003174
0.062500 -0.408447 0.990234 -0.048828 -0.036743 -0.001953
0.053711 -0.447144 0.988525 -0.040771 -0.044556 -0.007324
0.020386 -0.518188 0.988281 -0.029663 -0.050659 -0.005615
-0.015381 -0.587891 0.977783 -0.001465 -0.064941 0.006348
-0.027832 -0.637329 0.982178 0.027832 -0.092285 0.032471
-0.020630 -0.656860 1.012085 0.049683 -0.118408 0.065796
-0.016113 -0.689697 1.040283 0.051636 -0.129395 0.105103
-0.015137 -0.703735 1.045532 0.059937 -0.132813 0.152222
-0.004517 -0.679321 1.038818 0.087646 -0.137939 0.200928
0.011353 -0.633667 1.029541 0.107178 -0.148804 0.241577
0.027588 -0.590210 1.017090 0.113770 -0.166504 0.271729
0.065674 -0.524414 1.017456 0.136963 -0.180542 0.292358
0.090454 -0.469238 1.027100 0.102539 -0.156128 0.309326
0.080933 -0.449463 1.014038 -0.031738 -0.101563 0.337524
0.062988 -0.411377 0.979492 -0.139526 -0.033081 0.375610
0.025269 -0.398560 0.913086 -0.225098 0.021729 0.405396
-0.005127 -0.369507 0.846802 -0.258301 0.041626 0.412720
-0.024780 -0.331909 0.799927 -0.236328 0.038330 0.405273
-0.031250 -0.297363 0.787354 -0.205444 0.008667 0.385986
-0.012085 -0.268311 0.829346 -0.166992 -0.031006 0.368164
0.028320 -0.232422 0.894775 -0.134277 -0.059570 0.361328
0.078247 -0.185913 0.982178 -0.122314 -0.072388 0.358765
0.124146 -0.116455 1.036743 -0.130859 -0.067993 0.346436
0.156006 -0.053223 1.052246 -0.120728 -0.047974 0.324341
0.176636 0.021118 1.067993 -0.082031 -0.033203 0.286865
0.192749 0.071045 1.087524 -0.069702 -0.023560 0.246582
0.208984 0.112305 1.095581 -0.092529 -0.027588 0.197754
0.232666 0.135498 1.138916 -0.110352 -0.044189 0.144897
0.266602 0.160645 1.183960 -0.114624 -0.050903 0.091553
0.297363 0.177246 1.208496 -0.114014 -0.038452 0.041260
0.311768 0.194458 1.213379 -0.092651 -0.020020 -0.010132
0.335938 0.214600 1.204590 -0.058960 -0.009888 -0.060059
0.350464 0.207153 1.195801 -0.028198 0.003662 -0.115845
0.383667 0.232544 1.189209 0.009155 0.008911 -0.177734
0.403076 0.220459 1.195435 -0.021606 0.008667 -0.248047
0.423950 0.193604 1.215210 -0.047119 0.023682 -0.316406
0.401367 0.122559 1.202393 -0.079590 0.055176 -0.376587
0.356445 0.023193 1.162598 -0.094727 0.102051 -0.415039
0.307495 -0.063965 1.109497 -0.082886 0.128296 -0.440063
0.280884 -0.113647 1.062866 -0.038696 0.121460 -0.460815
0.257080 -0.153564 1.013428 0.021484 0.103760 -0.476563
0.235107 -0.206543 0.962524 0.056885 0.086060 -0.482300
0.235107 -0.236694 0.960083 0.049194 0.064331 -0.479858
0.224976 -0.259399 0.948486 0.016602 0.053955 -0.476563
0.237427 -0.259521 0.916504 0.011841 0.050659 -0.482178
0.221191 -0.256958 0.898682 0.022827 0.052002 -0.501099
0.185425 -0.306152 0.863037 0.027954 0.066895 -0.533813
0.118530 -0.405396 0.821167 0.033813 0.087280 -0.555542
0.035645 -0.493896 0.791748 -0.041260 0.098511 -0.544189
-0.034546 -0.549072 0.762451 -0.168579 0.091309 -0.480347
-0.071533 -0.567139 0.736938 -0.286743 0.067993 -0.399292
-0.087402 -0.576294 0.717651 -0.359985 0.006104 -0.347412
-0.083862 -0.588989 0.752319 -0.341187 -0.075806 -0.313354
-0.038086 -0.588867 0.834839 -0.260376 -0.145386 -0.306519
0.000854 -0.598877 0.948975 -0.201538 -0.163208 -0.311768
-0.005615 -0.644409 1.026123 -0.196289 -0.111816 -0.306030
-0.049194 -0.700928 1.039551 -0.254272 -0.035400 -0.267212
-0.084595 -0.724609 0.998779 -0.339233 -0.001831 -0.194336
-0.087769 -0.688843 1.027710 -0.361816 -0.025513 -0.136230
-0.057739 -0.645508 1.054932 -0.279053 -0.038696 -0.091919
-0.030151 -0.603027 1.084961 -0.255249 -0.052612 -0.062500
-0.029663 -0.589966 1.064819 -0.279541 -0.041992 -0.024902
-0.024170 -0.556274 1.051758 -0.327393 -0.034058 0.006104
-0.024414 -0.534302 1.049072 -0.390259 -0.028320 0.010864
-0.055176 -0.565552 1.036499 -0.395508 -0.022949 -0.000366
-0.072876 -0.599976 1.029175 -0.322998 -0.035156 -0.001709
-0.099731 -0.619995 1.023804 -0.228394 -0.043091 0.015381
-0.130615 -0.633911 1.007324 -0.165283 -0.049683 0.048828
-0.133057 -0.580933 0.957520 -0.085693 -0.066895 0.087646
-0.126221 -0.547607 0.942017 -0.029419 -0.108521 0.121948
-0.118652 -0.515747 0.961670 0.030884 -0.133911 0.129761
-0.125244 -0.490723 0.969727 0.054199 -0.149170 0.133545
-0.130493 -0.453247 0.951904 0.071533 -0.140503 0.146240
-0.148682 -0.425903 0.913330 0.070190 -0.128784 0.162109
-0.151978 -0.400879 0.888672 0.070313 -0.128296 0.177246
-0.153320 -0.393921 0.878174 0.057495 -0.134277 0.192383
-0.117432 -0.368774 0.915771 0.022949 -0.150146 0.215088
-0.073608 -0.341675 0.992798 -0.041016 -0.153442 0.242798
-0.034668 -0.356445 1.068237 -0.098022 -0.138550 0.275146
-0.000244 -0.313965 1.107178 -0.081787 -0.109253 0.280762
-0.010620 -0.326782 1.103149 -0.097900 -0.080811 0.304077
-0.020508 -0.322388 1.054443 -0.079224 -0.076904 0.326660
-0.003662 -0.348022 1.123413 -0.005127 -0.067261 0.357544
0.029785 -0.287231 1.104736 0.076172 -0.052124 0.370972
0.068726 -0.278564 1.171143 0.207397 0.004883 0.381958
0.089844 -0.261475 1.115356 0.179810 0.043823 0.392090
0.063599 -0.256470 1.050903 0.100708 0.034668 0.380005
0.069458 -0.268677 1.061279 0.105347 0.015503 0.370850
0.104858 -0.263794 1.088379 0.137939 0.009155 0.365479
0.130493 -0.241577 1.063965 0.162476 0.036499 0.356689
0.126953 -0.253052 1.044434 0.205811 0.051880 0.347412
0.156372 -0.245850 1.076660 0.277344 0.044556 0.334717
0.200439 -0.256714 1.138794 0.311890 0.059692 0.345215
0.238281 -0.224487 1.156860 0.315308 0.106323 0.353516
0.252930 -0.198486 1.118042 0.314819 0.164795 0.342407
0.266602 -0.159424 1.109863 0.325439 0.185059 0.307129
0.296631 -0.120483 1.135254 0.261963 0.154541 0.271606
0.310791 -0.099854 1.153564 0.154541 0.112549 0.225464
0.327393 -0.076782 1.162231 0.106079 0.072998 0.165161
0.338501 -0.056152 1.182617 0.101440 0.045288 0.107788
0.346436 -0.025757 1.182617 0.080322 0.023071 0.044556
0.337036 -0.010010 1.198364 0.054932 0.015015 -0.016602
0.335449 0.019775 1.204590 0.016602 0.034424 -0.075439
0.309326 0.019043 1.191895 -0.083252 0.078003 -0.122559
0.269409 0.012817 1.149414 -0.197021 0.124023 -0.163330
0.231323 0.043701 1.105957 -0.245361 0.161133 -0.205933
0.168457 -0.044800 1.072876 -0.203491 0.222290 -0.204834
0.119629 -0.078003 1.014038 -0.126221 0.267090 -0.211792
0.056519 -0.099243 0.928101 -0.058350 0.270264 -0.216064
0.009521 -0.112793 0.860840 0.066162 0.224854 -0.239746
-0.023193 -0.124268 0.851440 0.194824 0.141602 -0.279175
-0.039551 -0.146240 0.864380 0.276001 0.061279 -0.298218
-0.056885 -0.162354 0.883057 0.302612 0.011353 -0.288696
-0.068359 -0.162109 0.884399 0.262329 -0.009277 -0.250000
-0.042114 -0.161377 0.918091 0.156738 0.001587 -0.195435
0.004395 -0.147095 1.001709 0.018677 0.046875 -0.175293
-0.009644 -0.152222 0.957397 -0.086426 0.107300 -0.178955
-0.067139 -0.210938 0.846802 -0.121582 0.138062 -0.201294
-0.112061 -0.284912 0.803467 -0.079346 0.101074 -0.252930
-0.118896 -0.335449 0.803955 0.027222 0.020264 -0.286865
-0.116455 -0.386475 0.836060 0.142212 -0.054688 -0.295410
-0.087646 -0.401123 0.897827 0.239868 -0.098999 -0.275879
-0.077881 -0.420776 0.933716 0.212524 -0.084839 -0.217285
-0.074463 -0.427368 0.920654 0.076416 -0.028320 -0.122314
-0.062256 -0.437622 0.914429 -0.090698 0.032593 -0.029419
-0.040283 -0.433716 0.920532 -0.247681 0.065552 0.029907
-0.047607 -0.455444 0.897217 -0.332031 0.053833 0.021240
-0.072266 -0.488770 0.834229 -0.230469 -0.018066 -0.049927
-0.058105 -0.493530 0.820679 0.021973 -0.154541 -0.143433
-0.002563 -0.481323 0.876831 0.263306 -0.303101 -0.227295
0.055786 -0.498291 0.974976 0.408203 -0.362305 -0.257080
0.082031 -0.508301 1.037231 0.398315 -0.303345 -0.210693
0.078979 -0.508057 1.023926 0.212402 -0.175537 -0.121582
0.051758 -0.516724 0.992310 -0.038086 -0.063477 -0.031006
0.047607 -0.524658 0.991455 -0.218506 -0.006104 0.045532
0.093750 -0.486938 1.002319 -0.292969 0.021118 0.101929
0.094116 -0.496216 1.004395 -0.403076 0.036865 0.111816
0.093628 -0.488647 0.984253 -0.338501 0.038330 0.090332
0.098389 -0.490845 0.958496 -0.227417 -0.005859 0.049316
0.113403 -0.461426 0.945679 -0.126099 -0.080811 -0.001587
0.147827 -0.421021 0.957031 -0.022339 -0.154419 -0.040771
0.188477 -0.389404 0.989624 0.011719 -0.191284 -0.059692
0.220947 -0.372070 1.033325 -0.029907 -0.177002 -0.056519
0.235229 -0.360962 1.047974 -0.097778 -0.130981 -0.037231
