0.049927 -0.389893 0.977051 0.002930 -0.126953 -0.084595
0.034912 -0.429443 0.983032 -0.027466 -0.100342 -0.063965
0.015747 -0.479736 0.981812 -0.069458 -0.071655 -0.034912
-0.009399 -0.517700 0.967651 -0.101685 -0.057373 -0.002930
-0.028442 -0.545532 0.930908 -0.108398 -0.065308 0.023193
-0.034058 -0.574707 0.930054 -0.089844 -0.098633 0.035889
-0.045044 -0.611572 0.930298 -0.038330 -0.147827 0.036011
-0.052979 -0.678955 0.957153 0.045776 -0.201660 0.029053
-0.040039 -0.708374 0.997314 0.168213 -0.262695 0.029053
-0.026733 -0.721680 1.010864 0.275757 -0.303467 0.043579
-0.003540 -0.713745 1.037354 0.334473 -0.326050 0.072388
0.019531 -0.697144 1.048706 0.332397 -0.338623 0.121948
0.044678 -0.687256 1.088379 0.295044 -0.325317 0.190430
0.071533 -0.644775 1.099854 0.249634 -0.283081 0.277344
0.098389 -0.584961 1.083130 0.188843 -0.232422 0.364502
0.125977 -0.505005 1.053833 0.121216 -0.194336 0.433472
0.150757 -0.442871 1.046387 0.059082 -0.148193 0.480347
0.130493 -0.419067 1.046265 -0.013184 -0.085693 0.509399
0.099487 -0.386108 0.992065 -0.076172 -0.027466 0.526123
0.069092 -0.355835 0.916748 -0.119507 -0.000244 0.534302
0.060059 -0.317993 0.879028 -0.147461 -0.006104 0.531616
0.047729 -0.287231 0.874756 -0.133057 -0.022217 0.516602
0.059692 -0.240356 0.868530 -0.067383 -0.037476 0.505127
0.082764 -0.186279 0.893921 0.005493 -0.052246 0.484497
0.118286 -0.115845 0.953979 0.035767 -0.064575 0.442871
0.153442 -0.054321 1.014160 0.040405 -0.065918 0.398560
0.187500 -0.017212 1.068970 0.040161 -0.054077 0.357910
0.218384 0.042236 1.100220 0.019653 -0.037231 0.311157
0.214722 0.029907 1.110840 -0.050049 -0.028076 0.263550
0.211426 0.015625 1.098389 -0.079590 -0.038208 0.220703
0.233643 0.043091 1.132813 -0.086670 -0.068726 0.190430
0.263550 0.056641 1.166016 -0.114258 -0.088379 0.180420
0.286621 0.060913 1.162476 -0.131226 -0.081543 0.167114
0.319580 0.115967 1.143677 -0.077637 -0.073486 0.127441
0.346802 0.149170 1.128540 -0.052856 -0.067505 0.069458
0.377686 0.187134 1.123291 -0.032715 -0.058350 -0.006348
0.403442 0.198120 1.117798 -0.015503 -0.041504 -0.092529
0.408081 0.155273 1.111206 -0.025757 -0.017822 -0.171143
0.395020 0.107788 1.097412 -0.034790 0.014282 -0.229980
0.385498 0.063843 1.079346 -0.043213 0.041016 -0.278687
0.374512 0.011108 1.053101 -0.048218 0.062622 -0.319702
0.350464 -0.065430 1.048462 -0.028564 0.076782 -0.343140
0.343018 -0.112183 1.037964 0.002075 0.081299 -0.347900
0.347656 -0.133789 1.022095 0.001709 0.086304 -0.342773
0.360107 -0.135254 1.004150 -0.011230 0.100220 -0.341797
0.356079 -0.139648 0.989502 -0.038208 0.133545 -0.348999
0.327637 -0.187500 0.961182 -0.065796 0.169678 -0.365479
0.276001 -0.244995 0.917358 -0.079468 0.183594 -0.400757
0.225464 -0.283325 0.889771 -0.079712 0.178467 -0.440430
0.163696 -0.344360 0.862061 -0.080811 0.177734 -0.471924
0.112061 -0.395386 0.841553 -0.068848 0.172241 -0.471436
0.068237 -0.437256 0.844116 -0.078613 0.173584 -0.448853
0.020142 -0.519409 0.855957 -0.132324 0.181519 -0.406860
-0.008057 -0.556519 0.878662 -0.180542 0.190674 -0.359375
-0.041016 -0.598267 0.909912 -0.262329 0.226196 -0.303833
-0.073364 -0.614624 0.921265 -0.360718 0.275757 -0.256348
-0.122803 -0.603760 0.876587 -0.427124 0.313477 -0.222900
-0.233398 -0.683228 0.791748 -0.537476 0.301392 -0.187134
-0.287720 -0.705811 0.813843 -0.410400 0.255005 -0.177124
-0.304932 -0.706787 0.827148 -0.324585 0.162964 -0.141357
-0.319702 -0.720093 0.826294 -0.343994 0.049561 -0.111816
-0.318848 -0.701050 0.841797 -0.287964 -0.024170 -0.096924
-0.279785 -0.637939 0.889526 -0.129028 -0.052124 -0.093018
-0.239014 -0.583496 0.922729 -0.021362 -0.078247 -0.079102
-0.175781 -0.543335 1.021484 -0.004272 -0.111084 -0.046143
-0.102783 -0.457275 1.041626 0.014282 -0.111816 -0.023315
-0.063110 -0.449097 1.057739 -0.052490 -0.108276 -0.012817
-0.078491 -0.477905 1.069824 -0.091187 -0.104492 -0.026489
-0.080566 -0.484497 1.024536 -0.008423 -0.088989 -0.022461
-0.080078 -0.478394 1.017334 -0.000366 -0.143433 -0.011353
-0.064331 -0.478882 1.044312 0.011353 -0.175903 -0.001953
-0.048706 -0.469360 1.045044 -0.013306 -0.215332 0.012939
-0.039429 -0.436035 1.045898 -0.002686 -0.229614 0.009155
-0.050415 -0.468872 1.048584 0.045654 -0.195190 0.003418
-0.083130 -0.506470 1.002441 0.051392 -0.174561 0.012451
-0.112061 -0.531860 0.983398 0.062744 -0.179810 0.020142
-0.116699 -0.520874 0.989868 0.112427 -0.209229 0.029419
-0.104126 -0.501831 0.985718 0.171631 -0.240723 0.040771
-0.086670 -0.478638 1.021973 0.234253 -0.258911 0.057373
-0.074951 -0.461792 1.047729 0.251953 -0.233154 0.099487
-0.050781 -0.431152 1.071411 0.210693 -0.174438 0.161377
-0.059448 -0.404419 1.060181 0.090332 -0.107300 0.223633
-0.086426 -0.402710 1.003174 0.004150 -0.050049 0.284668
-0.065430 -0.372070 0.964722 -0.018921 -0.038940 0.339722
-0.077026 -0.322021 0.919922 -0.057861 -0.055054 0.356567
-0.064453 -0.292725 0.920776 -0.093384 -0.051758 0.357422
-0.031616 -0.286377 1.002563 -0.089844 -0.091064 0.357300
0.035767 -0.224731 1.080200 -0.003418 -0.111938 0.336182
0.078735 -0.207153 1.143799 0.098267 -0.091187 0.326050
0.090088 -0.157349 1.154419 0.114746 -0.028564 0.318604
0.071045 -0.140991 1.104614 0.065674 0.045898 0.330811
0.074951 -0.133301 1.155640 0.033813 0.109253 0.358032
0.067993 -0.132080 1.070679 -0.038452 0.148071 0.376465
0.057129 -0.150024 1.056152 -0.022827 0.182983 0.367798
0.080933 -0.141113 1.055786 0.046143 0.181274 0.338135
0.092896 -0.154419 1.087280 0.073364 0.149292 0.303833
0.146973 -0.159424 1.166626 0.076294 0.137939 0.281006
0.194824 -0.123413 1.187012 0.031128 0.173950 0.271729
0.216797 -0.108887 1.171265 -0.052979 0.245850 0.265137
0.219360 -0.083008 1.130005 -0.126953 0.308350 0.239990
0.210938 -0.100708 1.092529 -0.187744 0.332886 0.192383
0.192139 -0.126953 1.085205 -0.272827 0.313110 0.133057
0.205566 -0.118286 1.104614 -0.317627 0.262207 0.088867
0.211914 -0.114746 1.143066 -0.316040 0.233276 0.062500
0.214844 -0.124756 1.161255 -0.302856 0.214233 0.045776
0.214600 -0.114746 1.147705 -0.300903 0.183716 0.021606
0.218384 -0.100830 1.140747 -0.258423 0.147949 -0.020874
0.225464 -0.107788 1.167480 -0.162476 0.109131 -0.076660
0.246704 -0.090820 1.203857 -0.061890 0.078125 -0.148804
0.250244 -0.088867 1.227539 0.011108 0.075317 -0.213745
0.233521 -0.071289 1.203491 0.049316 0.098389 -0.256958
0.195679 -0.065430 1.140381 0.059937 0.136108 -0.293091
0.159546 -0.054443 1.071533 0.072144 0.165405 -0.317261
0.122925 -0.086426 1.027466 0.043091 0.172119 -0.321899
0.079956 -0.139526 1.001221 0.053955 0.176147 -0.317017
0.040405 -0.178955 0.948364 0.153442 0.177612 -0.305542
-0.013428 -0.218384 0.902954 0.202515 0.161987 -0.321289
-0.057617 -0.260010 0.867310 0.228516 0.098389 -0.321167
-0.046875 -0.255127 0.892334 0.321411 0.027588 -0.315430
-0.041992 -0.245361 0.920776 0.371826 0.001343 -0.302734
-0.068481 -0.274292 0.918091 0.359131 0.016602 -0.267334
-0.104004 -0.335815 0.888550 0.305664 0.037109 -0.238037
-0.131958 -0.360107 0.843140 0.270874 0.032349 -0.217163
-0.159424 -0.377686 0.784424 0.268311 -0.000854 -0.185547
-0.141357 -0.375000 0.779297 0.274536 -0.056396 -0.163696
-0.108521 -0.362427 0.804077 0.265991 -0.123413 -0.168579
-0.078369 -0.380737 0.852539 0.285156 -0.178589 -0.193115
-0.037109 -0.416138 0.931396 0.333984 -0.205688 -0.211304
-0.031982 -0.441650 0.958740 0.324341 -0.187500 -0.213501
-0.058838 -0.528198 0.950684 0.245728 -0.136719 -0.169067
-0.067993 -0.558960 0.948975 0.148926 -0.086792 -0.107910
-0.065308 -0.557495 0.939941 0.017334 -0.042114 -0.035645
-0.086548 -0.586792 0.911499 -0.130615 0.000122 0.031494
-0.089966 -0.610229 0.902344 -0.225586 0.006348 0.086426
-0.079468 -0.596680 0.906006 -0.248413 -0.027466 0.120850
-0.050171 -0.557129 0.896729 -0.221069 -0.084961 0.130737
-0.009888 -0.501953 0.884521 -0.146729 -0.164917 0.106323
0.050293 -0.421753 0.894043 -0.048218 -0.258789 0.026001
0.103394 -0.349365 0.920044 0.088379 -0.337524 -0.077148
0.155396 -0.330200 0.961060 0.204834 -0.369019 -0.153076
0.186035 -0.354858 1.038818 0.206055 -0.329834 -0.191162
0.184692 -0.390259 1.067871 0.101563 -0.229126 -0.176880
0.161133 -0.393677 1.041504 -0.045654 -0.114014 -0.123779
0.145874 -0.399536 0.987915 -0.166870 -0.037354 -0.041626
0.134644 -0.432983 0.975098 -0.234741 -0.012573 0.032593
0.140137 -0.437378 0.962524 -0.251953 -0.031494 0.075928
0.150024 -0.438232 0.974243 -0.224731 -0.069824 0.095703
0.178955 -0.401855 0.973145 -0.154053 -0.122070 0.087280
0.233765 -0.316772 1.005005 -0.062744 -0.174561 0.041260
0.266113 -0.269165 1.016357 0.009644 -0.198853 -0.020142
