-0.016602 -0.661011 0.937622 -0.120117 -0.081055 0.304443
-0.001831 -0.620117 0.920776 -0.132446 -0.099121 0.342651
-0.010010 -0.585693 0.893555 -0.148804 -0.128662 0.360718
-0.005249 -0.559814 0.882324 -0.149658 -0.169556 0.361084
0.022095 -0.528931 0.919312 -0.112793 -0.216309 0.351685
0.036865 -0.494507 0.953735 -0.085449 -0.253296 0.341309
0.038574 -0.461548 0.970825 -0.034912 -0.272583 0.341309
0.062866 -0.412964 1.007324 0.030396 -0.273071 0.353149
0.084595 -0.346802 1.038452 0.058472 -0.240967 0.397095
0.110596 -0.270752 1.040894 0.053833 -0.183472 0.459229
0.110596 -0.181519 1.002808 0.007202 -0.117676 0.508179
0.080200 -0.120728 0.943481 -0.070923 -0.055054 0.536011
0.065063 -0.054810 0.888916 -0.130127 -0.038208 0.539673
0.082520 0.021851 0.878540 -0.153687 -0.069092 0.520874
0.123535 0.101929 0.934204 -0.150635 -0.125610 0.474854
0.181274 0.171021 0.987549 -0.108154 -0.177856 0.410400
0.255005 0.254761 1.051270 -0.040161 -0.199219 0.325684
0.307251 0.272705 1.131104 -0.004761 -0.186401 0.235840
0.345337 0.301880 1.177002 0.027954 -0.162231 0.159058
0.375977 0.326050 1.206665 0.059814 -0.133423 0.089355
0.406006 0.350708 1.239380 0.042480 -0.103149 0.021362
0.418945 0.354980 1.258911 -0.029175 -0.062866 -0.035034
0.417236 0.339478 1.252686 -0.098511 -0.003174 -0.092651
0.404785 0.312256 1.225220 -0.159180 0.047241 -0.156250
0.399780 0.276001 1.207153 -0.195068 0.072021 -0.222168
0.392212 0.226685 1.184326 -0.221313 0.076782 -0.289917
0.378418 0.140259 1.165161 -0.201660 0.075684 -0.353882
0.355103 0.042969 1.140503 -0.167480 0.078125 -0.397217
0.343140 -0.050293 1.117676 -0.126099 0.098389 -0.433105
0.347290 -0.106934 1.110107 -0.054321 0.130737 -0.472290
0.330566 -0.169312 1.079712 -0.020874 0.166870 -0.517334
0.294067 -0.255371 1.032104 0.015747 0.192383 -0.569580
0.250366 -0.334839 0.995483 0.067383 0.194092 -0.624268
0.212280 -0.416260 0.980103 0.102051 0.185303 -0.656128
0.171509 -0.473267 0.949463 0.078003 0.190186 -0.654785
0.109009 -0.539185 0.929443 -0.024536 0.216675 -0.614624
0.085449 -0.563599 0.909912 -0.130859 0.226074 -0.556885
0.037476 -0.611572 0.880127 -0.237671 0.232422 -0.514526
-0.013672 -0.665405 0.837158 -0.241943 0.219604 -0.484009
-0.032593 -0.677490 0.813477 -0.202637 0.171143 -0.464966
-0.035034 -0.679077 0.834473 -0.144165 0.100098 -0.450684
-0.020752 -0.669800 0.880737 -0.085693 0.043091 -0.439819
-0.025513 -0.658936 0.910889 -0.067261 0.017212 -0.424927
-0.039917 -0.648560 0.916626 -0.071655 0.027100 -0.395264
-0.055786 -0.620850 0.910522 -0.101196 0.053101 -0.353638
-0.099487 -0.643433 0.874023 -0.193848 0.052368 -0.314941
-0.108765 -0.596558 0.889893 -0.141724 0.051758 -0.289063
-0.118286 -0.572144 0.896851 -0.129517 0.030640 -0.239014
-0.118652 -0.552734 0.908691 -0.157349 -0.002563 -0.187256
-0.110474 -0.550781 0.938232 -0.227417 -0.014282 -0.144409
-0.114746 -0.525879 0.908936 -0.278442 0.004883 -0.113159
-0.098999 -0.498047 0.929077 -0.239014 0.005859 -0.099365
-0.098877 -0.493652 0.967407 -0.171265 0.000000 -0.101929
-0.104858 -0.464600 0.977905 -0.051758 0.005737 -0.108643
-0.121216 -0.495728 0.931274 -0.094604 -0.034302 -0.071289
-0.161743 -0.536499 0.915649 -0.168091 -0.070557 -0.065063
-0.137573 -0.494385 0.909912 -0.046387 -0.096802 -0.056519
-0.098389 -0.483887 0.966187 -0.046143 -0.155884 -0.045410
-0.059448 -0.453491 1.042480 -0.033813 -0.175903 -0.046143
-0.036621 -0.447754 1.085693 -0.116943 -0.165894 -0.024902
-0.041138 -0.471191 1.089111 -0.140503 -0.130127 0.016846
-0.043457 -0.474976 1.081299 -0.083496 -0.079956 0.061768
-0.043701 -0.474365 1.061646 -0.104248 -0.072388 0.099854
-0.030518 -0.483398 1.098389 -0.109619 -0.094604 0.118774
-0.016479 -0.438721 1.080811 -0.118164 -0.135254 0.118408
-0.002441 -0.443237 1.062988 -0.124023 -0.135498 0.131592
-0.006470 -0.408203 1.069702 -0.072754 -0.115845 0.115723
-0.027588 -0.404297 1.035889 -0.012085 -0.092529 0.116211
-0.046875 -0.406860 1.012451 0.014771 -0.090942 0.127686
-0.068726 -0.423950 0.982300 0.002563 -0.088013 0.141357
-0.083130 -0.416382 0.940674 0.040405 -0.071411 0.157593
-0.105225 -0.466553 0.913452 0.093384 -0.066406 0.199219
-0.096436 -0.450195 0.920288 0.165161 -0.062744 0.243286
-0.077271 -0.425293 0.918701 0.178833 -0.063477 0.294556
-0.034912 -0.376343 0.956055 0.138794 -0.081665 0.332764
-0.017578 -0.337402 0.989380 0.089600 -0.100464 0.357910
-0.026489 -0.344971 0.963989 0.082520 -0.090332 0.366333
-0.042236 -0.347534 1.061157 0.150879 -0.050537 0.356812
-0.020630 -0.306641 1.043457 0.219604 -0.052246 0.357910
-0.000732 -0.291992 1.112305 0.227661 -0.047974 0.357056
0.038818 -0.247192 1.125122 0.161011 -0.055786 0.377563
0.019897 -0.279297 1.121582 0.073486 -0.023682 0.388306
0.001709 -0.322388 1.089722 0.022095 0.024170 0.415161
-0.002930 -0.322144 1.102173 0.010986 0.059570 0.442871
0.021851 -0.303467 1.122803 0.024414 0.091553 0.474731
0.046997 -0.224854 1.113403 0.035156 0.113037 0.485352
0.055054 -0.190674 1.110229 0.107300 0.154053 0.471680
0.078979 -0.172729 1.107300 0.193237 0.173340 0.446289
0.093994 -0.164795 1.100220 0.212280 0.174438 0.418823
0.115845 -0.140137 1.089111 0.200562 0.161865 0.376099
0.140625 -0.136353 1.124390 0.242554 0.151245 0.335815
0.170044 -0.138550 1.160767 0.292114 0.138184 0.305420
0.197754 -0.096802 1.191406 0.294922 0.124756 0.271729
0.216309 -0.066162 1.200806 0.232300 0.110718 0.245972
0.242188 -0.019531 1.216553 0.174194 0.097168 0.217407
0.260498 0.020020 1.245850 0.101685 0.079590 0.186401
0.277588 0.056030 1.257813 0.030029 0.075806 0.137817
0.286743 0.085449 1.265747 0.015015 0.094360 0.076782
0.288940 0.104736 1.234375 0.037720 0.121338 0.011475
0.282471 0.109863 1.170654 0.069824 0.138672 -0.053589
0.273682 0.117065 1.131592 0.083008 0.137817 -0.134399
0.244629 0.085449 1.108521 0.074341 0.135254 -0.218262
0.203613 0.038818 1.062744 0.129883 0.143311 -0.286133
0.148071 -0.019409 1.005737 0.212524 0.143066 -0.333130
0.099487 -0.058228 0.968262 0.290405 0.124023 -0.363281
0.053345 -0.109741 0.929932 0.333130 0.100342 -0.364624
0.016357 -0.140869 0.889893 0.343018 0.066162 -0.350342
-0.006836 -0.157227 0.855225 0.325317 0.022217 -0.330200
0.009155 -0.154297 0.869385 0.278931 -0.015015 -0.317749
0.026489 -0.138062 0.916748 0.178589 -0.032959 -0.321655
0.018555 -0.172607 0.921631 0.070801 -0.026978 -0.335815
-0.013428 -0.243774 0.930542 0.028931 -0.016846 -0.354370
-0.052734 -0.326050 0.925049 0.019287 -0.011353 -0.364624
-0.099609 -0.400146 0.899414 0.023071 -0.005493 -0.351074
-0.132202 -0.466919 0.864258 0.044067 -0.009033 -0.309937
-0.127075 -0.457275 0.846924 0.048584 -0.040894 -0.258545
-0.119141 -0.443726 0.838623 0.031372 -0.080688 -0.209106
-0.113281 -0.453857 0.840088 0.025024 -0.122192 -0.176514
-0.094727 -0.452515 0.873413 0.042480 -0.168823 -0.161865
-0.082764 -0.463745 0.898926 0.058350 -0.200562 -0.140991
-0.072754 -0.476807 0.920532 0.039673 -0.198364 -0.101563
-0.036377 -0.444824 0.964355 -0.005005 -0.167358 -0.050537
-0.012573 -0.424316 0.980957 -0.094360 -0.107300 0.000488
0.004517 -0.421509 0.992798 -0.207275 -0.038452 0.042114
-0.010742 -0.427368 0.962646 -0.303589 0.015747 0.054810
-0.057373 -0.472778 0.895630 -0.310669 0.021362 0.046875
-0.094971 -0.521606 0.844849 -0.207031 -0.050415 0.014771
-0.097778 -0.547485 0.844238 -0.020996 -0.180908 -0.027954
-0.055176 -0.500854 0.881470 0.187012 -0.312622 -0.063477
0.004395 -0.433105 0.928101 0.314087 -0.386230 -0.078125
0.058960 -0.362549 0.990234 0.314087 -0.381958 -0.067505
0.098267 -0.319580 1.005127 0.205200 -0.316895 -0.033691
0.116211 -0.287476 1.025024 0.043457 -0.231445 -0.000854
0.114624 -0.297729 1.008789 -0.086060 -0.161133 0.026489
0.112427 -0.300537 0.993530 -0.134766 -0.130615 0.036865
0.121338 -0.291382 0.985840 -0.125366 -0.134766 0.035522
0.130981 -0.293091 0.993286 -0.108643 -0.141235 0.035400
0.139404 -0.291992 1.005493 -0.101685 -0.145752 0.040161
0.150391 -0.270874 0.989502 -0.076660 -0.139648 0.044434
0.161133 -0.249268 1.000366 -0.052612 -0.167358 0.037231
0.181641 -0.202759 0.968872 -0.000854 -0.215698 0.014648
0.185425 -0.182251 0.934814 0.081299 -0.285889 -0.028198
0.198730 -0.153931 0.908936 0.211060 -0.380493 -0.088135
0.253296 -0.139771 0.956421 0.306763 -0.476685 -0.143433
0.332642 -0.112549 1.083862 0.296753 -0.509521 -0.168701
0.392578 -0.109619 1.159912 0.150024 -0.444580 -0.148560
0.421631 -0.120483 1.181641 -0.046387 -0.306274 -0.108154
0.425415 -0.115479 1.170654 -0.216797 -0.156128 -0.080566
0.414795 -0.112793 1.114136 -0.281006 -0.047241 -0.080933
0.413208 -0.081299 1.093384 -0.293335 0.000244 -0.105347
