0.038330 -0.302734 1.028442 -0.105957 0.037231 -0.008057
0.015015 -0.328125 1.022339 -0.083618 0.028320 -0.024292
0.002075 -0.343872 1.024536 -0.055542 0.003418 -0.038452
0.003540 -0.337524 1.040649 -0.004150 -0.030029 -0.055176
0.013062 -0.307129 1.057617 0.047119 -0.051758 -0.071289
0.008301 -0.303955 1.048096 0.054321 -0.047852 -0.078247
-0.001587 -0.310303 1.044800 0.028809 -0.030273 -0.075439
-0.006592 -0.300293 1.037476 -0.004639 -0.007935 -0.068848
-0.013672 -0.298950 1.020874 -0.047119 0.012573 -0.059814
-0.029419 -0.306641 0.988281 -0.060791 0.018677 -0.059204
-0.039185 -0.307617 0.970215 -0.037354 0.006470 -0.071289
-0.054810 -0.315308 0.949829 -0.013916 -0.018311 -0.089844
-0.065430 -0.341431 0.925293 0.020508 -0.051636 -0.101807
-0.051147 -0.331665 0.924561 0.059448 -0.091187 -0.106812
-0.026123 -0.318237 0.940186 0.072021 -0.122070 -0.105835
0.007080 -0.301880 0.950073 0.076416 -0.138428 -0.107056
0.032104 -0.302856 0.956543 0.077148 -0.142212 -0.111572
0.042969 -0.330200 0.955444 0.055420 -0.133667 -0.117188
0.049194 -0.371826 0.938232 0.034912 -0.121094 -0.115601
0.050171 -0.409668 0.915161 0.020752 -0.108765 -0.106567
0.054443 -0.444092 0.892090 -0.006836 -0.104492 -0.093384
0.056274 -0.496704 0.888062 -0.025146 -0.111206 -0.081299
0.047119 -0.575806 0.883667 -0.017212 -0.131348 -0.075928
0.034180 -0.650635 0.899292 0.016724 -0.162720 -0.073242
0.023682 -0.697021 0.897217 0.057495 -0.193237 -0.058716
0.026611 -0.735962 0.905151 0.092529 -0.224243 -0.029419
0.043579 -0.759033 0.944946 0.109741 -0.245361 -0.001343
0.065552 -0.779541 0.990112 0.115967 -0.228760 0.037598
0.068726 -0.828979 1.018311 0.068604 -0.167969 0.096313
0.027832 -0.886475 1.002563 -0.022339 -0.100464 0.161987
-0.022095 -0.914185 0.954956 -0.079346 -0.062744 0.233643
-0.062622 -0.893311 0.902588 -0.065186 -0.074097 0.300171
-0.083618 -0.830078 0.844971 -0.006714 -0.128174 0.350098
-0.077759 -0.739014 0.833862 0.079834 -0.203979 0.376221
-0.035767 -0.630737 0.902466 0.162354 -0.280029 0.388550
0.015869 -0.508179 0.942261 0.251465 -0.316040 0.403687
0.057373 -0.396973 0.998901 0.288574 -0.314819 0.426147
0.084717 -0.301392 1.042480 0.229614 -0.281372 0.457886
0.088623 -0.222534 1.027222 0.120239 -0.223145 0.486450
0.095703 -0.132568 1.013916 0.036255 -0.171265 0.497070
0.099121 -0.045044 1.013794 -0.036377 -0.131958 0.489380
0.106079 0.031494 1.013794 -0.160278 -0.090210 0.477417
0.095215 0.043701 0.982666 -0.305664 -0.062500 0.481079
0.102173 0.083618 0.970337 -0.335449 -0.077881 0.457275
0.133667 0.130981 0.984009 -0.316162 -0.123535 0.403931
0.179443 0.163330 1.026611 -0.302979 -0.177490 0.324341
0.214355 0.179077 1.097656 -0.307129 -0.213745 0.235596
0.229980 0.140869 1.142822 -0.203125 -0.195190 0.183960
0.252563 0.118408 1.189941 -0.085205 -0.149414 0.151733
0.261841 0.092773 1.211792 -0.061279 -0.097412 0.130615
0.283203 0.098877 1.213135 -0.039917 -0.048340 0.111938
0.288452 0.097412 1.192749 -0.069092 -0.011230 0.084961
0.273315 0.052612 1.162964 -0.120728 0.013306 0.046631
0.253906 -0.003052 1.137451 -0.111450 0.025269 0.001221
0.250854 -0.062866 1.130615 -0.074341 0.021118 -0.034912
0.252563 -0.101929 1.124390 -0.053589 0.011719 -0.065918
0.245483 -0.132568 1.100586 -0.039795 0.003418 -0.091309
0.242310 -0.166992 1.083984 -0.019775 -0.002686 -0.120117
0.247681 -0.194092 1.081421 -0.008301 0.000488 -0.144409
0.249756 -0.217041 1.077637 -0.016724 0.031006 -0.144043
0.238647 -0.257202 1.047607 -0.030884 0.073120 -0.133789
0.237671 -0.269165 1.018188 -0.021240 0.092529 -0.141235
0.234985 -0.270630 0.998169 -0.018677 0.085938 -0.167969
0.230103 -0.286133 0.989990 0.005615 0.062622 -0.217529
0.232422 -0.293335 0.987793 0.054321 0.030029 -0.273193
0.245483 -0.316162 1.015991 0.069458 0.002319 -0.310669
0.258545 -0.323486 1.027954 0.046509 0.001099 -0.331665
0.230103 -0.367432 1.027222 0.000610 0.032959 -0.328735
0.188721 -0.421997 1.006104 -0.065186 0.077515 -0.319336
0.151001 -0.445679 0.959106 -0.101685 0.113647 -0.295532
0.117798 -0.455078 0.932617 -0.121826 0.131592 -0.263062
0.101929 -0.460938 0.914917 -0.144043 0.131836 -0.237061
0.085449 -0.461304 0.906982 -0.150513 0.133057 -0.214478
0.065063 -0.467041 0.882568 -0.171997 0.141479 -0.186523
0.054321 -0.465332 0.877197 -0.203979 0.150757 -0.155396
0.046265 -0.459351 0.878174 -0.240356 0.155396 -0.125000
0.031250 -0.437378 0.869995 -0.270264 0.166016 -0.096924
0.010376 -0.422241 0.842285 -0.297974 0.173096 -0.080566
-0.027344 -0.436646 0.810669 -0.319946 0.155273 -0.085205
-0.062256 -0.478149 0.809814 -0.271851 0.098145 -0.112061
-0.070801 -0.486450 0.835205 -0.160400 0.019165 -0.155762
-0.065308 -0.483032 0.881104 -0.052368 -0.048584 -0.190918
-0.070801 -0.517944 0.918091 -0.027222 -0.093994 -0.196167
-0.054077 -0.503174 0.990601 0.018677 -0.082520 -0.173340
-0.033569 -0.470093 1.019775 -0.041870 -0.044678 -0.116089
-0.048340 -0.472412 1.007080 -0.157104 0.002197 -0.054565
-0.075317 -0.482056 0.987183 -0.257690 0.048096 -0.005005
-0.091675 -0.498047 0.966797 -0.319214 0.086670 0.037720
-0.091309 -0.481201 0.943481 -0.311279 0.102539 0.061646
-0.083618 -0.445679 0.935181 -0.257568 0.095459 0.055542
-0.087524 -0.429321 0.925903 -0.222290 0.071411 0.026855
-0.099731 -0.449951 0.914795 -0.169922 0.031738 -0.006836
-0.091309 -0.456787 0.939331 -0.095947 -0.023438 -0.032349
-0.069458 -0.453491 0.980591 -0.027710 -0.063110 -0.041748
-0.032959 -0.454102 0.989624 -0.017212 -0.091431 -0.028076
-0.014160 -0.441406 1.020630 -0.031250 -0.080322 -0.024902
0.007324 -0.441650 1.039185 -0.031006 -0.054199 -0.011963
0.005859 -0.475464 1.033203 -0.070313 -0.034668 -0.000610
-0.003662 -0.510010 1.024170 -0.083252 -0.017822 0.009033
-0.007446 -0.520996 1.036255 -0.088379 -0.005615 0.022827
-0.005615 -0.513184 1.019775 -0.091797 0.003784 0.038208
-0.015137 -0.507324 1.004883 -0.092896 0.004395 0.044800
-0.035645 -0.519043 0.985229 -0.071777 -0.006714 0.038818
-0.062134 -0.550293 0.934937 -0.026123 -0.029785 0.026123
-0.088989 -0.567749 0.903076 0.046387 -0.068970 0.013794
-0.101685 -0.581299 0.888916 0.118652 -0.118530 0.010010
-0.072510 -0.559204 0.933228 0.175781 -0.167725 0.012329
-0.064819 -0.554077 0.985352 0.199707 -0.184692 0.009399
-0.070190 -0.570679 1.012329 0.207642 -0.165771 0.024414
-0.074585 -0.564941 1.029663 0.198608 -0.137817 0.061646
-0.083496 -0.558472 1.019897 0.169189 -0.110229 0.119751
-0.053467 -0.534912 1.039429 0.144653 -0.096436 0.186157
-0.037842 -0.488770 1.042480 0.117798 -0.090454 0.243652
-0.034546 -0.429932 1.011475 0.125000 -0.044312 0.284058
-0.049438 -0.402710 0.959717 0.063721 -0.039673 0.317871
-0.047485 -0.385132 0.942383 0.029297 -0.039795 0.325439
-0.029907 -0.391602 0.960815 -0.006104 -0.057495 0.332764
-0.007080 -0.335083 0.970703 0.004517 -0.016968 0.308472
-0.015137 -0.327515 0.953979 0.044800 0.017212 0.290527
-0.032349 -0.362061 0.911255 -0.002563 0.014038 0.290039
-0.024048 -0.358154 0.963989 0.001221 0.009399 0.290527
0.032593 -0.334473 1.017334 0.037842 0.012329 0.325195
0.061401 -0.295044 1.023193 0.032837 0.045288 0.346191
0.080200 -0.275269 1.036499 0.036011 0.093262 0.372437
0.078735 -0.223267 1.005005 0.038818 0.169434 0.383179
0.125000 -0.209961 1.069458 0.042236 0.227051 0.432495
0.109375 -0.193237 0.999878 -0.088501 0.272705 0.429565
0.131958 -0.170288 1.035889 -0.114258 0.312866 0.408447
0.148682 -0.151611 1.065674 -0.224121 0.323242 0.364380
0.145020 -0.173462 1.052124 -0.322021 0.317139 0.311035
0.149292 -0.164429 1.076538 -0.345825 0.295410 0.257324
0.164429 -0.155518 1.103271 -0.345459 0.264160 0.202393
0.193726 -0.147827 1.204468 -0.299683 0.203857 0.135376
0.210327 -0.122314 1.268188 -0.284668 0.146729 0.072876
0.202271 -0.139648 1.280273 -0.308594 0.100464 0.048706
0.183960 -0.135254 1.287598 -0.261475 0.073853 0.021118
0.179443 -0.117554 1.301636 -0.172852 0.062378 -0.009277
0.161255 -0.111206 1.312866 -0.103027 0.058838 -0.050537
0.148438 -0.102295 1.323486 -0.015991 0.061401 -0.089966
0.124268 -0.091797 1.285767 0.053589 0.079590 -0.127930
0.090210 -0.107544 1.225830 0.112183 0.085205 -0.163696
0.063110 -0.126587 1.188965 0.176636 0.062500 -0.208496
0.047485 -0.124756 1.152588 0.233276 0.028320 -0.249390
0.043945 -0.119751 1.134521 0.276611 0.029419 -0.293091
0.038086 -0.122681 1.125244 0.297485 0.064575 -0.330688
0.007446 -0.139404 1.066406 0.274536 0.105713 -0.348877
-0.047852 -0.188965 0.995117 0.221069 0.136353 -0.349976
-0.087524 -0.225098 0.948242 0.174927 0.133057 -0.339111
-0.121460 -0.259644 0.906372 0.156250 0.102173 -0.318970
-0.145508 -0.284058 0.872559 0.158325 0.051514 -0.296997
