0.084229 -0.227173 1.063477 0.056641 -0.095947 -0.038330
0.102661 -0.208618 1.083374 0.041992 -0.078979 -0.038208
0.102783 -0.199463 1.073242 0.007446 -0.047119 -0.026733
0.090332 -0.200073 1.046753 -0.025146 -0.024536 -0.021973
0.070923 -0.210938 1.007568 -0.027954 -0.024658 -0.024292
0.076416 -0.188843 0.987671 0.004028 -0.051025 -0.035522
0.081177 -0.167725 0.975220 0.025635 -0.084717 -0.054565
0.096802 -0.155762 0.979492 0.049072 -0.115234 -0.078003
0.115112 -0.151855 0.990601 0.057861 -0.124146 -0.093140
0.127197 -0.148682 1.000000 0.009277 -0.107056 -0.100098
0.118896 -0.180542 0.987671 -0.058838 -0.079712 -0.102051
0.113281 -0.209229 0.986084 -0.100830 -0.064819 -0.109741
0.095825 -0.263672 0.973633 -0.107666 -0.061401 -0.124390
0.079102 -0.312622 0.961304 -0.069336 -0.070557 -0.141357
0.070923 -0.352173 0.958740 -0.024048 -0.085693 -0.151245
0.064697 -0.378418 0.957642 -0.014282 -0.097900 -0.147583
0.062622 -0.400635 0.964111 -0.020386 -0.105469 -0.138184
0.065186 -0.426025 0.979004 -0.017822 -0.105713 -0.125000
0.072632 -0.442993 0.994629 -0.028809 -0.091431 -0.106201
0.067139 -0.460205 0.996460 -0.061523 -0.069214 -0.086426
0.055298 -0.486206 0.985352 -0.074463 -0.040649 -0.064575
0.043823 -0.506836 0.961060 -0.072754 -0.021851 -0.033691
0.039429 -0.515869 0.943970 -0.071045 -0.026245 -0.010376
0.035645 -0.536865 0.950562 -0.065918 -0.039429 0.005615
0.041504 -0.553467 0.966797 -0.044922 -0.054932 0.021973
0.032471 -0.573730 0.965210 -0.036011 -0.063110 0.040405
0.022217 -0.583740 0.958984 -0.029663 -0.067627 0.065186
0.021484 -0.581787 0.966919 -0.025024 -0.077637 0.091187
0.024048 -0.581787 0.967651 -0.000488 -0.089966 0.116089
0.040283 -0.549561 0.999268 0.080078 -0.101440 0.136230
0.051636 -0.539673 1.025757 0.094238 -0.100830 0.166504
0.066040 -0.508057 1.032471 0.088379 -0.096802 0.199219
0.056396 -0.494751 1.023560 0.047729 -0.084106 0.228027
0.046143 -0.473145 1.018677 0.008301 -0.084961 0.251221
0.045410 -0.442871 1.020386 0.001831 -0.102173 0.265747
0.048096 -0.418091 1.025513 0.018311 -0.114990 0.284424
0.063232 -0.384399 1.049316 0.025269 -0.124146 0.317749
0.074585 -0.344482 1.048706 0.011597 -0.117432 0.354614
0.085449 -0.314453 1.041870 -0.002808 -0.108765 0.377441
0.094238 -0.265747 1.025757 -0.006958 -0.109619 0.384766
0.115845 -0.200562 1.028198 0.010742 -0.109131 0.379395
0.140259 -0.148926 1.036499 0.019287 -0.106812 0.366943
0.163818 -0.097778 1.060425 0.011841 -0.087646 0.347168
0.166992 -0.060791 1.063354 -0.021240 -0.053101 0.323120
0.173462 -0.047729 1.074951 -0.052124 -0.015869 0.307617
0.174438 -0.018066 1.062744 -0.080933 0.025146 0.285767
0.163452 -0.006958 1.039185 -0.094482 0.048828 0.255127
0.147217 0.000000 1.015625 -0.074951 0.041382 0.218018
0.160156 0.010132 1.033813 -0.026733 0.017212 0.178711
0.161011 0.013672 1.041504 0.006836 -0.008911 0.141113
0.169678 0.020264 1.037231 0.038696 -0.029419 0.105591
0.191284 0.036987 1.054932 0.050293 -0.040161 0.075195
0.204224 0.045898 1.064331 0.027100 -0.029175 0.054565
0.195435 0.032593 1.051392 -0.015747 -0.008301 0.039551
0.195068 0.004883 1.037354 -0.045654 0.000122 0.025024
0.220825 0.000366 1.047729 -0.044678 -0.006226 0.005737
0.248291 0.011353 1.051636 -0.040161 -0.008667 -0.027100
0.260254 -0.007324 1.042603 -0.033813 -0.011719 -0.074219
0.260986 -0.044556 1.037842 -0.025879 -0.022095 -0.126953
0.269165 -0.070435 1.042236 -0.013306 -0.040527 -0.170654
0.281006 -0.095825 1.067017 0.005493 -0.046875 -0.202026
0.286499 -0.117676 1.084717 0.002686 -0.027954 -0.218628
0.265625 -0.164307 1.059204 -0.035767 0.016724 -0.220459
0.235229 -0.187256 1.018921 -0.080566 0.055786 -0.215332
0.230347 -0.205078 0.994629 -0.108276 0.069580 -0.214600
0.223389 -0.213623 0.981323 -0.123291 0.063721 -0.229370
0.217041 -0.246338 0.976685 -0.119507 0.056274 -0.256714
0.196777 -0.287720 0.971313 -0.105469 0.049438 -0.283936
0.182007 -0.321899 0.971313 -0.076416 0.035522 -0.305176
0.173950 -0.335571 0.980835 -0.052856 0.014404 -0.317871
0.158813 -0.334839 0.980103 -0.048950 -0.004028 -0.323608
0.139771 -0.333984 0.958618 -0.042114 -0.016479 -0.330444
0.108154 -0.339355 0.931274 -0.015259 -0.025024 -0.334106
0.069092 -0.362183 0.899048 -0.001587 -0.029541 -0.331421
0.054077 -0.365601 0.894653 0.015137 -0.036621 -0.317993
0.050049 -0.362549 0.902100 0.021240 -0.041870 -0.291382
0.054932 -0.352417 0.924316 -0.001465 -0.041748 -0.263306
0.059082 -0.327759 0.931274 -0.037354 -0.030396 -0.248535
0.043213 -0.345093 0.937378 -0.068970 -0.010864 -0.242676
0.027954 -0.348755 0.937134 -0.068481 -0.000732 -0.242676
0.017944 -0.345337 0.923340 -0.076782 0.009155 -0.240601
-0.009033 -0.391846 0.927124 -0.162354 0.013428 -0.224365
-0.030396 -0.407471 0.958984 -0.175903 0.032959 -0.215942
-0.038818 -0.416992 0.973389 -0.173706 0.031860 -0.193359
-0.053833 -0.447266 0.975220 -0.211182 0.013672 -0.167114
-0.065308 -0.482910 0.973633 -0.250854 0.002563 -0.130127
-0.069458 -0.495728 0.974976 -0.300537 -0.004761 -0.091309
-0.052734 -0.479858 1.000488 -0.260376 -0.014526 -0.061157
-0.031006 -0.469116 1.011108 -0.218262 -0.011719 -0.042725
-0.023315 -0.476685 1.025513 -0.197876 -0.007935 -0.034180
-0.031250 -0.500732 1.018188 -0.193481 -0.012207 -0.024902
-0.018799 -0.505615 1.034180 -0.174072 -0.024048 -0.006958
0.002441 -0.483154 1.047363 -0.161255 -0.036011 0.012085
0.028076 -0.473267 1.073730 -0.137817 -0.045410 0.025513
0.049438 -0.474121 1.091675 -0.103760 -0.053955 0.037109
0.069092 -0.461182 1.117432 -0.065796 -0.054565 0.048950
0.057373 -0.465454 1.117310 -0.048340 -0.041260 0.057861
0.029541 -0.483643 1.076050 -0.032959 -0.025269 0.070801
0.020020 -0.475098 1.056274 -0.005127 -0.019165 0.088135
0.019653 -0.456543 1.047119 0.002075 -0.017700 0.103638
0.009155 -0.453735 1.049194 -0.007935 -0.014038 0.114624
-0.001343 -0.456543 1.047241 -0.011963 -0.015137 0.128540
-0.013672 -0.460083 1.034790 -0.007324 -0.023926 0.144775
-0.017456 -0.436523 1.028198 -0.001343 -0.042236 0.159058
-0.026978 -0.413330 1.018555 0.010742 -0.060425 0.168457
-0.043579 -0.400879 1.009277 0.048340 -0.071655 0.180786
-0.053223 -0.397827 1.020020 0.109375 -0.076172 0.199463
-0.068481 -0.405273 1.016479 0.128174 -0.069824 0.231934
-0.070313 -0.386597 0.991333 0.115479 -0.058350 0.276611
-0.052246 -0.355957 1.024170 0.098511 -0.048828 0.321777
-0.034058 -0.326172 1.037842 0.096436 -0.041748 0.357422
-0.033203 -0.318359 1.049072 0.084961 -0.016602 0.380371
-0.017944 -0.291260 1.061157 0.074829 -0.019165 0.391113
0.005493 -0.269653 1.071045 0.127319 -0.034668 0.398804
0.047119 -0.220459 1.058960 0.229736 -0.043091 0.399170
0.077393 -0.158569 1.099854 0.256348 -0.016602 0.392212
0.088257 -0.123047 1.073608 0.151367 0.006470 0.389038
0.098755 -0.111938 1.061401 0.056641 0.019165 0.381348
0.100830 -0.131714 1.051147 -0.007568 0.025513 0.363647
0.100098 -0.148804 1.051392 -0.048828 0.019165 0.337036
0.118164 -0.143066 1.060791 -0.056396 0.006226 0.317627
0.124146 -0.172363 1.062744 -0.017090 0.003906 0.312256
0.130737 -0.166016 1.063599 0.034424 0.004028 0.314331
0.139160 -0.147095 1.061035 0.042236 0.007202 0.312622
0.151733 -0.126465 1.063110 0.056030 0.018921 0.300659
0.150513 -0.111450 1.049805 0.073853 0.021851 0.282593
0.174072 -0.085938 1.054321 0.097900 0.007080 0.264160
0.196289 -0.069824 1.084473 0.103882 -0.004395 0.248169
0.227417 -0.056274 1.110718 0.082275 -0.011353 0.231201
0.244263 -0.035278 1.139282 0.043091 -0.015015 0.205811
0.255371 -0.025146 1.169189 0.017944 -0.017212 0.177612
0.270508 0.003052 1.188843 0.009766 -0.023438 0.138062
0.278687 0.014404 1.216675 0.000488 -0.031372 0.089233
0.299683 0.030518 1.241089 0.024170 -0.040771 0.041992
0.320801 0.080688 1.236572 0.064453 -0.039551 -0.009155
0.327515 0.100098 1.202148 0.054565 -0.007324 -0.057495
0.327759 0.087036 1.186035 0.014648 0.049683 -0.104614
0.299927 0.080322 1.130249 -0.064819 0.098633 -0.148193
0.267212 0.054932 1.060059 -0.103882 0.140747 -0.192627
0.221802 -0.001953 1.014160 -0.055664 0.163818 -0.239868
0.172119 -0.073486 0.984497 0.066162 0.163574 -0.275513
0.150269 -0.079468 0.961304 0.211426 0.125122 -0.306641
0.130005 -0.072266 0.941772 0.287720 0.067505 -0.330933
0.118652 -0.072754 0.927979 0.309448 0.016968 -0.350220
0.128052 -0.078979 0.965454 0.286255 -0.014282 -0.364868
0.124146 -0.105957 0.997681 0.230469 -0.012695 -0.379639
0.093994 -0.171021 0.985352 0.198730 0.032959 -0.379028
0.045532 -0.238037 0.942505 0.135498 0.081665 -0.350952
0.006226 -0.283936 0.911255 0.058350 0.110474 -0.308350
-0.026978 -0.311401 0.870972 0.016235 0.117310 -0.255005
