0.068481 -0.233765 1.022705 -0.037476 -0.015747 -0.022949
0.067383 -0.231812 1.019531 -0.036499 -0.024902 -0.025757
0.067627 -0.232788 1.021484 -0.023071 -0.031494 -0.029541
0.071899 -0.227905 1.026001 -0.015991 -0.036377 -0.030151
0.076538 -0.220459 1.020752 -0.018188 -0.036499 -0.028564
0.076904 -0.226074 1.024536 -0.017578 -0.033936 -0.027466
0.074951 -0.227661 1.025269 -0.012207 -0.035522 -0.032227
0.077271 -0.223022 1.028442 -0.005371 -0.038940 -0.031738
0.081055 -0.212891 1.027100 -0.000244 -0.038330 -0.031372
0.080811 -0.218994 1.017334 -0.003174 -0.032837 -0.028564
0.078247 -0.230469 1.019531 0.000244 -0.030273 -0.031250
0.081665 -0.228271 1.008179 -0.000610 -0.031616 -0.034546
0.086792 -0.238770 1.006836 -0.002319 -0.034058 -0.040527
0.098633 -0.248535 1.030396 0.014038 -0.027222 -0.044800
0.091553 -0.250366 1.010742 -0.005737 -0.029785 -0.050537
0.093140 -0.258179 1.008057 -0.014648 -0.031250 -0.054077
0.096191 -0.265503 0.996948 -0.012939 -0.027954 -0.060181
0.085449 -0.306152 0.990845 -0.021118 -0.023071 -0.068115
0.088501 -0.336426 0.994141 -0.022217 -0.029907 -0.079468
0.090698 -0.353760 0.996460 -0.015503 -0.040527 -0.082275
0.082520 -0.389893 0.990601 -0.026489 -0.049561 -0.078979
0.078247 -0.419678 0.988037 -0.035522 -0.063354 -0.076294
0.076782 -0.464233 1.005981 -0.022705 -0.075317 -0.066528
0.060669 -0.533203 1.014893 -0.012329 -0.086060 -0.050537
0.061523 -0.551514 1.026489 0.018433 -0.105713 -0.023193
0.067261 -0.541016 1.029053 0.042358 -0.124512 0.015747
0.083496 -0.530518 1.042847 0.045288 -0.136230 0.059692
0.105591 -0.503052 1.051147 0.054688 -0.142456 0.087402
0.112061 -0.492188 1.053589 0.049438 -0.126709 0.106934
0.105591 -0.493896 1.037720 0.052368 -0.104614 0.119507
0.089478 -0.499634 1.021362 0.055176 -0.095947 0.126953
0.078003 -0.503174 1.003052 0.060547 -0.103394 0.132324
0.081909 -0.491333 1.004639 0.069214 -0.114502 0.145874
0.084961 -0.460815 1.007690 0.050171 -0.111328 0.164429
0.063354 -0.449951 0.971436 -0.008667 -0.088379 0.191650
0.039551 -0.423584 0.918701 -0.054443 -0.067871 0.231201
0.029541 -0.397827 0.909302 -0.070313 -0.072388 0.262085
0.039185 -0.369507 0.921631 -0.082520 -0.096680 0.276855
0.045288 -0.368042 0.954468 -0.097534 -0.118286 0.279419
0.056519 -0.333862 0.980225 -0.106689 -0.141479 0.279419
0.069702 -0.302856 0.997314 -0.091064 -0.138916 0.300781
0.078247 -0.270264 0.994873 -0.059937 -0.133179 0.322388
0.083008 -0.229980 0.992065 -0.051392 -0.136108 0.335083
0.107056 -0.177856 0.988159 -0.043457 -0.145752 0.338745
0.130371 -0.130737 1.009033 -0.031738 -0.142822 0.336670
0.145874 -0.084351 1.011963 -0.039673 -0.130615 0.321411
0.162476 -0.038086 1.006348 -0.048828 -0.120850 0.301514
0.175537 0.008423 1.004883 -0.047974 -0.111206 0.279419
0.195679 0.047729 1.014160 -0.041992 -0.109741 0.249878
0.220337 0.083618 1.034912 -0.020142 -0.122437 0.210815
0.252563 0.117065 1.057739 0.023438 -0.140503 0.171265
0.283447 0.146240 1.098511 0.072021 -0.153931 0.125244
0.326538 0.185669 1.129761 0.095947 -0.154053 0.074341
0.360718 0.198853 1.155396 0.083008 -0.131226 0.026001
0.374146 0.203857 1.150879 0.055176 -0.096680 -0.024292
0.381714 0.201660 1.126343 0.038574 -0.058472 -0.073608
0.390503 0.215942 1.100830 0.036743 -0.033936 -0.123657
0.400269 0.201782 1.093384 0.017944 -0.018311 -0.174927
0.393921 0.161133 1.055420 0.008545 0.000000 -0.231445
0.384521 0.113037 1.024048 0.014893 0.004517 -0.293335
0.372437 0.076416 0.998413 0.041016 0.001587 -0.350098
0.360962 0.015015 0.973877 0.043213 -0.007935 -0.392578
0.366577 -0.045532 0.993408 0.052979 -0.016235 -0.428711
0.390137 -0.086426 1.038574 0.059448 0.004883 -0.455078
0.387207 -0.150513 1.079102 0.018433 0.079712 -0.451538
0.336304 -0.215576 1.069458 -0.061401 0.171631 -0.444702
0.260986 -0.290527 0.973145 -0.155151 0.237305 -0.420776
0.163208 -0.375610 0.875122 -0.170654 0.242798 -0.393311
0.077026 -0.458740 0.826904 -0.082153 0.162842 -0.398071
0.046631 -0.482056 0.855835 0.046875 0.032104 -0.412231
0.065430 -0.503052 0.943115 0.129761 -0.062256 -0.406494
0.038696 -0.469971 0.999512 0.107056 -0.094482 -0.397583
0.061157 -0.465576 1.010498 0.033081 -0.054443 -0.320313
0.028809 -0.467041 0.982300 -0.050415 0.001953 -0.231689
0.015747 -0.423828 0.978760 -0.044189 0.031616 -0.186401
0.021851 -0.423950 0.975708 -0.156128 0.017700 -0.154541
0.021118 -0.413086 0.965210 -0.183350 0.005981 -0.145020
0.004761 -0.404175 0.947510 -0.180298 -0.001099 -0.133179
-0.009766 -0.409546 0.938965 -0.220093 -0.030029 -0.113525
-0.001465 -0.384277 0.934326 -0.190796 -0.075073 -0.111816
0.017944 -0.383301 0.980957 -0.139404 -0.114136 -0.100708
0.025146 -0.389282 1.010132 -0.136108 -0.136719 -0.081787
0.029419 -0.388550 1.035156 -0.135620 -0.140015 -0.058838
0.031738 -0.390381 1.047485 -0.139526 -0.134399 -0.042358
0.018799 -0.387085 1.028687 -0.151489 -0.137695 -0.037720
0.017456 -0.396240 1.049805 -0.135620 -0.147095 -0.032104
0.036987 -0.403809 1.080078 -0.136597 -0.151001 -0.013794
0.052490 -0.408936 1.102539 -0.154053 -0.128784 0.029541
0.050537 -0.411377 1.104614 -0.171265 -0.093872 0.078491
0.032837 -0.398193 1.073364 -0.180786 -0.070679 0.111450
0.013550 -0.386963 1.040161 -0.170776 -0.067383 0.128296
0.003662 -0.376343 1.010010 -0.138550 -0.070190 0.134888
-0.021729 -0.400024 0.975220 -0.131470 -0.078247 0.145386
-0.033081 -0.402588 0.960938 -0.133545 -0.105347 0.158325
-0.026489 -0.396729 0.977173 -0.125122 -0.151367 0.160400
0.021729 -0.383911 1.061523 -0.085571 -0.206177 0.155884
0.083618 -0.315796 1.132202 0.039917 -0.264282 0.134521
0.117676 -0.290039 1.162476 0.130493 -0.230225 0.134766
0.111572 -0.291626 1.165527 0.114258 -0.173828 0.168701
0.108398 -0.249878 1.151367 0.134888 -0.122559 0.198730
0.071533 -0.276367 1.083984 -0.000488 -0.061890 0.245972
0.071289 -0.300293 1.137573 -0.125000 -0.027222 0.295898
0.058350 -0.278076 1.105469 -0.234009 -0.003418 0.331909
0.032593 -0.285522 1.042603 -0.193481 0.047729 0.351440
0.000732 -0.283081 0.974365 -0.131592 0.059814 0.350708
-0.016846 -0.292114 0.920288 -0.102173 0.035522 0.351440
0.006592 -0.274414 0.928955 -0.058838 -0.005249 0.355957
0.042480 -0.258911 0.966553 -0.036621 -0.042725 0.360840
0.094482 -0.239380 1.033203 0.003052 -0.040527 0.362061
0.134644 -0.218994 1.063843 0.032227 -0.009399 0.369141
0.167236 -0.174683 1.086548 0.068970 0.048584 0.385986
0.176636 -0.135864 1.093506 0.065918 0.118286 0.391357
0.192749 -0.100708 1.105225 0.082153 0.226807 0.396240
0.243896 -0.117798 1.151978 0.109741 0.356323 0.388916
0.211548 -0.165039 1.070557 0.178711 0.423828 0.347046
0.233032 -0.158203 1.068237 0.284302 0.428467 0.316772
0.259277 -0.124023 1.101196 0.316528 0.384033 0.297485
0.316895 -0.105347 1.135742 0.289063 0.325928 0.267944
0.341431 -0.078979 1.207275 0.204590 0.235474 0.224487
0.370728 -0.015137 1.266479 0.088623 0.163208 0.185303
0.375000 0.021484 1.270874 -0.022095 0.154907 0.165283
0.364014 0.053711 1.250244 -0.076050 0.176880 0.151367
0.345093 0.033325 1.211182 -0.119385 0.197998 0.129272
0.301880 -0.008301 1.165527 -0.134033 0.205322 0.095703
0.267700 -0.049683 1.099731 -0.112427 0.196899 0.080933
0.227417 -0.081299 1.077637 -0.118530 0.157227 0.083374
0.207764 -0.116211 1.043335 -0.118286 0.107422 0.079102
0.206299 -0.093506 1.054565 -0.074219 0.048340 0.046631
0.217896 -0.099609 1.089233 -0.064453 0.036621 0.003418
0.214966 -0.104980 1.120483 -0.035645 0.057617 -0.036377
0.174927 -0.126953 1.093384 -0.024170 0.073853 -0.077881
0.131470 -0.144165 1.061646 0.002686 0.066895 -0.118408
0.108887 -0.134033 1.050903 0.056396 0.051514 -0.154541
0.084351 -0.134155 1.036865 0.114990 0.040405 -0.180420
0.079102 -0.113403 1.058105 0.166016 0.005005 -0.202148
0.088867 -0.078003 1.097412 0.186401 -0.040771 -0.223022
0.101074 -0.053223 1.133911 0.217529 -0.043091 -0.246582
0.101074 0.017334 1.140625 0.261841 -0.019287 -0.269165
0.094849 0.049316 1.127563 0.260498 0.017578 -0.280518
0.079956 0.070923 1.086548 0.219727 0.065796 -0.268188
0.058472 0.066284 1.048950 0.158325 0.103394 -0.249268
0.024658 0.027832 0.985718 0.126099 0.151245 -0.242065
-0.020752 -0.008423 0.929077 0.104248 0.159546 -0.236938
-0.052368 -0.071289 0.879517 0.094116 0.135498 -0.232666
-0.078857 -0.110962 0.865845 0.088257 0.079590 -0.242676
-0.035645 -0.143677 0.882935 0.089600 0.020142 -0.232056
-0.047119 -0.122803 0.895508 0.050659 -0.007690 -0.210938
-0.034424 -0.132568 0.910156 0.021484 0.012207 -0.156372
-0.049194 -0.190552 0.893066 0.013428 0.041504 -0.121338
-0.040161 -0.230591 0.908203 0.013428 0.050781 -0.111816
