-0.001221 -0.214600 1.032227 -0.039795 -0.065796 -0.030640
0.003174 -0.200684 1.017822 -0.027344 -0.066772 -0.040649
-0.003906 -0.210449 0.999634 -0.010498 -0.073364 -0.048218
-0.003540 -0.221802 0.987183 0.020386 -0.090210 -0.058472
0.004395 -0.223999 0.972900 0.037354 -0.111816 -0.062256
0.021118 -0.224976 0.989746 0.034912 -0.126953 -0.066772
0.039307 -0.251221 1.009399 -0.001831 -0.124023 -0.065063
0.046265 -0.285522 1.012329 -0.032227 -0.103271 -0.057495
0.046021 -0.313965 1.010498 -0.053833 -0.074707 -0.045776
0.024658 -0.337280 0.974731 -0.071167 -0.058350 -0.030518
0.014771 -0.371704 0.947876 -0.078613 -0.063110 -0.018555
0.022217 -0.402466 0.956299 -0.084961 -0.083618 -0.018188
0.018555 -0.453247 0.957642 -0.085815 -0.107666 -0.020142
0.023315 -0.497559 0.959961 -0.056396 -0.130493 -0.017090
0.022339 -0.529541 0.968262 -0.033569 -0.154175 -0.008057
0.018066 -0.565308 0.983032 -0.032593 -0.171265 0.009277
0.022705 -0.594604 1.005615 -0.026489 -0.184448 0.024414
0.034058 -0.588379 1.028076 -0.010498 -0.203613 0.038574
0.039673 -0.568970 1.030151 0.007446 -0.211182 0.054321
0.044800 -0.544189 1.028076 0.022217 -0.203979 0.086426
0.052979 -0.506348 1.018555 0.032959 -0.187744 0.131470
0.049561 -0.477051 0.997803 0.022339 -0.169312 0.167847
0.043823 -0.453491 0.990112 0.006836 -0.149536 0.193237
0.035522 -0.449219 0.969482 -0.015747 -0.126831 0.216064
0.009033 -0.450317 0.954956 -0.052124 -0.107300 0.236450
-0.023682 -0.463257 0.901733 -0.091553 -0.090698 0.258057
-0.046021 -0.460327 0.863037 -0.105713 -0.102173 0.267334
-0.053223 -0.448730 0.844849 -0.098633 -0.146851 0.274170
-0.038818 -0.423462 0.869385 -0.070435 -0.223755 0.274536
-0.009766 -0.393921 0.925903 0.004272 -0.311768 0.256470
0.035400 -0.353882 0.989258 0.094727 -0.370728 0.244873
0.085205 -0.313477 1.059814 0.116089 -0.382446 0.248291
0.120483 -0.255981 1.117554 0.065796 -0.346069 0.276123
0.138672 -0.214233 1.139282 -0.034302 -0.264526 0.312012
0.121216 -0.173950 1.111084 -0.161255 -0.182495 0.334961
0.087158 -0.156372 1.057129 -0.208618 -0.128540 0.342285
0.084229 -0.119507 1.034668 -0.172119 -0.120361 0.332153
0.102661 -0.081055 1.041016 -0.102661 -0.149292 0.304199
0.141846 -0.017090 1.079590 -0.006958 -0.196411 0.255493
0.184082 0.047485 1.103882 0.096436 -0.247681 0.189819
0.240723 0.115723 1.148315 0.198730 -0.277222 0.123291
0.306641 0.179077 1.191406 0.263550 -0.260986 0.067139
0.352661 0.208496 1.210938 0.222168 -0.195679 0.035522
0.378906 0.225098 1.204712 0.136475 -0.109253 0.024780
0.374756 0.224609 1.173218 0.069580 -0.028931 0.025635
0.370728 0.235718 1.128174 0.020874 0.018921 0.011841
0.368652 0.244385 1.092163 0.000488 0.029175 -0.025269
0.367798 0.237183 1.060913 0.008789 0.022583 -0.083984
0.372681 0.222412 1.049438 0.022583 0.009888 -0.154175
0.386963 0.201050 1.044922 0.051147 0.006226 -0.227783
0.395508 0.158203 1.063965 0.074707 0.019653 -0.288208
0.392578 0.088379 1.077148 0.053833 0.064941 -0.328247
0.361450 0.005493 1.056519 0.015015 0.132080 -0.343140
0.314941 -0.088257 1.029541 -0.073730 0.194702 -0.331665
0.268433 -0.140869 1.006226 -0.159668 0.233765 -0.312256
0.229126 -0.190674 0.986572 -0.186890 0.253662 -0.311279
0.192993 -0.233154 0.960938 -0.179688 0.251831 -0.319580
0.158936 -0.282837 0.963501 -0.130859 0.229248 -0.336548
0.133179 -0.326172 0.957642 -0.083374 0.198364 -0.354492
0.110962 -0.355347 0.958618 -0.063599 0.162109 -0.366455
0.104858 -0.367065 0.982544 -0.072021 0.128784 -0.367065
0.099121 -0.395874 0.994141 -0.103638 0.111816 -0.354126
0.084839 -0.424194 0.996704 -0.137085 0.098999 -0.332520
0.074341 -0.432983 0.986206 -0.152100 0.085083 -0.310913
0.044678 -0.442261 0.984985 -0.159180 0.070679 -0.287476
0.036987 -0.446289 0.981445 -0.141846 0.057983 -0.277710
0.020752 -0.427124 0.966309 -0.112671 0.044067 -0.277954
-0.003052 -0.438477 0.929199 -0.089722 0.034912 -0.266602
-0.021729 -0.424072 0.920898 -0.089844 0.018677 -0.256348
-0.034180 -0.435547 0.926514 -0.089478 -0.002441 -0.244263
-0.033203 -0.453857 0.942261 -0.094360 -0.024048 -0.231689
-0.028320 -0.443115 0.962280 -0.111084 -0.036133 -0.214844
-0.027466 -0.443848 0.977783 -0.132080 -0.037231 -0.191284
-0.039551 -0.440674 0.966919 -0.148071 -0.037964 -0.163940
-0.050537 -0.430420 0.955200 -0.149658 -0.039795 -0.140137
-0.049927 -0.424805 0.960327 -0.143188 -0.046753 -0.120728
-0.045776 -0.414917 0.960205 -0.154175 -0.057861 -0.095459
-0.039673 -0.413818 0.975342 -0.141357 -0.059570 -0.066895
-0.042725 -0.420776 0.982178 -0.137939 -0.056641 -0.039551
-0.047729 -0.427979 0.968506 -0.151245 -0.058960 -0.012573
-0.056763 -0.432007 0.956787 -0.132935 -0.074219 0.006592
-0.054688 -0.429810 0.966187 -0.093140 -0.093506 0.018066
-0.058838 -0.441284 0.966919 -0.068237 -0.113525 0.028076
-0.053101 -0.432373 0.978516 -0.058594 -0.127441 0.036255
-0.055664 -0.425781 0.984497 -0.062744 -0.130371 0.060059
-0.058838 -0.424072 0.972290 -0.092896 -0.130981 0.091919
-0.063965 -0.425171 0.955200 -0.146484 -0.140991 0.122803
-0.075317 -0.416992 0.932739 -0.221069 -0.161377 0.150513
-0.081177 -0.404907 0.910156 -0.290527 -0.181763 0.174683
-0.095215 -0.407593 0.904785 -0.321777 -0.191406 0.195435
-0.105591 -0.379883 0.892334 -0.300537 -0.188354 0.201904
-0.119995 -0.414673 0.874756 -0.244507 -0.189941 0.215332
-0.098022 -0.421753 0.914673 -0.179932 -0.234253 0.223877
-0.058960 -0.403076 1.001709 -0.130737 -0.296997 0.226685
0.042603 -0.398560 1.201538 -0.030273 -0.395752 0.230957
0.153198 -0.268799 1.292847 0.209351 -0.453003 0.205566
0.152100 -0.257813 1.267212 0.102539 -0.256348 0.216064
0.092163 -0.281616 1.213379 -0.019409 -0.042725 0.250122
0.070557 -0.302612 1.212769 -0.044556 0.064697 0.291870
0.072632 -0.273193 1.215088 -0.044189 0.076538 0.328979
0.077026 -0.246216 1.188354 0.000977 0.061523 0.341675
0.060913 -0.241577 1.170532 0.024658 0.078857 0.338623
0.060303 -0.260376 1.127075 0.046997 0.066895 0.322876
0.064575 -0.258423 1.118042 0.073364 0.036987 0.297119
0.087646 -0.271729 1.150391 0.102661 0.015747 0.270508
0.131958 -0.262085 1.199829 0.166504 -0.013916 0.250977
0.170654 -0.251709 1.224609 0.151855 -0.052490 0.243652
0.185425 -0.239380 1.218994 0.117798 -0.032104 0.246948
0.201782 -0.234741 1.188354 0.101929 0.029175 0.261475
0.204346 -0.213745 1.124390 0.089111 0.064331 0.270752
0.214111 -0.172729 1.112427 0.062622 0.053345 0.279419
0.232788 -0.144043 1.087280 0.060059 0.028931 0.277100
0.255615 -0.133667 1.053589 0.107910 -0.008667 0.251221
0.293823 -0.089355 1.068481 0.195068 -0.046753 0.214233
0.351196 -0.033691 1.117310 0.235107 -0.071655 0.190918
0.391235 0.005371 1.159790 0.211670 -0.043701 0.169312
0.395508 0.020264 1.143311 0.155029 0.018677 0.151489
0.387451 0.022461 1.131348 0.108643 0.077148 0.132568
0.367920 0.027954 1.103149 0.069336 0.108765 0.108887
0.352661 0.059692 1.068726 0.058838 0.125977 0.072266
0.326782 0.050171 1.049561 0.044556 0.135498 0.026733
0.312012 0.044312 1.030151 0.049438 0.135254 -0.019653
0.276001 0.029907 0.982178 0.042725 0.117920 -0.047241
0.239136 -0.010254 0.949951 0.051392 0.097534 -0.053589
0.225586 -0.009888 0.939697 0.084839 0.063232 -0.077759
0.213013 -0.008789 0.924927 0.116333 0.050171 -0.112183
0.200317 -0.028198 0.929199 0.112549 0.021118 -0.141724
0.197632 -0.035156 0.932129 0.078491 -0.014648 -0.163086
0.181030 -0.053711 0.940186 0.036865 -0.009644 -0.166260
0.152344 -0.073242 0.965332 -0.011475 -0.007446 -0.170288
0.120972 -0.090698 0.969238 -0.030640 -0.003174 -0.192383
0.099487 -0.115234 0.988281 -0.009277 0.021118 -0.228271
0.090454 -0.147217 0.997314 0.000488 0.027710 -0.270386
0.079712 -0.161865 1.032227 0.011597 0.025635 -0.289429
0.079224 -0.179443 1.060181 0.020508 0.029419 -0.293945
0.079834 -0.175171 1.068115 0.056885 0.043457 -0.301880
0.078613 -0.184204 1.048340 0.090698 0.067017 -0.304199
0.063477 -0.227051 1.022461 0.083984 0.094971 -0.277954
0.057007 -0.228394 1.011108 0.048828 0.124634 -0.229126
0.025635 -0.243530 0.970459 -0.019897 0.163086 -0.173584
-0.022705 -0.274902 0.887207 -0.078247 0.181396 -0.136963
-0.079590 -0.320190 0.791260 -0.100830 0.149414 -0.122925
-0.104248 -0.356689 0.752441 -0.066284 0.062012 -0.134399
-0.075684 -0.387695 0.819092 0.028442 -0.036377 -0.172241
-0.013184 -0.396118 0.917114 0.093140 -0.115112 -0.215210
0.020630 -0.426147 1.000366 0.093506 -0.135864 -0.256348
0.023071 -0.471191 1.019287 0.105713 -0.109497 -0.260498
0.040527 -0.485962 1.027832 0.078857 -0.073853 -0.230347
0.050415 -0.466553 1.006226 -0.013794 -0.049438 -0.169434
0.050415 -0.468506 0.993774 -0.080444 -0.030762 -0.090210
