0.011475 -0.246582 1.061401 -0.020630 0.006592 -0.037354
0.004883 -0.254761 1.048096 -0.016724 0.008423 -0.038086
-0.001221 -0.253906 1.031494 -0.016113 0.005371 -0.035034
-0.001831 -0.244263 1.017456 -0.011353 -0.001099 -0.031494
0.005127 -0.232056 1.019165 0.001099 -0.007935 -0.029907
0.008179 -0.227173 1.019043 0.013916 -0.010742 -0.033691
0.009033 -0.225586 1.010986 0.020874 -0.010132 -0.027954
0.006592 -0.247192 0.998047 0.021851 -0.011475 -0.007080
0.009277 -0.258789 1.008667 0.016602 -0.017456 0.004883
0.013306 -0.263062 1.011353 0.011353 -0.021729 0.007324
0.017700 -0.258423 0.989624 0.023193 -0.026489 0.001099
0.017456 -0.290161 0.985107 0.039673 -0.036865 0.005127
0.028442 -0.308105 0.989990 0.045410 -0.051270 0.005615
0.036743 -0.316040 0.991089 0.033325 -0.052856 0.019409
0.041748 -0.328003 0.992065 0.001953 -0.044556 0.034302
0.037109 -0.347534 0.988159 -0.028320 -0.029785 0.047852
0.031738 -0.354858 0.963989 -0.046387 -0.020752 0.059204
0.024536 -0.354492 0.953125 -0.056519 -0.025635 0.070435
0.019043 -0.374756 0.944824 -0.044922 -0.041382 0.072144
0.024658 -0.391357 0.935425 -0.023193 -0.069824 0.057495
0.037354 -0.431274 0.961792 -0.007690 -0.102905 0.041016
0.050293 -0.433472 0.978394 0.017456 -0.133789 0.031982
0.067627 -0.421021 0.998047 0.038696 -0.153564 0.032471
0.075439 -0.436157 1.021973 0.036377 -0.157471 0.045166
0.083130 -0.435181 1.026611 0.021851 -0.144165 0.065918
0.085083 -0.441528 1.051270 -0.018311 -0.122314 0.090698
0.067749 -0.458740 1.042114 -0.046631 -0.092163 0.113159
0.037720 -0.466919 0.998169 -0.046753 -0.070679 0.134399
0.012207 -0.472778 0.961670 -0.050415 -0.073975 0.172119
0.012939 -0.465088 0.940552 -0.049683 -0.093506 0.206787
0.020752 -0.446045 0.932129 -0.033447 -0.119263 0.224365
0.029907 -0.419434 0.934204 -0.011475 -0.147583 0.232544
0.049927 -0.397705 0.937500 0.010498 -0.180542 0.237915
0.080688 -0.368652 0.970947 0.026001 -0.207642 0.227051
0.098145 -0.371582 0.984009 0.019653 -0.217773 0.230103
0.104736 -0.361328 0.993286 0.000366 -0.218262 0.241821
0.103394 -0.355591 1.016113 -0.028687 -0.220581 0.252808
0.092896 -0.366211 1.027832 -0.039673 -0.222412 0.253296
0.082153 -0.384033 1.036377 -0.032349 -0.228638 0.268555
0.096680 -0.356323 1.052979 -0.025391 -0.227905 0.294556
0.099976 -0.312012 1.040649 -0.041626 -0.201660 0.325806
0.096069 -0.253784 1.001343 -0.060669 -0.172363 0.358032
0.085205 -0.204834 0.953613 -0.088135 -0.168579 0.383057
0.094238 -0.147583 0.943237 -0.092285 -0.198242 0.386841
0.117554 -0.083130 0.979736 -0.065796 -0.230347 0.359009
0.141479 -0.026123 1.010254 -0.025513 -0.248047 0.324829
0.176758 0.024048 1.057373 0.007690 -0.252563 0.291504
0.209839 0.081177 1.102539 0.010742 -0.243896 0.262451
0.229614 0.103760 1.122314 0.004883 -0.208374 0.245483
0.241699 0.131836 1.140015 -0.008545 -0.167847 0.221436
0.239258 0.131836 1.130005 -0.031982 -0.127197 0.197876
0.236694 0.149536 1.116943 -0.047241 -0.090820 0.183350
0.238281 0.161011 1.112549 -0.058716 -0.067017 0.162964
0.252686 0.168335 1.119385 -0.038818 -0.065063 0.116699
0.275635 0.181396 1.129028 0.009888 -0.076538 0.055054
0.304321 0.182251 1.116211 0.051758 -0.084106 -0.005249
0.327148 0.173218 1.100952 0.079712 -0.090332 -0.063110
0.360596 0.156006 1.107178 0.089478 -0.091797 -0.115112
0.410889 0.141479 1.120972 0.072021 -0.077637 -0.157349
0.451416 0.139771 1.158325 0.041870 -0.040283 -0.192871
0.470947 0.095215 1.165039 -0.010620 0.031982 -0.214722
0.460815 0.046387 1.139282 -0.093872 0.111084 -0.225708
0.434326 0.003662 1.090332 -0.159180 0.177124 -0.227661
0.395142 -0.038696 1.030762 -0.199707 0.221802 -0.231445
0.348999 -0.082275 0.962524 -0.195068 0.226807 -0.261230
0.314941 -0.137695 0.920410 -0.145386 0.189331 -0.317505
0.295654 -0.196045 0.911499 -0.068481 0.129395 -0.389038
0.292969 -0.240601 0.946411 0.000488 0.073608 -0.458740
0.291870 -0.281860 0.980103 0.048584 0.054932 -0.500366
0.273071 -0.347168 0.997681 0.031616 0.086060 -0.500854
0.227051 -0.433838 0.978149 -0.051025 0.136841 -0.460571
0.170288 -0.461182 0.966064 -0.115845 0.165039 -0.406372
0.102661 -0.485718 0.901367 -0.198120 0.162109 -0.376953
0.016235 -0.501465 0.838135 -0.181152 0.127808 -0.396240
-0.079346 -0.533936 0.762085 -0.085693 0.040161 -0.446655
-0.138916 -0.563477 0.766724 -0.003906 -0.120605 -0.498047
-0.123535 -0.580322 0.857178 0.052979 -0.240112 -0.500244
-0.081665 -0.572998 0.968994 0.027466 -0.277588 -0.443237
-0.053101 -0.559204 1.001221 -0.078857 -0.222290 -0.325684
-0.063843 -0.531860 0.976318 -0.198242 -0.128418 -0.193726
-0.084839 -0.530640 0.911499 -0.274658 -0.054810 -0.086060
-0.091553 -0.512939 0.891479 -0.299927 -0.041138 -0.031128
-0.068237 -0.474731 0.887451 -0.293091 -0.064819 -0.011353
-0.033813 -0.449585 0.927979 -0.239502 -0.091064 -0.003784
-0.006348 -0.442993 0.967896 -0.218628 -0.116577 0.007568
0.023682 -0.438843 1.002563 -0.223877 -0.143799 0.010498
0.055786 -0.448608 1.048828 -0.224976 -0.163208 0.006836
0.094360 -0.431030 1.099121 -0.245972 -0.176147 0.015747
0.123535 -0.411743 1.145020 -0.272827 -0.165161 0.046631
0.120728 -0.419434 1.119385 -0.304077 -0.117920 0.090210
0.093628 -0.451050 1.080811 -0.294434 -0.083130 0.120239
0.067017 -0.463623 1.051758 -0.287842 -0.096680 0.116211
0.052246 -0.458252 1.034668 -0.258301 -0.117310 0.108765
0.030273 -0.463745 1.029785 -0.204834 -0.131714 0.101929
-0.003418 -0.459106 1.020508 -0.161133 -0.148560 0.092285
-0.041382 -0.471558 0.985474 -0.133301 -0.153076 0.114380
-0.055420 -0.461304 0.985352 -0.095947 -0.165771 0.145508
-0.046021 -0.428955 1.006470 -0.098999 -0.166748 0.182983
-0.054077 -0.431885 1.008545 -0.114380 -0.144653 0.230957
-0.078125 -0.440186 0.986206 -0.118164 -0.120117 0.272461
-0.083618 -0.426025 0.975098 -0.103271 -0.116577 0.307983
-0.060303 -0.405762 1.015747 -0.070435 -0.157227 0.343262
0.012085 -0.338867 1.151855 -0.012085 -0.226685 0.352173
0.086670 -0.283569 1.240967 0.057373 -0.263428 0.343384
0.146362 -0.217651 1.311401 0.130859 -0.220581 0.323608
0.182007 -0.145020 1.351807 0.155640 -0.126343 0.310425
0.203613 -0.104736 1.351318 0.132690 -0.012573 0.312866
0.210449 -0.088867 1.319580 0.082153 0.104370 0.326172
0.203491 -0.087769 1.281372 -0.019043 0.198608 0.350708
0.174438 -0.104370 1.178467 -0.073486 0.269409 0.363770
0.141724 -0.109741 1.086670 -0.032349 0.302002 0.354736
0.139526 -0.103271 1.051758 0.052734 0.292236 0.329102
0.159912 -0.111328 1.057007 0.155884 0.259277 0.298828
0.208496 -0.109253 1.062988 0.254761 0.221924 0.274414
0.248657 -0.119629 1.057617 0.265259 0.202393 0.228638
0.276733 -0.092041 1.084351 0.199463 0.178101 0.157959
0.312988 -0.072144 1.143555 0.140381 0.173462 0.120239
0.337891 -0.053467 1.170776 0.055786 0.219604 0.108276
0.353394 -0.053711 1.161255 -0.055786 0.323364 0.109009
0.290894 -0.176270 1.042480 -0.135986 0.446533 0.138428
0.188721 -0.227905 0.929688 -0.186768 0.474121 0.206543
0.110229 -0.296021 0.839111 -0.190063 0.405273 0.289185
0.090210 -0.277100 0.812012 -0.086426 0.261475 0.315063
0.132568 -0.236816 0.825439 0.034058 0.086060 0.273804
0.202759 -0.216187 0.915161 0.153687 -0.052124 0.196045
0.262329 -0.190308 1.024536 0.217529 -0.121582 0.109375
0.281250 -0.211670 1.065796 0.219971 -0.110718 0.070679
0.255249 -0.228760 1.062988 0.185913 -0.050903 0.061279
0.217041 -0.258911 1.014404 0.103760 -0.003784 0.076538
0.166870 -0.321777 0.987427 0.048340 0.023438 0.105835
0.131348 -0.337524 0.961914 0.048218 0.018799 0.119873
0.117676 -0.322754 0.958130 0.060547 -0.007080 0.092407
0.110107 -0.313599 0.945068 0.071045 -0.036255 0.031128
0.130737 -0.268311 0.981079 0.088257 -0.067017 -0.014526
0.145996 -0.227783 1.010010 0.085083 -0.092773 -0.035645
0.158936 -0.203491 1.035889 0.072388 -0.067505 -0.055908
0.171387 -0.195557 1.047241 0.059204 -0.054932 -0.088379
0.163818 -0.188232 1.046509 0.050781 -0.056763 -0.126099
0.162354 -0.180298 1.053955 0.070923 -0.070435 -0.166870
0.182983 -0.135498 1.105469 0.124390 -0.080688 -0.204590
0.206421 -0.104126 1.153687 0.159424 -0.073364 -0.226929
0.209106 -0.079590 1.164063 0.161133 -0.037476 -0.250488
0.178833 -0.080322 1.160889 0.123901 0.016846 -0.253296
0.145386 -0.112793 1.108765 0.065796 0.058350 -0.220703
0.086792 -0.129395 1.035278 0.046265 0.102783 -0.210571
0.032227 -0.149048 0.960449 0.055664 0.103882 -0.208740
-0.005493 -0.159790 0.914063 0.101196 0.069214 -0.215332
-0.014160 -0.152832 0.892212 0.147949 0.022461 -0.224243
0.016357 -0.149414 0.913208 0.187256 -0.037231 -0.236206
0.072998 -0.161011 0.990112 0.231445 -0.082764 -0.264282
