0.097168 -0.290039 1.035278 -0.009277 -0.057007 -0.031372
0.093994 -0.282959 1.032471 -0.019897 -0.044556 -0.026123
0.089722 -0.277588 1.023682 -0.026489 -0.034912 -0.015747
0.081665 -0.282593 1.009521 -0.025391 -0.034058 -0.018677
0.075317 -0.291870 1.003052 -0.016602 -0.038330 -0.028687
0.073853 -0.295044 1.015869 -0.009644 -0.044800 -0.040283
0.081787 -0.288940 1.033447 -0.008667 -0.043213 -0.045288
0.077393 -0.288086 1.031982 -0.013062 -0.036377 -0.046143
0.067871 -0.302490 1.017090 -0.021118 -0.032349 -0.039795
0.059204 -0.319214 1.003906 -0.012817 -0.037231 -0.040527
0.053345 -0.323730 1.004028 0.013062 -0.053101 -0.042847
0.049927 -0.337402 0.999878 0.039185 -0.076172 -0.043579
0.062256 -0.344360 1.036133 0.061890 -0.089355 -0.046143
0.060547 -0.382446 1.051392 0.058838 -0.087036 -0.040405
0.049438 -0.402588 1.046021 0.053223 -0.078735 -0.030273
0.029175 -0.429199 1.044922 0.050293 -0.075073 -0.016479
0.028564 -0.455933 1.050781 0.055420 -0.079102 -0.012695
0.025757 -0.500977 1.073975 0.060303 -0.079224 -0.004761
-0.005981 -0.536743 1.039917 0.055176 -0.079712 0.004883
-0.073120 -0.587158 0.977539 0.075562 -0.101929 0.004639
-0.097534 -0.616089 0.977173 0.162720 -0.183594 -0.019653
-0.066772 -0.607788 1.023193 0.291260 -0.293945 -0.044922
-0.023193 -0.612671 1.099121 0.378052 -0.348755 -0.047119
0.005127 -0.649902 1.148193 0.349731 -0.314331 0.008179
0.059570 -0.604980 1.156494 0.336670 -0.267578 0.090088
0.070923 -0.601318 1.141357 0.226929 -0.181885 0.197754
0.083496 -0.543579 1.098389 0.165283 -0.102417 0.300049
0.085083 -0.501099 1.038452 0.129517 -0.029541 0.383667
0.092163 -0.453125 0.977051 0.094482 0.001221 0.428345
0.105347 -0.403442 0.938477 0.117188 -0.000366 0.435791
0.113281 -0.373535 0.905151 0.102661 -0.013306 0.433350
0.124268 -0.353882 0.915894 0.125610 -0.040649 0.414063
0.146240 -0.323730 0.934570 0.167236 -0.072754 0.396729
0.167725 -0.298096 0.964844 0.197144 -0.099854 0.388062
0.193604 -0.260132 0.971802 0.214355 -0.099854 0.390625
0.207031 -0.217651 0.963867 0.188477 -0.083496 0.411987
0.218384 -0.176025 0.940063 0.164795 -0.048340 0.444824
0.217896 -0.153320 0.911987 0.111694 -0.027832 0.469849
0.224854 -0.143066 0.884399 0.083618 -0.030762 0.471924
0.243652 -0.117676 0.890137 0.071411 -0.049927 0.451050
0.268433 -0.094727 0.896118 0.080444 -0.063477 0.429443
0.292969 -0.087036 0.918335 0.076660 -0.071777 0.404419
0.298950 -0.079590 0.912231 0.052490 -0.084839 0.377441
0.317993 -0.066284 0.934204 0.040649 -0.099243 0.356689
0.337280 -0.066772 0.965576 0.012207 -0.106567 0.339600
0.342529 -0.067139 0.980713 -0.006958 -0.096191 0.311157
0.342529 -0.058716 0.989014 -0.019897 -0.076538 0.273438
0.339111 -0.038696 0.994385 -0.039673 -0.063599 0.238647
0.328369 -0.047852 0.995605 -0.069824 -0.036499 0.205688
0.320801 -0.057617 1.006714 -0.103516 -0.020142 0.177490
0.313354 -0.083862 1.014038 -0.129272 0.003784 0.166260
0.289795 -0.095825 1.005127 -0.133301 0.020264 0.151245
0.269531 -0.106689 0.980103 -0.120239 0.013550 0.138306
0.266846 -0.108032 0.991821 -0.109985 -0.015381 0.118042
0.271729 -0.108154 1.014526 -0.097900 -0.041016 0.088745
0.276733 -0.092407 1.029907 -0.081787 -0.041382 0.053833
0.274780 -0.092407 1.044800 -0.100220 -0.019775 0.027710
0.268066 -0.101318 1.068970 -0.156250 0.023804 0.014648
0.239136 -0.122925 1.044922 -0.218262 0.083618 0.007813
0.189575 -0.145630 0.985840 -0.248779 0.132690 -0.011963
0.125854 -0.181152 0.938354 -0.264404 0.150757 -0.036133
0.097290 -0.209839 0.903809 -0.239746 0.136230 -0.088989
0.113770 -0.211914 0.922363 -0.164551 0.090210 -0.134399
0.143188 -0.172852 0.957397 -0.088501 0.042114 -0.155884
0.176270 -0.146851 1.021362 -0.011475 0.029175 -0.164795
0.200806 -0.123169 1.058716 -0.010254 0.024414 -0.163086
0.200195 -0.114624 1.069702 -0.052002 0.051514 -0.159180
0.188477 -0.099243 1.041382 -0.108765 0.080688 -0.154419
0.171387 -0.089600 1.000000 -0.163818 0.092651 -0.147095
0.161621 -0.080078 0.985962 -0.185425 0.086548 -0.147705
0.163574 -0.076416 1.003906 -0.205688 0.057617 -0.153687
0.171265 -0.044556 1.026978 -0.229980 0.031006 -0.160889
0.177124 -0.038696 1.046753 -0.271729 0.020264 -0.168457
0.180664 -0.027222 1.083008 -0.316162 0.028809 -0.196899
0.174438 -0.025269 1.093140 -0.350220 0.066895 -0.231567
0.168091 -0.006958 1.081909 -0.313110 0.104370 -0.259888
0.152344 0.009277 1.094116 -0.288330 0.128174 -0.285645
0.134644 -0.018188 1.115234 -0.290039 0.144653 -0.325806
0.098877 -0.058105 1.116211 -0.272217 0.166016 -0.360474
0.071777 -0.101807 1.134277 -0.264038 0.179443 -0.379883
0.049805 -0.125977 1.149048 -0.262817 0.184814 -0.387939
0.031250 -0.146606 1.164551 -0.267578 0.188721 -0.385742
0.007080 -0.185303 1.173340 -0.260498 0.190308 -0.384521
-0.017212 -0.227173 1.172119 -0.255249 0.187378 -0.378418
-0.050049 -0.255127 1.145996 -0.224976 0.177246 -0.361572
-0.079712 -0.284424 1.107544 -0.168945 0.159790 -0.341064
-0.094971 -0.268921 1.076660 -0.107544 0.117310 -0.319458
-0.083984 -0.253052 1.070435 -0.069092 0.064209 -0.304321
-0.057983 -0.239746 1.097778 -0.023804 0.028198 -0.296631
-0.042969 -0.231201 1.113281 -0.000854 0.018555 -0.290771
-0.035889 -0.236694 1.111938 0.000122 0.026489 -0.275269
-0.032349 -0.242188 1.099365 -0.024902 0.041626 -0.252075
-0.020142 -0.255127 1.107666 -0.047241 0.060059 -0.228027
-0.026123 -0.284790 1.082886 -0.071533 0.078979 -0.201294
-0.037964 -0.310669 1.046509 -0.063965 0.086426 -0.171265
-0.037964 -0.319092 1.021484 -0.069946 0.071045 -0.145142
-0.029785 -0.301025 1.009277 -0.058838 0.039551 -0.133423
-0.033936 -0.290283 0.972290 -0.032837 0.002686 -0.134155
-0.040405 -0.301025 0.936035 0.027466 -0.052979 -0.142212
-0.040894 -0.318604 0.933594 0.072266 -0.111938 -0.155640
-0.013062 -0.319336 0.951050 0.108521 -0.173706 -0.157471
0.006958 -0.380493 0.996582 0.036743 -0.173340 -0.131226
0.022827 -0.406860 1.023926 -0.001465 -0.155029 -0.096436
0.026733 -0.384644 1.005249 0.007568 -0.143433 -0.057861
0.019043 -0.357666 0.959106 -0.027832 -0.118164 -0.019165
0.012695 -0.339478 0.920410 -0.040283 -0.105957 0.000122
0.015381 -0.320801 0.896729 -0.035400 -0.113770 0.001831
0.036621 -0.314941 0.918213 -0.033569 -0.130615 -0.001099
0.066772 -0.323975 0.956177 -0.068481 -0.126465 -0.004028
0.084961 -0.348022 0.988159 -0.122925 -0.102295 -0.001709
0.086548 -0.373169 0.983032 -0.167603 -0.071777 0.006714
0.088135 -0.393555 0.972778 -0.185181 -0.051025 0.019653
0.076172 -0.422852 0.957153 -0.204956 -0.046631 0.024292
0.063843 -0.412109 0.924683 -0.164185 -0.063721 0.010010
0.043579 -0.416626 0.881714 -0.089600 -0.121094 -0.020142
0.058716 -0.403931 0.914917 0.007813 -0.196777 -0.070313
0.100830 -0.446899 1.004517 0.064819 -0.236084 -0.102661
0.118774 -0.482300 1.066040 0.047485 -0.217163 -0.091309
0.112793 -0.508301 1.059204 -0.031494 -0.173096 -0.038086
0.092773 -0.522217 1.015625 -0.092163 -0.126953 0.028687
0.081421 -0.516724 0.981934 -0.101074 -0.103638 0.080444
0.080200 -0.488281 0.969727 -0.096313 -0.109985 0.094727
0.081055 -0.468018 0.965210 -0.047363 -0.133179 0.076904
0.104370 -0.447021 0.989746 0.027222 -0.160889 0.039795
0.124512 -0.461060 1.020630 0.069458 -0.175903 0.008179
0.130493 -0.482788 1.051025 0.092651 -0.169189 -0.007080
0.123291 -0.500244 1.043579 0.085083 -0.150391 0.011597
0.121826 -0.505615 1.038086 0.079468 -0.138794 0.050049
0.108154 -0.517944 0.999756 0.053345 -0.127686 0.087158
0.095337 -0.531006 0.988037 0.055298 -0.110962 0.110962
0.087646 -0.550781 0.977783 0.058350 -0.113037 0.125366
0.081787 -0.550171 0.973633 0.083984 -0.127930 0.119751
0.080811 -0.547729 0.968750 0.136230 -0.150391 0.119019
0.097778 -0.568115 1.023438 0.147827 -0.162598 0.131226
0.122925 -0.554321 1.016357 0.162842 -0.154907 0.129761
0.127930 -0.547607 1.011597 0.130005 -0.111206 0.144043
0.122314 -0.538452 0.993530 0.144653 -0.088135 0.170654
0.119995 -0.502075 0.966675 0.154297 -0.076660 0.188477
0.114014 -0.490967 0.993042 0.154297 -0.068115 0.196167
0.123657 -0.463623 0.967896 0.192749 -0.085693 0.188232
0.117432 -0.454102 0.943726 0.199463 -0.078979 0.200073
0.111328 -0.449707 0.928467 0.167480 -0.086060 0.232910
0.125732 -0.398438 0.917603 0.171631 -0.106934 0.259644
0.154053 -0.346924 0.937866 0.175903 -0.127563 0.272095
0.173706 -0.321899 0.950562 0.193115 -0.146362 0.275269
0.197388 -0.298462 0.951782 0.208862 -0.156982 0.286743
0.220581 -0.268433 0.950195 0.203125 -0.166748 0.297852
0.248047 -0.220581 0.960327 0.173584 -0.175903 0.312866
0.279663 -0.188110 0.973389 0.138062 -0.181519 0.319702
0.317017 -0.147583 0.989746 0.114380 -0.177490 0.309692
