0.101685 -0.293091 1.013916 -0.030640 -0.011475 -0.006470
0.096069 -0.292480 1.013794 -0.032471 -0.013184 -0.014648
0.096436 -0.279297 1.014893 -0.022949 -0.013184 -0.029907
0.094971 -0.281616 1.020142 -0.022461 -0.013184 -0.036743
0.092163 -0.303833 1.027344 -0.030640 -0.014404 -0.038574
0.090210 -0.305176 1.013062 -0.037231 -0.016724 -0.038330
0.084595 -0.303589 0.999268 -0.048950 -0.018921 -0.031372
0.083496 -0.304688 1.004639 -0.045410 -0.024902 -0.024902
0.089233 -0.298950 1.007446 -0.037964 -0.028076 -0.018188
0.087036 -0.294922 1.008057 -0.037354 -0.028198 -0.019287
0.085327 -0.295288 1.008301 -0.031372 -0.030640 -0.031860
0.085449 -0.292603 1.009644 -0.013550 -0.036865 -0.046875
0.085205 -0.305542 1.010132 0.008545 -0.037720 -0.049683
0.079224 -0.319092 1.005493 -0.000977 -0.036011 -0.046143
0.076294 -0.329956 1.008545 0.000610 -0.036133 -0.039917
0.074707 -0.338745 1.018677 -0.013062 -0.038940 -0.035400
0.068848 -0.336914 1.021118 -0.021362 -0.038086 -0.030518
0.060425 -0.342896 1.022339 -0.018066 -0.037109 -0.020630
0.047974 -0.376587 1.009033 -0.015381 -0.042725 -0.009766
0.036987 -0.378784 1.008179 0.001465 -0.055420 -0.000854
0.032837 -0.386230 1.011108 0.010132 -0.070801 0.006714
0.034912 -0.389893 1.027588 0.017456 -0.084351 0.006592
0.056641 -0.389771 1.061890 0.046509 -0.097412 0.002563
0.047363 -0.409668 1.066895 0.055176 -0.075073 0.010620
0.030640 -0.447388 1.071655 0.020630 -0.032837 0.042847
0.010620 -0.452637 1.033325 0.021851 -0.016968 0.068481
-0.015747 -0.487061 1.026978 0.009766 -0.007813 0.098877
-0.021729 -0.492920 1.032471 0.054443 -0.026978 0.111938
-0.005493 -0.480591 1.044922 0.088013 -0.059814 0.119873
-0.015869 -0.499146 1.062988 0.088379 -0.055054 0.140381
-0.013794 -0.501831 1.046387 0.076050 -0.057129 0.170288
-0.017700 -0.507935 1.045288 0.093384 -0.058960 0.194214
-0.011841 -0.530884 1.070801 0.093262 -0.060669 0.220337
0.004639 -0.494629 1.039063 0.130981 -0.063477 0.243530
0.019165 -0.484009 1.023071 0.125977 -0.054443 0.275269
0.022583 -0.464478 0.999878 0.102539 -0.050659 0.303833
0.031616 -0.444702 0.964233 0.117676 -0.061768 0.323486
0.078979 -0.402954 0.989136 0.182617 -0.098633 0.320923
0.111572 -0.383423 1.008179 0.178955 -0.139160 0.324341
0.157715 -0.374146 1.019531 0.240601 -0.152954 0.328979
0.177002 -0.365967 1.038330 0.211304 -0.153198 0.345459
0.197876 -0.373901 1.047729 0.206177 -0.133911 0.363281
0.204712 -0.348511 1.046509 0.184082 -0.098389 0.391113
0.203735 -0.340454 1.024170 0.151245 -0.050659 0.429688
0.190674 -0.312134 0.973267 0.123047 -0.016602 0.456421
0.174438 -0.288452 0.925781 0.096558 -0.007568 0.473389
0.169434 -0.268433 0.892090 0.085571 -0.022339 0.469116
0.172729 -0.250488 0.893188 0.085083 -0.052979 0.449341
0.184326 -0.239868 0.882690 0.093628 -0.096069 0.415161
0.205566 -0.229736 0.906006 0.151978 -0.134888 0.374390
0.234375 -0.200317 0.926880 0.184814 -0.172974 0.337280
0.265991 -0.161743 0.964966 0.191772 -0.186157 0.313721
0.293579 -0.130981 0.979614 0.175537 -0.171387 0.303589
0.302246 -0.109619 0.982178 0.129883 -0.130005 0.306519
0.302490 -0.078003 0.968872 0.074097 -0.083008 0.300171
0.292358 -0.061279 0.942749 0.020264 -0.039429 0.289063
0.263428 -0.091797 0.920898 -0.026855 -0.004395 0.267822
0.227295 -0.099854 0.886353 -0.062622 0.009155 0.246216
0.196533 -0.127197 0.863892 -0.074341 -0.004639 0.232422
0.200439 -0.135254 0.884399 -0.050415 -0.052368 0.204590
0.221313 -0.120361 0.930420 0.000122 -0.105347 0.166138
0.236328 -0.111328 0.958618 0.044312 -0.139282 0.130127
0.254639 -0.094360 0.981079 0.056396 -0.153198 0.108521
0.277100 -0.065918 1.010254 0.027954 -0.149292 0.092407
0.296387 -0.042480 1.034302 -0.014282 -0.117554 0.073730
0.291504 -0.053589 1.032593 -0.061890 -0.063965 0.049561
0.276855 -0.059448 1.024048 -0.108765 -0.013428 0.029053
0.260620 -0.075317 0.995361 -0.151367 0.025513 0.007446
0.247925 -0.093628 0.975586 -0.169067 0.039429 -0.012573
0.245605 -0.115356 0.978516 -0.167725 0.027466 -0.034546
0.252197 -0.120239 1.001953 -0.148926 0.002075 -0.063965
0.265991 -0.108521 1.030518 -0.123901 -0.017578 -0.108643
0.278809 -0.090942 1.060913 -0.102051 -0.015015 -0.154541
0.267822 -0.092407 1.070068 -0.120728 0.016968 -0.181885
0.240845 -0.097656 1.044067 -0.159912 0.064575 -0.190430
0.205322 -0.091064 1.009399 -0.210205 0.104858 -0.187500
0.175903 -0.109985 0.969727 -0.262695 0.122925 -0.181152
0.163818 -0.100830 0.971069 -0.261108 0.126709 -0.201538
0.166504 -0.093750 0.986572 -0.251953 0.111938 -0.227905
0.164551 -0.092285 1.020142 -0.250610 0.100586 -0.251465
0.159424 -0.098145 1.051392 -0.240234 0.105103 -0.272949
0.143066 -0.095093 1.070068 -0.244995 0.125000 -0.292969
0.114502 -0.101440 1.078125 -0.260010 0.149048 -0.307251
0.089355 -0.102173 1.074707 -0.274902 0.167358 -0.322998
0.065796 -0.097778 1.070068 -0.275269 0.171387 -0.349976
0.024048 -0.112549 1.056763 -0.261475 0.157349 -0.390747
0.010010 -0.107056 1.059814 -0.222778 0.122681 -0.434204
0.014038 -0.084106 1.098755 -0.194946 0.087280 -0.460815
0.024048 -0.082764 1.149048 -0.198608 0.072388 -0.472900
0.036133 -0.072144 1.182129 -0.207520 0.088379 -0.474487
0.043945 -0.097290 1.193359 -0.279541 0.117188 -0.467285
0.038940 -0.114746 1.200073 -0.361206 0.150635 -0.451416
0.016479 -0.170654 1.179932 -0.363281 0.196289 -0.416016
-0.010376 -0.245483 1.150879 -0.334839 0.224243 -0.382446
-0.040894 -0.288574 1.109863 -0.293823 0.225586 -0.344971
-0.070435 -0.307373 1.068359 -0.232178 0.198242 -0.304688
-0.090454 -0.306274 1.032593 -0.157959 0.144653 -0.276855
-0.087280 -0.288086 1.019165 -0.082275 0.070068 -0.276123
-0.065674 -0.280273 1.038696 -0.007202 0.002686 -0.291260
-0.037109 -0.283203 1.073608 0.022095 -0.044922 -0.299683
-0.017090 -0.304810 1.099609 -0.002686 -0.056030 -0.289795
0.005127 -0.301758 1.090210 0.000244 -0.058594 -0.266968
0.006714 -0.291382 1.057373 -0.054321 -0.012695 -0.240723
0.018433 -0.286621 1.032471 -0.048218 -0.010376 -0.214966
0.023071 -0.299072 1.018921 -0.033203 -0.020874 -0.183716
0.039307 -0.303467 1.027832 -0.029663 -0.018677 -0.161987
0.067993 -0.313599 1.068726 -0.058960 -0.005859 -0.136108
0.080811 -0.357178 1.099487 -0.101074 0.026489 -0.106934
0.081055 -0.358643 1.094727 -0.140503 0.075928 -0.075806
0.060913 -0.377686 1.046021 -0.156860 0.119507 -0.036499
0.011108 -0.354492 0.960815 -0.148682 0.135132 -0.017822
-0.044556 -0.382080 0.871338 -0.086182 0.097412 -0.024292
-0.068848 -0.393921 0.819092 0.006226 0.004883 -0.065186
-0.050415 -0.386841 0.846069 0.108887 -0.100586 -0.115356
0.002319 -0.367188 0.924072 0.191040 -0.176147 -0.155884
0.050293 -0.380981 0.992676 0.172607 -0.193848 -0.156738
0.074463 -0.385742 1.013306 0.101685 -0.166382 -0.128906
0.065063 -0.392334 0.983154 0.034668 -0.126465 -0.085327
0.059448 -0.400391 0.944702 -0.019775 -0.098999 -0.048950
0.053345 -0.425171 0.933105 -0.050903 -0.093750 -0.024902
0.058594 -0.424927 0.947998 -0.045166 -0.104004 -0.021118
0.061646 -0.442017 0.976196 -0.028564 -0.113037 -0.028931
0.057983 -0.462158 0.979858 -0.005981 -0.112305 -0.038208
0.046265 -0.480103 0.981934 0.012451 -0.104370 -0.037109
0.036011 -0.505615 0.960083 0.001221 -0.101685 -0.008789
0.031494 -0.519531 0.952271 -0.022339 -0.106079 0.031372
0.043823 -0.513794 0.962769 -0.032104 -0.119751 0.069702
0.061279 -0.504883 0.991089 -0.033325 -0.136108 0.094360
0.071777 -0.489136 1.003296 -0.009155 -0.147705 0.099365
0.072144 -0.486206 0.995850 0.031006 -0.156128 0.098999
0.069580 -0.478271 0.985474 0.059570 -0.166870 0.095215
0.065186 -0.475342 0.973022 0.077515 -0.183594 0.092529
0.072632 -0.470581 0.981445 0.083374 -0.203857 0.089478
0.086670 -0.466919 0.997192 0.095703 -0.216675 0.089233
0.099121 -0.474121 1.016113 0.099731 -0.218628 0.098022
0.098755 -0.479736 1.003052 0.097046 -0.210815 0.114868
0.090210 -0.467773 0.999390 0.090088 -0.206909 0.133545
0.089478 -0.464111 0.997925 0.103027 -0.209839 0.150024
0.088013 -0.425659 0.996460 0.115234 -0.218018 0.159668
0.099121 -0.400024 0.993408 0.135376 -0.226929 0.151855
0.106689 -0.370483 1.007202 0.172974 -0.223633 0.134521
0.117310 -0.381958 1.008911 0.187134 -0.217896 0.135742
0.120728 -0.380981 1.001587 0.184204 -0.207886 0.144897
0.120728 -0.371460 0.995850 0.174561 -0.193970 0.165283
0.125488 -0.371216 0.987183 0.153687 -0.177368 0.186035
0.132446 -0.367798 0.990356 0.134033 -0.151245 0.208130
0.128906 -0.371948 0.975342 0.103882 -0.119507 0.241211
0.121948 -0.374268 0.941406 0.055298 -0.098145 0.279541
0.122437 -0.363892 0.910278 0.059204 -0.098633 0.300781
0.128174 -0.359009 0.898804 0.092773 -0.131714 0.299194
