0.079956 -0.226807 1.001465 -0.111816 0.010864 -0.098633
0.074829 -0.204224 0.972168 -0.171997 -0.009399 -0.112183
0.053345 -0.229736 0.969849 -0.218506 0.000610 -0.120728
0.041748 -0.254761 0.958740 -0.208862 -0.007324 -0.137573
0.057739 -0.258179 0.962524 -0.180054 -0.038574 -0.154785
0.073486 -0.286987 1.000366 -0.191772 -0.067139 -0.162231
0.080322 -0.326660 1.014038 -0.238159 -0.046997 -0.176025
0.045410 -0.308594 0.983032 -0.269775 -0.014282 -0.170654
0.026978 -0.335449 0.982056 -0.229736 0.012817 -0.170166
-0.000122 -0.380249 0.993042 -0.197021 0.021240 -0.186279
-0.033447 -0.453491 1.009155 -0.147583 0.002075 -0.212280
-0.061768 -0.532959 1.033936 -0.064331 -0.021240 -0.220947
-0.074097 -0.565063 1.054443 -0.004028 -0.038696 -0.193970
-0.086060 -0.593750 1.060913 0.067627 -0.045776 -0.148315
-0.088745 -0.638428 1.088135 0.123047 -0.041138 -0.103760
-0.080811 -0.650269 1.097778 0.147217 -0.016602 -0.051514
-0.112183 -0.667847 1.073608 0.137939 0.013306 0.003296
-0.141968 -0.687134 1.060059 0.156006 0.028198 0.045898
-0.140747 -0.685059 1.051270 0.224121 0.023315 0.078857
-0.129028 -0.638428 1.027710 0.296021 -0.005249 0.102783
-0.105591 -0.612427 1.017944 0.345703 -0.053711 0.112183
-0.047852 -0.552979 1.052612 0.368774 -0.104248 0.112427
-0.011597 -0.512451 1.066406 0.354370 -0.108276 0.117432
0.001831 -0.477295 1.054321 0.328247 -0.067017 0.136108
-0.001831 -0.463135 1.025391 0.247681 -0.024292 0.169800
0.003296 -0.458496 0.995361 0.143555 -0.007324 0.220703
0.007935 -0.450684 0.981567 0.089722 0.001953 0.285645
0.016846 -0.439331 0.977539 0.090210 -0.002319 0.335938
0.032715 -0.426392 0.978271 0.137939 -0.007446 0.365723
0.042847 -0.405273 0.973999 0.171021 -0.027222 0.375366
0.063354 -0.372925 0.971191 0.194214 -0.051392 0.374878
0.110352 -0.304565 0.974731 0.202393 -0.055786 0.375854
0.117065 -0.276367 0.970581 0.210938 -0.030762 0.371460
0.095703 -0.268311 0.940186 0.215698 -0.019653 0.356323
0.091187 -0.278320 0.936768 0.194336 -0.025024 0.347900
0.078369 -0.298462 0.927002 0.148682 -0.026245 0.360962
0.074097 -0.305298 0.906982 0.112549 -0.030029 0.381714
0.081909 -0.286133 0.903687 0.095825 -0.045288 0.411255
0.089233 -0.263672 0.900757 0.083984 -0.060303 0.434326
0.101563 -0.261475 0.925903 0.094604 -0.077026 0.449341
0.107422 -0.248535 0.936279 0.089844 -0.089233 0.467163
0.133423 -0.216431 0.933350 0.078247 -0.103760 0.488281
0.162842 -0.188477 0.959961 0.062988 -0.119385 0.492554
0.192749 -0.141602 0.960938 0.037720 -0.114868 0.475952
0.183838 -0.132324 0.977295 -0.006226 -0.089478 0.464233
0.186768 -0.111084 0.959473 -0.041870 -0.072876 0.460083
0.201904 -0.102295 0.956909 -0.060913 -0.041748 0.441528
0.185059 -0.130615 0.974976 -0.053223 -0.044556 0.419556
0.185669 -0.140747 0.981445 -0.027222 -0.071045 0.386230
0.191040 -0.152832 1.000732 0.003418 -0.102783 0.346924
0.211670 -0.143677 1.012695 0.029785 -0.125122 0.312134
0.226929 -0.113892 1.013916 0.018188 -0.127808 0.295166
0.230835 -0.077881 0.991577 -0.044556 -0.109497 0.294312
0.219971 -0.058838 0.964355 -0.111938 -0.079346 0.290527
0.226929 -0.054321 0.963379 -0.153442 -0.054321 0.266602
0.212769 -0.062500 0.940063 -0.183228 -0.027222 0.228149
0.180542 -0.093628 0.913208 -0.188843 -0.012695 0.187744
0.166504 -0.127563 0.928223 -0.160889 -0.020630 0.166504
0.171265 -0.127319 0.927490 -0.159424 -0.030884 0.153687
0.171997 -0.118042 0.936890 -0.179810 -0.040649 0.138062
0.179810 -0.100830 0.948608 -0.197632 -0.044678 0.110718
0.193848 -0.084839 0.968018 -0.201050 -0.028198 0.080200
0.180908 -0.096191 0.964478 -0.217163 -0.007813 0.046265
0.150635 -0.116089 0.922607 -0.229614 -0.003540 0.018188
0.130249 -0.125000 0.923462 -0.218628 -0.019043 -0.009521
0.136841 -0.119629 0.937988 -0.190796 -0.042480 -0.048218
0.167847 -0.112427 1.008179 -0.177368 -0.069702 -0.088989
0.203735 -0.103271 1.080811 -0.202637 -0.068359 -0.119019
0.209717 -0.089355 1.086914 -0.250854 -0.032837 -0.135010
0.194702 -0.084106 1.081909 -0.290039 0.004272 -0.145142
0.168457 -0.097412 1.069214 -0.307373 0.024048 -0.167236
0.154419 -0.104736 1.043579 -0.272461 0.016846 -0.197388
0.143677 -0.118408 1.043701 -0.233643 0.003906 -0.216431
0.157104 -0.102905 1.046753 -0.223389 -0.002319 -0.230347
0.149048 -0.108032 1.058472 -0.271362 -0.000488 -0.241943
0.142944 -0.118774 1.054565 -0.320679 0.016479 -0.251587
0.135986 -0.143188 1.076782 -0.356689 0.029907 -0.269409
0.124756 -0.189209 1.111694 -0.369507 0.039429 -0.286499
0.106567 -0.214478 1.108032 -0.355835 0.044189 -0.300537
0.086426 -0.243408 1.117432 -0.316772 0.049927 -0.305176
0.073486 -0.253174 1.103149 -0.276855 0.048462 -0.311279
0.052002 -0.264893 1.084717 -0.267090 0.038330 -0.323120
0.042114 -0.265869 1.061646 -0.231934 0.014526 -0.346924
0.028320 -0.277100 1.066772 -0.189087 -0.000366 -0.354004
0.049438 -0.262085 1.096313 -0.148315 -0.005005 -0.357544
0.063721 -0.270264 1.131714 -0.142090 0.004028 -0.360596
0.053955 -0.307251 1.161499 -0.139404 0.024536 -0.363159
0.042480 -0.323486 1.158081 -0.139282 0.040894 -0.357056
0.026978 -0.333618 1.151611 -0.135376 0.045898 -0.342529
0.030762 -0.334595 1.171631 -0.099243 0.049194 -0.325439
0.026855 -0.333008 1.187134 -0.090820 0.044434 -0.313232
0.033813 -0.338623 1.199707 -0.096680 0.041260 -0.298828
0.031128 -0.319214 1.187622 -0.109131 0.053101 -0.275513
0.022339 -0.311035 1.157959 -0.135132 0.072510 -0.247803
0.003418 -0.306030 1.108521 -0.157959 0.084595 -0.226318
-0.011108 -0.284302 1.073486 -0.146118 0.086304 -0.216187
0.007324 -0.262207 1.058838 -0.130981 0.078369 -0.215454
0.031250 -0.235718 1.055420 -0.151123 0.069946 -0.220825
0.032959 -0.242310 1.045898 -0.168579 0.061890 -0.240601
0.010620 -0.279419 1.011353 -0.154175 0.080688 -0.257568
-0.015991 -0.302856 0.974854 -0.131958 0.081055 -0.258789
-0.035645 -0.322144 0.954468 -0.105713 0.061890 -0.255371
-0.044067 -0.339600 0.945068 -0.071655 0.029053 -0.248901
-0.033936 -0.319946 0.952637 -0.000488 0.031128 -0.229370
-0.031250 -0.317505 0.936890 -0.038574 0.045410 -0.185913
-0.033813 -0.331543 0.928101 -0.143433 0.053833 -0.121826
-0.057129 -0.359741 0.908203 -0.187012 0.058716 -0.072632
-0.070190 -0.396362 0.914185 -0.157104 0.041748 -0.077148
-0.040405 -0.425415 0.954102 -0.079712 0.000122 -0.115845
-0.008545 -0.435059 0.996948 0.015381 -0.031738 -0.171997
0.002930 -0.416260 1.008301 0.081299 -0.029175 -0.211670
-0.002075 -0.416016 0.994873 0.055908 -0.001953 -0.205200
-0.024170 -0.456665 0.990601 -0.018555 0.037109 -0.149414
-0.055908 -0.511841 0.973999 -0.080322 0.064087 -0.093018
-0.085815 -0.554810 0.958496 -0.083252 0.056885 -0.058105
-0.096191 -0.573364 0.948364 -0.038452 0.026245 -0.037842
-0.076660 -0.541260 0.958130 0.018677 -0.018555 -0.029541
-0.041992 -0.478882 0.957520 0.054565 -0.049561 -0.029785
-0.031982 -0.456665 0.959473 0.052002 -0.048462 -0.020386
-0.032471 -0.463745 0.959595 0.017212 -0.028198 -0.006836
-0.043579 -0.498901 0.953735 -0.004761 -0.009644 0.001099
-0.065796 -0.546387 0.934570 0.020386 -0.012451 -0.006958
-0.062256 -0.567871 0.932373 0.075317 -0.044922 -0.020020
-0.031494 -0.558716 0.944092 0.128662 -0.069092 -0.007813
-0.005615 -0.559326 0.976807 0.144043 -0.066284 0.035889
0.003174 -0.556274 0.986572 0.122803 -0.047485 0.079590
0.001831 -0.547607 0.998901 0.103149 -0.026367 0.112793
0.008179 -0.537842 0.968384 0.090942 -0.007935 0.137451
0.006226 -0.517944 0.942139 0.091187 -0.009766 0.140015
-0.005127 -0.498169 0.926880 0.123413 -0.026001 0.129150
-0.001343 -0.497925 0.929443 0.177124 -0.043579 0.115479
0.031982 -0.476074 0.959351 0.194824 -0.069458 0.106689
0.047852 -0.448975 0.979248 0.211548 -0.072388 0.104370
0.064087 -0.433594 0.996582 0.225586 -0.055908 0.107788
0.077026 -0.437256 1.004639 0.178345 -0.046021 0.119263
0.079468 -0.436646 1.010864 0.112671 -0.033691 0.139160
0.064331 -0.452393 0.982544 0.072388 -0.021606 0.161499
0.050415 -0.464844 0.962891 0.089233 -0.003784 0.185425
0.041382 -0.459351 0.933228 0.106812 -0.005981 0.200928
0.036011 -0.447876 0.899902 0.148926 -0.015869 0.212646
0.040649 -0.420654 0.881592 0.177734 -0.039063 0.205566
0.053467 -0.408447 0.889160 0.182373 -0.050659 0.195923
0.068970 -0.415039 0.909790 0.135864 -0.061523 0.198120
0.077881 -0.420288 0.919922 0.156494 -0.058838 0.190552
0.087524 -0.406860 0.926758 0.176880 -0.068237 0.185425
0.115845 -0.379639 0.955322 0.190674 -0.080078 0.190796
0.142334 -0.350098 0.983643 0.151855 -0.078247 0.199951
0.148926 -0.320313 0.978760 0.127075 -0.057739 0.212524
0.146973 -0.307617 0.983032 0.084351 -0.038940 0.229858
0.137573 -0.301880 0.971680 0.044556 -0.036377 0.244873
