0.007446 -0.423706 0.995728 -0.127197 0.065063 -0.196289
0.015991 -0.396973 0.975830 -0.167969 0.086914 -0.161987
0.006592 -0.397217 0.952271 -0.204590 0.106201 -0.124268
-0.010376 -0.396973 0.925781 -0.247314 0.115845 -0.101929
-0.011963 -0.403687 0.913818 -0.278320 0.105347 -0.100464
-0.007935 -0.414917 0.910645 -0.287720 0.081787 -0.122559
-0.012085 -0.418213 0.890747 -0.275879 0.062988 -0.151978
-0.029785 -0.415771 0.872314 -0.247314 0.011108 -0.192383
-0.025757 -0.410400 0.865601 -0.265137 0.010010 -0.206787
-0.011719 -0.424683 0.881348 -0.283813 0.007324 -0.226563
-0.024292 -0.472290 0.882690 -0.336426 0.009644 -0.230103
-0.059692 -0.547974 0.867676 -0.389526 0.020752 -0.195557
-0.077148 -0.589966 0.845703 -0.434937 0.004517 -0.150269
-0.081543 -0.626953 0.832886 -0.411499 -0.034546 -0.105103
-0.062744 -0.660034 0.867676 -0.324463 -0.072144 -0.077637
-0.044556 -0.678345 0.886597 -0.236450 -0.098022 -0.083618
-0.050293 -0.698120 0.874512 -0.148804 -0.117798 -0.108276
-0.070190 -0.732666 0.860962 -0.063599 -0.148682 -0.146973
-0.074463 -0.773438 0.870728 0.033569 -0.187256 -0.185303
-0.075073 -0.825073 0.876709 0.125488 -0.210205 -0.194336
-0.071533 -0.841919 0.883423 0.199829 -0.213501 -0.171875
-0.053955 -0.837524 0.891968 0.242432 -0.202881 -0.124023
-0.040527 -0.838257 0.900024 0.249268 -0.183472 -0.059448
-0.031006 -0.848145 0.894531 0.230103 -0.152100 0.006104
-0.032837 -0.887695 0.897827 0.213623 -0.112061 0.070068
-0.032837 -0.918335 0.884155 0.232056 -0.082764 0.124268
-0.038818 -0.936035 0.872314 0.272705 -0.072876 0.159058
-0.032593 -0.931152 0.878906 0.332886 -0.079102 0.185547
-0.010742 -0.897095 0.888916 0.398682 -0.086426 0.218384
0.028076 -0.828613 0.891357 0.428223 -0.080200 0.265747
0.039551 -0.768311 0.882202 0.393188 -0.062012 0.327637
0.040771 -0.723511 0.861450 0.329712 -0.050781 0.374878
0.044922 -0.698242 0.851685 0.280762 -0.058716 0.400635
0.053711 -0.686279 0.870239 0.260132 -0.071411 0.418823
0.058594 -0.674927 0.864502 0.260986 -0.080322 0.438354
0.091431 -0.627563 0.877930 0.265503 -0.083130 0.465454
0.104980 -0.559570 0.866821 0.270630 -0.075928 0.490356
0.115112 -0.516357 0.838501 0.231812 -0.081177 0.501343
0.136963 -0.473145 0.878662 0.230469 -0.091064 0.474243
0.150269 -0.465942 0.896118 0.220459 -0.097778 0.441650
0.142944 -0.444580 0.901611 0.227661 -0.108032 0.407104
0.128296 -0.438477 0.897095 0.224609 -0.113647 0.393433
0.118774 -0.421753 0.893799 0.213623 -0.131104 0.389648
0.145142 -0.381104 0.910522 0.224487 -0.150513 0.387695
0.156372 -0.331177 0.922363 0.247314 -0.149170 0.384399
0.165283 -0.300781 0.919189 0.248535 -0.124634 0.388428
0.160645 -0.267822 0.926147 0.207031 -0.093506 0.401367
0.142456 -0.248657 0.908325 0.133911 -0.062256 0.433472
0.138550 -0.239868 0.884033 0.066406 -0.037720 0.465942
0.127563 -0.209839 0.868408 0.011841 -0.048706 0.465454
0.127563 -0.193237 0.855835 -0.016724 -0.082642 0.434692
0.145752 -0.197510 0.907715 -0.013428 -0.127808 0.378418
0.156616 -0.208374 0.953857 0.010498 -0.161499 0.331543
0.172729 -0.215210 1.003540 0.045288 -0.170044 0.311768
0.201172 -0.179077 1.038208 0.032715 -0.156860 0.314453
0.225464 -0.148560 1.068359 -0.019409 -0.125732 0.319580
0.209229 -0.133545 1.043945 -0.066406 -0.095581 0.309326
0.186401 -0.121094 1.004395 -0.064941 -0.075684 0.280151
0.165161 -0.133179 0.981201 -0.051880 -0.078735 0.235474
0.157593 -0.143433 0.975830 -0.020142 -0.095459 0.175537
0.163452 -0.132813 0.992676 0.010254 -0.106079 0.122803
0.165283 -0.134033 1.009277 0.004517 -0.104614 0.083740
0.154663 -0.146484 1.018311 -0.025146 -0.102783 0.052856
0.142578 -0.178223 1.034302 -0.046387 -0.104736 0.037231
0.135498 -0.207031 1.055054 -0.073975 -0.109619 0.032837
0.150146 -0.199219 1.074951 -0.092041 -0.112427 0.029541
0.162109 -0.170288 1.071655 -0.102783 -0.103394 0.004639
0.158569 -0.155884 1.049805 -0.101563 -0.088501 -0.038940
0.145996 -0.166138 1.033203 -0.068604 -0.065918 -0.080933
0.131958 -0.185181 1.020386 -0.040527 -0.034546 -0.109009
0.114868 -0.202881 1.006348 -0.085205 -0.015747 -0.123047
0.105835 -0.208984 0.996460 -0.130737 -0.004517 -0.127563
0.115356 -0.205078 0.987671 -0.168579 0.007568 -0.130981
0.125000 -0.210327 0.985718 -0.193115 0.019775 -0.139648
0.137939 -0.235352 0.973022 -0.211792 0.033936 -0.169556
0.125244 -0.274902 0.945557 -0.232056 0.046753 -0.205688
0.108521 -0.324829 0.943970 -0.236572 0.058594 -0.235474
0.081299 -0.329956 0.922852 -0.249878 0.042114 -0.273193
0.043457 -0.355225 0.916260 -0.255859 0.019653 -0.299561
0.041016 -0.358643 0.959961 -0.221680 -0.007813 -0.319214
0.062012 -0.322754 1.007202 -0.191895 -0.031616 -0.324829
0.071655 -0.283081 1.037354 -0.178589 -0.037354 -0.322876
0.067261 -0.246948 1.038818 -0.169189 -0.035400 -0.329346
0.078247 -0.223999 1.078247 -0.174927 -0.033081 -0.333740
0.080322 -0.219849 1.123535 -0.260864 -0.010742 -0.331055
0.080811 -0.202881 1.114258 -0.354126 0.001099 -0.347046
0.087280 -0.203247 1.133179 -0.422485 0.041382 -0.369995
0.082764 -0.216431 1.122314 -0.499634 0.075317 -0.392212
0.024048 -0.329956 1.126221 -0.574585 0.108643 -0.408936
-0.009521 -0.420898 1.148560 -0.549805 0.131104 -0.408447
-0.046021 -0.494629 1.100342 -0.516479 0.101929 -0.391357
-0.070068 -0.525635 1.083740 -0.425537 0.073608 -0.379517
-0.054810 -0.515381 1.072754 -0.304199 0.062866 -0.361694
-0.045532 -0.469116 1.061523 -0.157959 0.070679 -0.345947
-0.032715 -0.434692 1.062378 -0.066162 0.098999 -0.330566
-0.028076 -0.413574 1.070557 -0.048462 0.113892 -0.311523
-0.002319 -0.386230 1.081055 -0.028564 0.129028 -0.302856
0.000366 -0.378052 1.077759 -0.055176 0.152344 -0.290161
-0.017944 -0.379150 1.038452 -0.100464 0.167725 -0.281494
-0.029785 -0.393921 1.006348 -0.097290 0.165649 -0.289673
-0.021606 -0.396973 1.009644 -0.033203 0.155273 -0.317383
-0.044922 -0.506104 0.961182 -0.222656 0.122437 -0.316162
-0.062012 -0.532593 0.934692 -0.161987 0.114502 -0.306641
-0.081421 -0.598145 0.949951 -0.026001 0.130493 -0.280151
-0.092896 -0.598389 0.930908 0.042969 0.107300 -0.223999
-0.072388 -0.574341 0.962036 0.132690 0.078125 -0.188110
-0.024536 -0.527100 0.984009 0.098511 0.053467 -0.162842
-0.024414 -0.500854 0.974976 0.050781 0.064209 -0.148193
-0.022095 -0.467407 0.956299 0.033325 0.080933 -0.141357
-0.017700 -0.443481 0.942505 0.023682 0.096436 -0.141968
-0.021729 -0.442261 0.938477 -0.007080 0.111450 -0.135742
-0.018433 -0.444824 0.932007 -0.067383 0.115967 -0.111328
-0.005981 -0.457397 0.928223 -0.137573 0.117920 -0.078369
-0.020508 -0.504517 0.914673 -0.186279 0.112793 -0.053467
-0.051636 -0.567261 0.893066 -0.171631 0.087036 -0.042969
-0.056274 -0.629395 0.882446 -0.073486 0.035889 -0.044189
-0.035400 -0.631592 0.911011 0.073120 -0.039307 -0.066895
0.003052 -0.596680 0.948364 0.214966 -0.090088 -0.082764
0.027710 -0.535767 0.958374 0.270630 -0.094727 -0.074707
0.034424 -0.494019 0.968384 0.203247 -0.065186 -0.035156
0.031128 -0.480591 0.956909 0.066040 -0.020996 0.022705
0.010498 -0.480103 0.933716 -0.058716 0.019531 0.076294
-0.024170 -0.531372 0.890137 -0.115845 0.039307 0.113281
-0.034180 -0.568604 0.881348 -0.086914 0.019775 0.106689
-0.015381 -0.584106 0.888916 0.002563 -0.023071 0.070923
0.017700 -0.583374 0.912476 0.114258 -0.063354 0.015137
0.045898 -0.547729 0.920410 0.186523 -0.082642 -0.039185
0.034180 -0.564087 0.906982 0.177368 -0.056030 -0.060913
0.006714 -0.600952 0.858276 0.125122 -0.031616 -0.050537
-0.026001 -0.625610 0.844238 0.072144 -0.028320 -0.016846
-0.048706 -0.668823 0.822388 0.043457 -0.043213 0.023438
-0.047363 -0.682373 0.812988 0.063232 -0.073730 0.059326
-0.007690 -0.662476 0.852661 0.104858 -0.107178 0.086304
0.020752 -0.632568 0.878906 0.122681 -0.109985 0.107056
0.022461 -0.606689 0.870239 0.110962 -0.093994 0.122070
0.007568 -0.597534 0.843262 0.093262 -0.082153 0.125366
0.009644 -0.599609 0.841553 0.089478 -0.081909 0.128540
0.011353 -0.599609 0.856934 0.097778 -0.096069 0.124634
0.019043 -0.602173 0.867798 0.119385 -0.115234 0.117310
0.033936 -0.605103 0.886963 0.141113 -0.129395 0.119019
0.042847 -0.601685 0.891357 0.144287 -0.133545 0.130981
0.034058 -0.600708 0.913208 0.126221 -0.128662 0.152710
0.047485 -0.592773 0.897461 0.151245 -0.116821 0.186035
0.062012 -0.577637 0.908813 0.125732 -0.121704 0.212036
0.085083 -0.548950 0.919189 0.113892 -0.124878 0.228882
0.092407 -0.527344 0.916016 0.139893 -0.111328 0.226440
0.100586 -0.510742 0.924072 0.144043 -0.118408 0.214478
0.112671 -0.492065 0.940186 0.132568 -0.128174 0.209595
0.123779 -0.484375 0.955811 0.112305 -0.118774 0.216309
0.130493 -0.471069 0.947754 0.069946 -0.097168 0.235229
