-0.064209 -0.482910 0.911865 -0.050903 -0.034058 -0.142456
-0.079468 -0.497559 0.913452 -0.047119 -0.039185 -0.142334
-0.082764 -0.503174 0.908569 -0.032837 -0.041016 -0.131714
-0.083496 -0.475342 0.907349 -0.028442 -0.046509 -0.118408
-0.083130 -0.461182 0.896484 -0.047119 -0.052246 -0.094849
-0.075317 -0.457153 0.897217 -0.059570 -0.061646 -0.073730
-0.066040 -0.443848 0.906128 -0.074463 -0.081055 -0.062622
-0.056763 -0.440308 0.914063 -0.071045 -0.087280 -0.045288
-0.050537 -0.453491 0.915405 -0.068848 -0.089478 -0.034668
-0.036255 -0.488037 0.926636 -0.087524 -0.090576 -0.023071
-0.000854 -0.514648 0.985352 -0.116089 -0.071777 -0.023560
0.014893 -0.516724 0.989014 -0.144043 -0.024536 -0.030640
-0.035278 -0.562500 0.949097 -0.174194 0.013916 -0.046143
-0.096802 -0.623291 0.908813 -0.140137 0.020142 -0.064331
-0.138794 -0.675293 0.884766 -0.054077 -0.014648 -0.073608
-0.134277 -0.673462 0.895508 0.035400 -0.074341 -0.084351
-0.114258 -0.640625 0.912354 0.101807 -0.114868 -0.082886
-0.093872 -0.615601 0.927612 0.133057 -0.132935 -0.065674
-0.083862 -0.606689 0.937256 0.115967 -0.130859 -0.045898
-0.083496 -0.611938 0.934692 0.071777 -0.119385 -0.015869
-0.095459 -0.634155 0.932983 0.043579 -0.106445 0.007813
-0.089233 -0.642822 0.937744 0.055054 -0.106689 0.015625
-0.095215 -0.655884 0.930298 0.087524 -0.119263 0.014893
-0.103027 -0.687622 0.929932 0.144165 -0.136963 0.013184
-0.099854 -0.700439 0.940430 0.205933 -0.157104 0.006592
-0.096191 -0.708008 0.949097 0.243164 -0.169189 0.017456
-0.085938 -0.718628 0.965332 0.255371 -0.168335 0.054321
-0.066650 -0.700439 0.979614 0.242310 -0.152832 0.107666
-0.047363 -0.687378 1.000244 0.213867 -0.124756 0.165771
-0.031128 -0.665771 0.997437 0.182373 -0.092651 0.210693
-0.028687 -0.648682 0.983154 0.159424 -0.059082 0.241943
-0.040161 -0.651245 0.949219 0.156006 -0.037231 0.265625
-0.047241 -0.666382 0.941528 0.166626 -0.036865 0.277222
-0.044800 -0.669434 0.929932 0.191040 -0.046875 0.279541
-0.044189 -0.676880 0.934692 0.218628 -0.056030 0.294189
-0.025635 -0.661011 0.912964 0.284424 -0.068848 0.322632
0.000122 -0.638916 0.928467 0.323364 -0.091919 0.339355
0.021240 -0.599731 0.936401 0.358032 -0.122559 0.346924
0.057373 -0.576904 0.959351 0.383789 -0.115479 0.364502
0.058350 -0.528564 0.933105 0.359375 -0.086914 0.396973
0.042480 -0.485229 0.889160 0.317261 -0.049194 0.440186
0.034912 -0.418091 0.824219 0.252686 -0.021606 0.489502
0.025391 -0.373413 0.787231 0.152222 -0.009644 0.531250
0.023804 -0.356445 0.767944 0.055908 -0.018555 0.531738
0.009888 -0.376587 0.774536 0.008423 -0.050415 0.501099
0.016235 -0.401855 0.815308 0.007080 -0.093018 0.468994
0.022583 -0.404419 0.868286 0.023804 -0.142944 0.439331
0.040649 -0.400146 0.911255 0.044800 -0.187256 0.423462
0.081055 -0.371094 0.969360 0.066895 -0.208130 0.432495
0.104492 -0.337036 0.990234 0.050171 -0.202393 0.460449
0.154053 -0.301392 1.001221 -0.008423 -0.182495 0.489258
0.153564 -0.272705 1.012451 -0.052490 -0.147827 0.496704
0.148926 -0.255249 0.982300 -0.063232 -0.116211 0.482788
0.143188 -0.243164 0.971558 -0.064697 -0.109253 0.450195
0.144165 -0.240356 0.953491 -0.052124 -0.119873 0.415771
0.156494 -0.235962 0.959839 -0.039795 -0.123047 0.388062
0.166138 -0.202637 0.954590 -0.051270 -0.122192 0.360107
0.165894 -0.189575 0.952026 -0.063232 -0.122559 0.323853
0.178467 -0.173096 0.972412 -0.062378 -0.126099 0.282959
0.182983 -0.162476 0.983154 -0.078613 -0.123047 0.249268
0.184082 -0.158447 0.989380 -0.101929 -0.112061 0.222290
0.181030 -0.149048 0.976318 -0.133667 -0.098267 0.189575
0.159424 -0.163696 0.955200 -0.157837 -0.081055 0.155273
0.143921 -0.175415 0.930542 -0.156006 -0.074829 0.119385
0.132813 -0.178345 0.915527 -0.134521 -0.081909 0.083008
0.145752 -0.165405 0.939453 -0.102783 -0.092407 0.034302
0.146606 -0.145142 0.964600 -0.081909 -0.094360 -0.018921
0.147095 -0.127808 0.982788 -0.086304 -0.090088 -0.064209
0.155762 -0.111572 1.024536 -0.114380 -0.071899 -0.091064
0.139648 -0.114136 1.032837 -0.182007 -0.042358 -0.108521
0.126221 -0.129272 1.048218 -0.231445 -0.009766 -0.126587
0.125732 -0.122925 1.054932 -0.252197 0.011230 -0.145386
0.115479 -0.113770 1.040161 -0.254517 0.029785 -0.172485
0.113525 -0.113525 1.028931 -0.237549 0.047485 -0.210327
0.122925 -0.109985 1.030762 -0.227539 0.058594 -0.260254
0.124756 -0.101318 1.023682 -0.233521 0.077881 -0.314819
0.108521 -0.127808 1.016724 -0.252808 0.113159 -0.359985
0.076416 -0.166992 0.998779 -0.302368 0.130859 -0.400146
0.055786 -0.192383 0.997437 -0.331909 0.139648 -0.432983
0.039795 -0.206299 0.984863 -0.335205 0.139404 -0.465210
0.031738 -0.228149 0.987793 -0.336914 0.126343 -0.502197
0.021484 -0.225098 0.993530 -0.329712 0.105103 -0.541626
0.041626 -0.243286 1.021118 -0.341187 0.083496 -0.578003
0.048218 -0.253662 1.081787 -0.410034 0.069336 -0.609375
0.043701 -0.271362 1.129150 -0.485718 0.091187 -0.643311
0.027100 -0.304077 1.139771 -0.514282 0.115601 -0.658203
-0.005249 -0.341187 1.141113 -0.504150 0.132935 -0.663940
-0.032349 -0.394531 1.140991 -0.476440 0.131958 -0.665405
-0.055786 -0.453247 1.144165 -0.416016 0.131104 -0.654785
-0.054321 -0.499146 1.164917 -0.356323 0.121094 -0.631104
-0.024414 -0.521606 1.186768 -0.341797 0.099121 -0.611206
-0.018188 -0.584106 1.227905 -0.331909 0.099976 -0.592896
0.008789 -0.619507 1.295410 -0.305786 0.151245 -0.552368
-0.016235 -0.631226 1.228027 -0.388428 0.160034 -0.486572
-0.076294 -0.651611 1.157837 -0.390137 0.213379 -0.422119
-0.101318 -0.606567 1.062744 -0.265381 0.212769 -0.385254
-0.098022 -0.544922 1.005615 -0.165527 0.179077 -0.371704
-0.111450 -0.543335 0.973633 -0.130493 0.163086 -0.363037
-0.137939 -0.557617 0.916626 -0.120239 0.143066 -0.352295
-0.175659 -0.592651 0.930542 -0.178589 0.098389 -0.341431
-0.178223 -0.646118 0.882813 -0.338867 0.039307 -0.288330
-0.119751 -0.635254 0.891846 -0.114136 0.024902 -0.251343
-0.090332 -0.607788 0.944336 -0.066284 0.034668 -0.204834
-0.082031 -0.592163 0.905029 -0.024048 0.027710 -0.176147
-0.085327 -0.559448 0.912842 0.076294 0.029175 -0.164673
-0.074707 -0.522583 0.922119 0.106689 0.025513 -0.139648
-0.059570 -0.467651 0.907104 0.090454 0.032227 -0.096558
-0.058838 -0.444092 0.906860 0.024902 0.049316 -0.048096
-0.081543 -0.430054 0.856689 -0.033081 0.049438 -0.013062
-0.094604 -0.484497 0.829590 -0.023071 0.030151 -0.006226
-0.112061 -0.530518 0.836792 0.051025 -0.017700 -0.032104
-0.109863 -0.550293 0.841675 0.147095 -0.080200 -0.048950
-0.086670 -0.558594 0.869629 0.247681 -0.127075 -0.056519
-0.050659 -0.565674 0.901611 0.306519 -0.148193 -0.035156
-0.011963 -0.573608 0.942871 0.293335 -0.133911 0.028076
0.004028 -0.586548 0.948364 0.231934 -0.090942 0.090210
-0.002686 -0.584229 0.912964 0.178223 -0.033081 0.143677
-0.014648 -0.544189 0.862793 0.120728 0.017090 0.186035
-0.022095 -0.540649 0.836182 0.110840 0.054932 0.188721
-0.044189 -0.570435 0.822266 0.150024 0.062134 0.146729
-0.081299 -0.630859 0.796631 0.174683 0.027588 0.088989
-0.122681 -0.724731 0.790405 0.205078 -0.026367 0.056763
-0.141357 -0.783203 0.796631 0.252808 -0.091187 0.070801
-0.114136 -0.793579 0.827148 0.286987 -0.144409 0.129517
-0.057739 -0.754395 0.869019 0.273804 -0.168701 0.216675
0.011719 -0.696045 0.915039 0.212036 -0.151489 0.298462
0.056274 -0.619873 0.924683 0.137329 -0.097534 0.328979
0.048096 -0.577393 0.902466 0.115967 -0.027832 0.300049
0.005005 -0.578979 0.857056 0.131226 0.006104 0.229736
-0.033447 -0.604370 0.824829 0.146240 -0.013306 0.158081
-0.048584 -0.659912 0.830444 0.157593 -0.047363 0.118530
-0.060425 -0.723022 0.846069 0.168701 -0.080444 0.121216
-0.046021 -0.740723 0.865601 0.202637 -0.107056 0.158569
-0.010986 -0.711426 0.884033 0.227539 -0.103760 0.230469
0.014038 -0.663574 0.891724 0.218384 -0.071289 0.304199
0.034180 -0.610229 0.872681 0.178223 -0.048584 0.351440
0.023926 -0.585205 0.850586 0.111328 -0.057007 0.353638
0.012817 -0.561890 0.831177 0.117920 -0.065918 0.327271
0.006348 -0.570923 0.831543 0.130005 -0.088745 0.294556
0.005493 -0.587646 0.849609 0.130859 -0.134399 0.270630
0.020630 -0.600708 0.862915 0.157471 -0.165161 0.273193
0.052734 -0.579224 0.893921 0.161987 -0.194702 0.288452
0.092041 -0.518066 0.913940 0.164795 -0.208984 0.303223
0.118652 -0.475586 0.932495 0.130127 -0.201416 0.313721
0.124146 -0.459229 0.928467 0.111450 -0.187622 0.312500
0.130615 -0.432495 0.926025 0.116943 -0.173706 0.312744
0.143188 -0.403809 0.920044 0.106323 -0.174316 0.316406
0.160034 -0.376465 0.932373 0.088013 -0.176025 0.307495
0.176758 -0.347290 0.958618 0.051270 -0.172607 0.297974
0.177612 -0.351318 0.968872 0.008789 -0.155762 0.290649
