-0.082031 -0.503540 0.932007 -0.027344 -0.005127 -0.225098
-0.094238 -0.488281 0.903442 0.010010 -0.027710 -0.265259
-0.103027 -0.486694 0.903076 0.084595 -0.037231 -0.294189
-0.084351 -0.469971 0.925659 0.104248 -0.055420 -0.311279
-0.072510 -0.466431 0.931030 0.033569 -0.052124 -0.288574
-0.057495 -0.467529 0.936890 -0.067749 -0.023560 -0.249878
-0.059326 -0.475342 0.923340 -0.168457 0.010254 -0.211304
-0.081421 -0.516846 0.904785 -0.243774 0.043335 -0.174927
-0.118896 -0.583862 0.867188 -0.268921 0.057739 -0.158325
-0.141357 -0.632690 0.857788 -0.226929 0.030518 -0.166138
-0.141846 -0.663818 0.865356 -0.155884 -0.019043 -0.175659
-0.142090 -0.670410 0.867554 -0.087402 -0.060791 -0.174683
-0.118286 -0.654419 0.890991 -0.021362 -0.089600 -0.166260
-0.084351 -0.626709 0.919678 0.008301 -0.109863 -0.151733
-0.050659 -0.584473 0.949097 -0.008301 -0.105103 -0.134155
-0.042969 -0.593750 0.962524 -0.064453 -0.071899 -0.100708
-0.058350 -0.601807 0.942749 -0.126343 -0.038330 -0.077026
-0.089966 -0.637573 0.915771 -0.151001 -0.013916 -0.070923
-0.115723 -0.671631 0.890991 -0.132568 -0.020630 -0.073853
-0.144287 -0.734741 0.881592 -0.079590 -0.042114 -0.054443
-0.142456 -0.774658 0.890137 0.013794 -0.069336 -0.025635
-0.131714 -0.790649 0.910522 0.113770 -0.093506 0.010376
-0.107422 -0.791382 0.929565 0.174927 -0.109619 0.040894
-0.096313 -0.787231 0.934692 0.191650 -0.098389 0.082275
-0.086914 -0.780518 0.934204 0.184814 -0.079102 0.131226
-0.070190 -0.763062 0.924072 0.150269 -0.067139 0.174194
-0.065430 -0.779053 0.927734 0.115845 -0.050049 0.213013
-0.066895 -0.795044 0.933838 0.124512 -0.030151 0.247437
-0.054932 -0.797485 0.935791 0.132202 -0.019531 0.276978
-0.048584 -0.798706 0.926514 0.120972 -0.016113 0.304565
-0.044312 -0.791016 0.913940 0.122681 -0.017456 0.335083
-0.026001 -0.779541 0.913574 0.130493 -0.020264 0.359863
-0.018921 -0.761597 0.900269 0.126709 -0.020386 0.383545
-0.019775 -0.764038 0.890747 0.126709 -0.031372 0.412476
-0.011230 -0.746948 0.877441 0.164917 -0.031982 0.442261
0.008911 -0.707275 0.870972 0.180786 -0.032104 0.487183
0.032471 -0.651855 0.893311 0.167236 -0.035278 0.520386
0.036865 -0.615601 0.859863 0.122070 -0.039917 0.539063
0.019287 -0.587891 0.838257 0.124634 -0.044312 0.560303
0.020264 -0.553955 0.821045 0.135010 -0.071777 0.570923
0.036865 -0.520874 0.824585 0.135132 -0.101807 0.567261
0.043213 -0.470825 0.823486 0.122681 -0.118286 0.562378
0.047119 -0.458496 0.837158 0.086914 -0.134399 0.554443
0.044312 -0.459961 0.855957 0.052002 -0.154053 0.549927
0.052612 -0.443115 0.872192 0.026245 -0.174805 0.551025
0.061523 -0.413208 0.896729 0.022217 -0.190308 0.555054
0.086914 -0.371582 0.909302 0.038818 -0.206909 0.567383
0.121948 -0.319702 0.931885 0.040283 -0.203369 0.574219
0.126709 -0.290405 0.928955 0.021851 -0.182983 0.560425
0.122681 -0.271606 0.908447 0.019287 -0.152100 0.535278
0.102417 -0.255127 0.880127 0.020020 -0.143311 0.500000
0.092163 -0.242676 0.863770 0.014160 -0.149658 0.468750
0.096313 -0.234497 0.862427 0.004639 -0.169434 0.441040
0.112305 -0.209106 0.876831 -0.001831 -0.181274 0.416748
0.124634 -0.197754 0.891602 -0.029175 -0.184082 0.400757
0.140747 -0.179810 0.916382 -0.064209 -0.180298 0.380005
0.147217 -0.177368 0.940918 -0.094238 -0.170654 0.360352
0.157593 -0.175049 0.972290 -0.106689 -0.154663 0.329590
0.155151 -0.181274 0.992554 -0.112793 -0.144165 0.285034
0.141846 -0.188354 0.990234 -0.101807 -0.135742 0.239868
0.143311 -0.188354 1.002197 -0.096802 -0.141479 0.201782
0.158203 -0.165894 1.016235 -0.090942 -0.139404 0.171387
0.161743 -0.144165 1.017700 -0.088623 -0.123657 0.140991
0.154785 -0.130005 0.988525 -0.105957 -0.106323 0.110840
0.146606 -0.129517 0.977417 -0.083130 -0.078491 0.066040
0.117676 -0.150879 0.947144 -0.065063 -0.057007 0.015137
0.092651 -0.170776 0.908203 -0.090698 -0.052124 -0.019897
0.077393 -0.177612 0.901611 -0.115479 -0.056274 -0.054565
0.088501 -0.185913 0.916260 -0.122925 -0.060303 -0.094116
0.078125 -0.201538 0.968506 -0.122925 -0.065063 -0.129272
0.086670 -0.220215 0.991699 -0.143311 -0.078491 -0.176636
0.105469 -0.217407 1.060059 -0.144897 -0.080444 -0.219727
0.116577 -0.202271 1.095825 -0.164795 -0.056519 -0.236938
0.110474 -0.201904 1.104858 -0.198120 -0.012573 -0.247559
0.109741 -0.206909 1.109863 -0.239624 0.026855 -0.268188
0.096191 -0.216309 1.104370 -0.277588 0.061279 -0.305298
0.071777 -0.240234 1.072876 -0.305176 0.087769 -0.356689
0.050415 -0.267212 1.061035 -0.305786 0.103638 -0.412109
0.026855 -0.298340 1.042114 -0.291016 0.107056 -0.464478
0.006714 -0.314331 1.042969 -0.257446 0.099243 -0.508667
-0.009888 -0.340576 1.056152 -0.220825 0.085815 -0.536499
-0.029419 -0.354614 1.056152 -0.170532 0.063721 -0.554810
-0.035522 -0.360352 1.060425 -0.085327 0.046997 -0.559570
-0.036255 -0.350708 1.055786 0.019531 0.025146 -0.575195
-0.009644 -0.305298 1.103516 0.075195 -0.007690 -0.590698
0.026978 -0.272095 1.151001 0.059692 -0.010254 -0.581543
0.031128 -0.244873 1.146729 -0.025269 0.021851 -0.563110
-0.001709 -0.275024 1.132324 -0.142456 0.066406 -0.558105
-0.054443 -0.340698 1.115601 -0.230347 0.088257 -0.570801
-0.090088 -0.400513 1.131958 -0.266479 0.089966 -0.585693
-0.105957 -0.446289 1.129028 -0.216675 0.064331 -0.599609
-0.121826 -0.488159 1.156372 -0.169312 0.090088 -0.595703
-0.138916 -0.492065 1.117798 -0.120117 0.051025 -0.594727
-0.140625 -0.514526 1.119019 -0.038208 0.059814 -0.572754
-0.113647 -0.487915 1.244751 0.013062 0.074463 -0.530762
-0.111816 -0.473389 1.094238 -0.095093 0.046509 -0.452148
-0.088623 -0.440186 1.112305 -0.218140 0.092651 -0.359985
-0.070801 -0.398926 1.055908 -0.280151 0.166992 -0.287354
-0.112305 -0.429443 0.978394 -0.361694 0.211548 -0.248779
-0.161133 -0.490112 0.934570 -0.349487 0.250122 -0.236450
-0.200195 -0.592896 0.892578 -0.260254 0.216797 -0.242310
-0.221802 -0.658569 0.878174 -0.081909 0.117554 -0.249146
-0.201660 -0.661987 0.897339 0.118652 0.029907 -0.242676
-0.175659 -0.603027 0.900146 0.236206 -0.049194 -0.200684
-0.138306 -0.561890 0.974731 0.205200 -0.091309 -0.127319
-0.096802 -0.523315 0.923218 0.031128 -0.094360 -0.030762
-0.090576 -0.485107 0.878174 0.013428 -0.060425 0.034790
-0.037354 -0.485107 0.922119 -0.108032 -0.031494 0.097534
-0.001099 -0.475830 0.958984 -0.132324 0.003784 0.102051
-0.004028 -0.514404 0.934570 -0.186768 0.054810 0.093872
-0.043335 -0.567871 0.888550 -0.169678 0.074829 0.052246
-0.083862 -0.630737 0.848389 -0.100952 0.050537 -0.010498
-0.099731 -0.686157 0.855225 0.017700 -0.008911 -0.068604
-0.093384 -0.709961 0.868408 0.148315 -0.080322 -0.106934
-0.068970 -0.686157 0.912109 0.256958 -0.122803 -0.105225
-0.044800 -0.656006 0.918335 0.250244 -0.125366 -0.045776
-0.023804 -0.619263 0.898071 0.166138 -0.100342 0.041138
-0.014282 -0.563599 0.892334 0.083374 -0.071045 0.115356
-0.020630 -0.558105 0.864258 0.017700 -0.056763 0.155640
-0.013916 -0.539429 0.842407 -0.009033 -0.065430 0.153442
-0.007690 -0.542969 0.845581 0.002319 -0.081177 0.110229
-0.001831 -0.561157 0.859497 0.053223 -0.104004 0.039185
-0.006226 -0.593750 0.865479 0.107788 -0.136230 -0.020996
-0.009399 -0.627930 0.882202 0.148315 -0.156982 -0.046509
-0.009888 -0.639404 0.881958 0.139160 -0.161621 -0.039429
-0.016235 -0.632202 0.864990 0.095947 -0.149902 -0.018555
-0.020020 -0.610352 0.846924 0.058594 -0.147949 -0.001709
-0.014771 -0.618164 0.849365 0.019165 -0.151489 0.008667
0.016724 -0.658447 0.909058 0.008789 -0.137573 0.029419
0.033203 -0.684570 0.934204 0.003296 -0.102295 0.060913
0.021362 -0.706055 0.923584 0.012207 -0.053589 0.090698
-0.001709 -0.695068 0.890747 0.037231 -0.023682 0.112427
-0.008667 -0.711060 0.870361 0.045166 -0.013550 0.120483
0.000732 -0.714600 0.871338 0.079712 -0.016235 0.135620
-0.004272 -0.726074 0.860840 0.099854 -0.015503 0.164917
-0.001587 -0.709717 0.844727 0.103027 -0.027832 0.204834
0.013306 -0.683594 0.838135 0.061279 -0.059814 0.249268
0.033569 -0.641479 0.842896 0.048218 -0.090942 0.283081
0.062500 -0.599731 0.847900 0.070190 -0.100830 0.300049
0.083740 -0.581787 0.869507 0.080933 -0.098633 0.301147
0.111450 -0.548218 0.891846 0.062012 -0.100464 0.301514
0.122803 -0.532593 0.911621 0.035767 -0.078369 0.307983
0.114990 -0.516724 0.890259 0.037354 -0.046631 0.312134
0.089966 -0.512085 0.845215 0.046509 -0.036377 0.308838
0.094482 -0.492798 0.855713 0.050415 -0.044922 0.304810
0.110962 -0.478394 0.878296 0.086426 -0.071045 0.307129
0.139771 -0.427856 0.895630 0.108643 -0.081909 0.313599
0.155029 -0.379395 0.915161 0.098633 -0.081055 0.316772
0.160767 -0.355469 0.909912 0.086914 -0.066162 0.310425
0.166870 -0.309448 0.908325 0.088013 -0.061035 0.291870
