-0.091553 -0.557739 0.907715 -0.002319 0.166870 -0.117188
-0.065186 -0.542358 0.921631 -0.032837 0.157959 -0.106689
-0.063354 -0.522583 0.924316 -0.099243 0.140015 -0.117554
-0.077637 -0.538208 0.920288 -0.138550 0.123169 -0.137451
-0.088501 -0.538330 0.907104 -0.150269 0.102173 -0.154175
-0.095215 -0.527832 0.896851 -0.145020 0.083862 -0.149902
-0.087646 -0.528809 0.908569 -0.134399 0.067383 -0.133911
-0.083130 -0.505249 0.909546 -0.122437 0.067139 -0.124390
-0.089600 -0.508911 0.890869 -0.154907 0.085449 -0.113037
-0.076904 -0.493530 0.892578 -0.212769 0.100586 -0.109375
-0.088379 -0.489502 0.873413 -0.260986 0.106445 -0.127319
-0.103271 -0.516724 0.863647 -0.247070 0.099365 -0.173584
-0.113159 -0.555298 0.871338 -0.205566 0.072510 -0.226807
-0.119141 -0.581421 0.877563 -0.171997 0.045654 -0.253296
-0.132935 -0.603149 0.867554 -0.145996 0.028687 -0.264038
-0.149048 -0.615723 0.842285 -0.102295 -0.002319 -0.273315
-0.166870 -0.641479 0.840332 -0.079590 -0.057861 -0.273682
-0.171265 -0.649292 0.836792 -0.025757 -0.102783 -0.257935
-0.165649 -0.648315 0.827026 0.020264 -0.122192 -0.218506
-0.127930 -0.641968 0.874023 0.032959 -0.124878 -0.163940
-0.072632 -0.633301 0.935303 -0.010864 -0.099854 -0.116577
-0.095459 -0.679688 0.932373 -0.068604 -0.062988 -0.103394
-0.124756 -0.712402 0.903809 -0.076294 -0.049438 -0.134033
-0.165283 -0.755859 0.867432 -0.040771 -0.058960 -0.157227
-0.181641 -0.787109 0.845947 0.008667 -0.084473 -0.161743
-0.191772 -0.800171 0.840088 0.064819 -0.114258 -0.142212
-0.200439 -0.822998 0.835938 0.141846 -0.141235 -0.120728
-0.194580 -0.826416 0.847534 0.226074 -0.182373 -0.117065
-0.178223 -0.822510 0.873535 0.302124 -0.220093 -0.118042
-0.161743 -0.806152 0.900024 0.355835 -0.238892 -0.104492
-0.134277 -0.796387 0.929932 0.361572 -0.233765 -0.062256
-0.110596 -0.768677 0.940674 0.323242 -0.203491 -0.004028
-0.096802 -0.770020 0.946655 0.260498 -0.152954 0.057617
-0.101318 -0.762085 0.938599 0.210449 -0.103760 0.101929
-0.102905 -0.785034 0.933228 0.166260 -0.059937 0.147339
-0.111328 -0.797119 0.923828 0.150024 -0.037109 0.188354
-0.109985 -0.800781 0.914429 0.164429 -0.036865 0.223145
-0.102661 -0.787231 0.905151 0.197754 -0.045532 0.259033
-0.083130 -0.761719 0.888916 0.231567 -0.064453 0.304199
-0.061157 -0.714478 0.945557 0.268555 -0.064331 0.354370
-0.008301 -0.656616 0.897827 0.266724 -0.038818 0.394287
0.009521 -0.620239 0.926514 0.165161 -0.011597 0.427490
-0.003540 -0.599243 0.872925 0.013672 0.027100 0.481323
-0.040771 -0.611450 0.849854 -0.113159 0.061890 0.530029
-0.078369 -0.662598 0.780396 -0.166626 0.042847 0.527710
-0.091797 -0.688477 0.783325 -0.079712 -0.037354 0.493286
-0.067993 -0.670410 0.796387 0.031982 -0.141357 0.457764
-0.037109 -0.634888 0.821777 0.144897 -0.214600 0.445435
0.009521 -0.566406 0.860352 0.245239 -0.256714 0.463989
0.044800 -0.506348 0.872192 0.288574 -0.274902 0.491211
0.086182 -0.430664 0.902710 0.296997 -0.269775 0.517212
0.096069 -0.369263 0.892700 0.249146 -0.249390 0.538330
0.111206 -0.329956 0.882324 0.190430 -0.217407 0.556641
0.115845 -0.294067 0.896851 0.137573 -0.194824 0.554810
0.108887 -0.290649 0.891235 0.087158 -0.177612 0.545898
0.095947 -0.289429 0.898438 0.068970 -0.161743 0.534790
0.092163 -0.285522 0.903809 0.065186 -0.163330 0.524780
0.096802 -0.278809 0.897339 0.081543 -0.175415 0.511841
0.106934 -0.268066 0.905151 0.106079 -0.198486 0.496582
0.138428 -0.217773 0.922363 0.127441 -0.206787 0.475830
0.163818 -0.165161 0.939453 0.115356 -0.190918 0.445679
0.142944 -0.145508 0.921631 0.069702 -0.165039 0.405151
0.122070 -0.158081 0.918091 0.011597 -0.151733 0.369385
0.104370 -0.191406 0.937744 -0.039551 -0.140747 0.347168
0.098145 -0.209106 0.961792 -0.085083 -0.139771 0.333008
0.115234 -0.218994 1.001465 -0.129028 -0.149780 0.315674
0.111572 -0.246460 1.024048 -0.147583 -0.150513 0.292480
0.101074 -0.253052 1.024780 -0.127808 -0.152344 0.256470
0.098999 -0.245605 1.031738 -0.094360 -0.155273 0.217163
0.100708 -0.234131 1.035645 -0.074951 -0.149414 0.183716
0.105347 -0.219238 1.026611 -0.072388 -0.131104 0.157837
0.112915 -0.201538 1.029419 -0.084351 -0.102051 0.131958
0.108032 -0.190430 1.014282 -0.114746 -0.063721 0.097534
0.100708 -0.196167 0.994873 -0.161865 -0.029663 0.055786
0.087280 -0.213257 0.988770 -0.226318 -0.001709 0.016724
0.064941 -0.253906 0.979248 -0.290039 0.020508 -0.010376
0.036133 -0.291504 0.963379 -0.323364 0.028931 -0.030884
0.029053 -0.316528 0.987061 -0.312256 0.021729 -0.052612
0.040283 -0.327148 1.005859 -0.268311 0.012817 -0.075684
0.053589 -0.326904 1.031250 -0.209351 0.006348 -0.094971
0.060303 -0.308838 1.031738 -0.133667 0.012939 -0.114136
0.073853 -0.263428 1.030151 -0.068604 0.016602 -0.134155
0.083252 -0.223145 1.019287 -0.067383 0.023682 -0.153687
0.087158 -0.194824 1.026001 -0.100220 0.043335 -0.181396
0.083862 -0.198853 1.034058 -0.145264 0.062866 -0.207031
0.077026 -0.207764 1.030273 -0.162720 0.081055 -0.238037
0.060181 -0.226807 1.047119 -0.176270 0.089478 -0.273926
0.057983 -0.250488 1.071533 -0.161865 0.090820 -0.307373
0.043823 -0.262207 1.070068 -0.137329 0.087402 -0.336914
0.043579 -0.254150 1.070190 -0.108276 0.090576 -0.357910
0.040161 -0.243164 1.067505 -0.124023 0.100342 -0.364868
0.029785 -0.230469 1.045166 -0.170898 0.128052 -0.367188
0.014404 -0.229126 1.026245 -0.215088 0.162109 -0.377319
0.000000 -0.236084 1.020630 -0.260010 0.184692 -0.398438
-0.029053 -0.269531 1.012939 -0.302002 0.203491 -0.415039
-0.044922 -0.306519 1.005249 -0.341187 0.201050 -0.443115
-0.075317 -0.357666 1.012207 -0.372192 0.170654 -0.478394
-0.110474 -0.405151 1.008911 -0.376221 0.141846 -0.507568
-0.165283 -0.448730 0.980713 -0.380737 0.118286 -0.509766
-0.220581 -0.484375 0.949829 -0.381348 0.108643 -0.460938
-0.250244 -0.511597 0.941406 -0.373413 0.102295 -0.361816
-0.246826 -0.506714 0.982178 -0.370483 0.099854 -0.239258
-0.213989 -0.454468 0.997070 -0.352051 0.099854 -0.133423
-0.120972 -0.492310 1.001587 -0.377319 0.109375 -0.073120
-0.064087 -0.465332 1.082153 -0.348022 0.085938 -0.097900
0.002197 -0.480835 1.161865 -0.311157 0.094360 -0.178833
-0.038452 -0.468140 1.080688 -0.283081 0.046753 -0.304443
-0.104004 -0.457520 1.008545 -0.178345 0.085571 -0.391235
-0.141602 -0.480225 0.925659 -0.080200 0.116211 -0.438477
-0.182007 -0.535156 0.903687 -0.122925 0.097656 -0.432617
-0.196411 -0.581177 0.895142 -0.149658 0.066162 -0.390625
-0.200439 -0.600586 0.861938 -0.141846 0.026245 -0.344727
-0.200928 -0.609619 0.850708 -0.092041 -0.035522 -0.301880
-0.173096 -0.603516 0.876831 0.015381 -0.095215 -0.265015
-0.126343 -0.571167 0.902344 0.060669 -0.144043 -0.220459
-0.081299 -0.542236 0.934937 0.038208 -0.140259 -0.159424
-0.041504 -0.501465 0.940186 0.010376 -0.078369 -0.094727
-0.017944 -0.462891 0.928467 -0.087769 0.009155 -0.035645
-0.026611 -0.464722 0.871094 -0.252075 0.078735 -0.001221
-0.047485 -0.537842 0.844849 -0.402588 0.095459 -0.022705
-0.074951 -0.619263 0.825928 -0.448120 0.080322 -0.079346
-0.106934 -0.692871 0.816284 -0.404785 0.052002 -0.131836
-0.119141 -0.750000 0.816650 -0.295898 0.013428 -0.158447
-0.144043 -0.797119 0.855835 -0.237915 -0.017700 -0.127808
-0.136963 -0.813232 0.821045 -0.199341 -0.066162 -0.060669
-0.132568 -0.840576 0.847534 -0.114502 -0.073120 0.004639
-0.115234 -0.816162 0.847656 -0.121948 -0.089233 0.097412
-0.090698 -0.761230 0.840454 -0.059937 -0.087524 0.155273
-0.066650 -0.743774 0.849243 -0.042358 -0.102661 0.156250
-0.035767 -0.681030 0.865479 0.047241 -0.129272 0.082031
-0.022095 -0.651367 0.880371 0.148438 -0.135864 -0.024292
-0.035522 -0.657471 0.874634 0.201172 -0.127319 -0.116455
-0.055908 -0.688965 0.850952 0.240479 -0.108643 -0.165283
-0.087891 -0.726318 0.837769 0.221680 -0.088623 -0.163940
-0.116455 -0.770874 0.814087 0.203125 -0.061523 -0.115723
-0.132813 -0.795166 0.806641 0.169067 -0.051025 -0.041748
-0.122070 -0.791382 0.794434 0.141846 -0.056274 0.029297
-0.131104 -0.773438 0.846680 0.134644 -0.067993 0.096191
-0.085449 -0.753052 0.840820 0.103760 -0.084717 0.120850
-0.060425 -0.734985 0.859131 0.102905 -0.083862 0.111938
-0.073364 -0.720337 0.827393 0.160767 -0.073242 0.083252
-0.087646 -0.722412 0.794678 0.236206 -0.076538 0.046753
-0.096313 -0.727051 0.789185 0.272827 -0.101807 0.028564
-0.081055 -0.726074 0.791992 0.246704 -0.125000 0.036621
-0.054932 -0.709229 0.815674 0.230957 -0.116699 0.067261
-0.040771 -0.715942 0.825684 0.204834 -0.089844 0.114624
-0.049072 -0.746094 0.827026 0.152710 -0.077026 0.148193
-0.053467 -0.740479 0.816772 0.150635 -0.089966 0.179688
-0.029663 -0.742676 0.843506 0.207764 -0.112671 0.200195
-0.005249 -0.718262 0.860474 0.288330 -0.141357 0.193115
