0.124634 -0.216064 1.048340 -0.237427 0.010254 -0.048218
0.126953 -0.227905 1.044312 -0.190552 0.011841 -0.051636
0.116333 -0.215210 1.020752 -0.171021 0.017944 -0.060303
0.112671 -0.214844 1.021362 -0.116333 0.024292 -0.072266
0.101685 -0.233032 1.007202 -0.090088 0.024292 -0.082031
0.090332 -0.249512 1.006104 -0.069702 0.019897 -0.085693
0.077881 -0.248657 1.014771 -0.057251 0.010742 -0.081543
0.073608 -0.246460 1.001587 -0.058594 0.002808 -0.065186
0.059448 -0.256958 1.000488 -0.060913 -0.005249 -0.056763
0.059570 -0.257690 1.005981 -0.058594 -0.020508 -0.058838
0.060669 -0.262207 1.003784 -0.050537 -0.033081 -0.061890
0.061890 -0.263550 1.014893 -0.042603 -0.036377 -0.066040
0.059448 -0.285889 1.028564 -0.025879 -0.028809 -0.067017
0.041870 -0.313965 1.014526 -0.037231 -0.019897 -0.064697
0.032227 -0.341553 1.010620 -0.042358 -0.028198 -0.065430
0.032715 -0.365845 1.020142 -0.044312 -0.043091 -0.071533
0.023682 -0.398071 1.029785 -0.039551 -0.050659 -0.078857
0.021729 -0.427612 1.037842 -0.012817 -0.055420 -0.088257
0.016113 -0.457397 1.046997 0.010986 -0.055664 -0.086304
0.005493 -0.488037 1.055908 0.022339 -0.058228 -0.069946
0.015381 -0.522217 1.065308 0.018433 -0.071167 -0.039795
0.033081 -0.524170 1.070679 0.017822 -0.085205 -0.014526
0.046143 -0.524414 1.064453 0.051514 -0.096191 0.004639
0.067749 -0.533569 1.082275 0.094727 -0.112915 0.017700
0.088013 -0.555298 1.102417 0.123291 -0.126709 0.034668
0.115601 -0.553833 1.123901 0.166748 -0.126343 0.055298
0.149048 -0.518677 1.159424 0.218140 -0.110474 0.093384
0.162720 -0.492432 1.146729 0.166138 -0.066406 0.150146
0.154053 -0.478027 1.129761 0.081299 -0.004761 0.217773
0.134766 -0.463623 1.075439 0.039673 0.056641 0.266602
0.106445 -0.461426 1.016113 0.018677 0.087402 0.293945
0.066895 -0.481323 0.945679 0.020874 0.077026 0.304810
0.039063 -0.480347 0.892700 0.055542 0.030884 0.313477
0.034180 -0.447021 0.872070 0.090576 -0.026245 0.319214
0.047852 -0.403564 0.876831 0.112915 -0.077148 0.326660
0.072632 -0.364502 0.900146 0.135620 -0.107544 0.338623
0.082886 -0.347534 0.907227 0.130371 -0.125854 0.343750
0.095459 -0.315430 0.904785 0.123047 -0.148926 0.348755
0.121826 -0.282837 0.914917 0.140381 -0.180908 0.346436
0.139893 -0.246948 0.921509 0.165039 -0.215698 0.339600
0.164063 -0.229004 0.951660 0.193115 -0.249023 0.333252
0.217529 -0.212646 1.016724 0.202271 -0.267334 0.329224
0.255127 -0.185181 1.043945 0.186646 -0.248047 0.325684
0.258301 -0.154663 1.022217 0.163696 -0.205322 0.333130
0.259644 -0.109497 0.987549 0.133423 -0.159790 0.344238
0.244507 -0.088501 0.951660 0.094238 -0.114868 0.349487
0.230469 -0.089966 0.928955 0.062012 -0.099243 0.348633
0.227173 -0.075806 0.932007 0.048218 -0.087524 0.336548
0.228271 -0.071777 0.935669 0.034546 -0.080200 0.313232
0.227539 -0.082031 0.936523 0.036499 -0.086060 0.281494
0.228271 -0.071289 0.941162 0.051880 -0.105835 0.247803
0.245728 -0.059814 0.961914 0.067993 -0.125854 0.222778
0.274780 -0.043579 1.009399 0.062622 -0.125000 0.206299
0.288940 -0.034546 1.043579 0.032959 -0.091064 0.192261
0.289429 -0.059082 1.040649 -0.006958 -0.035156 0.183105
0.268188 -0.073608 1.036987 -0.069702 0.012939 0.174561
0.242188 -0.074463 0.991577 -0.108521 0.048462 0.158203
0.220825 -0.072998 0.967651 -0.109863 0.058350 0.129883
0.220947 -0.075073 0.969604 -0.107666 0.048828 0.096313
0.227295 -0.088379 0.995972 -0.116699 0.046997 0.074585
0.222656 -0.106934 0.994385 -0.140015 0.061401 0.065918
0.203125 -0.127930 0.956543 -0.168335 0.074951 0.060669
0.189819 -0.130981 0.927002 -0.178345 0.071167 0.053101
0.190308 -0.131836 0.945923 -0.175537 0.052002 0.044067
0.205444 -0.122070 0.965088 -0.168457 0.039185 0.027588
0.214722 -0.114624 0.983643 -0.169800 0.041138 0.010620
0.209717 -0.113281 0.976929 -0.192993 0.053955 0.000366
0.198853 -0.125732 0.959717 -0.211426 0.058228 -0.016113
0.194336 -0.139038 0.964844 -0.212524 0.043701 -0.046143
0.212402 -0.135620 0.991333 -0.190430 0.013306 -0.081665
0.223511 -0.125977 1.013306 -0.165894 -0.006104 -0.111572
0.239990 -0.112427 1.036377 -0.149170 -0.015991 -0.132813
0.259033 -0.103394 1.063110 -0.160278 -0.009155 -0.140015
0.259399 -0.088501 1.071655 -0.194336 0.019409 -0.138428
0.250366 -0.086670 1.063232 -0.232056 0.057495 -0.133423
0.231445 -0.108154 1.051147 -0.270264 0.089233 -0.138672
0.223022 -0.110962 1.053955 -0.290527 0.109253 -0.151733
0.221069 -0.105347 1.066162 -0.298218 0.124023 -0.179932
0.200073 -0.111084 1.065308 -0.297485 0.137939 -0.222168
0.183228 -0.118896 1.061401 -0.282471 0.152588 -0.257446
0.167236 -0.124512 1.068115 -0.254639 0.165161 -0.283813
0.139160 -0.133423 1.064087 -0.280884 0.184692 -0.295410
0.114136 -0.139038 1.055054 -0.319458 0.191406 -0.299683
0.095459 -0.158447 1.060181 -0.364258 0.187012 -0.309204
0.082520 -0.166260 1.067993 -0.399658 0.177979 -0.325562
0.069214 -0.164917 1.083130 -0.374634 0.165283 -0.346924
0.047729 -0.178345 1.084961 -0.298706 0.161011 -0.367432
0.040527 -0.172852 1.100830 -0.232910 0.146606 -0.379272
0.037476 -0.179077 1.127808 -0.201782 0.134155 -0.383911
0.035400 -0.192261 1.139404 -0.204224 0.131470 -0.380615
0.035278 -0.184937 1.141235 -0.206055 0.139893 -0.372192
0.035645 -0.163940 1.127808 -0.209961 0.152466 -0.368652
0.027100 -0.178589 1.099365 -0.219116 0.165894 -0.365845
-0.006104 -0.249878 1.058472 -0.202271 0.166992 -0.354614
-0.015869 -0.296265 1.058228 -0.162354 0.137207 -0.337769
-0.022461 -0.301025 1.069336 -0.134277 0.089844 -0.313599
0.001953 -0.295166 1.108398 -0.103882 0.047974 -0.296387
0.027100 -0.301636 1.153687 -0.086060 0.041748 -0.283081
0.028198 -0.307739 1.166870 -0.111328 0.071289 -0.264771
0.010132 -0.324829 1.127930 -0.145752 0.112305 -0.241211
-0.022583 -0.343506 1.071655 -0.187378 0.146729 -0.213135
-0.083252 -0.386719 0.982178 -0.188965 0.136963 -0.190430
-0.107422 -0.386475 0.929077 -0.104370 0.063354 -0.196045
-0.089844 -0.347656 0.923340 0.031494 -0.049072 -0.231934
-0.038086 -0.293823 0.979248 0.157349 -0.139893 -0.261353
0.041504 -0.255371 1.059448 0.191284 -0.176025 -0.272583
0.089111 -0.221924 1.110352 0.134521 -0.140991 -0.268555
0.082764 -0.228516 1.087036 0.055664 -0.057129 -0.252319
0.054321 -0.255127 1.051147 -0.041138 0.014893 -0.239380
0.033936 -0.310913 1.022095 -0.096802 0.058228 -0.224609
0.001221 -0.364014 0.994629 -0.125000 0.085693 -0.204712
-0.037231 -0.412476 0.945435 -0.109741 0.069092 -0.195557
-0.053589 -0.419678 0.917480 -0.038086 0.006104 -0.204834
-0.039307 -0.411011 0.930664 0.065918 -0.075806 -0.230591
0.001587 -0.388062 0.977783 0.138672 -0.133057 -0.248901
0.010376 -0.344360 1.038086 0.153198 -0.128296 -0.241699
0.072021 -0.388550 1.047119 0.137573 -0.070557 -0.166626
0.050049 -0.391846 1.019653 0.015747 0.000366 -0.147339
0.029663 -0.431274 1.004883 -0.072144 0.044800 -0.116089
0.002808 -0.489136 0.970337 -0.092896 0.057251 -0.090088
-0.022949 -0.534912 0.945435 -0.085083 0.031494 -0.071045
-0.023804 -0.546631 0.937988 -0.038452 -0.019043 -0.057983
-0.019287 -0.558350 0.952637 0.019531 -0.077271 -0.049316
0.000366 -0.532715 0.980347 0.078613 -0.124390 -0.035034
0.057739 -0.518066 1.031616 0.103638 -0.135254 -0.002197
0.063599 -0.509521 1.044312 0.051025 -0.111328 0.030151
0.050293 -0.511353 1.018677 0.011963 -0.076538 0.069580
0.024170 -0.517090 0.972412 0.014282 -0.060303 0.087524
0.000366 -0.553101 0.937744 0.064453 -0.073486 0.087524
0.007935 -0.578735 0.946411 0.122437 -0.114868 0.087402
0.044678 -0.581421 1.006714 0.147461 -0.143188 0.095459
0.076782 -0.575317 1.025146 0.135986 -0.158081 0.123047
0.095337 -0.568481 1.045532 0.129517 -0.138916 0.159668
0.098389 -0.550049 1.007446 0.072266 -0.127563 0.202026
0.113037 -0.540527 0.990601 0.090820 -0.125122 0.229126
0.123169 -0.520996 0.995117 0.095337 -0.135376 0.234375
0.128540 -0.500122 0.973145 0.128540 -0.137817 0.235352
0.124634 -0.490234 0.953247 0.139282 -0.147705 0.233643
0.129639 -0.469482 0.930786 0.164063 -0.158936 0.233521
0.138672 -0.428955 0.911133 0.184326 -0.169922 0.233521
0.148804 -0.395142 0.892944 0.188843 -0.182617 0.236694
0.166260 -0.368896 0.889404 0.193726 -0.197266 0.242065
0.190918 -0.342407 0.912842 0.193237 -0.208374 0.249878
0.228516 -0.310425 0.929688 0.182617 -0.207886 0.255127
0.257080 -0.279541 0.941162 0.146118 -0.192627 0.261719
0.276978 -0.262695 0.951538 0.116821 -0.167603 0.265869
0.285156 -0.248901 0.948486 0.089600 -0.152222 0.252441
0.288452 -0.252563 0.950439 0.084106 -0.141968 0.229248
0.291138 -0.262085 0.958740 0.094604 -0.141968 0.206177
0.299438 -0.265991 0.977051 0.090088 -0.140137 0.191650
