0.055176 -0.216553 1.005371 -0.015869 -0.069824 -0.071533
0.061157 -0.202148 1.012695 -0.030640 -0.068848 -0.068848
0.065063 -0.201416 1.019409 -0.048950 -0.055054 -0.054688
0.074951 -0.197144 1.044434 -0.080566 -0.034302 -0.040527
0.074951 -0.198853 1.036865 -0.123535 -0.002197 -0.028442
0.057251 -0.201538 1.010986 -0.160156 0.019043 -0.036621
0.029785 -0.232300 0.988647 -0.163574 0.019531 -0.054077
0.004272 -0.260620 0.969849 -0.100952 -0.010986 -0.078125
-0.002197 -0.276367 0.976440 -0.023804 -0.066895 -0.108765
-0.003296 -0.301025 0.998169 0.025146 -0.117676 -0.128174
0.000488 -0.314819 1.046631 0.074829 -0.128784 -0.129150
0.016846 -0.301636 1.066162 0.098145 -0.113770 -0.104370
0.011475 -0.308350 1.059692 0.028198 -0.083618 -0.083618
-0.011719 -0.355469 1.069946 -0.045776 -0.045044 -0.062988
-0.027100 -0.385132 1.083008 -0.068237 -0.019531 -0.044556
-0.059082 -0.443970 1.092285 -0.071899 -0.002441 -0.024536
-0.094971 -0.505249 1.095093 -0.048950 0.005249 0.000122
-0.118652 -0.543579 1.084351 -0.022705 -0.004150 0.030029
-0.119751 -0.553345 1.083252 0.001587 -0.030518 0.059814
-0.109131 -0.542725 1.089600 0.036133 -0.058594 0.084229
-0.086060 -0.531006 1.108276 0.080078 -0.070313 0.104614
-0.079346 -0.520020 1.096924 0.121948 -0.068604 0.120850
-0.081177 -0.510864 1.074951 0.144775 -0.068726 0.139282
-0.068359 -0.492065 1.069458 0.154053 -0.066284 0.165894
-0.049194 -0.467285 1.057129 0.146606 -0.054565 0.197510
-0.036621 -0.452637 1.052979 0.129761 -0.046387 0.227295
-0.028198 -0.459473 1.054443 0.109253 -0.035645 0.249268
-0.021973 -0.468750 1.062988 0.093140 -0.017944 0.265625
-0.036499 -0.505371 1.063843 0.081909 -0.005981 0.285034
-0.038452 -0.499146 1.029419 0.149048 -0.018799 0.307251
-0.023071 -0.483765 1.022339 0.206665 -0.036743 0.337646
-0.012939 -0.447754 0.994019 0.243408 -0.053955 0.372559
0.024902 -0.398071 0.980225 0.280396 -0.067017 0.403320
0.075928 -0.331421 0.987793 0.277344 -0.076538 0.423218
0.109619 -0.301147 0.991699 0.236938 -0.066895 0.437500
0.156006 -0.250854 1.010864 0.179565 -0.044434 0.436646
0.181396 -0.220215 0.995361 0.103882 -0.014648 0.427124
0.194946 -0.188232 0.993896 0.043335 0.008667 0.408081
0.179565 -0.197144 0.965088 0.010742 0.016968 0.374634
0.157349 -0.218262 0.935303 0.010986 0.001343 0.337646
0.157227 -0.215454 0.933472 0.029053 -0.023071 0.322998
0.152588 -0.218262 0.927246 0.022583 -0.034546 0.337036
0.168823 -0.170898 0.910767 0.011719 -0.038452 0.359131
0.184570 -0.122559 0.884644 0.004395 -0.035400 0.366089
0.199829 -0.090698 0.898926 -0.023926 -0.044556 0.348999
0.213257 -0.075928 0.912231 -0.051392 -0.049927 0.324463
0.205811 -0.081177 0.905518 -0.060791 -0.049561 0.299316
0.222412 -0.065063 0.924561 -0.064209 -0.056641 0.272217
0.226440 -0.065308 0.942505 -0.082520 -0.042847 0.244263
0.228516 -0.073242 0.940796 -0.118286 -0.018311 0.224731
0.210815 -0.091309 0.942871 -0.161743 -0.000610 0.197998
0.173706 -0.138550 0.923828 -0.183350 -0.002197 0.170410
0.155640 -0.160522 0.938477 -0.158447 -0.027222 0.159058
0.160034 -0.169067 0.983276 -0.105469 -0.057495 0.159302
0.184937 -0.130249 1.012329 -0.038330 -0.079468 0.155396
0.212280 -0.088013 1.031860 -0.013062 -0.075439 0.150024
0.228760 -0.039185 1.035889 -0.020264 -0.050415 0.133423
0.234619 -0.000244 1.006470 -0.039795 -0.003784 0.112671
0.221802 0.015381 0.972046 -0.100708 0.048462 0.085693
0.190552 -0.010864 0.949707 -0.181519 0.086426 0.050659
0.154297 -0.067017 0.956421 -0.240234 0.100464 0.007202
0.121704 -0.112061 0.972900 -0.246338 0.084106 -0.030029
0.102661 -0.151489 1.005981 -0.201660 0.057739 -0.043457
0.120605 -0.143188 1.067749 -0.162109 0.026855 -0.043945
0.149292 -0.104126 1.101074 -0.129883 0.019653 -0.039063
0.170166 -0.057739 1.132446 -0.109375 0.042603 -0.042725
0.166504 -0.028931 1.107910 -0.101807 0.080322 -0.054199
0.151978 -0.003540 1.069092 -0.098877 0.112671 -0.076172
0.143799 0.002808 1.052490 -0.115356 0.129639 -0.101685
0.144775 0.007202 1.061768 -0.134521 0.135986 -0.130005
0.138794 0.009399 1.057373 -0.157471 0.143677 -0.163574
0.108887 -0.019531 1.043457 -0.177246 0.153076 -0.195435
0.084961 -0.068237 1.051147 -0.176636 0.138428 -0.226440
0.076050 -0.095215 1.087402 -0.152832 0.111450 -0.248169
0.056519 -0.105469 1.085571 -0.122070 0.101318 -0.253296
0.056641 -0.081665 1.071167 -0.094727 0.096069 -0.250366
0.064331 -0.046387 1.053955 -0.086548 0.082764 -0.262695
0.070313 -0.013672 1.044434 -0.078125 0.071045 -0.288574
0.072510 -0.016479 1.069092 -0.062622 0.073853 -0.318970
0.065186 -0.036377 1.095337 -0.064087 0.096802 -0.342651
0.043945 -0.057129 1.096069 -0.102417 0.132446 -0.359497
0.011230 -0.097900 1.079346 -0.137329 0.170776 -0.367188
-0.008179 -0.128418 1.064819 -0.139771 0.189331 -0.367432
-0.044434 -0.191895 1.056030 -0.133057 0.181274 -0.362305
-0.066528 -0.223267 1.057739 -0.090454 0.145630 -0.353149
-0.049927 -0.223877 1.081421 -0.033081 0.099854 -0.353394
-0.041138 -0.237305 1.120117 0.027100 0.068604 -0.377075
-0.048706 -0.233032 1.153076 0.065186 0.069702 -0.402466
-0.084839 -0.257324 1.134888 0.040527 0.099976 -0.400879
-0.107788 -0.268555 1.127075 -0.021484 0.130859 -0.376099
-0.118286 -0.269409 1.116577 -0.085083 0.155151 -0.335938
-0.135620 -0.277222 1.097046 -0.144775 0.167603 -0.298828
-0.151001 -0.279663 1.054810 -0.168091 0.146240 -0.271851
-0.131226 -0.234497 1.050659 -0.120117 0.086426 -0.262695
-0.091064 -0.176025 1.067505 -0.062256 0.026123 -0.270508
-0.054077 -0.128784 1.108032 -0.028076 0.001343 -0.278320
-0.045654 -0.103027 1.119995 -0.057983 0.037476 -0.273560
-0.066772 -0.094360 1.076782 -0.165161 0.103271 -0.253662
-0.099365 -0.125000 1.010010 -0.271484 0.147217 -0.234375
-0.133545 -0.179810 0.965942 -0.313965 0.140381 -0.226563
-0.181274 -0.256592 0.916992 -0.283569 0.087524 -0.220215
-0.197388 -0.321899 0.909302 -0.178345 -0.007690 -0.206909
-0.166016 -0.328003 0.953613 -0.053345 -0.112549 -0.190918
-0.108643 -0.302734 1.027588 0.008789 -0.167480 -0.157959
-0.050415 -0.265503 1.119385 -0.053589 -0.149048 -0.119385
-0.027222 -0.219971 1.140015 -0.204346 -0.071289 -0.081055
-0.044556 -0.217041 1.088501 -0.347168 0.019043 -0.052612
-0.068604 -0.230347 1.030029 -0.434814 0.063232 -0.046753
-0.104858 -0.287354 0.973999 -0.409912 0.055420 -0.062134
-0.130737 -0.359131 0.946167 -0.254883 -0.006958 -0.099731
-0.149780 -0.412476 0.938477 -0.053955 -0.117310 -0.148926
-0.117798 -0.436279 1.004395 0.143433 -0.243408 -0.173950
-0.056030 -0.414063 1.076538 0.274780 -0.294067 -0.145386
-0.012939 -0.385254 1.121826 0.223511 -0.220825 -0.076904
-0.038940 -0.406982 1.087524 0.004883 -0.090454 -0.000610
-0.067505 -0.411377 1.044556 -0.175415 0.008911 0.066528
-0.092163 -0.423828 0.998901 -0.261963 0.053223 0.112549
-0.116699 -0.450928 0.955322 -0.261719 0.044189 0.125366
-0.134399 -0.475220 0.935547 -0.165405 -0.024048 0.093384
-0.112793 -0.499512 0.978638 0.004761 -0.128296 0.040894
-0.064575 -0.483398 1.043701 0.154663 -0.212036 -0.013306
-0.067383 -0.485962 1.036865 0.218018 -0.229980 -0.036865
-0.075562 -0.501343 1.011108 0.235596 -0.206177 -0.012085
-0.073120 -0.491089 0.984985 0.205933 -0.171387 0.036499
-0.085938 -0.491821 0.952515 0.145874 -0.134766 0.088623
-0.074829 -0.500610 0.947388 0.101807 -0.121460 0.133423
-0.046631 -0.485962 0.973022 0.071899 -0.124634 0.166870
-0.039063 -0.480347 0.980103 0.055542 -0.130859 0.172607
-0.044434 -0.489624 0.967041 0.064331 -0.144409 0.161621
-0.037598 -0.478027 0.964966 0.106201 -0.160767 0.159424
-0.023315 -0.460815 0.984131 0.128296 -0.159302 0.177979
0.003418 -0.432129 0.965942 0.115723 -0.145996 0.208252
0.017456 -0.400146 0.947754 0.076538 -0.131714 0.227417
0.032104 -0.395752 0.953857 0.085083 -0.125732 0.228027
0.050537 -0.389404 0.966553 0.108887 -0.130371 0.218628
0.058228 -0.395508 0.973633 0.095215 -0.135254 0.210205
0.067627 -0.395142 0.977783 0.077637 -0.133423 0.208618
0.075195 -0.387085 0.967163 0.072144 -0.125122 0.210571
0.081177 -0.370728 0.959961 0.064819 -0.112305 0.216064
0.084229 -0.361816 0.950562 0.049316 -0.102661 0.217285
0.094238 -0.357788 0.953003 0.051270 -0.099365 0.215454
0.107056 -0.344116 0.965820 0.060059 -0.101929 0.212280
0.111328 -0.332886 0.970703 0.047729 -0.103638 0.208252
0.111694 -0.330688 0.974365 0.053223 -0.100342 0.203125
0.127319 -0.319458 0.982788 0.068115 -0.085571 0.202271
0.133423 -0.312866 0.988037 0.031982 -0.054077 0.204102
0.117432 -0.316772 0.953369 -0.002075 -0.025269 0.207153
0.111694 -0.320068 0.953735 0.001831 -0.018799 0.208374
0.127808 -0.303101 0.974365 0.017456 -0.026978 0.209106
0.137695 -0.286011 0.996704 0.020508 -0.026855 0.211304
