-0.026123 -0.316284 1.034058 -0.073975 -0.032471 -0.046753
-0.028564 -0.310059 1.023071 -0.065430 -0.016479 -0.057373
-0.046753 -0.324341 1.005127 -0.070923 -0.004272 -0.067017
-0.053589 -0.320557 0.991699 -0.055542 -0.002563 -0.073242
-0.059326 -0.309814 0.976685 -0.072144 -0.011108 -0.078857
-0.078491 -0.327271 0.962158 -0.090820 -0.017700 -0.082886
-0.084473 -0.345581 0.972046 -0.077515 -0.032104 -0.080200
-0.077881 -0.356934 0.989868 -0.071777 -0.045288 -0.065430
-0.055054 -0.334839 1.016602 -0.068848 -0.046021 -0.047974
-0.040039 -0.316284 1.020264 -0.081543 -0.036743 -0.045166
-0.049927 -0.314209 0.999756 -0.093018 -0.019287 -0.053101
-0.068359 -0.330322 0.968384 -0.089600 -0.005737 -0.061157
-0.081299 -0.333862 0.952515 -0.091309 -0.008057 -0.068359
-0.090454 -0.344727 0.942871 -0.089111 -0.022705 -0.077637
-0.091675 -0.353149 0.937866 -0.085083 -0.045898 -0.092407
-0.090576 -0.361694 0.942261 -0.095459 -0.066284 -0.105591
-0.100342 -0.398804 0.950439 -0.113647 -0.078247 -0.112671
-0.103027 -0.413574 0.953247 -0.100220 -0.092163 -0.117798
-0.094971 -0.411499 0.962402 -0.093018 -0.100952 -0.120239
-0.082642 -0.405640 0.976074 -0.097778 -0.102173 -0.124756
-0.080933 -0.423462 0.989136 -0.094116 -0.098511 -0.131226
-0.102417 -0.463867 0.992188 -0.078369 -0.084839 -0.126465
-0.134155 -0.513550 0.984985 -0.042480 -0.070313 -0.099854
-0.145630 -0.519287 0.964355 0.004761 -0.069580 -0.066772
-0.141479 -0.509155 0.960571 0.047729 -0.080811 -0.039795
-0.134155 -0.507690 0.970581 0.075195 -0.097412 -0.028320
-0.110962 -0.500488 0.994873 0.094727 -0.113525 -0.029907
-0.111938 -0.505737 1.010986 0.105103 -0.114380 -0.030518
-0.119141 -0.522339 1.014282 0.111694 -0.100098 -0.015869
-0.120483 -0.522949 1.013062 0.103760 -0.084106 0.011719
-0.134155 -0.536377 0.995850 0.085083 -0.068359 0.043335
-0.137817 -0.545410 0.989380 0.088257 -0.062012 0.070190
-0.144287 -0.555786 0.991089 0.110474 -0.067871 0.095093
-0.140137 -0.562256 1.007446 0.146729 -0.083130 0.113037
-0.138672 -0.561768 0.987793 0.179688 -0.093018 0.128784
-0.131592 -0.548218 0.979492 0.207764 -0.112671 0.146484
-0.111450 -0.529907 1.006226 0.224365 -0.137207 0.164185
-0.092041 -0.523560 1.015991 0.195068 -0.139526 0.184692
-0.070313 -0.523193 1.062866 0.171021 -0.118164 0.206543
-0.042480 -0.498535 1.066406 0.198364 -0.070557 0.235840
-0.046753 -0.504150 1.056030 0.089600 -0.010498 0.255005
-0.077271 -0.525879 1.015991 -0.025024 0.034790 0.286865
-0.093018 -0.523926 0.973755 0.010254 0.050171 0.325928
-0.096802 -0.509033 0.935425 0.038330 0.010620 0.344727
-0.090698 -0.501221 0.953369 0.098389 -0.063354 0.341309
-0.072876 -0.483276 0.947266 0.188110 -0.136841 0.341553
-0.041138 -0.451660 0.954468 0.257813 -0.193848 0.352905
0.012573 -0.381470 0.968750 0.290894 -0.209839 0.374756
0.038940 -0.326782 0.976318 0.252075 -0.178955 0.400757
0.022949 -0.323853 0.925659 0.156128 -0.117798 0.425293
0.001099 -0.348633 0.894409 0.089844 -0.069946 0.446411
-0.008545 -0.349609 0.867432 0.045410 -0.060791 0.468140
0.002441 -0.344971 0.895996 0.032227 -0.088623 0.481201
0.026123 -0.328613 0.898315 0.052124 -0.130615 0.478882
0.042236 -0.306274 0.895630 0.082275 -0.171143 0.466309
0.065552 -0.296143 0.927368 0.114990 -0.212646 0.452148
0.124023 -0.226074 0.974976 0.147461 -0.233398 0.453125
0.148560 -0.185547 0.979492 0.112915 -0.208984 0.459839
0.169556 -0.141968 0.982788 0.064331 -0.178345 0.449829
0.186890 -0.102783 0.983154 0.011108 -0.159302 0.421753
0.178345 -0.109253 0.978516 -0.025757 -0.146484 0.385864
0.183105 -0.117310 0.993896 -0.026123 -0.143677 0.353027
0.184082 -0.130615 1.021362 -0.031860 -0.140991 0.327148
0.185791 -0.131592 1.042236 -0.044800 -0.136475 0.301147
0.190674 -0.120850 1.036133 -0.016602 -0.127197 0.275757
0.195190 -0.114868 1.047852 0.007813 -0.113403 0.250732
0.186890 -0.117798 1.034546 -0.005005 -0.093140 0.229370
0.182617 -0.104614 1.004028 -0.008545 -0.070313 0.210449
0.169189 -0.088135 0.981079 -0.038696 -0.047363 0.186157
0.152954 -0.094727 0.949829 -0.082886 -0.034424 0.152100
0.155762 -0.104004 0.981812 -0.100098 -0.036621 0.106689
0.142212 -0.142334 1.024170 -0.143188 -0.020874 0.070068
0.113647 -0.177856 1.036255 -0.188232 0.009521 0.059448
0.095459 -0.187500 1.023315 -0.222290 0.030396 0.062988
0.086670 -0.202637 1.033813 -0.239502 0.041504 0.060303
0.083740 -0.199097 1.040894 -0.209351 0.040039 0.047119
0.090454 -0.170898 1.046753 -0.158813 0.025757 0.026001
0.107300 -0.132446 1.037354 -0.112427 0.029541 0.002686
0.093384 -0.112427 0.986938 -0.099731 0.052612 -0.028198
0.080078 -0.095459 0.940918 -0.102661 0.064453 -0.067139
0.077881 -0.081177 0.931519 -0.106689 0.054810 -0.121582
0.069580 -0.093506 0.932739 -0.122559 0.042847 -0.186401
0.047485 -0.138672 0.960327 -0.175171 0.017334 -0.243164
0.056030 -0.144775 1.017090 -0.130493 -0.008423 -0.272217
0.075439 -0.128662 1.040039 -0.099731 -0.011719 -0.272827
0.088745 -0.101074 1.050781 -0.127808 0.012207 -0.268433
0.093262 -0.082153 1.028076 -0.167847 0.044556 -0.269043
0.093628 -0.066162 1.012939 -0.199951 0.078125 -0.282715
0.082275 -0.061523 0.992432 -0.207397 0.105713 -0.312256
0.064697 -0.077271 1.004150 -0.236938 0.111938 -0.354492
0.062134 -0.094727 1.045532 -0.278320 0.100830 -0.399902
0.049927 -0.121460 1.087158 -0.286499 0.096313 -0.440308
0.040649 -0.154663 1.123169 -0.276367 0.097046 -0.462524
0.033936 -0.170166 1.133545 -0.246948 0.100342 -0.468872
0.031982 -0.174561 1.146606 -0.190063 0.108643 -0.464478
0.024292 -0.188477 1.133423 -0.145020 0.122192 -0.462402
0.010620 -0.202637 1.124512 -0.110474 0.129395 -0.467529
-0.010620 -0.229614 1.120850 -0.110596 0.131470 -0.463989
-0.011475 -0.241333 1.136353 -0.142090 0.139404 -0.452515
-0.031494 -0.268799 1.145142 -0.168335 0.168457 -0.436768
-0.049805 -0.302612 1.134277 -0.176147 0.202637 -0.411011
-0.078735 -0.321899 1.105347 -0.188232 0.221924 -0.376587
-0.084839 -0.340332 1.073853 -0.195557 0.223267 -0.337158
-0.107788 -0.345581 1.067505 -0.222900 0.210327 -0.311890
-0.099854 -0.318970 1.080933 -0.090942 0.188477 -0.315796
-0.111206 -0.321777 1.071411 -0.044556 0.139526 -0.316040
-0.116333 -0.321167 1.076172 0.040039 0.120972 -0.308838
-0.116089 -0.330078 1.072876 0.036133 0.114014 -0.284546
-0.130005 -0.335815 1.076172 -0.026489 0.115479 -0.262329
-0.143555 -0.327881 1.061035 -0.058838 0.125977 -0.241943
-0.163574 -0.329102 1.020508 -0.073364 0.125488 -0.225464
-0.195313 -0.356445 0.971313 -0.043701 0.108154 -0.208618
-0.216553 -0.375122 0.937866 0.022095 0.062134 -0.196167
-0.228149 -0.400879 0.920654 0.100708 -0.005737 -0.180298
-0.210205 -0.393188 0.943237 0.164917 -0.059937 -0.148926
-0.176758 -0.387939 0.994751 0.146729 -0.065552 -0.089966
-0.154297 -0.386475 1.028687 0.034668 -0.017090 -0.011719
-0.131836 -0.352173 1.029297 -0.135010 0.060425 0.063843
-0.130615 -0.320068 0.980225 -0.283936 0.139038 0.119019
-0.145508 -0.320801 0.916626 -0.380127 0.183350 0.133545
-0.181519 -0.356934 0.881470 -0.355347 0.170288 0.102783
-0.211670 -0.422363 0.877930 -0.253540 0.099243 0.045044
-0.226929 -0.471191 0.886597 -0.115112 -0.016479 -0.016602
-0.195801 -0.495117 0.943237 0.035522 -0.141479 -0.059326
-0.140381 -0.472534 1.006592 0.149414 -0.215088 -0.069824
-0.119629 -0.489014 1.062622 0.164917 -0.192383 -0.036011
-0.102295 -0.481323 1.079590 0.076294 -0.113159 0.028320
-0.092041 -0.453125 1.075806 -0.059814 -0.012573 0.102661
-0.087280 -0.430176 1.042114 -0.203003 0.084473 0.163086
-0.098267 -0.449219 1.001831 -0.307373 0.141602 0.180542
-0.120605 -0.483643 0.987061 -0.324951 0.130737 0.139893
-0.162354 -0.544556 0.945313 -0.229126 0.061768 0.067383
-0.191162 -0.601074 0.936523 -0.036255 -0.050049 -0.006226
-0.179688 -0.607178 0.951538 0.167603 -0.159790 -0.048218
-0.153564 -0.597656 0.994141 0.257813 -0.221802 -0.043213
-0.134644 -0.565918 1.008789 0.253540 -0.222046 0.000854
-0.126099 -0.540771 0.995850 0.191895 -0.176270 0.075928
-0.107666 -0.495972 0.980347 0.119507 -0.119507 0.153442
-0.077515 -0.457520 1.011719 0.030029 -0.072510 0.200806
-0.062988 -0.425659 1.001953 0.005249 -0.047241 0.198975
-0.067871 -0.404907 0.957397 0.053101 -0.049805 0.162476
-0.090698 -0.407593 0.911621 0.106201 -0.077393 0.114258
-0.098999 -0.422363 0.895752 0.133789 -0.119385 0.084229
-0.095459 -0.431152 0.910767 0.146606 -0.152100 0.077759
-0.092529 -0.454712 0.938477 0.142700 -0.162109 0.093506
-0.085571 -0.468262 0.959595 0.128296 -0.155518 0.125244
-0.060669 -0.448608 0.958618 0.111694 -0.137695 0.161499
-0.043213 -0.415039 0.951538 0.073242 -0.114990 0.186401
-0.045166 -0.403320 0.935791 0.041626 -0.094482 0.195313
-0.056641 -0.403687 0.917114 0.045654 -0.084595 0.189087
