-0.064697 -0.287231 1.042480 0.012207 -0.078735 -0.035156
-0.041626 -0.262695 1.055054 -0.015015 -0.063843 -0.033325
-0.036499 -0.259399 1.033936 -0.036743 -0.040527 -0.041138
-0.049683 -0.270264 1.012451 -0.036133 -0.025269 -0.052246
-0.054810 -0.276123 1.010620 -0.033447 -0.025757 -0.059570
-0.046265 -0.263672 1.015869 -0.026733 -0.031494 -0.064453
-0.045654 -0.255127 1.014282 -0.034546 -0.034668 -0.069702
-0.052002 -0.260132 0.991577 -0.046387 -0.036987 -0.071167
-0.051758 -0.255981 0.975098 -0.055908 -0.051147 -0.074951
-0.046021 -0.248535 0.979126 -0.059082 -0.069824 -0.078735
-0.038208 -0.254395 0.989990 -0.058228 -0.078491 -0.087036
-0.030762 -0.255249 0.997192 -0.072388 -0.071533 -0.098145
-0.053467 -0.283081 0.978394 -0.096191 -0.054932 -0.108887
-0.071777 -0.309326 0.962036 -0.104858 -0.051147 -0.120605
-0.079224 -0.325806 0.962158 -0.113403 -0.060791 -0.130249
-0.098389 -0.373413 0.963623 -0.117432 -0.077393 -0.133057
-0.105591 -0.396362 0.965088 -0.096558 -0.097900 -0.123169
-0.101807 -0.414307 0.973877 -0.082764 -0.111450 -0.104614
-0.095581 -0.421387 0.996338 -0.060791 -0.117188 -0.090210
-0.102051 -0.425781 0.989868 -0.023682 -0.115601 -0.080200
-0.119385 -0.443237 0.980225 0.013428 -0.116455 -0.074829
-0.124268 -0.460083 0.974854 0.043701 -0.129028 -0.069824
-0.123047 -0.478882 0.991211 0.068115 -0.145874 -0.067383
-0.119263 -0.495117 1.019043 0.087402 -0.159058 -0.067749
-0.110962 -0.513428 1.047607 0.110840 -0.152222 -0.057861
-0.115112 -0.557983 1.062866 0.101685 -0.124268 -0.031128
-0.134277 -0.578613 1.061279 0.063477 -0.084351 0.010132
-0.162720 -0.610596 1.034790 0.025513 -0.053711 0.063477
-0.158081 -0.608398 1.018311 0.039429 -0.052246 0.118164
-0.138306 -0.587891 1.034668 0.077393 -0.061890 0.159424
-0.118042 -0.560913 1.046265 0.106934 -0.063354 0.186279
-0.111938 -0.537354 1.046265 0.119141 -0.047974 0.204102
-0.125610 -0.531982 1.010620 0.122070 -0.034546 0.213745
-0.121094 -0.512573 0.999390 0.135986 -0.045166 0.222168
-0.124023 -0.512451 0.998901 0.132935 -0.063232 0.230103
-0.115234 -0.508667 1.004639 0.162720 -0.077637 0.247314
-0.091797 -0.496216 1.036133 0.170654 -0.090454 0.271362
-0.090820 -0.492920 1.046631 0.139893 -0.082031 0.301758
-0.077637 -0.474976 1.045410 0.139771 -0.054565 0.346313
-0.060303 -0.435059 1.034912 0.118042 -0.031616 0.388672
-0.050537 -0.398438 1.002563 0.078491 -0.025757 0.414917
-0.047485 -0.369385 0.966797 0.106201 -0.035645 0.422119
-0.013550 -0.327515 0.968262 0.150635 -0.063477 0.412231
0.011108 -0.299561 0.965698 0.159180 -0.072998 0.393677
0.012207 -0.271851 0.937256 0.156250 -0.044800 0.374756
0.012451 -0.242676 0.870483 0.111694 -0.004639 0.365601
-0.001709 -0.239868 0.799316 0.021973 0.030029 0.347046
-0.025757 -0.259277 0.752319 -0.043823 0.027466 0.321533
-0.018555 -0.278809 0.778198 -0.041138 -0.011353 0.306152
-0.003296 -0.302856 0.817627 -0.015991 -0.074829 0.293335
0.024536 -0.310425 0.890381 0.016479 -0.138184 0.296143
0.067749 -0.292969 0.974243 0.037354 -0.179443 0.310303
0.104858 -0.264404 1.025269 0.036011 -0.197266 0.334473
0.152100 -0.215820 1.079590 0.026001 -0.192871 0.363037
0.194092 -0.156494 1.119873 -0.010254 -0.156128 0.376465
0.202881 -0.129517 1.100342 -0.057983 -0.097290 0.385498
0.203613 -0.103638 1.072266 -0.097412 -0.056763 0.380615
0.189331 -0.112793 1.062256 -0.145386 -0.036987 0.361084
0.202148 -0.099854 1.053711 -0.116577 -0.021729 0.339722
0.172119 -0.118286 1.039429 -0.129639 -0.001221 0.310303
0.132446 -0.149780 0.986938 -0.138916 0.012451 0.284668
0.124512 -0.138550 0.964111 -0.096558 -0.001099 0.265747
0.120239 -0.124268 0.947266 -0.092163 -0.014404 0.248657
0.133545 -0.105103 0.950928 -0.075317 -0.022705 0.224731
0.136719 -0.100098 0.975952 -0.060669 -0.029907 0.184570
0.121826 -0.105347 0.978271 -0.055908 -0.031860 0.141968
0.099365 -0.130127 0.986816 -0.051636 -0.041992 0.107300
0.106934 -0.148682 1.038086 -0.038940 -0.058960 0.088013
0.105713 -0.150024 1.074829 -0.048584 -0.050781 0.082153
0.099854 -0.150146 1.063477 -0.078247 -0.022827 0.084595
0.096436 -0.119629 1.059204 -0.102417 0.002930 0.076172
0.098022 -0.098389 1.032227 -0.125000 0.032471 0.058350
0.072998 -0.116821 1.009033 -0.159546 0.048584 0.031860
0.047974 -0.133667 0.980591 -0.164307 0.053955 0.003540
0.044800 -0.139160 0.973877 -0.086792 0.043701 -0.022339
0.062988 -0.131958 1.009644 -0.036499 0.023315 -0.049316
0.066284 -0.138794 1.038818 -0.029175 0.017944 -0.078369
0.067627 -0.133789 1.046753 -0.038940 0.017700 -0.104614
0.060425 -0.124268 1.051514 -0.067383 0.024902 -0.130371
0.051758 -0.118164 1.039429 -0.102661 0.040283 -0.151855
0.056763 -0.108276 1.057129 -0.094727 0.055298 -0.174683
0.057495 -0.094727 1.065186 -0.072144 0.061157 -0.209229
0.056641 -0.091919 1.075317 -0.051880 0.066162 -0.244873
0.047607 -0.101440 1.090698 -0.039185 0.070313 -0.279175
0.040283 -0.103638 1.111450 -0.035400 0.074097 -0.302979
0.030762 -0.102661 1.120850 -0.036011 0.082642 -0.313354
0.019043 -0.092896 1.108643 -0.030518 0.092529 -0.321533
0.011230 -0.068481 1.105225 -0.024170 0.101318 -0.328613
0.000610 -0.059937 1.112671 -0.045532 0.111694 -0.338623
-0.023071 -0.074707 1.112793 -0.101807 0.125244 -0.348145
-0.043945 -0.084961 1.114624 -0.152954 0.137207 -0.358154
-0.050781 -0.084106 1.128418 -0.179199 0.148438 -0.370850
-0.068726 -0.112915 1.126221 -0.180542 0.159546 -0.382935
-0.105469 -0.153198 1.096924 -0.157227 0.164673 -0.392456
-0.147705 -0.199707 1.071045 -0.120605 0.154175 -0.392456
-0.178833 -0.219238 1.052368 -0.077148 0.125122 -0.382813
-0.186646 -0.221069 1.053101 -0.035767 0.086548 -0.364990
-0.166138 -0.188110 1.058838 0.005005 0.055908 -0.341187
-0.144531 -0.169678 1.074707 -0.006714 0.054932 -0.321655
-0.137085 -0.162964 1.072510 -0.048584 0.069580 -0.309937
-0.139282 -0.165161 1.044189 -0.080444 0.094482 -0.301270
-0.145508 -0.178711 1.013306 -0.109619 0.110596 -0.294556
-0.115845 -0.169678 1.034912 -0.127808 0.110596 -0.294067
-0.118042 -0.183228 1.034790 -0.160156 0.128052 -0.299927
-0.156006 -0.241455 1.007690 -0.176147 0.145386 -0.299561
-0.195435 -0.294434 0.961060 -0.157959 0.121826 -0.297607
-0.215698 -0.336792 0.940796 -0.104370 0.052368 -0.296265
-0.203735 -0.351196 0.967651 -0.024780 -0.029663 -0.292725
-0.174561 -0.346436 1.016724 0.010742 -0.074951 -0.269653
-0.154175 -0.332153 1.027466 -0.033203 -0.066895 -0.227539
-0.158081 -0.344849 1.001465 -0.135864 -0.030029 -0.176514
-0.149658 -0.342407 0.986450 -0.249023 0.002441 -0.135498
-0.149048 -0.356689 0.988647 -0.313721 0.036133 -0.106445
-0.134033 -0.359009 1.000977 -0.300049 0.051514 -0.100220
-0.146484 -0.392822 0.984009 -0.221558 0.051147 -0.114136
-0.187378 -0.447144 0.935547 -0.092407 0.010620 -0.149292
-0.189819 -0.456055 0.919678 0.064087 -0.078979 -0.188477
-0.160889 -0.446167 0.950317 0.149536 -0.161621 -0.202759
-0.136597 -0.432129 0.976318 0.163208 -0.188721 -0.192139
-0.126099 -0.422729 0.983276 0.127075 -0.168335 -0.160278
-0.134155 -0.444458 0.985107 0.055054 -0.125610 -0.117065
-0.132690 -0.447632 0.982056 -0.002686 -0.098877 -0.078125
-0.114624 -0.457642 1.000488 -0.029907 -0.087402 -0.039429
-0.087402 -0.433838 1.034668 -0.046997 -0.071655 -0.008789
-0.083130 -0.423096 1.018066 -0.061890 -0.048462 -0.002319
-0.103882 -0.437622 0.990967 -0.034424 -0.052368 -0.017822
-0.121094 -0.462036 0.968628 0.001465 -0.082764 -0.037231
-0.126709 -0.486816 0.969116 0.029663 -0.118652 -0.045654
-0.123047 -0.493408 0.994873 0.063232 -0.128784 -0.027466
-0.115479 -0.505615 1.007813 0.067261 -0.106201 0.016846
-0.107178 -0.497070 1.003418 0.067261 -0.068115 0.067993
-0.092773 -0.466553 1.001343 0.026611 -0.030762 0.103394
-0.100098 -0.466919 0.986328 -0.010986 -0.011353 0.111328
-0.110474 -0.488281 0.970337 0.005859 -0.026611 0.098633
-0.130859 -0.512695 0.954956 0.066528 -0.066528 0.079590
-0.120850 -0.524658 0.969238 0.145142 -0.111450 0.071777
-0.101318 -0.515991 0.998535 0.183350 -0.141357 0.079468
-0.071899 -0.472290 1.007690 0.174438 -0.137451 0.104492
-0.063354 -0.440430 0.992310 0.124878 -0.108765 0.127930
-0.066895 -0.421265 0.975098 0.093628 -0.083984 0.145264
-0.078857 -0.432007 0.959351 0.080200 -0.072510 0.165405
-0.076782 -0.433228 0.952148 0.079956 -0.079956 0.178711
-0.061035 -0.412109 0.965332 0.099243 -0.100098 0.184204
-0.049316 -0.400146 0.977661 0.118042 -0.115356 0.190918
-0.030396 -0.372559 0.998047 0.118042 -0.120850 0.198975
-0.030640 -0.366699 0.987549 0.106323 -0.114624 0.212036
-0.033936 -0.358276 0.971313 0.097534 -0.112793 0.217529
-0.016602 -0.335327 0.975464 0.103760 -0.121948 0.217163
0.003662 -0.327393 1.007324 0.113892 -0.123169 0.209717
0.014038 -0.319214 1.005859 0.115234 -0.111816 0.203003
