-0.031860 -0.256348 1.091919 -0.197388 0.003296 -0.050537
-0.047852 -0.280396 1.064941 -0.200317 0.029785 -0.069214
-0.074707 -0.311768 1.047974 -0.220093 0.040039 -0.080200
-0.075439 -0.305664 1.035156 -0.216797 0.027710 -0.092285
-0.064209 -0.284424 1.031128 -0.194336 0.021484 -0.094482
-0.053955 -0.263794 1.031372 -0.207153 0.024170 -0.092651
-0.047852 -0.256470 1.033325 -0.249390 0.032227 -0.089844
-0.038086 -0.247192 1.016846 -0.304077 0.033691 -0.097046
-0.045410 -0.263062 1.008179 -0.337158 0.022583 -0.121948
-0.042236 -0.274780 1.015503 -0.302368 -0.001099 -0.155640
-0.035767 -0.284668 1.023926 -0.239502 -0.014038 -0.176025
-0.033813 -0.285889 1.022949 -0.210938 -0.005249 -0.181152
-0.033203 -0.289917 1.014038 -0.210571 0.015625 -0.168213
-0.043213 -0.283691 0.982422 -0.249268 0.035767 -0.156006
-0.074341 -0.326416 0.948853 -0.276123 0.037964 -0.145874
-0.089600 -0.345825 0.947021 -0.223999 0.012817 -0.139893
-0.090088 -0.360107 0.954712 -0.134277 -0.024536 -0.132568
-0.074585 -0.357910 0.977539 -0.042847 -0.067139 -0.135132
-0.055542 -0.353760 1.002563 0.014771 -0.100586 -0.141479
-0.035400 -0.336060 1.014160 0.027100 -0.108765 -0.145386
-0.034790 -0.338257 1.015381 0.013550 -0.094849 -0.138062
-0.038696 -0.335938 1.010498 -0.007690 -0.071777 -0.122925
-0.044434 -0.350464 1.000610 -0.047729 -0.050903 -0.104370
-0.044922 -0.345459 0.994751 -0.081177 -0.039795 -0.090698
-0.041138 -0.344238 0.988525 -0.119995 -0.036743 -0.082031
-0.052002 -0.357910 0.985962 -0.133911 -0.041992 -0.074097
-0.045532 -0.368042 0.988403 -0.111328 -0.055664 -0.063232
-0.021240 -0.348633 1.003418 -0.077637 -0.064941 -0.054688
-0.013550 -0.347290 1.008301 -0.047607 -0.060669 -0.055908
-0.017822 -0.342285 0.995728 -0.021240 -0.056763 -0.063354
-0.020874 -0.340088 0.980591 -0.013794 -0.053223 -0.064941
-0.017456 -0.334717 0.987183 -0.012817 -0.051636 -0.062988
-0.010864 -0.330811 0.999390 -0.016235 -0.044678 -0.057983
-0.010010 -0.328979 0.997314 -0.034668 -0.034546 -0.056641
-0.020264 -0.343262 0.985229 -0.043091 -0.030151 -0.058716
-0.032227 -0.357300 0.981079 -0.036133 -0.038208 -0.060791
-0.041748 -0.376587 0.975342 -0.012817 -0.050415 -0.056763
-0.041626 -0.380737 0.982910 0.018311 -0.066284 -0.052612
-0.046875 -0.389038 0.977783 0.036499 -0.076538 -0.046143
-0.054443 -0.394531 0.979126 0.049561 -0.086304 -0.037598
-0.048340 -0.398071 0.982300 0.049683 -0.096069 -0.025635
-0.043579 -0.414429 0.996704 0.047852 -0.099609 -0.012573
-0.044678 -0.422607 1.013672 0.059570 -0.092651 -0.001953
-0.052124 -0.450928 1.021118 0.050537 -0.068359 0.013428
-0.057129 -0.464233 1.034424 0.018066 -0.035645 0.031860
-0.090088 -0.499878 1.017090 0.000732 -0.010986 0.044556
-0.126953 -0.545532 0.994019 0.027466 -0.014526 0.057373
-0.137451 -0.569458 0.988525 0.072266 -0.044434 0.080078
-0.126709 -0.550049 1.001709 0.119873 -0.078735 0.110840
-0.107910 -0.521729 1.007568 0.172607 -0.108154 0.132446
-0.093140 -0.511108 1.020264 0.222290 -0.135254 0.136963
-0.073242 -0.493408 1.046997 0.260986 -0.143799 0.139160
-0.075073 -0.501587 1.052490 0.250732 -0.117065 0.159424
-0.086060 -0.507813 1.041504 0.204224 -0.073853 0.192505
-0.103394 -0.523193 1.024902 0.142944 -0.035034 0.231689
-0.121704 -0.533447 1.023804 0.085938 -0.014771 0.271362
-0.120117 -0.531128 0.994019 0.090942 -0.011108 0.311279
-0.108887 -0.500977 0.982300 0.114380 -0.024170 0.335327
-0.108154 -0.488159 0.976807 0.113770 -0.049316 0.351807
-0.079956 -0.461426 0.974854 0.144775 -0.078979 0.366211
-0.058228 -0.441650 0.984009 0.154175 -0.098877 0.374390
-0.046509 -0.441895 0.979126 0.143799 -0.108154 0.382324
-0.028198 -0.427246 0.986938 0.144409 -0.111450 0.392822
0.015503 -0.390503 1.000610 0.125977 -0.103394 0.410645
0.047485 -0.356567 1.008301 0.083008 -0.078125 0.425049
0.055908 -0.342773 0.985840 0.031860 -0.037842 0.434448
0.049316 -0.342285 0.964478 -0.005005 -0.004028 0.439697
0.031494 -0.344360 0.917847 -0.018555 0.014038 0.441406
0.018433 -0.335449 0.881592 -0.026611 0.010864 0.445801
0.025757 -0.300171 0.860596 -0.028320 -0.009033 0.445190
0.019409 -0.291748 0.853271 -0.013550 -0.037354 0.429443
0.038452 -0.274902 0.875000 0.010132 -0.079712 0.411743
0.058105 -0.259399 0.906372 0.030396 -0.118286 0.403564
0.099243 -0.218750 0.960938 0.061768 -0.128174 0.407227
0.142212 -0.156006 0.980469 0.050537 -0.110352 0.420166
0.168091 -0.119995 0.995605 -0.006592 -0.074219 0.427246
0.183594 -0.080933 0.994263 -0.074829 -0.039917 0.416748
0.188843 -0.072998 1.007446 -0.140137 -0.004028 0.392944
0.178101 -0.087769 1.010986 -0.169800 0.022339 0.360352
0.154419 -0.107056 1.007935 -0.192261 0.024292 0.320923
0.123047 -0.131104 0.983276 -0.173462 0.000610 0.281006
0.115479 -0.147705 1.002563 -0.115723 -0.056152 0.243164
0.128174 -0.146973 1.040039 -0.020264 -0.111084 0.214966
0.149902 -0.114380 1.072998 0.047852 -0.122437 0.204224
0.161255 -0.081665 1.056519 0.038818 -0.089600 0.205078
0.158691 -0.035645 1.004028 -0.008179 -0.042969 0.195679
0.142090 -0.031982 0.976563 -0.064331 -0.009033 0.166870
0.135620 -0.049927 1.016846 -0.109009 -0.000854 0.125854
0.136353 -0.055054 1.036133 -0.136353 0.001709 0.087158
0.119873 -0.085693 1.043945 -0.153442 0.007935 0.051514
0.104492 -0.116455 1.059448 -0.142212 0.005615 0.020264
0.110718 -0.106323 1.084106 -0.107178 0.006836 0.000122
0.120239 -0.087280 1.067139 -0.062378 0.032227 -0.009399
0.117920 -0.068604 1.050171 -0.032593 0.053833 -0.033447
0.106445 -0.070435 1.038940 -0.031982 0.062378 -0.069702
0.082397 -0.090942 1.020386 -0.038818 0.068115 -0.100830
0.066528 -0.122070 1.036133 -0.025269 0.066040 -0.122070
0.070557 -0.114624 1.052368 0.011353 0.056152 -0.135254
0.073242 -0.105225 1.063721 0.042725 0.044556 -0.147949
0.099243 -0.083374 1.110474 0.051636 0.037231 -0.166504
0.116455 -0.051758 1.153320 0.028931 0.055542 -0.189941
0.085938 -0.053345 1.132813 -0.015259 0.099243 -0.221680
0.044556 -0.054199 1.089233 -0.036255 0.128662 -0.262573
0.012939 -0.055298 1.054443 -0.041260 0.128906 -0.302734
0.001709 -0.072021 1.076904 -0.031616 0.114380 -0.336182
-0.004150 -0.088867 1.103882 -0.023438 0.102173 -0.358032
-0.006470 -0.097046 1.125854 -0.008789 0.101685 -0.373291
-0.016968 -0.103882 1.143921 -0.024292 0.114990 -0.386841
-0.032227 -0.105347 1.129639 -0.064331 0.138550 -0.394287
-0.068481 -0.128540 1.104248 -0.075806 0.171265 -0.392944
-0.096680 -0.137329 1.068604 -0.067261 0.187378 -0.389282
-0.108887 -0.139038 1.040405 -0.053101 0.184204 -0.385742
-0.119873 -0.150269 1.027466 -0.015137 0.168213 -0.389893
-0.129272 -0.153931 1.018799 0.025757 0.140991 -0.396729
-0.136597 -0.177368 1.009521 0.062012 0.113647 -0.394653
-0.104858 -0.152588 1.016113 0.106201 0.093994 -0.382935
-0.063110 -0.114502 1.029175 0.080322 0.093506 -0.379028
-0.054077 -0.095337 1.046875 -0.004395 0.115356 -0.390381
-0.077637 -0.101074 1.024658 -0.074097 0.164185 -0.413208
-0.117798 -0.143555 0.974365 -0.160522 0.220947 -0.436157
-0.173340 -0.205322 0.941895 -0.274048 0.255737 -0.445068
-0.216064 -0.262085 0.919067 -0.365479 0.254883 -0.435181
-0.246826 -0.316040 0.916504 -0.391968 0.206299 -0.415527
-0.257324 -0.360107 0.940674 -0.347900 0.121094 -0.395142
-0.236084 -0.373413 0.985352 -0.235352 0.019775 -0.370483
-0.178467 -0.336914 1.065796 -0.099487 -0.062988 -0.354004
-0.127441 -0.274170 1.110596 -0.011597 -0.084961 -0.340698
-0.118042 -0.250122 1.112427 -0.039917 -0.032349 -0.321655
-0.139282 -0.273926 1.098145 -0.181030 0.053589 -0.285767
-0.177124 -0.313965 1.067017 -0.351318 0.134888 -0.236572
-0.217041 -0.373169 1.036133 -0.479248 0.179565 -0.183472
-0.233276 -0.401001 1.003662 -0.529785 0.172485 -0.135742
-0.240356 -0.430664 0.986328 -0.508179 0.123291 -0.108398
-0.254883 -0.474609 0.965576 -0.398193 0.032837 -0.110352
-0.234619 -0.489868 0.991211 -0.203979 -0.091064 -0.130859
-0.198486 -0.468872 1.031616 -0.001465 -0.199219 -0.146973
-0.151733 -0.422974 1.047852 0.146973 -0.248413 -0.139648
-0.122437 -0.379395 1.042603 0.161377 -0.227417 -0.110352
-0.113647 -0.362061 1.026367 0.076660 -0.163208 -0.061035
-0.126709 -0.369873 0.993286 -0.049805 -0.093262 -0.008179
-0.149048 -0.395142 0.962402 -0.145264 -0.046265 0.039917
-0.156128 -0.407104 0.946289 -0.182373 -0.032715 0.086548
-0.172485 -0.416992 0.907837 -0.188110 -0.026855 0.137329
-0.196411 -0.451050 0.875977 -0.168823 -0.038208 0.197632
-0.199463 -0.473389 0.859497 -0.121948 -0.083496 0.263550
-0.171143 -0.488525 0.889282 -0.081665 -0.137939 0.323486
-0.080322 -0.457031 1.010010 -0.082275 -0.162842 0.351807
-0.010376 -0.383301 1.118896 -0.136230 -0.116943 0.311035
-0.024292 -0.337158 1.054932 -0.167969 -0.035278 0.230347
-0.078369 -0.346924 0.966797 -0.117188 0.014893 0.148071
