-0.086792 -0.312622 0.985107 -0.130005 -0.043701 -0.067139
-0.088745 -0.309692 0.981934 -0.133423 -0.052368 -0.072266
-0.063965 -0.296997 0.990601 -0.128662 -0.064453 -0.078613
-0.042969 -0.281738 1.020264 -0.150879 -0.060425 -0.090210
-0.023804 -0.275391 1.030762 -0.179688 -0.031494 -0.102173
-0.038696 -0.296631 1.029053 -0.210571 0.009888 -0.123047
-0.058594 -0.310425 0.996460 -0.222046 0.042114 -0.147705
-0.089233 -0.325806 0.961426 -0.229980 0.058472 -0.163208
-0.129639 -0.399780 0.943481 -0.230347 0.050537 -0.152222
-0.137451 -0.410645 0.950073 -0.190552 0.015259 -0.133667
-0.124878 -0.426880 0.977417 -0.141357 -0.023926 -0.109375
-0.088257 -0.401123 1.001465 -0.096924 -0.053101 -0.104126
-0.066650 -0.364136 0.996338 -0.082397 -0.058716 -0.104980
-0.060547 -0.354980 0.984131 -0.086548 -0.048706 -0.108154
-0.058350 -0.341187 0.978882 -0.096558 -0.041870 -0.120972
-0.061157 -0.350342 0.965332 -0.106567 -0.035400 -0.126831
-0.067749 -0.354126 0.966675 -0.121704 -0.027100 -0.135376
-0.072021 -0.373291 0.961182 -0.151123 -0.019043 -0.146484
-0.075317 -0.381470 0.966431 -0.189697 -0.012695 -0.157227
-0.076904 -0.393066 0.962158 -0.221191 -0.011108 -0.167603
-0.079712 -0.396118 0.958984 -0.239014 -0.019409 -0.185059
-0.084717 -0.415527 0.957031 -0.235474 -0.036621 -0.201904
-0.116333 -0.481689 0.955688 -0.190430 -0.051025 -0.201782
-0.136841 -0.541138 0.968750 -0.097534 -0.068604 -0.186157
-0.123657 -0.534424 0.998657 -0.016235 -0.088501 -0.151489
-0.102173 -0.490479 1.003906 0.033325 -0.083862 -0.103271
-0.082886 -0.444214 0.986450 0.023682 -0.063843 -0.067139
-0.077881 -0.421997 0.984131 -0.027588 -0.045410 -0.056030
-0.090210 -0.444824 0.993530 -0.058350 -0.033081 -0.057617
-0.111206 -0.469727 0.986328 -0.062866 -0.033936 -0.063599
-0.116943 -0.468384 0.980469 -0.044434 -0.047729 -0.072632
-0.117065 -0.455688 0.980591 -0.015381 -0.067383 -0.084839
-0.118774 -0.453613 0.982910 0.013062 -0.086304 -0.088989
-0.117432 -0.455566 0.991333 0.053711 -0.103394 -0.080444
-0.104004 -0.442627 1.000610 0.086426 -0.116577 -0.065430
-0.083008 -0.421143 1.011353 0.090698 -0.114502 -0.048218
-0.074219 -0.403442 1.014771 0.073730 -0.094727 -0.037109
-0.089233 -0.412354 1.005005 0.036621 -0.062744 -0.021362
-0.104858 -0.426392 0.974243 -0.005859 -0.038452 -0.004517
-0.113159 -0.431274 0.966309 -0.028076 -0.033936 0.002930
-0.117432 -0.453003 0.963379 -0.013794 -0.045044 0.000122
-0.119873 -0.458984 0.958252 0.028687 -0.066406 -0.009277
-0.121216 -0.478516 0.956055 0.071411 -0.090332 -0.015991
-0.140503 -0.505981 0.967651 0.139526 -0.114258 -0.018677
-0.126953 -0.497925 0.969971 0.219971 -0.139282 -0.011719
-0.128296 -0.514160 0.977051 0.252319 -0.153564 -0.005737
-0.123169 -0.531860 0.978760 0.279175 -0.157349 0.007813
-0.112915 -0.527100 0.986572 0.285889 -0.145386 0.032837
-0.114380 -0.541504 0.983765 0.252075 -0.107666 0.063232
-0.130005 -0.566772 0.970459 0.209717 -0.070923 0.098877
-0.142090 -0.598022 0.976929 0.186523 -0.053955 0.135132
-0.130859 -0.607178 0.970093 0.225586 -0.058472 0.172241
-0.104736 -0.599121 0.974854 0.256836 -0.072021 0.204346
-0.083008 -0.596069 0.990356 0.255493 -0.080200 0.239502
-0.076172 -0.599976 0.984009 0.254761 -0.079590 0.274658
-0.062866 -0.583008 0.965820 0.254395 -0.078735 0.297363
-0.056152 -0.582031 0.953735 0.250610 -0.086182 0.317871
-0.046509 -0.569458 0.945557 0.265991 -0.102539 0.335815
-0.016602 -0.540894 0.961182 0.275146 -0.121460 0.356934
0.001709 -0.508179 0.964111 0.243408 -0.119019 0.387939
0.015747 -0.478760 0.950806 0.192871 -0.106445 0.427124
0.022705 -0.458496 0.955566 0.115601 -0.113647 0.453613
0.060547 -0.402710 0.930298 0.138428 -0.089111 0.472412
0.068237 -0.387207 0.983154 0.092407 -0.099243 0.477173
0.076294 -0.348877 0.961304 0.074585 -0.086060 0.483154
0.079102 -0.337646 0.964844 0.063477 -0.060913 0.489868
0.077759 -0.331787 0.967529 0.036865 -0.049316 0.483887
0.065186 -0.342529 0.957397 0.043823 -0.038208 0.476318
0.061401 -0.340454 0.957520 0.045410 -0.037354 0.471802
0.056152 -0.319824 0.943481 0.037476 -0.041138 0.469238
0.047485 -0.313599 0.932007 0.032593 -0.055054 0.468018
0.053955 -0.281006 0.913940 0.043701 -0.077637 0.463379
0.061401 -0.257568 0.915039 0.066040 -0.109863 0.454224
0.087280 -0.223755 0.925903 0.073975 -0.138916 0.440308
0.117310 -0.181641 0.947876 0.072021 -0.155640 0.421509
0.135254 -0.144775 0.943359 0.029785 -0.143555 0.402832
0.146118 -0.115479 0.936646 -0.007813 -0.110474 0.393799
0.131714 -0.115112 0.921875 -0.058105 -0.075439 0.380981
0.102295 -0.138306 0.914063 -0.094849 -0.061768 0.364014
0.110352 -0.137329 0.931274 -0.087036 -0.073730 0.344604
0.118896 -0.117310 0.942993 -0.079102 -0.091797 0.321045
0.115479 -0.113892 0.940796 -0.076172 -0.104980 0.296509
0.127319 -0.102905 0.953491 -0.069336 -0.121948 0.262207
0.137329 -0.075317 0.967041 -0.073975 -0.128540 0.223877
0.130493 -0.063477 0.955444 -0.105713 -0.117065 0.189697
0.138306 -0.037109 0.965698 -0.139404 -0.107300 0.154541
0.135498 -0.043945 0.988892 -0.182251 -0.092773 0.114502
0.131836 -0.059326 1.012085 -0.218750 -0.076904 0.079346
0.125488 -0.074585 1.050659 -0.259888 -0.054077 0.056274
0.120483 -0.084473 1.071899 -0.335815 -0.017944 0.046265
0.102539 -0.126343 1.056152 -0.405640 0.023193 0.036255
0.063232 -0.152100 1.012573 -0.400269 0.053955 0.015747
0.031494 -0.176147 0.990601 -0.291626 0.056763 -0.013306
0.032227 -0.159668 0.996582 -0.125122 0.025391 -0.039185
0.054810 -0.131104 1.018677 -0.001709 -0.007935 -0.068726
0.075928 -0.115723 1.049927 0.028442 -0.019165 -0.101318
0.066406 -0.125488 1.053101 -0.011963 -0.004028 -0.131592
0.063354 -0.122803 1.052612 -0.070557 0.022827 -0.153442
0.046021 -0.137207 1.070313 -0.106079 0.057495 -0.174194
0.037842 -0.143433 1.080444 -0.107178 0.077271 -0.192993
0.038940 -0.157349 1.105469 -0.109985 0.089478 -0.203735
0.036621 -0.161133 1.116333 -0.119629 0.099609 -0.220703
0.029663 -0.153564 1.107300 -0.121216 0.110474 -0.240356
0.014160 -0.151367 1.080322 -0.117310 0.118042 -0.262085
0.002075 -0.162842 1.047974 -0.084351 0.127319 -0.284912
0.001099 -0.151611 1.053345 -0.037842 0.132813 -0.308838
0.000854 -0.159668 1.072021 -0.057129 0.135864 -0.331055
-0.013062 -0.209839 1.096069 -0.123779 0.140991 -0.351807
-0.009033 -0.210205 1.126343 -0.189697 0.153320 -0.359985
-0.019775 -0.226318 1.139038 -0.242554 0.179077 -0.361694
-0.020996 -0.230835 1.137085 -0.277588 0.196045 -0.372925
-0.039795 -0.248779 1.112427 -0.285400 0.203369 -0.399536
-0.071289 -0.276855 1.093994 -0.268066 0.195557 -0.429199
-0.090942 -0.296509 1.081787 -0.218872 0.171143 -0.456299
-0.107178 -0.319458 1.083252 -0.203735 0.139038 -0.473267
-0.115356 -0.342285 1.099976 -0.223877 0.116943 -0.464966
-0.109863 -0.349976 1.105591 -0.218262 0.113403 -0.434692
-0.098267 -0.319946 1.106934 -0.181519 0.122314 -0.402222
-0.103882 -0.303345 1.066528 -0.161133 0.142456 -0.375000
-0.121948 -0.306641 1.040283 -0.129150 0.155029 -0.355957
-0.122437 -0.298706 1.024048 -0.077637 0.150757 -0.341064
-0.121460 -0.291504 1.021729 -0.038452 0.139282 -0.320557
-0.117798 -0.298828 1.006226 -0.037476 0.128296 -0.304932
-0.135498 -0.309814 0.999146 -0.034302 0.104736 -0.312378
-0.161987 -0.353271 0.988525 0.025391 0.064697 -0.325073
-0.163818 -0.367310 0.997559 0.115356 0.013062 -0.330933
-0.157837 -0.366333 1.012329 0.166382 -0.018311 -0.323975
-0.154419 -0.359985 1.001953 0.149902 -0.025757 -0.304565
-0.146362 -0.335449 0.999268 0.091675 -0.018066 -0.269897
-0.137207 -0.317505 0.998779 0.010376 0.003784 -0.230957
-0.121582 -0.306152 1.002319 -0.058838 0.028687 -0.212036
-0.114258 -0.306519 1.001587 -0.098022 0.050293 -0.216309
-0.144165 -0.361572 0.980591 -0.113892 0.062744 -0.226196
-0.162109 -0.400635 0.968872 -0.091187 0.058472 -0.223389
-0.166504 -0.422852 0.968262 -0.080078 0.050903 -0.201172
-0.169678 -0.436890 0.971436 -0.085693 0.047485 -0.163940
-0.172119 -0.432617 0.944580 -0.094727 0.037720 -0.124878
-0.172974 -0.430298 0.918457 -0.080688 0.015137 -0.092896
-0.182251 -0.450195 0.906006 -0.014404 -0.025757 -0.068115
-0.170288 -0.450806 0.918701 0.060913 -0.079590 -0.051270
-0.119141 -0.446899 0.956787 0.103027 -0.120972 -0.027832
-0.051514 -0.395874 1.048340 0.079712 -0.114746 -0.020508
-0.036377 -0.399048 1.039551 0.034180 -0.066162 -0.032104
-0.056396 -0.415405 1.004517 0.038940 -0.011719 -0.050293
-0.084351 -0.453491 0.980835 0.014282 0.028442 -0.057983
-0.119141 -0.504150 0.954102 -0.020630 0.058838 -0.045654
-0.164551 -0.554199 0.915771 -0.038574 0.066895 -0.020874
-0.192505 -0.566772 0.878296 -0.034058 0.038818 0.011353
-0.201416 -0.580566 0.858643 0.022949 -0.015259 0.043091
-0.168579 -0.555786 0.903564 0.086426 -0.086182 0.056030
