-0.043457 -0.267578 0.997925 -0.051636 -0.010010 -0.049927
-0.044067 -0.273315 1.001465 -0.046143 -0.022339 -0.055298
-0.034790 -0.268555 1.017822 -0.032104 -0.033447 -0.055176
-0.026978 -0.260498 1.019165 -0.029297 -0.034180 -0.048096
-0.027832 -0.252808 1.014160 -0.046631 -0.028687 -0.041382
-0.026855 -0.255981 1.015869 -0.058594 -0.023804 -0.041138
-0.022949 -0.246582 1.014893 -0.054810 -0.029053 -0.051880
-0.027100 -0.250366 1.008545 -0.050903 -0.033325 -0.065308
-0.027588 -0.245483 1.004639 -0.036987 -0.039917 -0.077881
-0.030029 -0.255615 1.002930 -0.025024 -0.044067 -0.086060
-0.032104 -0.268311 1.009644 -0.024048 -0.041138 -0.085205
-0.023560 -0.266479 1.019043 -0.031860 -0.033203 -0.079224
-0.031372 -0.284302 1.011108 -0.056763 -0.020142 -0.072388
-0.041626 -0.294067 1.002686 -0.062378 -0.017822 -0.070313
-0.041382 -0.290894 0.996094 -0.056030 -0.027710 -0.069702
-0.037109 -0.290649 0.998779 -0.050781 -0.034912 -0.067993
-0.033081 -0.285767 1.003296 -0.049194 -0.038208 -0.071655
-0.031860 -0.287109 1.006348 -0.063110 -0.035889 -0.078369
-0.041260 -0.290894 1.003052 -0.078247 -0.031250 -0.082275
-0.044678 -0.290039 0.984131 -0.076782 -0.032959 -0.085083
-0.049683 -0.290771 0.982910 -0.068237 -0.043579 -0.087769
-0.050049 -0.291138 0.981079 -0.059692 -0.056885 -0.088013
-0.058350 -0.297607 0.979614 -0.055054 -0.069214 -0.083252
-0.048950 -0.288574 0.977661 -0.051880 -0.085083 -0.080444
-0.041260 -0.278931 0.989014 -0.051880 -0.098633 -0.082642
-0.038086 -0.276245 0.995605 -0.051147 -0.109619 -0.089111
-0.043213 -0.288818 1.001221 -0.045288 -0.115845 -0.098877
-0.055176 -0.300415 1.005371 -0.036743 -0.123291 -0.104858
-0.064819 -0.322754 1.012085 -0.032227 -0.128906 -0.100098
-0.068848 -0.344238 1.030640 -0.031738 -0.131958 -0.090210
-0.073242 -0.355469 1.041260 -0.031982 -0.133057 -0.080078
-0.072021 -0.364502 1.045166 -0.028564 -0.130127 -0.068726
-0.070435 -0.360229 1.048706 -0.025635 -0.120972 -0.054077
-0.082642 -0.387085 1.055054 -0.020386 -0.106445 -0.036377
-0.092773 -0.406006 1.057129 0.004150 -0.100952 -0.018555
-0.099609 -0.436279 1.052368 0.024414 -0.097168 0.003296
-0.101440 -0.448120 1.058228 0.045654 -0.093750 0.022461
-0.109009 -0.464844 1.056885 0.072632 -0.096680 0.035767
-0.105103 -0.475098 1.066528 0.115479 -0.103271 0.045166
-0.102539 -0.480469 1.071167 0.167480 -0.108521 0.060059
-0.090576 -0.498535 1.099121 0.177856 -0.100342 0.085938
-0.083252 -0.498535 1.113037 0.172363 -0.071655 0.124268
-0.091675 -0.513184 1.086426 0.122681 -0.029297 0.171509
-0.094971 -0.509277 1.071533 0.098389 -0.001709 0.212036
-0.083008 -0.491577 1.043579 0.132080 -0.004517 0.235474
-0.080322 -0.474609 1.027710 0.169678 -0.019409 0.247681
-0.080444 -0.483276 1.030640 0.166626 -0.027710 0.263672
-0.059082 -0.462280 1.033081 0.161621 -0.026367 0.288696
-0.051147 -0.449463 1.025513 0.160278 -0.011108 0.317505
-0.047607 -0.440918 1.004639 0.115234 -0.003662 0.340942
-0.038696 -0.423096 1.005005 0.083374 -0.003052 0.360596
-0.023560 -0.398193 1.000732 0.086914 -0.005981 0.379028
-0.008423 -0.381592 1.009644 0.067505 -0.007324 0.394531
0.002563 -0.364990 0.999146 0.057861 0.003784 0.412598
-0.001343 -0.359253 0.975830 0.040283 0.016235 0.429077
0.001953 -0.344604 0.972656 0.023315 0.020752 0.437500
0.021606 -0.327026 0.967407 0.037476 0.022461 0.445801
0.009888 -0.332153 0.968140 -0.000977 0.016724 0.445435
-0.014404 -0.337524 0.936523 0.004272 0.013550 0.443848
-0.019043 -0.337402 0.924805 0.014893 -0.003296 0.457764
-0.008057 -0.319214 0.921997 0.033936 -0.027710 0.477051
0.020996 -0.262695 0.913696 0.057617 -0.054810 0.486694
0.048096 -0.219849 0.933594 0.078613 -0.072632 0.479614
0.056641 -0.193481 0.926392 0.071533 -0.082764 0.461304
0.070190 -0.189209 0.933594 0.039429 -0.088501 0.448853
0.093994 -0.166260 0.960938 0.032959 -0.086914 0.444092
0.113525 -0.142090 0.969727 -0.000488 -0.083618 0.427734
0.112549 -0.145996 0.973145 -0.003906 -0.073608 0.405396
0.120117 -0.142334 0.981812 -0.020264 -0.064941 0.386475
0.112427 -0.153442 0.974609 -0.058472 -0.048340 0.375244
0.112061 -0.143555 0.974976 -0.073853 -0.037720 0.366333
0.112427 -0.142578 0.965210 -0.091187 -0.030884 0.360107
0.117676 -0.125854 0.955322 -0.098022 -0.036011 0.346436
0.117188 -0.130005 0.944458 -0.094360 -0.051147 0.326294
0.132324 -0.109253 0.965698 -0.069946 -0.064087 0.300293
0.143311 -0.098999 0.973633 -0.086914 -0.053345 0.282471
0.156860 -0.087769 0.965698 -0.109863 -0.024780 0.265869
0.145630 -0.085449 0.958008 -0.155151 -0.000977 0.238525
0.145386 -0.091797 0.954346 -0.183350 0.008667 0.202759
0.142578 -0.100830 0.988647 -0.191284 0.003418 0.160889
0.135254 -0.129639 1.009155 -0.183228 -0.000854 0.125122
0.139526 -0.132813 1.037720 -0.171143 0.004395 0.103271
0.145142 -0.120117 1.050537 -0.177246 0.022461 0.089233
0.151123 -0.098389 1.036499 -0.181030 0.048462 0.072754
0.141724 -0.088135 1.033203 -0.191772 0.072998 0.036499
0.126587 -0.079346 1.021729 -0.206055 0.090820 -0.015503
0.098755 -0.114868 1.035889 -0.228516 0.103271 -0.065796
0.079590 -0.137573 1.046753 -0.241455 0.114014 -0.105957
0.047729 -0.177368 1.029663 -0.236572 0.124756 -0.129761
0.040527 -0.178955 1.069336 -0.225220 0.117554 -0.149780
0.036621 -0.179321 1.086548 -0.195313 0.118774 -0.159790
0.036621 -0.169189 1.098755 -0.134277 0.131348 -0.170166
0.029419 -0.150513 1.082031 -0.088623 0.133667 -0.180420
0.030884 -0.114136 1.063354 -0.042114 0.122925 -0.197388
0.033081 -0.075928 1.046875 -0.016479 0.105347 -0.225098
0.038086 -0.035400 1.018066 0.007324 0.079346 -0.261963
0.050537 -0.006836 1.012817 0.047241 0.053467 -0.308228
0.069458 0.033447 1.030518 0.055664 0.045776 -0.345703
0.062500 0.016235 1.040527 -0.011475 0.079468 -0.369873
0.038330 0.003174 1.028320 -0.114868 0.115723 -0.399292
0.019287 -0.008301 0.993286 -0.210571 0.127197 -0.431763
-0.009033 -0.030762 0.979858 -0.277954 0.128906 -0.464111
-0.030273 -0.086670 0.987061 -0.311279 0.112427 -0.495605
-0.054688 -0.135010 1.005493 -0.332031 0.081299 -0.528564
-0.081177 -0.196411 1.025391 -0.329956 0.046509 -0.549683
-0.095947 -0.226807 1.047974 -0.295288 0.010376 -0.552246
-0.093140 -0.261719 1.070313 -0.260864 -0.010010 -0.533447
-0.057129 -0.246338 1.145020 -0.247192 -0.012939 -0.527100
-0.074219 -0.264648 1.142700 -0.248535 0.010986 -0.533813
-0.111938 -0.299927 1.112671 -0.231567 0.033081 -0.532715
-0.126953 -0.353149 1.116943 -0.398926 0.030273 -0.500244
-0.180786 -0.398682 1.084351 -0.481079 0.079468 -0.469360
-0.179688 -0.371460 1.093872 -0.243652 0.102783 -0.428833
-0.133911 -0.349609 1.084106 -0.015991 0.091309 -0.400757
-0.185669 -0.442261 1.077515 -0.098511 0.076050 -0.371338
-0.151245 -0.382202 1.138062 0.008789 0.087891 -0.365112
-0.159790 -0.425659 1.126831 -0.030029 0.057861 -0.318970
-0.154907 -0.396240 1.111572 -0.036865 0.061279 -0.294312
-0.150269 -0.362061 1.058838 -0.022217 0.051514 -0.269653
-0.135132 -0.319336 1.032227 0.012939 0.043945 -0.257690
-0.123047 -0.306519 1.022339 0.005127 0.058716 -0.249512
-0.145386 -0.332397 0.990601 -0.104370 0.074707 -0.225830
-0.145020 -0.333740 0.970459 -0.199951 0.092163 -0.181030
-0.123047 -0.328247 0.968872 -0.310669 0.103638 -0.135986
-0.100586 -0.297852 0.954712 -0.414551 0.101563 -0.117920
-0.108765 -0.314941 0.928467 -0.453857 0.079590 -0.132202
-0.117065 -0.350830 0.921021 -0.395142 0.012329 -0.171387
-0.118774 -0.371094 0.917480 -0.260376 -0.081665 -0.219360
-0.107056 -0.393433 0.925293 -0.097290 -0.171509 -0.261475
-0.044189 -0.351807 0.986694 0.030762 -0.221924 -0.274292
-0.022827 -0.350464 1.023071 -0.004883 -0.176270 -0.248047
-0.029907 -0.368652 1.004517 -0.135986 -0.073730 -0.189209
-0.055176 -0.400024 0.981201 -0.289307 0.025879 -0.115601
-0.082520 -0.427979 0.945923 -0.430664 0.101685 -0.043701
-0.099365 -0.461670 0.924683 -0.544312 0.154541 0.023682
-0.141235 -0.546387 0.910522 -0.588867 0.169434 0.061646
-0.162720 -0.598022 0.905640 -0.505859 0.121948 0.058960
-0.161499 -0.619751 0.907593 -0.315063 0.027466 0.024536
-0.125366 -0.596069 0.918823 -0.064453 -0.073120 -0.032227
-0.099365 -0.592773 0.960815 0.107910 -0.135132 -0.097290
-0.112915 -0.636353 0.975098 0.183716 -0.148438 -0.138062
-0.145264 -0.690918 0.979126 0.198730 -0.137085 -0.136230
-0.183594 -0.746704 0.968262 0.160522 -0.123535 -0.094849
-0.189819 -0.753052 0.977173 0.128052 -0.127686 -0.033691
-0.176147 -0.733276 1.004761 0.130981 -0.145752 0.031006
-0.162231 -0.699341 0.998657 0.131348 -0.167725 0.085938
-0.154541 -0.661255 0.984497 0.144653 -0.181152 0.126709
-0.129272 -0.624512 0.973633 0.198120 -0.183960 0.156372
-0.093750 -0.564087 1.000977 0.234497 -0.184204 0.164063
-0.077393 -0.537231 1.005859 0.227905 -0.182129 0.153442
