-0.052612 -0.315796 1.011353 -0.071411 -0.025024 -0.066650
-0.051880 -0.320923 1.007813 -0.067627 -0.030640 -0.070923
-0.046997 -0.316895 1.006714 -0.055298 -0.041382 -0.077881
-0.041626 -0.314941 1.011108 -0.050171 -0.049561 -0.082642
-0.030518 -0.302368 1.015137 -0.061523 -0.050537 -0.082764
-0.021484 -0.288086 1.005005 -0.089600 -0.042969 -0.082397
-0.011108 -0.274780 1.020020 -0.111938 -0.026245 -0.089478
-0.025635 -0.296875 1.011230 -0.138794 0.001831 -0.096924
-0.045044 -0.321045 0.993530 -0.154663 0.025269 -0.105347
-0.045044 -0.326416 0.982666 -0.168335 0.038086 -0.109009
-0.053955 -0.328369 0.963745 -0.192017 0.051147 -0.110596
-0.072266 -0.349365 0.944214 -0.206543 0.056274 -0.112427
-0.078125 -0.357788 0.937256 -0.203979 0.041260 -0.116943
-0.083618 -0.375488 0.939453 -0.207153 0.030518 -0.114380
-0.080811 -0.382935 0.947754 -0.233154 0.030396 -0.106201
-0.079834 -0.374634 0.945801 -0.284668 0.049072 -0.087769
-0.086670 -0.373047 0.932129 -0.344849 0.073364 -0.068848
-0.096558 -0.366577 0.919067 -0.392090 0.078735 -0.065552
-0.110107 -0.390381 0.912964 -0.398438 0.059326 -0.075073
-0.113647 -0.420410 0.926636 -0.345459 0.009155 -0.097900
-0.110596 -0.431641 0.944092 -0.260864 -0.059570 -0.136108
-0.113159 -0.457397 0.963867 -0.154907 -0.133423 -0.182251
-0.089844 -0.462280 1.008545 -0.046143 -0.199951 -0.222290
-0.077393 -0.471924 1.047607 -0.003418 -0.229004 -0.246094
-0.080322 -0.489502 1.072632 -0.014160 -0.211182 -0.244507
-0.106079 -0.530151 1.084106 -0.038208 -0.163452 -0.204834
-0.125977 -0.546753 1.062866 -0.048096 -0.106567 -0.142944
-0.139893 -0.556274 1.024292 -0.048584 -0.060547 -0.081299
-0.144043 -0.550415 0.997559 -0.035522 -0.045288 -0.042236
-0.140869 -0.549927 0.994995 -0.009033 -0.057007 -0.025024
-0.135254 -0.549561 1.001343 0.008667 -0.072998 -0.018433
-0.142334 -0.556641 0.987915 0.033081 -0.083862 -0.018433
-0.147827 -0.564209 0.977783 0.084595 -0.102295 -0.018433
-0.148560 -0.574585 0.972656 0.137451 -0.124634 -0.013306
-0.151245 -0.573730 0.966797 0.179565 -0.140137 -0.001831
-0.146729 -0.574463 0.975464 0.217041 -0.144287 0.018555
-0.127319 -0.570801 0.997070 0.233398 -0.136597 0.050415
-0.116333 -0.574707 1.000854 0.222534 -0.118164 0.092651
-0.118408 -0.579712 0.987183 0.184082 -0.085693 0.134033
-0.112549 -0.579224 0.972290 0.149536 -0.055054 0.173096
-0.105835 -0.574951 0.964355 0.127441 -0.043457 0.199463
-0.108765 -0.583252 0.938843 0.130981 -0.051025 0.214966
-0.110474 -0.582153 0.923584 0.162476 -0.075317 0.226196
-0.098511 -0.575928 0.921143 0.191528 -0.107178 0.241089
-0.080444 -0.563599 0.928711 0.225708 -0.131348 0.260864
-0.058838 -0.541016 0.943970 0.209839 -0.147949 0.275269
-0.038574 -0.524292 0.959717 0.192383 -0.133179 0.295776
-0.031372 -0.509521 0.952393 0.166260 -0.104614 0.324097
-0.027588 -0.491455 0.942261 0.117920 -0.081543 0.345825
-0.023682 -0.472656 0.921021 0.097412 -0.071411 0.362915
-0.021118 -0.469971 0.912476 0.080078 -0.080444 0.375244
-0.033813 -0.490601 0.913574 0.062012 -0.111816 0.378418
-0.008179 -0.458496 0.917358 0.122192 -0.138916 0.387085
0.012695 -0.452148 0.936035 0.124634 -0.160156 0.400391
0.030273 -0.416138 0.944092 0.098022 -0.158203 0.404663
0.036621 -0.400635 0.937866 0.088867 -0.147095 0.408691
0.050049 -0.379883 0.943970 0.105957 -0.137939 0.412964
0.070679 -0.356567 0.956909 0.087158 -0.124023 0.421631
0.079346 -0.359375 0.987305 0.034790 -0.096680 0.432617
0.083252 -0.358276 0.983398 0.013184 -0.060913 0.446777
0.065186 -0.378296 0.969116 -0.029541 -0.031372 0.447388
0.054688 -0.377319 0.964478 -0.030273 -0.027466 0.446289
0.058105 -0.362671 0.955444 -0.004761 -0.043823 0.441040
0.073486 -0.334595 0.968872 0.017700 -0.065063 0.432373
0.094116 -0.298584 0.975464 0.031616 -0.070801 0.427856
0.095947 -0.287109 0.977905 0.015503 -0.056885 0.422729
0.081543 -0.284668 0.950439 -0.010986 -0.036987 0.413696
0.083740 -0.262451 0.952271 -0.031738 -0.023438 0.403931
0.081787 -0.253540 0.951904 -0.075806 -0.010498 0.397583
0.084839 -0.249023 0.952026 -0.105957 0.007324 0.395752
0.071777 -0.246216 0.942627 -0.152710 0.023560 0.388550
0.061279 -0.246948 0.927002 -0.184082 0.030151 0.380737
0.058472 -0.245483 0.929688 -0.203613 0.028687 0.372559
0.050903 -0.242920 0.926392 -0.227539 0.020630 0.359009
0.045898 -0.240845 0.924072 -0.222656 0.007202 0.338135
0.050537 -0.238892 0.935913 -0.198730 -0.017090 0.305664
0.050659 -0.246582 0.953125 -0.159058 -0.049072 0.265747
0.059326 -0.247925 0.973877 -0.104492 -0.071777 0.231079
0.054199 -0.270752 1.001831 -0.074951 -0.079468 0.200317
0.054565 -0.272461 0.999756 -0.047729 -0.077637 0.186523
0.060547 -0.246216 0.989868 -0.038086 -0.069580 0.183105
0.068237 -0.235107 0.980469 -0.050293 -0.057007 0.183594
0.078491 -0.209106 0.974609 -0.053833 -0.039551 0.177002
0.092896 -0.184937 0.970703 -0.074585 -0.010254 0.162842
0.090820 -0.167358 0.953735 -0.123779 0.026489 0.137817
0.072510 -0.174194 0.936401 -0.131104 0.061279 0.097046
0.058716 -0.181763 0.956909 -0.043335 0.065918 0.044800
0.062744 -0.198853 0.994385 0.046753 0.049316 -0.005859
0.061890 -0.197510 1.055420 0.076782 0.039917 -0.061035
0.049316 -0.210571 1.085815 0.057007 0.047241 -0.103271
0.041748 -0.188843 1.082886 0.087891 0.059326 -0.135010
0.035400 -0.154907 1.074585 0.145996 0.066772 -0.160889
0.044312 -0.107056 1.056030 0.180908 0.072021 -0.185791
0.042480 -0.071411 1.028931 0.125000 0.086792 -0.210327
0.035278 -0.061523 1.016724 0.142700 0.110474 -0.242432
0.010376 -0.072388 0.985352 0.103149 0.148193 -0.278809
-0.009766 -0.063965 0.967651 0.039307 0.161255 -0.319824
-0.037354 -0.106445 0.982178 -0.039429 0.143921 -0.364380
-0.046631 -0.127441 1.047119 -0.085205 0.108643 -0.409424
-0.061401 -0.159302 1.096313 -0.101685 0.083740 -0.445068
-0.084473 -0.181763 1.109375 -0.102783 0.076782 -0.467896
-0.104492 -0.190674 1.097656 -0.111084 0.076660 -0.471069
-0.129883 -0.203369 1.073730 -0.134399 0.075562 -0.465576
-0.132935 -0.190430 1.062744 -0.117432 0.068604 -0.457275
-0.119385 -0.174561 1.084473 -0.076538 0.055908 -0.449829
-0.105103 -0.153076 1.106934 -0.073730 0.046631 -0.453247
-0.123169 -0.201416 1.100342 -0.114746 0.051514 -0.463379
-0.130005 -0.213745 1.104980 -0.133667 0.045898 -0.473145
-0.145386 -0.242798 1.106323 -0.142090 0.044556 -0.468872
-0.154785 -0.268433 1.104004 -0.141357 0.042114 -0.454590
-0.158447 -0.293579 1.100952 -0.145508 0.046265 -0.431763
-0.162842 -0.315186 1.103027 -0.119019 0.051025 -0.401855
-0.172729 -0.325562 1.074951 -0.071533 0.046997 -0.367310
-0.151733 -0.320557 1.095093 -0.015015 0.025513 -0.327026
-0.116333 -0.288208 1.107788 -0.015381 0.007202 -0.297119
-0.088989 -0.260254 1.119141 -0.002075 0.001953 -0.290771
-0.072144 -0.247192 1.123169 0.041870 0.004272 -0.303101
-0.070679 -0.251343 1.109741 0.091309 0.022217 -0.318848
-0.092407 -0.279419 1.089966 0.065674 0.044922 -0.322021
-0.107666 -0.294189 1.062378 -0.033325 0.059326 -0.310913
-0.119751 -0.310181 1.021240 -0.165894 0.066772 -0.288208
-0.157227 -0.356934 0.958130 -0.279663 0.061646 -0.265015
-0.190063 -0.409302 0.900146 -0.290649 0.029663 -0.241943
-0.200195 -0.450928 0.900879 -0.197266 -0.032227 -0.218994
-0.188477 -0.481934 0.945068 -0.073120 -0.104492 -0.193237
-0.146973 -0.448364 0.979980 -0.012207 -0.135498 -0.164673
-0.138306 -0.441406 0.981323 -0.064087 -0.107056 -0.139282
-0.144287 -0.448608 0.971436 -0.114502 -0.048950 -0.109619
-0.154419 -0.453491 0.957397 -0.177979 0.005981 -0.075073
-0.142090 -0.446899 0.964600 -0.250366 0.045532 -0.048950
-0.149780 -0.447144 0.943604 -0.284668 0.074219 -0.036011
-0.172852 -0.451172 0.889526 -0.254395 0.065552 -0.038208
-0.203369 -0.483154 0.839600 -0.191528 -0.001709 -0.061157
-0.191162 -0.494751 0.855713 -0.059448 -0.116699 -0.094604
-0.145630 -0.480835 0.909546 0.069702 -0.217041 -0.111206
-0.090210 -0.457642 0.985107 0.105591 -0.247192 -0.099243
-0.072144 -0.467651 1.019409 0.025635 -0.201904 -0.074219
-0.090332 -0.493652 1.015137 -0.068237 -0.126221 -0.038574
-0.118164 -0.529907 0.986572 -0.134521 -0.075195 -0.006470
-0.127075 -0.536499 0.973755 -0.145752 -0.065552 0.015625
-0.137817 -0.537598 0.931030 -0.121216 -0.076904 0.027710
-0.140869 -0.561768 0.936401 -0.069580 -0.109253 0.028931
-0.127563 -0.557983 0.945313 -0.021973 -0.154053 0.034668
-0.122314 -0.567627 0.956665 -0.019165 -0.177612 0.051147
-0.107788 -0.567017 0.972900 -0.009644 -0.182495 0.084351
-0.090576 -0.557373 0.987915 -0.008545 -0.172119 0.121582
-0.082153 -0.543701 0.979858 -0.011475 -0.152344 0.155518
-0.071289 -0.528564 0.980225 -0.001953 -0.130615 0.180664
-0.059692 -0.511719 0.968384 -0.001465 -0.111328 0.191284
-0.067505 -0.507324 0.956055 0.013794 -0.092407 0.186157
