0.018311 -0.274658 1.005859 -0.091064 -0.013306 -0.058960
0.019897 -0.277832 1.010864 -0.077515 -0.008545 -0.064819
0.022339 -0.274170 1.009644 -0.064087 0.000122 -0.066528
0.024414 -0.269165 1.015991 -0.072632 0.010132 -0.067627
0.028687 -0.266235 1.003906 -0.096680 0.024902 -0.066528
0.016602 -0.269531 0.992432 -0.127319 0.040283 -0.072144
0.002319 -0.286011 0.979492 -0.145508 0.045776 -0.083496
-0.010254 -0.304688 0.970703 -0.126709 0.038330 -0.100708
-0.014526 -0.304565 0.963745 -0.105103 0.024658 -0.117188
-0.012207 -0.316406 0.978271 -0.105347 0.014038 -0.125854
-0.019043 -0.325806 0.969238 -0.100464 0.003540 -0.137817
-0.019409 -0.324829 0.963745 -0.094116 -0.006348 -0.150635
-0.029907 -0.343384 0.959961 -0.087524 -0.012085 -0.156738
-0.041748 -0.364746 0.965454 -0.064453 -0.018799 -0.174805
-0.041260 -0.369629 0.968384 -0.043457 -0.028320 -0.187622
-0.053223 -0.369507 0.978027 -0.053223 -0.030396 -0.187622
-0.061646 -0.391357 0.984497 -0.084351 -0.025269 -0.170532
-0.062744 -0.396240 0.985474 -0.123047 -0.019165 -0.150635
-0.066162 -0.392700 0.969971 -0.154175 -0.014160 -0.135498
-0.060547 -0.401978 0.989990 -0.168579 -0.018555 -0.133911
-0.058716 -0.408325 1.001831 -0.176147 -0.029175 -0.138794
-0.061035 -0.429199 1.013916 -0.170776 -0.033203 -0.138184
-0.062256 -0.426392 1.004272 -0.147705 -0.029785 -0.133057
-0.063599 -0.429199 1.007813 -0.131104 -0.020996 -0.115845
-0.063354 -0.420532 0.999146 -0.140137 -0.016235 -0.101563
-0.071045 -0.432373 0.994995 -0.157104 -0.010864 -0.091553
-0.076416 -0.431396 0.984253 -0.147217 -0.017334 -0.085815
-0.079224 -0.439331 0.982666 -0.119629 -0.033081 -0.082397
-0.080322 -0.450195 0.970093 -0.094727 -0.058350 -0.080688
-0.081055 -0.460571 0.982422 -0.046265 -0.077393 -0.073608
-0.072144 -0.460205 0.993652 0.005127 -0.085815 -0.055664
-0.067993 -0.458862 0.999878 0.042114 -0.088501 -0.032349
-0.046631 -0.435791 1.000732 0.045288 -0.078125 -0.010620
-0.047485 -0.444702 1.005615 0.025269 -0.060059 -0.002563
-0.049194 -0.438110 0.998413 0.043701 -0.060547 -0.006714
-0.045044 -0.445923 1.026855 0.065186 -0.065674 -0.015137
-0.062744 -0.470215 1.026001 0.085205 -0.070068 -0.025757
-0.065063 -0.481079 1.036499 0.140259 -0.084106 -0.037231
-0.075562 -0.509521 1.037598 0.186157 -0.097778 -0.036011
-0.057739 -0.514893 1.077759 0.230835 -0.102661 -0.015747
-0.039795 -0.506470 1.095581 0.260986 -0.077515 0.027954
-0.030151 -0.492554 1.082642 0.236816 -0.032837 0.077026
-0.048096 -0.497192 1.046997 0.183228 0.007935 0.118530
-0.066162 -0.510742 1.013794 0.176147 0.031616 0.145630
-0.075806 -0.520752 0.999146 0.185059 0.032104 0.160522
-0.088257 -0.538086 0.985352 0.191650 0.026123 0.172729
-0.105957 -0.549438 0.951904 0.214844 0.009888 0.189575
-0.120850 -0.561768 0.924561 0.264648 -0.022339 0.212646
-0.098755 -0.550293 0.928467 0.316406 -0.070313 0.237183
-0.050903 -0.509155 0.973022 0.338501 -0.108765 0.257080
-0.017456 -0.473999 0.998901 0.313110 -0.111450 0.274292
-0.012939 -0.456665 0.983643 0.277466 -0.087036 0.293701
-0.008911 -0.428955 0.966553 0.251099 -0.060425 0.317749
-0.005005 -0.417236 0.957275 0.221680 -0.042358 0.348511
0.013672 -0.405762 0.960449 0.200439 -0.028076 0.372925
0.017334 -0.394409 0.955444 0.156128 -0.008667 0.389282
0.023071 -0.385010 0.956055 0.116455 0.007935 0.396606
0.014771 -0.378296 0.948853 0.093750 0.010864 0.388916
-0.006226 -0.387573 0.925293 0.069580 -0.005127 0.382690
-0.020752 -0.407349 0.918335 0.104370 -0.037354 0.387451
-0.003540 -0.379639 0.937134 0.153809 -0.088257 0.396362
0.020508 -0.357910 0.957031 0.187622 -0.128174 0.408691
0.046021 -0.326660 0.979126 0.205688 -0.142456 0.425659
0.063721 -0.302979 0.984253 0.171509 -0.126099 0.450684
0.083740 -0.275024 0.985718 0.099854 -0.082886 0.474731
0.091675 -0.245361 0.983398 0.061646 -0.039795 0.481812
0.090820 -0.231445 0.967041 0.000610 -0.009521 0.471313
0.073242 -0.246094 0.961426 -0.032593 0.001343 0.450928
0.064697 -0.242188 0.951660 -0.018677 -0.006958 0.429199
0.050659 -0.254150 0.932129 0.017334 -0.025391 0.408691
0.048462 -0.241455 0.929932 0.042847 -0.057739 0.393311
0.072998 -0.211914 0.941162 0.058472 -0.093628 0.388062
0.102539 -0.172485 0.958618 0.064697 -0.117065 0.378418
0.131958 -0.140991 0.977539 0.051270 -0.116943 0.362305
0.127441 -0.141357 0.972412 0.001221 -0.091187 0.344482
0.114014 -0.141235 0.943115 -0.054565 -0.064087 0.328003
0.102295 -0.138428 0.934204 -0.089966 -0.048462 0.311401
0.098145 -0.141602 0.912231 -0.125854 -0.040527 0.298218
0.111694 -0.130737 0.918701 -0.149292 -0.044922 0.284790
0.124023 -0.114746 0.930176 -0.149170 -0.043091 0.266479
0.114258 -0.122192 0.936890 -0.160767 -0.030518 0.251221
0.105347 -0.136475 0.942993 -0.180908 -0.019043 0.241333
0.107544 -0.139404 0.953369 -0.184937 -0.016602 0.226929
0.109863 -0.134521 0.953247 -0.182007 -0.018921 0.211792
0.137085 -0.121582 0.986328 -0.195313 -0.022705 0.195923
0.141479 -0.115112 1.007324 -0.219849 -0.007568 0.167236
0.122559 -0.145264 0.995728 -0.236084 0.027588 0.137451
0.118286 -0.144775 0.984863 -0.235229 0.051636 0.113037
0.112549 -0.154541 0.980835 -0.240356 0.073608 0.086670
0.101440 -0.151489 0.975586 -0.230469 0.086548 0.052856
0.081055 -0.158691 0.969482 -0.188965 0.081909 0.011108
0.058472 -0.172607 0.975220 -0.131958 0.053711 -0.029663
0.061646 -0.159668 1.009155 -0.091187 0.015991 -0.057617
0.074585 -0.136353 1.062012 -0.078491 -0.009277 -0.089233
0.067017 -0.143311 1.091431 -0.071533 -0.026367 -0.122803
0.089355 -0.113037 1.149414 -0.054932 -0.038940 -0.163452
0.090942 -0.105835 1.164795 -0.064087 -0.023071 -0.199219
0.066406 -0.118774 1.167480 -0.101807 0.015259 -0.224365
0.052490 -0.124878 1.150757 -0.115967 0.053955 -0.243530
0.037720 -0.126343 1.134033 -0.128052 0.089355 -0.265259
0.027222 -0.132446 1.145996 -0.152588 0.120972 -0.288452
0.005493 -0.145996 1.141846 -0.167725 0.146118 -0.307861
-0.023193 -0.163330 1.124268 -0.181519 0.155273 -0.325073
-0.057251 -0.188843 1.107422 -0.170898 0.141479 -0.335693
-0.068359 -0.206299 1.109009 -0.115845 0.108032 -0.333496
-0.061157 -0.200073 1.112427 -0.089355 0.074707 -0.325806
-0.045898 -0.185791 1.131104 -0.065552 0.058960 -0.318359
-0.014771 -0.158447 1.169067 -0.058960 0.056641 -0.315552
0.001709 -0.139771 1.181152 -0.096436 0.075195 -0.315552
-0.018921 -0.154541 1.166870 -0.141357 0.107788 -0.322998
-0.050171 -0.185059 1.145508 -0.154907 0.120605 -0.332886
-0.070435 -0.195679 1.126343 -0.114380 0.099243 -0.344971
-0.076538 -0.196411 1.115967 -0.043823 0.058228 -0.358521
-0.069824 -0.189575 1.116089 0.047119 0.013794 -0.368652
-0.046021 -0.142944 1.112061 0.105835 0.002441 -0.370483
-0.040527 -0.111816 1.094360 0.074585 0.033691 -0.360962
-0.044189 -0.113647 1.072510 -0.018311 0.082397 -0.347534
-0.042603 -0.118774 1.063354 -0.151855 0.131348 -0.345215
-0.066040 -0.150757 1.022949 -0.266846 0.169556 -0.362061
-0.126099 -0.230835 0.970337 -0.300659 0.178711 -0.390503
-0.169556 -0.292236 0.934814 -0.250488 0.135742 -0.420532
-0.191162 -0.329834 0.939941 -0.145752 0.062988 -0.434692
-0.188232 -0.332520 0.969849 -0.060913 0.003784 -0.425415
-0.190918 -0.343384 0.983765 -0.042969 -0.019775 -0.389526
-0.195679 -0.350708 0.980835 -0.087280 -0.018433 -0.333130
-0.158936 -0.311646 1.010498 -0.141235 -0.001221 -0.266235
-0.118896 -0.300781 1.033569 -0.221436 0.047119 -0.206787
-0.080322 -0.270264 1.030884 -0.275635 0.098511 -0.182983
-0.091919 -0.275269 0.968262 -0.264038 0.128052 -0.203369
-0.134766 -0.336792 0.906860 -0.190918 0.104980 -0.251465
-0.147339 -0.392090 0.915405 -0.077393 0.038696 -0.297119
-0.161011 -0.443604 0.934570 -0.001465 -0.020752 -0.305664
-0.153809 -0.455688 0.944580 0.031860 -0.063965 -0.282959
-0.138428 -0.447510 0.948120 0.014160 -0.086670 -0.245850
-0.136963 -0.467163 0.948364 -0.002441 -0.090576 -0.202759
-0.123657 -0.474854 0.953613 -0.023804 -0.085449 -0.154419
-0.117920 -0.486084 0.981079 -0.088501 -0.071045 -0.113892
-0.120972 -0.507690 0.968628 -0.131226 -0.061890 -0.096313
-0.123169 -0.521729 0.964233 -0.115601 -0.080200 -0.095215
-0.107666 -0.529175 0.963135 -0.068237 -0.112549 -0.099854
-0.105713 -0.542725 0.971558 -0.024170 -0.120850 -0.106445
-0.091675 -0.560669 0.979370 -0.014893 -0.118286 -0.104980
-0.104248 -0.590332 0.984009 -0.025879 -0.106445 -0.096436
-0.121460 -0.595825 0.960938 0.014648 -0.098389 -0.082764
-0.134399 -0.609131 0.946045 0.047119 -0.110229 -0.065552
-0.142334 -0.615967 0.931274 0.094238 -0.134155 -0.039673
-0.136963 -0.609497 0.945801 0.165894 -0.160278 -0.008423
-0.119873 -0.588989 0.970703 0.235107 -0.169800 0.031128
-0.089355 -0.557007 0.971191 0.253296 -0.160400 0.071167
-0.067627 -0.515015 0.973633 0.241211 -0.142334 0.100464
