-0.041016 -0.374268 0.964966 -0.186523 0.022827 -0.134277
-0.052002 -0.401123 0.947388 -0.218140 0.015991 -0.137939
-0.068237 -0.417725 0.935059 -0.192993 -0.000854 -0.135010
-0.064575 -0.431641 0.967285 -0.126465 -0.024536 -0.126465
-0.038818 -0.413696 0.988159 -0.102295 -0.038818 -0.109375
-0.016235 -0.390869 0.998657 -0.127563 -0.034546 -0.098145
-0.004395 -0.380493 1.007202 -0.153320 -0.018311 -0.098511
-0.006714 -0.386719 0.996826 -0.168335 -0.002808 -0.112183
-0.016357 -0.404907 0.989136 -0.174805 -0.002808 -0.132935
-0.024658 -0.429443 1.004761 -0.155151 -0.012939 -0.153076
-0.028564 -0.442383 1.019531 -0.132202 -0.018799 -0.164063
-0.041138 -0.461426 1.025269 -0.109619 -0.017944 -0.163452
-0.059082 -0.469116 1.010010 -0.091187 -0.022461 -0.152954
-0.064575 -0.474487 0.991699 -0.063232 -0.033936 -0.140381
-0.062622 -0.450317 0.977661 -0.020386 -0.050659 -0.132935
-0.058594 -0.449463 0.975830 0.015137 -0.070557 -0.128662
-0.034180 -0.432739 1.006104 0.035522 -0.088501 -0.131348
-0.017456 -0.410889 1.021973 0.023804 -0.079590 -0.128540
-0.026001 -0.420410 1.012573 -0.034302 -0.040649 -0.111572
-0.052368 -0.424438 0.985596 -0.091064 -0.006470 -0.098267
-0.073120 -0.439697 0.966187 -0.089966 -0.001343 -0.093872
-0.083252 -0.449951 0.971069 -0.063965 -0.022583 -0.098511
-0.090088 -0.468628 0.983521 -0.028076 -0.047607 -0.102661
-0.100464 -0.496216 0.991211 0.012329 -0.062500 -0.090576
-0.100220 -0.503052 0.994751 0.040527 -0.070068 -0.069580
-0.103271 -0.514771 1.004028 0.061768 -0.070313 -0.045654
-0.100342 -0.516724 1.004761 0.069702 -0.066406 -0.019653
-0.103394 -0.532349 1.005615 0.066895 -0.053955 0.004883
-0.117188 -0.550659 0.996216 0.071899 -0.040039 0.028687
-0.124878 -0.573730 0.997803 0.098267 -0.032715 0.049316
-0.134399 -0.593750 0.991577 0.121582 -0.033203 0.072021
-0.132813 -0.584473 0.988647 0.158936 -0.038818 0.096069
-0.122192 -0.581421 0.985474 0.203003 -0.052490 0.116821
-0.112915 -0.568115 0.985840 0.235474 -0.070435 0.130859
-0.108398 -0.568726 0.983154 0.250488 -0.078369 0.146118
-0.096069 -0.558960 0.980835 0.260376 -0.079224 0.165039
-0.109009 -0.568237 0.975342 0.277344 -0.076660 0.191528
-0.074341 -0.518677 0.950684 0.389648 -0.085693 0.220703
-0.051514 -0.503540 0.959961 0.335327 -0.083862 0.231323
-0.040161 -0.497070 0.957275 0.265869 -0.060791 0.246216
-0.037109 -0.494507 0.958252 0.250854 -0.032837 0.264526
-0.037598 -0.493042 0.938354 0.239380 -0.020264 0.282593
-0.048828 -0.505371 0.916504 0.213135 -0.021484 0.297119
-0.032837 -0.491333 0.907227 0.211914 -0.036255 0.312500
-0.022827 -0.480469 0.913086 0.219116 -0.045654 0.334351
-0.027344 -0.479858 0.896729 0.204712 -0.050171 0.358643
-0.023193 -0.473145 0.893921 0.214111 -0.055786 0.380005
-0.004395 -0.448486 0.890381 0.215088 -0.067261 0.398682
0.010986 -0.439697 0.901123 0.200806 -0.079956 0.409668
0.029175 -0.418335 0.921021 0.207397 -0.088379 0.412354
0.038330 -0.412109 0.937866 0.191284 -0.087280 0.417236
0.042114 -0.395630 0.922607 0.163086 -0.080444 0.422241
0.038574 -0.397217 0.919800 0.141235 -0.081665 0.431641
0.053955 -0.391602 0.944824 0.160156 -0.090210 0.442383
0.056641 -0.400513 0.952393 0.130127 -0.100342 0.450195
0.077393 -0.377441 0.967285 0.130615 -0.108643 0.455200
0.092163 -0.353394 0.982666 0.123047 -0.120361 0.459595
0.110840 -0.313110 1.002441 0.120972 -0.128174 0.459839
0.129517 -0.278809 0.986084 0.115967 -0.128418 0.456909
0.148315 -0.235474 0.989014 0.110840 -0.124023 0.447876
0.161865 -0.195801 0.988647 0.072388 -0.119019 0.427246
0.162109 -0.174805 0.966064 0.080078 -0.113037 0.405884
0.159424 -0.165894 0.952881 0.105225 -0.111206 0.382690
0.162720 -0.158325 0.952148 0.077637 -0.105957 0.363403
0.172485 -0.151367 0.954834 0.049561 -0.077881 0.348877
0.164795 -0.138306 0.944702 -0.021973 -0.042847 0.327271
0.130981 -0.148926 0.906250 -0.107788 -0.015869 0.302979
0.100098 -0.160278 0.880981 -0.139526 -0.017822 0.275513
0.085938 -0.172974 0.880249 -0.134521 -0.052124 0.252075
0.083862 -0.181396 0.911743 -0.098877 -0.105347 0.223267
0.108032 -0.168701 0.963379 -0.033325 -0.155518 0.194336
0.132813 -0.137573 1.012085 -0.006348 -0.167969 0.173340
0.147705 -0.109863 1.035889 -0.020386 -0.135498 0.166870
0.158325 -0.080566 1.036499 -0.093506 -0.077148 0.154541
0.146729 -0.075073 1.037354 -0.180298 -0.023315 0.130493
0.139404 -0.080078 1.076172 -0.268677 0.002930 0.095703
0.135010 -0.105591 1.099731 -0.329834 0.023438 0.068848
0.121582 -0.109009 1.105225 -0.347900 0.056885 0.043091
0.091064 -0.121094 1.074097 -0.336670 0.083130 0.015991
0.065063 -0.141235 1.063477 -0.286133 0.078003 -0.006958
0.068604 -0.130127 1.071899 -0.179810 0.039429 -0.023071
0.058838 -0.158813 1.075439 -0.086304 0.004761 -0.039063
0.088623 -0.111328 1.102661 -0.014893 -0.033447 -0.057251
0.101929 -0.100098 1.103027 -0.005493 -0.044800 -0.065308
0.132446 -0.073730 1.116943 -0.018188 -0.012207 -0.079224
0.147095 -0.057739 1.126099 -0.066650 0.042480 -0.106934
0.126953 -0.087280 1.136353 -0.136353 0.092407 -0.144531
0.106201 -0.105469 1.126465 -0.187744 0.131958 -0.180908
0.077148 -0.126099 1.102539 -0.222046 0.150391 -0.214233
0.056885 -0.144531 1.079712 -0.243530 0.152344 -0.239624
0.046143 -0.129761 1.058838 -0.219604 0.138916 -0.264893
0.033081 -0.125854 1.051880 -0.157715 0.108765 -0.298950
0.026611 -0.150024 1.071167 -0.112061 0.088501 -0.325317
0.022827 -0.154419 1.086426 -0.105469 0.093140 -0.336182
0.022583 -0.151245 1.094482 -0.128662 0.108887 -0.339600
0.018921 -0.155884 1.085327 -0.159302 0.124756 -0.343018
0.019287 -0.137329 1.088379 -0.140259 0.133057 -0.358398
0.004883 -0.157715 1.086060 -0.106934 0.140625 -0.375122
-0.006470 -0.182983 1.095947 -0.074341 0.141113 -0.391846
-0.019043 -0.199707 1.098389 -0.076294 0.140137 -0.398804
-0.030762 -0.207764 1.084106 -0.116577 0.148315 -0.402344
-0.052490 -0.216675 1.062256 -0.143799 0.157715 -0.411011
-0.078125 -0.236694 1.041870 -0.131226 0.152466 -0.423584
-0.101074 -0.262939 1.027100 -0.105835 0.136841 -0.430054
-0.127197 -0.290039 1.011353 -0.088745 0.111938 -0.421265
-0.122192 -0.273926 1.013062 -0.029663 0.080811 -0.396240
-0.105469 -0.232544 1.022705 -0.007080 0.062622 -0.364746
-0.058594 -0.193237 1.059692 -0.049805 0.063721 -0.335815
-0.045654 -0.171875 1.072754 -0.140137 0.093384 -0.333984
-0.053101 -0.180664 1.052734 -0.201660 0.136719 -0.353027
-0.091675 -0.221680 1.002808 -0.239258 0.161499 -0.383545
-0.129150 -0.275635 0.969238 -0.242676 0.153564 -0.415527
-0.147583 -0.305786 0.964233 -0.205566 0.109375 -0.435669
-0.161377 -0.340820 0.956055 -0.181030 0.060425 -0.436401
-0.144043 -0.331787 0.979492 -0.140869 0.027222 -0.424438
-0.124146 -0.322144 0.994385 -0.124512 0.019775 -0.401123
-0.121216 -0.318237 0.991821 -0.174072 0.027710 -0.385864
-0.141724 -0.325439 0.967407 -0.216064 0.037964 -0.372925
-0.158569 -0.380737 0.962769 -0.163330 0.035156 -0.360229
-0.146484 -0.373169 0.939331 -0.050781 0.023682 -0.342896
-0.161621 -0.406738 0.902588 0.004761 0.022217 -0.320190
-0.161011 -0.432373 0.887329 0.034546 0.006470 -0.296265
-0.163696 -0.467041 0.886475 0.028687 -0.020020 -0.270264
-0.158569 -0.495117 0.899292 0.016235 -0.041138 -0.237549
-0.145508 -0.517334 0.926758 0.001587 -0.050293 -0.200806
-0.115967 -0.506958 0.959351 -0.026123 -0.048218 -0.161987
-0.107544 -0.513184 0.968262 -0.077637 -0.022461 -0.125854
-0.130249 -0.531860 0.933350 -0.117188 0.002075 -0.090942
-0.154907 -0.555786 0.897705 -0.121704 -0.004395 -0.066772
-0.168823 -0.587769 0.878174 -0.090942 -0.047241 -0.046997
-0.165771 -0.620361 0.906982 -0.041016 -0.118896 -0.036255
-0.113281 -0.594482 0.967041 0.017944 -0.183105 -0.022339
-0.078125 -0.596680 1.021240 0.012207 -0.189331 0.003174
-0.058838 -0.586060 1.057373 -0.007080 -0.155518 0.021729
-0.069214 -0.590820 1.041992 -0.012695 -0.114868 0.034058
-0.079834 -0.590332 1.004883 0.002441 -0.093140 0.048828
-0.096680 -0.594727 0.975220 0.017090 -0.095703 0.062134
-0.099609 -0.584839 0.959229 0.049805 -0.117188 0.081909
-0.096313 -0.594604 0.971558 0.087158 -0.143555 0.108887
-0.089966 -0.590820 0.979370 0.128174 -0.173706 0.124023
-0.076538 -0.576172 0.994751 0.188477 -0.205566 0.140259
-0.033325 -0.538452 1.028931 0.244141 -0.250488 0.166870
0.013550 -0.491333 1.057007 0.254883 -0.243652 0.185547
0.041626 -0.446167 1.072510 0.218384 -0.189941 0.199585
0.032593 -0.432373 1.051514 0.165283 -0.112305 0.207520
-0.001465 -0.453003 1.012085 0.123535 -0.048340 0.205444
-0.037842 -0.487061 0.979980 0.101196 -0.020020 0.209839
-0.060547 -0.519531 0.968750 0.108521 -0.026978 0.226318
-0.054810 -0.514038 0.967407 0.146729 -0.052368 0.244995
-0.043335 -0.498413 0.959839 0.165649 -0.079956 0.258911
