0.058716 -0.332275 1.004517 -0.009155 -0.025757 -0.200806
0.070068 -0.325928 1.021851 0.011108 -0.034790 -0.202026
0.094482 -0.296509 1.026978 0.001709 -0.024292 -0.192505
0.094971 -0.309814 1.039795 -0.070801 0.014038 -0.169800
0.102539 -0.293823 1.036377 -0.177124 0.064453 -0.152344
0.083008 -0.312256 1.011963 -0.272095 0.116943 -0.142944
0.063232 -0.330566 0.984131 -0.325073 0.146973 -0.147461
0.038452 -0.354736 0.965454 -0.325928 0.146606 -0.163940
0.017334 -0.390503 0.962036 -0.275879 0.118652 -0.190186
-0.002197 -0.421143 0.957153 -0.219116 0.074585 -0.209961
-0.016357 -0.444214 0.953491 -0.157593 0.029785 -0.216431
0.004517 -0.418335 0.973267 -0.101318 -0.006714 -0.211792
0.024414 -0.388428 0.980591 -0.102539 -0.009521 -0.195313
0.030640 -0.377319 0.988037 -0.153442 0.012939 -0.173096
0.029785 -0.371948 0.991455 -0.214600 0.051636 -0.149170
0.008789 -0.401123 0.985596 -0.283081 0.093872 -0.123779
-0.014160 -0.415771 0.975464 -0.341309 0.111816 -0.117432
-0.040771 -0.428711 0.976685 -0.366699 0.102905 -0.128174
-0.070557 -0.452271 0.965942 -0.343872 0.073242 -0.148193
-0.089233 -0.484497 0.965332 -0.278198 0.024048 -0.170410
-0.091919 -0.518433 0.989624 -0.182495 -0.034912 -0.186279
-0.086670 -0.542969 1.009277 -0.095825 -0.078735 -0.190796
-0.069214 -0.552979 1.037964 -0.033325 -0.098511 -0.180176
-0.050781 -0.539429 1.054688 -0.005615 -0.089478 -0.158936
-0.051392 -0.535278 1.032837 -0.006958 -0.060181 -0.136475
-0.055664 -0.543579 1.015991 -0.022583 -0.037231 -0.112793
-0.063843 -0.564697 1.013428 -0.045288 -0.021851 -0.085938
-0.074829 -0.601563 1.009277 -0.049561 -0.014648 -0.055786
-0.086670 -0.639893 0.997314 -0.027466 -0.018433 -0.027832
-0.079712 -0.652100 0.984009 0.041016 -0.033325 -0.005859
-0.062866 -0.651978 0.993042 0.117554 -0.052246 0.009155
-0.043945 -0.636719 1.002075 0.185913 -0.064087 0.026001
-0.039185 -0.648193 0.994751 0.229736 -0.059692 0.055908
-0.034180 -0.647339 0.995361 0.234863 -0.052490 0.083008
-0.036743 -0.656860 0.979492 0.243286 -0.047852 0.113525
-0.032593 -0.659546 0.969238 0.254272 -0.049194 0.140503
-0.022827 -0.647583 0.968384 0.283203 -0.048950 0.168823
-0.012451 -0.640503 0.945923 0.312622 -0.047119 0.195068
-0.001709 -0.634888 0.938965 0.336792 -0.058716 0.220215
0.017090 -0.603271 0.952271 0.336792 -0.068237 0.250000
0.029541 -0.579102 0.939453 0.319214 -0.061646 0.290894
0.035522 -0.559082 0.922852 0.282837 -0.054199 0.330200
0.044556 -0.540771 0.912720 0.269043 -0.058716 0.355591
0.044678 -0.538086 0.909790 0.272339 -0.068604 0.372437
0.068604 -0.511963 0.916992 0.272827 -0.075562 0.390137
0.049805 -0.517700 0.891602 0.248901 -0.066772 0.410889
0.050415 -0.502930 0.874146 0.243164 -0.066650 0.433960
0.056519 -0.487915 0.876343 0.211426 -0.080688 0.458618
0.070190 -0.461792 0.889771 0.209961 -0.096191 0.477417
0.091309 -0.444336 0.910767 0.201172 -0.097778 0.497070
0.090454 -0.430664 0.905396 0.159302 -0.085571 0.518799
0.083130 -0.422974 0.899902 0.110596 -0.068359 0.534790
0.083862 -0.401978 0.886230 0.083008 -0.066040 0.533691
0.077515 -0.387817 0.870239 0.070435 -0.090210 0.513916
0.092163 -0.382935 0.909546 0.082275 -0.126221 0.486938
0.094727 -0.388916 0.951538 0.090698 -0.159302 0.466309
0.125000 -0.336060 0.956909 0.142578 -0.173462 0.463135
0.119263 -0.325928 0.967651 0.116821 -0.165039 0.477295
0.134399 -0.284668 0.956543 0.118042 -0.156982 0.486694
0.164063 -0.223877 0.983276 0.114990 -0.153564 0.491211
0.161987 -0.224976 0.988525 0.056641 -0.132690 0.492188
0.163452 -0.210693 0.987427 0.030762 -0.123169 0.480469
0.168701 -0.195923 0.999390 0.043091 -0.122437 0.458008
0.169800 -0.183472 0.992676 0.063110 -0.116089 0.437256
0.156250 -0.168823 0.971680 0.077393 -0.109741 0.412109
0.148926 -0.168945 0.968018 0.083130 -0.114136 0.385132
0.151489 -0.167603 0.963623 0.074585 -0.124756 0.362671
0.148438 -0.167480 0.963989 0.025391 -0.133057 0.346436
0.148926 -0.153442 0.960205 -0.004517 -0.134033 0.334351
0.157593 -0.138062 0.965332 -0.012817 -0.129150 0.316772
0.152344 -0.129639 0.958130 -0.031250 -0.127563 0.289185
0.143188 -0.123901 0.938354 -0.024414 -0.133179 0.253418
0.153564 -0.125488 0.964478 0.019775 -0.150391 0.218628
0.161499 -0.129150 1.010620 0.017334 -0.156738 0.188965
0.156494 -0.144409 1.025635 -0.001831 -0.136597 0.172119
0.156982 -0.144043 1.040283 -0.021240 -0.114746 0.166870
0.159424 -0.127319 1.048462 -0.062012 -0.091797 0.166870
0.166260 -0.113770 1.040039 -0.104736 -0.071899 0.161499
0.166992 -0.103394 1.043945 -0.134888 -0.057861 0.141968
0.153931 -0.109741 1.033936 -0.135254 -0.053833 0.112915
0.167603 -0.091431 1.049438 -0.096436 -0.053833 0.082153
0.174316 -0.088501 1.075439 -0.106079 -0.033691 0.057007
0.158936 -0.077271 1.065796 -0.136475 -0.003296 0.033569
0.146973 -0.050903 1.032227 -0.131958 0.013916 -0.000366
0.128174 -0.059204 1.022705 -0.132080 0.009644 -0.036499
0.118286 -0.063721 1.027710 -0.139282 0.002441 -0.072632
0.099365 -0.070679 1.021729 -0.130493 0.000122 -0.108521
0.087402 -0.064453 1.019165 -0.095337 -0.008911 -0.141479
0.090088 -0.068726 1.048218 -0.090576 -0.020020 -0.168823
0.088501 -0.085815 1.085449 -0.111694 -0.024536 -0.197510
0.081543 -0.093018 1.092163 -0.110718 -0.022095 -0.221191
0.089233 -0.077759 1.094849 -0.118896 -0.020996 -0.237915
0.085815 -0.071289 1.063232 -0.163940 -0.021851 -0.255859
0.099487 -0.071045 1.060303 -0.155640 -0.024414 -0.286377
0.103271 -0.094482 1.065308 -0.159180 -0.021851 -0.322266
0.098755 -0.118408 1.057983 -0.182373 -0.006592 -0.352295
0.075195 -0.152954 1.032959 -0.204590 0.013916 -0.375977
0.066895 -0.175171 1.013916 -0.208984 0.022339 -0.391846
0.056519 -0.207764 1.030396 -0.215942 0.025513 -0.402588
0.057495 -0.232910 1.045044 -0.192383 0.021851 -0.404297
0.051636 -0.253662 1.055664 -0.166992 0.023438 -0.404541
0.043213 -0.278687 1.063599 -0.167969 0.027466 -0.398193
0.045654 -0.276489 1.054932 -0.164673 0.034790 -0.386719
0.039795 -0.259644 1.028687 -0.157593 0.046143 -0.375244
0.049927 -0.247070 1.036743 -0.145874 0.055420 -0.367065
0.056396 -0.242310 1.045410 -0.155396 0.066040 -0.369141
0.048584 -0.256714 1.034180 -0.172729 0.080933 -0.379150
0.022339 -0.283569 1.021240 -0.155151 0.088745 -0.391724
0.022339 -0.298706 1.035522 -0.127563 0.085449 -0.391235
0.021851 -0.304932 1.035889 -0.118774 0.087769 -0.375122
0.024048 -0.306152 1.027100 -0.101807 0.097900 -0.359619
0.043335 -0.291260 1.035767 -0.074341 0.102905 -0.352173
0.057861 -0.277710 1.047607 -0.087036 0.122925 -0.349731
0.037964 -0.297119 1.019775 -0.133911 0.161011 -0.346191
0.018066 -0.323730 0.999878 -0.171997 0.190430 -0.338501
-0.018921 -0.378418 0.979126 -0.201660 0.195801 -0.328857
-0.044067 -0.418335 0.975342 -0.168213 0.169800 -0.322876
-0.046021 -0.446533 0.994873 -0.092163 0.123413 -0.322510
-0.059082 -0.467041 0.988403 -0.040649 0.072144 -0.318359
-0.041138 -0.447632 1.011108 0.094849 0.022339 -0.311279
0.008301 -0.410400 1.064575 0.170288 -0.004517 -0.284180
0.020508 -0.384766 1.063843 -0.002686 0.009033 -0.250488
-0.001221 -0.393555 1.040283 -0.139160 0.073730 -0.220093
-0.027466 -0.403442 1.010986 -0.227661 0.137085 -0.193970
-0.039551 -0.413574 0.978760 -0.206543 0.173096 -0.173584
-0.041016 -0.431641 0.970825 -0.101440 0.166016 -0.166016
-0.057861 -0.483887 0.986572 -0.063232 0.128174 -0.168457
-0.080811 -0.531372 0.996826 -0.054810 0.069092 -0.171021
-0.083252 -0.558228 1.004761 0.012939 -0.002930 -0.167603
-0.050293 -0.526611 1.026489 0.137817 -0.062134 -0.160767
-0.013550 -0.475098 1.038818 0.225342 -0.073608 -0.147217
-0.007202 -0.447021 1.024292 0.216064 -0.059448 -0.119507
-0.010010 -0.448242 1.019653 0.177368 -0.031494 -0.078735
-0.009033 -0.438965 1.034058 0.141479 0.002197 -0.032715
-0.015137 -0.437744 1.018799 0.079468 0.036865 0.008667
-0.011230 -0.439087 1.012085 0.018555 0.059326 0.032593
-0.010376 -0.429810 1.014648 -0.021973 0.065308 0.042969
-0.032471 -0.452637 0.994873 -0.036011 0.057129 0.042114
-0.046631 -0.478394 0.974731 0.012085 0.020630 0.027222
-0.050659 -0.496704 0.979736 0.120361 -0.032593 0.010132
-0.041626 -0.488770 0.995361 0.239502 -0.092163 0.005981
-0.016479 -0.444336 1.000854 0.263184 -0.110107 0.023560
-0.003540 -0.426514 1.005127 0.201172 -0.093384 0.068726
0.007202 -0.391846 1.005737 0.128418 -0.057129 0.110107
0.004639 -0.378662 0.987915 0.075806 -0.017334 0.134033
0.001221 -0.381958 0.984131 0.037964 -0.006348 0.136597
-0.010376 -0.398682 0.980225 0.043823 -0.017700 0.122070
-0.021851 -0.408691 0.970581 0.095825 -0.040039 0.108032
-0.015991 -0.403687 0.979004 0.139893 -0.069824 0.105469
0.002686 -0.367798 0.984619 0.132935 -0.080078 0.116089
