0.066528 -0.271118 1.002075 -0.005493 -0.001709 -0.038208
0.061890 -0.276123 0.999146 0.015625 -0.013916 -0.038940
0.061768 -0.271118 1.000122 0.022827 -0.028076 -0.036255
0.071411 -0.272217 1.001343 0.033813 -0.031982 -0.031738
0.067139 -0.274658 0.996704 0.021851 -0.036133 -0.036133
0.067993 -0.277832 0.999878 0.022217 -0.041504 -0.043945
0.068115 -0.281738 0.997559 0.034424 -0.042358 -0.050171
0.061523 -0.294067 1.004761 0.028076 -0.036011 -0.052124
0.055420 -0.308594 0.999023 0.025757 -0.032471 -0.050537
0.047852 -0.319702 0.991333 0.016968 -0.037231 -0.046997
0.044189 -0.333496 0.985107 0.013184 -0.047241 -0.041138
0.046753 -0.343506 0.999146 0.030029 -0.060181 -0.035889
0.054688 -0.340332 1.019897 0.040649 -0.074951 -0.033569
0.065918 -0.338135 1.038208 0.037109 -0.082397 -0.028198
0.071655 -0.341187 1.042236 0.020630 -0.079712 -0.019897
0.067017 -0.354370 1.033813 0.021362 -0.072754 -0.021729
0.061890 -0.369995 1.019653 0.035400 -0.073730 -0.026855
0.051880 -0.379028 1.010864 0.054932 -0.081543 -0.031006
0.047241 -0.386108 1.002197 0.080688 -0.091553 -0.030151
0.049438 -0.386353 1.001831 0.106934 -0.109009 -0.031006
0.049805 -0.394165 0.999634 0.131348 -0.125366 -0.026245
0.039551 -0.405029 0.993164 0.158569 -0.144287 -0.024658
0.046021 -0.412476 0.989014 0.200439 -0.171143 -0.030762
0.063599 -0.402100 1.001709 0.238281 -0.199585 -0.035278
0.071899 -0.403809 1.012573 0.259033 -0.218628 -0.036987
0.098267 -0.398682 1.059937 0.276611 -0.223022 -0.029907
0.118896 -0.389282 1.092163 0.253418 -0.198486 -0.002686
0.133057 -0.383301 1.111450 0.201294 -0.153320 0.032349
0.120850 -0.389648 1.095093 0.175659 -0.106079 0.065796
0.086914 -0.451416 1.067993 0.113647 -0.052612 0.105591
0.075806 -0.438477 1.045166 0.128052 -0.057007 0.130859
0.061890 -0.447266 1.041870 0.131592 -0.067017 0.158813
0.058472 -0.446289 1.065674 0.139648 -0.086304 0.180176
0.059082 -0.430664 1.076050 0.192505 -0.095947 0.192017
0.063354 -0.427124 1.104248 0.182373 -0.098267 0.206421
0.086914 -0.402954 1.131592 0.169678 -0.087402 0.236328
0.098633 -0.374023 1.139771 0.150513 -0.049194 0.279297
0.103271 -0.340210 1.130005 0.102905 -0.006226 0.317017
0.105225 -0.316528 1.102783 0.070313 0.033325 0.337769
0.092285 -0.297852 1.076660 0.064087 0.057129 0.344604
0.081177 -0.307739 1.059570 0.082764 0.064453 0.341553
0.077271 -0.315430 1.039307 0.096680 0.051880 0.343140
0.084106 -0.304443 1.025391 0.115601 0.031250 0.342407
0.104614 -0.286987 1.041260 0.122681 0.012085 0.340454
0.123413 -0.266724 1.042358 0.128540 0.010620 0.343506
0.130737 -0.237549 1.035278 0.121826 0.037354 0.350952
0.110596 -0.231567 0.994141 0.089600 0.073120 0.363403
0.093384 -0.222534 0.946411 0.069580 0.093018 0.383423
0.081421 -0.205933 0.914063 0.062134 0.081299 0.396851
0.093262 -0.179077 0.906860 0.083984 0.046753 0.400269
0.114502 -0.144531 0.905640 0.114502 0.004517 0.395020
0.145020 -0.108765 0.920898 0.134521 -0.044434 0.376343
0.176636 -0.078491 0.948486 0.148804 -0.089233 0.345947
0.199219 -0.066406 0.958862 0.159302 -0.118042 0.313721
0.225708 -0.050293 0.984619 0.170532 -0.131592 0.287354
0.248779 -0.044434 1.018066 0.156006 -0.113647 0.278687
0.257446 -0.046753 1.024414 0.104492 -0.066528 0.290771
0.249390 -0.045166 1.012207 0.031250 -0.007813 0.313599
0.223877 -0.045288 0.975464 -0.048340 0.042480 0.329590
0.183105 -0.070068 0.923096 -0.098877 0.065796 0.327393
0.163330 -0.083618 0.893677 -0.110474 0.054688 0.307739
0.153198 -0.093628 0.889648 -0.091797 0.022217 0.272949
0.148315 -0.103149 0.891968 -0.078735 -0.022339 0.237061
0.165527 -0.107056 0.918335 -0.053833 -0.064209 0.210938
0.182373 -0.114502 0.957886 -0.039063 -0.088745 0.191284
0.200562 -0.119385 0.993408 -0.037354 -0.099854 0.181396
0.212158 -0.118164 1.019409 -0.050659 -0.092896 0.179688
0.221924 -0.106812 1.033325 -0.070679 -0.071045 0.174316
0.207642 -0.109375 1.009888 -0.103149 -0.039551 0.163818
0.201904 -0.113281 0.994507 -0.112915 -0.015503 0.149902
0.188110 -0.133301 0.984619 -0.146240 -0.000610 0.134155
0.173340 -0.144165 0.960815 -0.165039 0.005371 0.127075
0.176392 -0.141968 0.968384 -0.176270 -0.003296 0.124146
0.185547 -0.144653 0.984619 -0.181641 -0.018677 0.115356
0.183960 -0.131348 0.975952 -0.174072 -0.039795 0.096558
0.189331 -0.117065 0.957275 -0.135498 -0.079346 0.064209
0.208008 -0.093994 0.981323 -0.072021 -0.130493 0.023682
0.241089 -0.062134 1.011475 -0.033081 -0.170898 -0.014038
0.271606 -0.031128 1.044922 -0.023193 -0.179810 -0.043091
0.286377 -0.017822 1.065186 -0.028320 -0.157471 -0.069092
0.292480 -0.005615 1.070190 -0.068359 -0.110107 -0.090576
0.272583 -0.017944 1.035156 -0.151489 -0.040039 -0.093750
0.231934 -0.053345 0.986328 -0.263306 0.025024 -0.091553
0.197632 -0.088989 0.950684 -0.351563 0.058716 -0.091064
0.170288 -0.131226 0.936035 -0.380615 0.051514 -0.100098
0.165405 -0.121338 0.952148 -0.358032 0.003540 -0.121338
0.182617 -0.109009 1.010498 -0.262939 -0.047974 -0.158813
0.206421 -0.096436 1.076904 -0.199585 -0.083618 -0.197632
0.227051 -0.072266 1.137695 -0.188843 -0.089844 -0.231934
0.227295 -0.055908 1.176880 -0.199341 -0.051392 -0.250488
0.213989 -0.046021 1.182129 -0.224487 0.002075 -0.268921
0.193970 -0.054932 1.175293 -0.259521 0.055786 -0.293701
0.171265 -0.061646 1.173584 -0.289673 0.113525 -0.306885
0.141968 -0.069946 1.149414 -0.323975 0.165039 -0.313232
0.121826 -0.076538 1.138916 -0.348877 0.200439 -0.319702
0.110352 -0.064819 1.133789 -0.351318 0.215332 -0.333130
0.098267 -0.062500 1.124512 -0.356812 0.222656 -0.360840
0.088013 -0.066650 1.113525 -0.337769 0.226807 -0.401367
0.074463 -0.074463 1.102905 -0.291870 0.224121 -0.446411
0.036011 -0.109253 1.066650 -0.233276 0.209961 -0.485474
0.004761 -0.163208 1.058472 -0.154297 0.183350 -0.497192
0.001465 -0.170288 1.074829 -0.108276 0.154907 -0.480957
0.011963 -0.176270 1.113037 -0.108032 0.149902 -0.444946
0.012939 -0.176758 1.131836 -0.147583 0.173828 -0.402954
-0.004517 -0.192261 1.110840 -0.208618 0.213379 -0.362061
-0.035889 -0.210449 1.055542 -0.254761 0.240234 -0.327026
-0.060181 -0.198975 0.997803 -0.268066 0.236816 -0.307983
-0.066895 -0.191895 0.955078 -0.246216 0.203003 -0.309692
-0.075439 -0.210938 0.940430 -0.206787 0.148682 -0.326660
-0.055908 -0.223511 0.972778 -0.161377 0.093506 -0.341797
-0.042358 -0.276978 1.008423 -0.167358 0.068481 -0.333740
-0.016724 -0.322998 1.052490 -0.206787 0.064941 -0.307007
-0.013916 -0.348877 1.074219 -0.242188 0.086304 -0.276001
-0.016724 -0.334106 1.038940 -0.233154 0.114014 -0.251221
-0.026489 -0.323242 0.983032 -0.223633 0.122192 -0.240601
-0.026978 -0.311035 0.941406 -0.212158 0.099243 -0.245117
-0.003174 -0.263916 0.937500 -0.142456 0.032227 -0.275146
0.012207 -0.265991 0.952759 -0.096924 -0.008789 -0.324219
0.052368 -0.282715 1.015381 -0.010986 -0.055298 -0.399414
0.080566 -0.320190 1.090698 0.056641 -0.079834 -0.468628
0.069214 -0.392822 1.094971 0.050659 -0.057617 -0.491333
0.052856 -0.473145 1.085938 0.015625 -0.007935 -0.465210
0.028076 -0.557739 1.078369 -0.041382 0.028320 -0.398682
0.009766 -0.585449 1.069336 -0.081177 0.050049 -0.301025
-0.000366 -0.556152 1.044800 -0.104492 0.055908 -0.203857
0.015991 -0.483521 1.026978 -0.097534 0.050049 -0.144897
0.009888 -0.449585 0.989746 -0.071655 0.040771 -0.122192
-0.005493 -0.439331 0.933838 -0.003052 0.017212 -0.135742
0.006470 -0.414917 0.947266 0.069214 -0.028198 -0.166016
0.028564 -0.438599 1.008911 0.095581 -0.060181 -0.187744
0.035278 -0.504272 1.057739 0.079224 -0.051025 -0.184082
0.019653 -0.550903 1.051147 0.030029 -0.019165 -0.135864
-0.008423 -0.565186 1.005615 -0.022461 0.005493 -0.060059
-0.022217 -0.547363 0.978760 -0.052612 0.016602 0.010864
-0.016602 -0.516357 0.963135 -0.055298 0.004517 0.067749
-0.000610 -0.476929 0.963013 -0.055908 -0.019531 0.095337
0.002441 -0.459473 0.957886 -0.017456 -0.049072 0.083008
0.015015 -0.432007 0.973633 0.082031 -0.083130 0.044800
0.026123 -0.416870 0.981079 0.149414 -0.112183 0.013550
0.033813 -0.426025 0.998047 0.164185 -0.122437 0.004028
0.038696 -0.437866 1.002808 0.136475 -0.123779 0.017578
0.034912 -0.444824 0.997559 0.118774 -0.115234 0.053589
0.030884 -0.445557 0.981445 0.105347 -0.102539 0.101074
0.034058 -0.450195 0.966919 0.096680 -0.099121 0.140137
0.046631 -0.438965 0.978760 0.095215 -0.103027 0.163208
0.050903 -0.427979 0.966064 0.102295 -0.109253 0.170410
0.046143 -0.428589 0.962158 0.129639 -0.121216 0.164307
0.043457 -0.432617 0.958008 0.170898 -0.138306 0.159668
0.050049 -0.422485 0.957275 0.189697 -0.152344 0.160278
0.056763 -0.417236 0.960938 0.182251 -0.158936 0.164917
