0.074707 -0.311157 1.014526 -0.054565 -0.001831 -0.027100
0.067871 -0.311279 1.008545 -0.052246 0.002808 -0.030518
0.062744 -0.321777 1.003784 -0.050293 0.004150 -0.032959
0.055176 -0.325317 0.997437 -0.043823 0.001953 -0.038086
0.051147 -0.331787 0.994629 -0.030273 -0.000977 -0.042236
0.048950 -0.333374 0.994629 -0.023071 -0.008667 -0.050049
0.048584 -0.333374 1.000122 -0.014893 -0.017334 -0.055420
0.046265 -0.337036 1.001465 -0.007324 -0.020996 -0.053345
0.042114 -0.337402 0.991211 -0.014648 -0.024414 -0.051758
0.039429 -0.334351 0.994629 -0.010742 -0.028320 -0.049683
0.040405 -0.355347 1.001343 -0.004272 -0.029297 -0.038940
0.040039 -0.369019 1.005493 -0.011475 -0.031494 -0.033569
0.037109 -0.380371 1.009155 -0.009033 -0.031250 -0.029663
0.033447 -0.389893 1.011597 -0.008667 -0.033325 -0.024170
0.023926 -0.400635 1.003418 -0.007568 -0.037598 -0.019043
0.017212 -0.414063 1.001099 0.004395 -0.045776 -0.020752
0.012817 -0.432739 1.002319 0.022827 -0.059082 -0.019653
0.017578 -0.448364 1.023193 0.039795 -0.072388 -0.015259
0.031616 -0.457275 1.051758 0.050659 -0.070801 -0.002808
0.039307 -0.479370 1.085449 0.036743 -0.048096 0.018433
0.030029 -0.495483 1.073853 0.002441 -0.013550 0.050049
0.011108 -0.508179 1.043091 -0.019653 0.010498 0.078857
-0.006470 -0.504639 1.014160 -0.007324 0.009155 0.093384
-0.006470 -0.495239 1.005005 0.029541 -0.012939 0.097656
0.003784 -0.463379 1.011719 0.070801 -0.043823 0.096558
0.000366 -0.448608 0.989502 0.095459 -0.067261 0.110718
0.003296 -0.444214 0.988892 0.122192 -0.092163 0.115112
0.022339 -0.417236 1.000244 0.154419 -0.116699 0.115356
0.043213 -0.390991 1.020386 0.161987 -0.133423 0.118530
0.062988 -0.394897 1.040039 0.127319 -0.117310 0.138916
0.076294 -0.386963 1.054443 0.072754 -0.084595 0.169067
0.077026 -0.366577 1.052734 0.028320 -0.041626 0.202271
0.060669 -0.370117 1.011597 -0.012207 -0.010132 0.229126
0.041992 -0.385986 0.980469 -0.021729 -0.006714 0.234741
0.023438 -0.395020 0.957153 0.011841 -0.034546 0.215332
0.019775 -0.393555 0.949707 0.053223 -0.078857 0.196411
0.036743 -0.405273 0.970947 0.084961 -0.121216 0.179321
0.056641 -0.432739 0.998413 0.110107 -0.139404 0.169434
0.065552 -0.437744 0.997559 0.112427 -0.135742 0.174561
0.077515 -0.425049 0.997559 0.111450 -0.115356 0.195923
0.065430 -0.417969 0.963867 0.083740 -0.088013 0.226685
0.048706 -0.404297 0.920044 0.059814 -0.069458 0.255249
0.040894 -0.405518 0.892700 0.068604 -0.078491 0.268677
0.053467 -0.388672 0.905640 0.090210 -0.110840 0.267822
0.072998 -0.383057 0.933838 0.107300 -0.141846 0.264648
0.104980 -0.373413 0.973389 0.132324 -0.163696 0.262329
0.134277 -0.355469 0.998413 0.147339 -0.168091 0.260254
0.152466 -0.319824 1.004639 0.157715 -0.160522 0.261597
0.169312 -0.293823 0.996826 0.151367 -0.149414 0.269531
0.169678 -0.276123 1.001465 0.141357 -0.141846 0.270264
0.183594 -0.274414 1.015015 0.116455 -0.131714 0.278076
0.188477 -0.266357 1.041870 0.091919 -0.114868 0.279175
0.191772 -0.259888 1.038818 0.092285 -0.092163 0.280762
0.183838 -0.238403 1.036011 0.100952 -0.076904 0.275269
0.179565 -0.223755 1.033691 0.099731 -0.067749 0.265137
0.177490 -0.203979 1.030029 0.093018 -0.052246 0.256714
0.164551 -0.191772 1.005005 0.077759 -0.033081 0.250122
0.152100 -0.179199 0.969238 0.060547 -0.015381 0.243042
0.136108 -0.183350 0.942383 0.045044 -0.002563 0.239746
0.119995 -0.199951 0.920532 0.036987 -0.005493 0.234009
0.115967 -0.218628 0.914673 0.042358 -0.032227 0.206909
0.122925 -0.203613 0.941406 0.043457 -0.056763 0.181885
0.146240 -0.187866 0.961548 0.057617 -0.057495 0.179932
0.166382 -0.181885 0.973999 0.038452 -0.052368 0.178223
0.172607 -0.181519 0.988159 0.013672 -0.047363 0.171265
0.171265 -0.192505 1.003052 -0.002319 -0.050415 0.159302
0.155029 -0.179321 0.991577 -0.007080 -0.061035 0.141235
0.165771 -0.166748 0.993164 0.012695 -0.063843 0.129272
0.176270 -0.159180 1.013062 0.012939 -0.069580 0.109375
0.183350 -0.148438 1.013550 -0.015259 -0.053955 0.096680
0.176270 -0.136108 1.000000 -0.062256 -0.020630 0.088745
0.154053 -0.156006 0.956543 -0.116821 0.025757 0.080688
0.124512 -0.156006 0.900757 -0.162231 0.060547 0.078735
0.092041 -0.175537 0.852173 -0.193726 0.066162 0.074585
0.082153 -0.184570 0.833862 -0.177734 0.025024 0.060425
0.103394 -0.171753 0.864136 -0.137085 -0.054443 0.035278
0.149536 -0.141846 0.951294 -0.073730 -0.128540 -0.001831
0.195068 -0.097168 1.016235 -0.027588 -0.169189 -0.046265
0.228149 -0.059692 1.067749 -0.019287 -0.167236 -0.072632
0.258179 -0.036743 1.100952 -0.047607 -0.131958 -0.086304
0.261963 -0.025269 1.118042 -0.105591 -0.070557 -0.092773
0.245605 -0.033813 1.101685 -0.180176 -0.008057 -0.104248
0.205933 -0.055420 1.072998 -0.243774 0.033081 -0.128662
0.182251 -0.070313 1.056152 -0.246216 0.040527 -0.157349
0.164185 -0.061523 1.047485 -0.220215 0.014526 -0.187744
0.175293 -0.036499 1.068359 -0.188477 -0.028564 -0.218018
0.199829 0.008301 1.109619 -0.132568 -0.056274 -0.259399
0.223022 0.056885 1.154175 -0.119141 -0.063110 -0.295044
0.230469 0.063721 1.190796 -0.171387 -0.041992 -0.324097
0.216919 0.040894 1.205688 -0.222778 0.015869 -0.349121
0.189941 0.030273 1.198853 -0.259155 0.083740 -0.370972
0.165894 0.018555 1.176392 -0.297852 0.146973 -0.388184
0.137695 -0.007202 1.157837 -0.320679 0.196655 -0.406494
0.101318 -0.071045 1.133911 -0.352417 0.221436 -0.418091
0.059814 -0.119263 1.107056 -0.342041 0.238037 -0.420288
0.022827 -0.162598 1.073364 -0.314453 0.246216 -0.411133
-0.013062 -0.197998 1.041626 -0.282959 0.231812 -0.393188
-0.031738 -0.216064 1.013794 -0.227539 0.190063 -0.386230
-0.024780 -0.210083 1.024902 -0.166016 0.136841 -0.395874
-0.003906 -0.220093 1.060547 -0.127075 0.091675 -0.413696
0.018311 -0.223755 1.093994 -0.088013 0.064209 -0.434326
0.036377 -0.234863 1.113281 -0.069824 0.061035 -0.447144
0.019775 -0.256104 1.093018 -0.081299 0.072388 -0.453979
0.023315 -0.280029 1.093506 -0.091675 0.078491 -0.447144
0.020996 -0.334106 1.095215 -0.118286 0.093750 -0.414429
0.004395 -0.367676 1.071411 -0.135620 0.113403 -0.355835
-0.006958 -0.368286 1.034546 -0.134399 0.114136 -0.309937
-0.018066 -0.367188 0.991455 -0.093262 0.098755 -0.284302
-0.023926 -0.351807 0.939209 -0.024780 0.055908 -0.273071
-0.014893 -0.342529 0.903809 0.066528 -0.005249 -0.277344
0.018799 -0.290771 0.916504 0.200806 -0.081787 -0.301758
0.041138 -0.263916 0.962158 0.270020 -0.104614 -0.319092
0.091309 -0.258545 1.055298 0.268433 -0.102173 -0.328857
0.106323 -0.326294 1.138550 0.151733 -0.049438 -0.296143
0.085205 -0.391724 1.137573 0.003784 0.038452 -0.232544
0.044800 -0.435303 1.100220 -0.108887 0.111450 -0.151733
0.023804 -0.444702 1.069214 -0.177979 0.142700 -0.087891
0.003418 -0.437744 1.050659 -0.181396 0.141602 -0.068359
-0.023193 -0.436279 1.003784 -0.136108 0.111816 -0.079346
-0.048828 -0.450806 0.974976 -0.060059 0.047974 -0.121460
-0.043335 -0.451660 0.992432 0.019775 -0.022827 -0.171875
-0.018555 -0.480713 1.040039 0.070679 -0.062256 -0.189209
-0.006958 -0.515381 1.080811 0.051392 -0.062866 -0.162720
-0.021606 -0.526245 1.065186 -0.008789 -0.033569 -0.094482
-0.033936 -0.517700 1.018066 -0.061401 -0.008423 -0.017822
-0.037842 -0.488281 0.981323 -0.115234 -0.002441 0.038940
-0.034912 -0.461426 0.970703 -0.129639 -0.011963 0.061035
-0.021606 -0.432373 0.956909 -0.084717 -0.031982 0.053345
-0.017090 -0.426147 0.935669 -0.022461 -0.067383 0.024170
0.002808 -0.414063 0.960815 0.034058 -0.104614 -0.013428
0.025635 -0.442505 0.989746 0.067993 -0.130249 -0.028564
0.042114 -0.462280 1.014526 0.074097 -0.125610 -0.011108
0.043579 -0.464600 1.001221 0.052612 -0.107422 0.030640
0.036987 -0.467773 0.971558 0.025879 -0.092407 0.083984
0.039673 -0.450073 0.948120 0.014404 -0.089478 0.125732
0.035400 -0.418823 0.934082 0.004272 -0.095703 0.148682
0.036133 -0.403320 0.915771 0.026367 -0.107300 0.150024
0.044434 -0.400146 0.912476 0.061890 -0.131348 0.126587
0.065430 -0.399658 0.934570 0.096313 -0.158203 0.095337
0.088379 -0.413208 0.963013 0.127075 -0.170288 0.070801
0.096924 -0.429199 0.987305 0.119873 -0.168335 0.067749
0.110107 -0.422729 1.002563 0.095093 -0.148804 0.081543
0.100220 -0.444092 0.980103 0.065674 -0.116455 0.115479
0.081909 -0.458984 0.954956 0.045044 -0.100098 0.140625
0.082642 -0.467407 0.945190 0.036255 -0.097534 0.156250
0.083496 -0.469971 0.950073 0.033569 -0.099609 0.162109
0.092651 -0.455078 0.946533 0.057251 -0.104492 0.166260
0.104736 -0.445923 0.940430 0.062988 -0.101318 0.166382
0.110840 -0.428955 0.949829 0.067505 -0.108154 0.163086
0.112183 -0.414795 0.938110 0.080688 -0.120361 0.158936
