0.069458 -0.234009 1.047119 -0.036743 -0.058594 -0.019409
0.067383 -0.236572 1.043823 -0.051270 -0.052612 -0.023682
0.067627 -0.244263 1.048096 -0.056641 -0.049683 -0.028687
0.076904 -0.239014 1.068726 -0.046143 -0.042358 -0.027954
0.075317 -0.238403 1.065186 -0.056641 -0.031250 -0.027832
0.075928 -0.234375 1.056396 -0.054810 -0.021973 -0.032104
0.081787 -0.244385 1.066895 -0.047607 -0.016724 -0.034058
0.084961 -0.240234 1.067627 -0.035034 -0.010010 -0.032349
0.084229 -0.232666 1.055664 -0.036865 0.003784 -0.030151
0.067627 -0.248901 1.036621 -0.050293 0.018066 -0.026611
0.057129 -0.245605 1.020630 -0.054810 0.017700 -0.025269
0.052124 -0.248779 1.005981 -0.044189 0.006226 -0.031738
0.055786 -0.247070 1.014404 -0.031372 -0.009277 -0.035889
0.068481 -0.242310 1.020142 -0.039795 -0.015259 -0.033569
0.074585 -0.251099 1.024658 -0.044312 -0.013428 -0.031372
0.081055 -0.238403 1.035156 -0.031006 -0.012695 -0.037476
0.083130 -0.241211 1.029663 -0.035889 -0.008911 -0.042480
0.079834 -0.242310 1.025146 -0.033447 -0.000854 -0.042603
0.063110 -0.251709 1.005737 -0.028320 0.008545 -0.038818
0.049194 -0.261719 0.992432 -0.035645 0.005981 -0.029907
0.045776 -0.269775 0.988892 -0.032715 -0.007568 -0.020142
0.052368 -0.255249 0.986694 -0.026978 -0.026001 -0.016602
0.067993 -0.246948 1.012329 -0.027344 -0.034058 -0.013794
0.073608 -0.240601 1.016235 -0.040405 -0.027466 -0.007080
0.074707 -0.242920 1.012695 -0.047363 -0.022217 -0.008057
0.074219 -0.244141 1.012085 -0.040649 -0.026733 -0.020752
0.077759 -0.235229 1.021484 -0.032593 -0.030884 -0.025757
0.080933 -0.248779 1.022217 -0.038574 -0.024414 -0.017456
0.077881 -0.248047 1.023926 -0.046875 -0.018921 -0.011841
0.076172 -0.258911 1.020874 -0.051636 -0.013184 -0.003174
0.068848 -0.251831 1.022461 -0.050537 -0.008911 0.003052
0.067627 -0.245361 1.020264 -0.053955 -0.008301 0.005005
0.060181 -0.248901 1.010132 -0.063965 -0.005615 0.004395
0.058105 -0.246338 0.994873 -0.071411 -0.010498 -0.000977
0.061646 -0.244629 0.999390 -0.067749 -0.025024 -0.007568
0.071655 -0.245483 1.001709 -0.055786 -0.038818 -0.010742
0.083984 -0.242798 1.018677 -0.040894 -0.047852 -0.013794
0.096313 -0.237061 1.032837 -0.030396 -0.052246 -0.023560
0.101685 -0.237549 1.036377 -0.025269 -0.049683 -0.035278
0.103882 -0.253418 1.028687 -0.026489 -0.046875 -0.049927
0.113159 -0.223633 1.021729 -0.026733 -0.050903 -0.073608
0.116455 -0.234375 1.011353 -0.029541 -0.046875 -0.060547
0.113037 -0.244751 1.006836 -0.023804 -0.042603 -0.053589
0.129883 -0.254150 0.990112 0.008057 -0.055420 -0.045288
0.157837 -0.245972 0.967041 0.054199 -0.077148 -0.041626
0.169067 -0.203735 0.976196 0.018799 -0.111694 -0.061279
0.210205 -0.186157 0.989502 0.034180 -0.111694 -0.070435
0.249756 -0.164185 1.013184 0.045288 -0.102173 -0.086304
0.279297 -0.151123 1.040283 0.017822 -0.086060 -0.106445
0.287964 -0.156982 1.052002 -0.024414 -0.060303 -0.123657
0.290527 -0.145630 1.040894 -0.046753 -0.024048 -0.125366
0.290771 -0.134277 1.041870 -0.046631 0.008301 -0.125732
0.308960 -0.118896 1.049072 -0.050903 0.021729 -0.149536
0.324463 -0.105225 1.061890 -0.055176 0.019775 -0.203979
0.346191 -0.121338 1.087524 -0.049927 0.022827 -0.264648
0.356934 -0.135376 1.119873 -0.060669 0.045898 -0.310913
0.343018 -0.176025 1.138550 -0.117432 0.105225 -0.329102
0.314209 -0.217041 1.145630 -0.155518 0.172363 -0.335449
0.269165 -0.253418 1.103516 -0.166382 0.211914 -0.338013
0.218262 -0.299438 1.049683 -0.203857 0.218140 -0.342773
0.165894 -0.334839 1.020142 -0.218872 0.199951 -0.349243
0.126221 -0.338867 0.989868 -0.189087 0.171387 -0.343872
0.085938 -0.325562 0.958130 -0.155518 0.145752 -0.339722
0.052246 -0.319336 0.937744 -0.128052 0.111694 -0.341431
0.028564 -0.311401 0.931152 -0.112061 0.079224 -0.340576
0.015503 -0.319092 0.941284 -0.072144 0.047974 -0.344727
0.006470 -0.312378 0.954468 -0.045410 0.017944 -0.354492
-0.013428 -0.324463 0.960083 -0.020264 0.002808 -0.363525
-0.031860 -0.350342 0.970825 -0.020508 -0.007324 -0.366089
-0.057007 -0.372437 0.979858 -0.032959 -0.011353 -0.349609
-0.081665 -0.377441 0.976685 -0.064087 -0.010254 -0.314697
-0.102295 -0.390381 0.978271 -0.111816 0.002441 -0.265503
-0.116089 -0.400757 0.985352 -0.150146 0.012939 -0.209961
-0.126953 -0.396484 0.973999 -0.180298 0.021240 -0.158203
-0.135986 -0.394043 0.971436 -0.183838 0.024902 -0.118774
-0.134521 -0.350708 0.962646 -0.165649 0.013550 -0.096069
-0.120239 -0.336426 0.975830 -0.125610 -0.006592 -0.085449
-0.099121 -0.345337 1.005005 -0.094849 -0.024292 -0.082153
-0.072876 -0.343018 1.047852 -0.074463 -0.028076 -0.073975
-0.064331 -0.347656 1.054443 -0.078247 -0.013062 -0.050781
-0.064209 -0.341675 1.035400 -0.091064 -0.001465 -0.029175
-0.059814 -0.336182 1.018188 -0.069946 -0.005615 -0.023193
-0.051392 -0.331543 1.018799 -0.039185 -0.020752 -0.021851
-0.030762 -0.319824 1.018188 -0.019165 -0.039795 -0.018921
-0.011230 -0.321045 1.022461 -0.002075 -0.055054 -0.017090
0.010986 -0.317505 1.026978 0.005127 -0.065796 -0.015137
0.036743 -0.308105 1.029053 0.015137 -0.070313 -0.009766
0.068604 -0.296021 1.046021 0.019897 -0.067261 -0.003174
0.089844 -0.280029 1.048828 -0.003174 -0.052124 0.015869
0.095581 -0.279663 1.040405 -0.031982 -0.026123 0.037964
0.093140 -0.276245 1.024658 -0.042847 -0.014038 0.042603
0.094482 -0.285278 1.006592 -0.035522 -0.015991 0.033813
0.096680 -0.293945 1.002686 -0.021240 -0.024536 0.021606
0.103760 -0.303711 1.002686 -0.025024 -0.033203 0.013550
0.111938 -0.312500 1.008423 -0.039795 -0.040283 0.010376
0.121826 -0.324829 1.014526 -0.054565 -0.037842 0.010620
0.122070 -0.343262 1.005127 -0.072144 -0.031982 0.012207
0.120239 -0.368286 0.997070 -0.084351 -0.028809 0.016357
0.115356 -0.393677 0.984497 -0.080688 -0.031860 0.019043
0.120483 -0.415527 0.983643 -0.065918 -0.043823 0.016113
0.125366 -0.435425 0.983032 -0.064453 -0.055908 0.025513
0.129150 -0.463623 0.979858 -0.069580 -0.066162 0.041870
0.131958 -0.484375 0.974487 -0.072144 -0.081055 0.052612
0.132080 -0.511353 0.977173 -0.062378 -0.099365 0.057983
0.147949 -0.520508 1.001831 -0.034790 -0.117310 0.052979
0.156860 -0.525635 1.010254 -0.008545 -0.131714 0.042358
0.160889 -0.541382 1.011963 0.028320 -0.130371 0.053345
0.147461 -0.543701 1.002441 0.064697 -0.121948 0.073975
0.137817 -0.523438 0.981689 0.084473 -0.114014 0.090820
0.128174 -0.492920 0.957153 0.099731 -0.110474 0.105347
0.123901 -0.461548 0.943970 0.101318 -0.107300 0.109619
0.122681 -0.448730 0.931030 0.086670 -0.110352 0.109863
0.124390 -0.429932 0.921265 0.075928 -0.116455 0.109619
0.122681 -0.408691 0.920044 0.054688 -0.125122 0.111450
0.121216 -0.409546 0.926392 0.041260 -0.124634 0.118652
0.098145 -0.414917 0.918579 0.016846 -0.123901 0.127563
0.072876 -0.434937 0.908691 0.011841 -0.127319 0.136353
0.056396 -0.440186 0.896851 0.032471 -0.138916 0.146729
0.061157 -0.407837 0.911377 0.044434 -0.155029 0.157837
0.071411 -0.381104 0.923828 0.042114 -0.158569 0.172485
0.072266 -0.360107 0.932007 0.016235 -0.147217 0.186157
0.062256 -0.333618 0.906738 -0.002686 -0.135498 0.197876
0.063232 -0.311035 0.907104 -0.011475 -0.144897 0.205566
0.084839 -0.274048 0.932373 -0.014282 -0.181519 0.201294
0.114624 -0.229004 0.956177 0.011841 -0.224487 0.178467
0.152588 -0.182861 0.997559 0.055420 -0.260742 0.139893
0.176270 -0.160767 1.023438 0.090698 -0.276611 0.095215
0.177612 -0.145630 1.046875 0.104370 -0.269897 0.053223
0.143555 -0.185425 1.018433 0.133423 -0.246826 0.029419
0.152710 -0.176758 1.052124 0.175171 -0.251343 0.002808
0.202881 -0.130371 1.114502 0.182129 -0.229980 0.009766
0.233032 -0.116211 1.153931 0.098755 -0.151123 0.045410
0.227295 -0.112061 1.149658 0.000000 -0.046265 0.088379
0.196289 -0.090698 1.103760 -0.075928 0.035400 0.117798
0.152466 -0.077148 1.047241 -0.109131 0.064453 0.110229
0.135132 -0.083740 1.021362 -0.075317 0.046509 0.077148
0.132202 -0.074097 1.023315 -0.013428 0.011353 0.027710
0.131226 -0.066650 1.029663 0.062378 -0.019043 -0.034424
0.130493 -0.076538 1.021240 0.121826 -0.044189 -0.093750
0.143921 -0.106445 1.056885 0.143921 -0.063599 -0.131592
0.167114 -0.137817 1.114258 0.122803 -0.056519 -0.124756
0.183716 -0.135132 1.134033 0.061646 -0.022339 -0.090332
0.186401 -0.123169 1.132568 0.005493 0.022339 -0.049316
0.190552 -0.100830 1.132446 -0.040405 0.056763 -0.021118
0.187744 -0.082886 1.125122 -0.075195 0.079834 -0.012085
0.165283 -0.097900 1.096924 -0.075195 0.096313 -0.013184
0.151367 -0.110229 1.084229 -0.055542 0.095093 -0.029541
0.158203 -0.118042 1.091187 -0.047852 0.087402 -0.044067
0.158936 -0.132690 1.104126 -0.059692 0.096191 -0.047974
0.153564 -0.140259 1.095215 -0.077759 0.117188 -0.031250
