0.046875 -0.234863 1.037720 -0.022095 -0.039185 0.010376
0.047241 -0.231689 1.041016 -0.021606 -0.042480 0.004395
0.052734 -0.224487 1.046265 -0.011108 -0.041992 -0.006958
0.057251 -0.222656 1.048584 -0.011353 -0.039185 -0.014404
0.052979 -0.229004 1.035034 -0.020630 -0.033936 -0.012085
0.048340 -0.231201 1.024658 -0.029297 -0.029907 -0.011230
0.041382 -0.226807 1.020630 -0.027832 -0.031616 -0.014282
0.037842 -0.246948 1.023438 -0.026001 -0.035278 -0.015137
0.045288 -0.253662 1.036255 -0.021606 -0.038452 -0.013306
0.050537 -0.232544 1.035645 -0.023071 -0.035278 -0.012451
0.052612 -0.227173 1.026855 -0.024170 -0.028809 -0.010498
0.050171 -0.232056 1.028198 -0.018555 -0.031616 -0.015625
0.050903 -0.239990 1.022583 -0.010132 -0.037476 -0.021484
0.049561 -0.229980 1.024414 0.003296 -0.042847 -0.028809
0.052612 -0.233032 1.021606 0.008667 -0.049438 -0.026245
0.053711 -0.225098 1.037842 0.007324 -0.048096 -0.014404
0.052612 -0.232300 1.035522 -0.010742 -0.034424 -0.002075
0.050049 -0.224731 1.022461 -0.026123 -0.027710 0.004517
0.055298 -0.228271 1.018677 -0.026123 -0.029785 0.005493
0.062134 -0.238281 1.025757 -0.019775 -0.033813 0.000488
0.063232 -0.230103 1.031982 -0.016235 -0.036377 -0.004272
0.059082 -0.228516 1.029785 -0.019531 -0.032227 -0.010376
0.052612 -0.229980 1.024048 -0.019409 -0.029053 -0.014160
0.045044 -0.226318 1.015259 -0.021362 -0.030151 -0.013672
0.046387 -0.232544 1.015381 -0.022827 -0.034668 -0.012695
0.051270 -0.228760 1.019165 -0.022217 -0.041382 -0.016235
0.061279 -0.223145 1.017578 -0.018921 -0.047729 -0.018433
0.060547 -0.225098 1.016357 -0.017822 -0.051636 -0.010620
0.072632 -0.231323 1.029053 -0.015259 -0.053223 -0.004517
0.076294 -0.222656 1.036865 -0.016479 -0.050415 -0.004639
0.079346 -0.218750 1.029419 -0.020752 -0.046143 -0.008423
0.082764 -0.212524 1.014771 -0.025146 -0.044678 -0.011597
0.083984 -0.209351 1.013916 -0.032837 -0.044678 -0.011963
0.088867 -0.193359 1.009155 -0.035034 -0.046265 -0.014404
0.097778 -0.180298 1.003906 -0.032593 -0.048828 -0.016357
0.114624 -0.180542 1.012329 -0.031128 -0.054077 -0.022095
0.126709 -0.185547 1.018066 -0.034180 -0.058838 -0.025879
0.139038 -0.214478 1.007080 -0.046753 -0.059326 -0.019653
0.147339 -0.237061 1.006714 -0.060059 -0.064697 -0.017822
0.158691 -0.234741 1.005859 -0.060913 -0.076782 -0.023560
0.185059 -0.228394 1.017334 -0.046387 -0.095215 -0.034668
0.220703 -0.223145 1.035767 -0.027344 -0.111572 -0.042847
0.278320 -0.177856 1.080200 -0.012085 -0.110474 -0.053223
0.315674 -0.149780 1.097046 -0.020874 -0.079224 -0.057983
0.331299 -0.145752 1.095947 -0.045532 -0.041626 -0.073120
0.347534 -0.144653 1.074585 -0.063721 -0.008789 -0.097900
0.349243 -0.173706 1.067749 -0.060059 0.013184 -0.119019
0.363647 -0.186890 1.092041 -0.029297 0.022583 -0.147583
0.375244 -0.194946 1.106812 -0.037354 0.036133 -0.177979
0.365479 -0.202515 1.112671 -0.050415 0.053467 -0.211548
0.356812 -0.188477 1.100830 -0.060425 0.076782 -0.241699
0.310059 -0.206543 1.080566 -0.076904 0.102783 -0.264771
0.286743 -0.223999 1.104004 -0.077393 0.138916 -0.290039
0.247070 -0.246948 1.096069 -0.102783 0.153687 -0.306519
0.202026 -0.273438 1.091309 -0.143188 0.184326 -0.313354
0.137329 -0.326538 1.038696 -0.174805 0.222290 -0.307983
0.046753 -0.361328 0.969971 -0.199463 0.237183 -0.299072
-0.046875 -0.361206 0.896484 -0.179077 0.210938 -0.290039
-0.112183 -0.347900 0.868408 -0.113281 0.143066 -0.284424
-0.159668 -0.309937 0.876465 -0.039185 0.061523 -0.281372
-0.184082 -0.304810 0.927734 0.021606 0.002930 -0.272827
-0.178955 -0.276245 0.979126 0.038574 -0.032715 -0.249146
-0.176270 -0.261963 1.000244 0.012695 -0.041260 -0.223511
-0.182861 -0.263550 1.012939 -0.022461 -0.029663 -0.219971
-0.198608 -0.307007 1.001465 -0.052490 -0.021362 -0.220459
-0.201294 -0.335815 1.015015 -0.065796 -0.019409 -0.210083
-0.186279 -0.344604 1.034668 -0.086914 -0.021240 -0.185425
-0.172241 -0.343140 1.039551 -0.104248 -0.010498 -0.156860
-0.154297 -0.333130 1.028320 -0.090820 0.010742 -0.122681
-0.124023 -0.318604 1.030029 -0.047363 0.016235 -0.073853
-0.087524 -0.279541 1.020630 -0.031616 0.007813 -0.030884
-0.047729 -0.239380 1.025513 -0.026123 0.001709 -0.004028
-0.012695 -0.211548 1.036499 -0.019653 -0.003052 -0.004028
0.020752 -0.180298 1.059570 -0.007690 0.004395 -0.026489
0.039063 -0.185791 1.053711 -0.011108 0.031982 -0.034302
0.042358 -0.188232 1.029785 -0.043091 0.061646 -0.030762
0.015137 -0.206787 0.978882 -0.068481 0.073608 -0.014526
-0.009888 -0.228882 0.929199 -0.066040 0.064087 -0.007324
-0.020874 -0.234131 0.899170 -0.040894 0.032227 -0.016113
-0.012695 -0.249268 0.907837 -0.005615 -0.011353 -0.035278
0.007568 -0.262695 0.948486 0.018799 -0.051025 -0.054565
0.037842 -0.277710 0.992188 0.013672 -0.074585 -0.057861
0.053345 -0.284668 1.013428 -0.009766 -0.080444 -0.049805
0.065552 -0.291260 1.022095 -0.028564 -0.081177 -0.043457
0.071777 -0.289795 1.027100 -0.038696 -0.074341 -0.043213
0.071533 -0.301880 1.022339 -0.032104 -0.060791 -0.043823
0.074951 -0.310547 1.017578 -0.022339 -0.053345 -0.045288
0.080811 -0.297729 1.025879 -0.020874 -0.053223 -0.050903
0.082520 -0.289917 1.024536 -0.008911 -0.054443 -0.039185
0.089722 -0.290649 1.023560 0.005737 -0.056274 -0.031738
0.092163 -0.303711 1.021240 0.007935 -0.056519 -0.036377
0.093140 -0.305908 1.026855 0.001343 -0.054443 -0.035889
0.089355 -0.311279 1.014771 -0.010742 -0.053467 -0.021118
0.088745 -0.334229 1.006226 -0.024780 -0.054443 -0.006836
0.083008 -0.374390 1.001953 -0.039795 -0.059204 0.003906
0.087280 -0.385132 1.009766 -0.041016 -0.066650 0.011719
0.093750 -0.412720 1.006714 -0.036865 -0.073853 0.025879
0.104614 -0.428223 1.014404 -0.022339 -0.079834 0.036743
0.106201 -0.449341 1.020386 -0.014160 -0.084229 0.059448
0.100586 -0.464111 1.013306 -0.004028 -0.091797 0.078979
0.101318 -0.459351 1.008179 0.016846 -0.104492 0.084351
0.103516 -0.456909 1.014160 0.036255 -0.113525 0.084229
0.107544 -0.450806 1.004517 0.041870 -0.117065 0.088257
0.106934 -0.439697 1.005737 0.035156 -0.117798 0.098511
0.106445 -0.445435 1.000854 0.019287 -0.115479 0.111206
0.105713 -0.438110 0.994141 0.012085 -0.111206 0.116089
0.100220 -0.443604 0.984619 0.018188 -0.109253 0.120483
0.091431 -0.438843 0.965332 0.001343 -0.111694 0.122681
0.080078 -0.427856 0.956665 -0.054443 -0.116211 0.125977
0.078491 -0.421997 0.952759 -0.081543 -0.116699 0.155029
0.087158 -0.392334 0.973633 -0.080444 -0.121826 0.161255
0.101440 -0.374756 1.018677 -0.079102 -0.115479 0.161987
0.107422 -0.341919 1.024536 -0.088867 -0.093506 0.169067
0.103271 -0.287720 1.012573 -0.129761 -0.062866 0.178101
0.078003 -0.298096 0.979736 -0.151001 -0.032837 0.197388
0.052002 -0.312134 0.947876 -0.129272 -0.024536 0.176758
0.036865 -0.326538 0.937012 -0.077637 -0.045410 0.136841
0.036133 -0.332153 0.945313 -0.034790 -0.075684 0.099854
0.049194 -0.291382 0.988525 -0.017212 -0.109375 0.078857
0.070068 -0.280640 0.999023 -0.015259 -0.129028 0.080811
0.076172 -0.240967 1.002808 -0.002441 -0.143066 0.076660
0.088989 -0.222168 1.012817 0.007690 -0.156128 0.087280
0.100464 -0.181396 1.016113 0.017944 -0.145874 0.120239
0.104980 -0.161743 1.015015 0.006958 -0.115356 0.159912
0.117920 -0.150024 1.020996 -0.022827 -0.088989 0.170166
0.118164 -0.132935 1.010742 -0.052002 -0.074707 0.143433
0.119141 -0.119385 0.998169 -0.042480 -0.074341 0.093140
0.134033 -0.118774 1.015991 -0.016357 -0.089111 0.045654
0.156372 -0.112305 1.063477 0.009521 -0.097534 0.015381
0.175659 -0.095337 1.097656 0.003784 -0.078857 0.001221
0.174561 -0.083374 1.097656 -0.049927 -0.029175 0.002197
0.151611 -0.070923 1.067261 -0.126587 0.036621 0.014404
0.113159 -0.070068 1.022461 -0.210083 0.085083 0.034180
0.072998 -0.104614 0.966919 -0.273315 0.093018 0.041748
0.033447 -0.162476 0.930542 -0.261108 0.044067 0.005249
0.022095 -0.185791 0.947266 -0.131714 -0.034668 -0.048950
0.031006 -0.250854 1.000610 0.063721 -0.099243 -0.072510
0.109497 -0.184570 1.120361 0.183105 -0.146118 -0.083008
0.195435 -0.129639 1.247925 0.146851 -0.112549 -0.024902
0.249634 -0.063843 1.297974 0.007935 0.006226 0.060547
0.218628 -0.030640 1.228027 -0.185059 0.151489 0.136353
0.156982 -0.039429 1.103149 -0.294067 0.246826 0.156860
0.097656 -0.087769 1.008057 -0.291138 0.264648 0.136230
0.042725 -0.151855 0.935181 -0.198730 0.213379 0.081543
0.036255 -0.168213 0.956909 -0.063232 0.107178 0.013672
0.071411 -0.185303 1.005737 0.043457 0.017334 -0.034668
0.106445 -0.179565 1.055908 0.096924 -0.033936 -0.067017
0.123901 -0.177979 1.086304 0.092163 -0.049072 -0.078247
0.127808 -0.184204 1.085327 0.056396 -0.033447 -0.071655
0.115234 -0.208984 1.069214 0.010254 -0.000488 -0.048950
