0.053467 -0.198242 1.053955 -0.006958 -0.007690 0.013062
0.054810 -0.196289 1.062378 0.005127 0.004883 0.019165
0.057251 -0.187866 1.068115 0.009277 0.033936 0.045410
0.041992 -0.216675 1.065308 0.025879 0.074463 0.092529
0.025513 -0.223145 1.057007 0.044312 0.100098 0.114868
0.022583 -0.225586 1.052124 0.041870 0.101074 0.109985
0.021729 -0.207031 1.036133 0.039063 0.088745 0.098145
0.012329 -0.193481 1.032227 0.035156 0.073608 0.090210
0.026855 -0.160767 1.041260 0.019165 0.054321 0.065674
0.032959 -0.156006 1.035278 -0.009155 0.047607 0.042480
0.023560 -0.159424 1.020020 -0.034058 0.041260 0.019775
0.025146 -0.161865 1.010986 -0.052490 0.025146 -0.002075
0.027100 -0.175293 1.006348 -0.072021 0.004395 -0.023682
0.038208 -0.174316 1.001465 -0.067993 -0.014771 -0.046143
0.046509 -0.188354 0.989868 -0.067993 -0.027832 -0.055054
0.058716 -0.194214 0.985596 -0.069946 -0.041992 -0.054199
0.073120 -0.201538 0.996826 -0.066040 -0.057861 -0.040405
0.105225 -0.195679 0.999756 -0.054688 -0.072144 -0.031250
0.130737 -0.187500 1.032593 -0.052002 -0.076294 -0.027466
0.158447 -0.172363 1.040771 -0.055664 -0.074463 -0.032471
0.175293 -0.155273 1.037109 -0.049438 -0.070923 -0.044800
0.191040 -0.145386 1.054321 -0.056396 -0.068237 -0.068115
0.203735 -0.149902 1.051758 -0.076416 -0.060791 -0.085327
0.208496 -0.160278 1.045288 -0.081421 -0.062500 -0.103638
0.231201 -0.148804 1.060547 -0.063599 -0.074707 -0.131714
0.258057 -0.142700 1.075073 -0.072876 -0.085571 -0.150513
0.286987 -0.151733 1.099243 -0.119751 -0.088745 -0.168945
0.307007 -0.141846 1.118164 -0.179443 -0.077393 -0.192261
0.322754 -0.150146 1.126099 -0.219238 -0.046143 -0.203369
0.329102 -0.157593 1.125854 -0.212158 0.013916 -0.227173
0.317017 -0.178589 1.121704 -0.173218 0.069214 -0.251587
0.300415 -0.204224 1.100098 -0.153442 0.111450 -0.268799
0.270630 -0.243164 1.075195 -0.157471 0.144287 -0.266602
0.233887 -0.270752 1.042480 -0.160400 0.167236 -0.258423
0.201050 -0.282471 1.010620 -0.169312 0.172729 -0.257568
0.178345 -0.291138 0.985718 -0.165283 0.166016 -0.265137
0.167114 -0.294312 1.002930 -0.160278 0.154053 -0.280640
0.156006 -0.298950 1.022095 -0.138062 0.136597 -0.291138
0.121826 -0.317749 1.029541 -0.152954 0.143677 -0.292969
0.060181 -0.334229 1.006470 -0.158813 0.159912 -0.292114
0.010376 -0.353027 0.984131 -0.131226 0.165894 -0.284790
-0.039185 -0.345947 0.975464 -0.145752 0.180298 -0.269287
-0.084473 -0.350464 0.966553 -0.165405 0.184082 -0.234985
-0.131836 -0.345337 0.948730 -0.205688 0.192871 -0.193481
-0.176758 -0.339233 0.922119 -0.212891 0.194336 -0.163208
-0.211548 -0.332031 0.899414 -0.208130 0.158569 -0.152710
-0.227417 -0.322510 0.893188 -0.205200 0.116211 -0.157104
-0.250610 -0.307251 0.905518 -0.154541 0.084595 -0.184448
-0.265381 -0.298706 0.907227 -0.100830 0.051880 -0.199219
-0.278320 -0.321777 0.919556 -0.083862 0.017456 -0.198486
-0.280029 -0.327881 0.949341 -0.063721 -0.001831 -0.190308
-0.266724 -0.316040 0.995239 -0.053833 -0.026733 -0.165649
-0.252808 -0.317383 1.016602 -0.061890 -0.037598 -0.128906
-0.246094 -0.327148 1.010376 -0.065552 -0.035522 -0.105225
-0.242920 -0.333862 0.999146 -0.055420 -0.042847 -0.090454
-0.224365 -0.329346 1.002563 -0.026245 -0.064331 -0.072266
-0.192871 -0.318604 1.015137 -0.010376 -0.084473 -0.052979
-0.152710 -0.317139 1.032471 0.027344 -0.084595 -0.036865
-0.121582 -0.294067 1.041504 0.035278 -0.073486 -0.017822
-0.100098 -0.295654 1.034912 0.014526 -0.065918 0.010986
-0.073120 -0.287598 1.028076 0.016479 -0.065552 0.025146
-0.052002 -0.295532 1.018799 0.027832 -0.073853 0.036377
-0.035278 -0.300537 0.999512 0.048950 -0.080322 0.036133
-0.011230 -0.306396 0.998535 0.056274 -0.097534 0.026245
0.011963 -0.321899 1.008179 0.061646 -0.117798 0.013672
0.036377 -0.330078 1.027710 0.073975 -0.130005 0.005249
0.060791 -0.335205 1.026489 0.083252 -0.132568 0.006104
0.083496 -0.345337 1.026245 0.089966 -0.132935 0.011475
0.093628 -0.369385 1.028687 0.087769 -0.128296 0.022339
0.102905 -0.401978 1.031250 0.083252 -0.114868 0.025269
0.116821 -0.417847 1.033569 0.069336 -0.097534 0.030762
0.112305 -0.435425 1.011963 0.027466 -0.078979 0.047729
0.109009 -0.433105 0.991943 -0.003052 -0.065674 0.058960
0.089478 -0.466187 0.962158 -0.026733 -0.058472 0.086426
0.069824 -0.498901 0.927368 -0.040405 -0.060181 0.112183
0.058350 -0.505737 0.892578 -0.039795 -0.073730 0.122925
0.051880 -0.504150 0.875732 -0.043457 -0.099609 0.129028
0.056885 -0.499512 0.869141 -0.041626 -0.142456 0.134277
0.081177 -0.478149 0.891602 -0.028931 -0.196411 0.124634
0.101685 -0.451904 0.929077 -0.020752 -0.236694 0.103271
0.126465 -0.437988 0.967651 0.006592 -0.257690 0.078125
0.154663 -0.424683 1.012939 0.034302 -0.260010 0.060303
0.188354 -0.413086 1.066162 0.042236 -0.235718 0.067871
0.236084 -0.363281 1.131226 0.029907 -0.172729 0.091553
0.235352 -0.275024 1.149536 -0.029785 -0.071533 0.126709
0.184326 -0.258667 1.078857 -0.113037 0.026123 0.190674
0.124756 -0.268433 0.984253 -0.178223 0.088623 0.197754
0.058838 -0.279541 0.896362 -0.196533 0.089722 0.187134
0.014038 -0.314697 0.841064 -0.136963 0.040527 0.173462
0.015259 -0.320801 0.863525 -0.031250 -0.027954 0.115967
0.019043 -0.321289 0.900269 0.046143 -0.087158 0.073975
0.033081 -0.323364 0.931152 0.086426 -0.124268 0.057251
0.057129 -0.297852 0.981689 0.090210 -0.139648 0.048096
0.075195 -0.252686 1.026367 0.056396 -0.120483 0.045654
0.070801 -0.234253 1.007813 0.003662 -0.073975 0.024780
0.063599 -0.215454 0.998413 -0.034180 -0.030762 -0.003906
0.044434 -0.210205 0.989014 -0.070068 -0.000610 -0.011841
0.041016 -0.218262 1.004639 -0.115112 0.021118 -0.012695
0.023315 -0.224609 1.004150 -0.147461 0.032837 -0.022339
-0.000610 -0.233154 0.991333 -0.128052 0.031616 -0.025513
-0.012695 -0.240845 0.991577 -0.080444 0.015259 -0.027466
-0.015503 -0.225098 1.014282 -0.039795 -0.025391 -0.035889
0.018555 -0.201294 1.057373 -0.004639 -0.070068 -0.039429
0.052490 -0.137207 1.105103 0.000488 -0.091431 -0.053589
0.071045 -0.098022 1.138428 0.001221 -0.075806 -0.063477
0.067505 -0.104736 1.136475 -0.005737 -0.038940 -0.070190
0.047852 -0.109497 1.107056 -0.034058 0.002441 -0.065063
0.040771 -0.128174 1.078125 -0.064819 0.027222 -0.042480
0.053589 -0.132080 1.092163 -0.102905 0.030884 -0.037476
0.054565 -0.114868 1.100342 -0.138794 0.033691 -0.065674
0.037842 -0.115601 1.082886 -0.158813 0.034058 -0.083618
0.018433 -0.120728 1.039307 -0.153687 0.033569 -0.090942
0.012817 -0.137329 1.017822 -0.145142 0.021973 -0.094360
0.007568 -0.166382 1.009521 -0.120605 0.000244 -0.101196
0.038452 -0.158691 1.039917 -0.074463 -0.010010 -0.098145
0.062744 -0.139771 1.087158 -0.063599 0.000366 -0.082764
0.066040 -0.123535 1.079468 -0.081299 0.048950 -0.051025
0.042847 -0.148071 1.050415 -0.111694 0.098999 -0.018433
0.025391 -0.186523 1.027588 -0.127319 0.108765 -0.008667
0.006592 -0.223633 1.022583 -0.114258 0.084351 -0.021606
0.011230 -0.238525 1.039185 -0.058960 0.029419 -0.040405
0.036621 -0.227905 1.076538 0.022339 -0.028198 -0.059692
0.061401 -0.190063 1.125366 0.079834 -0.061646 -0.068726
0.067627 -0.167969 1.140869 0.080566 -0.058960 -0.063599
0.077148 -0.131836 1.124390 0.042236 -0.034302 -0.054565
0.076904 -0.110596 1.116577 -0.043213 0.004272 -0.031860
0.073364 -0.136230 1.076172 -0.151978 0.045410 0.002930
0.058472 -0.160156 1.039307 -0.203613 0.063843 0.010742
0.036255 -0.218628 1.023926 -0.174194 0.050781 -0.005127
0.046021 -0.248047 1.049683 -0.081665 0.016357 -0.033936
0.063721 -0.265381 1.094116 -0.021118 -0.018066 -0.051392
0.074951 -0.277466 1.122192 0.010254 -0.026367 -0.051025
0.071655 -0.281250 1.108521 0.012451 -0.017212 -0.042847
0.068115 -0.265991 1.104370 -0.007324 0.000732 -0.030151
0.047363 -0.283203 1.061523 -0.036255 0.020264 -0.018921
0.022827 -0.298218 1.014526 -0.047974 0.030640 -0.008911
0.010376 -0.301758 0.982178 -0.052124 0.018188 -0.002319
0.013916 -0.305786 0.975708 -0.047119 -0.012085 -0.001587
0.031616 -0.291504 0.981812 -0.026245 -0.043579 -0.004028
0.054443 -0.276855 1.004883 -0.000122 -0.063477 -0.007324
0.075073 -0.263306 1.024780 0.009888 -0.069702 -0.017578
0.088013 -0.250366 1.040039 0.009644 -0.059204 -0.026611
0.085815 -0.236206 1.029053 -0.018311 -0.032104 -0.020630
0.073364 -0.258301 1.005371 -0.059937 -0.009644 -0.007080
0.058472 -0.272461 1.004883 -0.073120 -0.000488 -0.006714
0.046387 -0.301270 0.997437 -0.054810 -0.001221 -0.001709
0.042358 -0.306152 0.991699 -0.023438 -0.009766 -0.001709
0.049438 -0.297363 1.005493 -0.014648 -0.021851 -0.004028
0.055664 -0.295776 1.015503 -0.013672 -0.030151 -0.008911
0.063721 -0.281494 1.025635 -0.009644 -0.026855 -0.015259
