0.025146 -0.343628 1.000977 -0.065186 -0.033936 -0.005127
0.041504 -0.330078 1.022461 -0.089233 -0.030762 0.005127
0.045288 -0.304932 1.003052 -0.082397 -0.023193 -0.002075
0.031128 -0.306763 1.007446 -0.056885 -0.012817 -0.005005
0.029541 -0.327393 1.032227 -0.031250 0.004883 -0.015503
0.023315 -0.327759 1.028320 -0.025269 0.019409 -0.027588
0.000610 -0.333008 0.997681 -0.056763 0.016968 -0.035400
-0.001343 -0.325684 0.989380 -0.075562 0.002319 -0.042114
0.011719 -0.320801 0.993164 -0.072021 -0.011719 -0.045776
0.016846 -0.315063 0.984863 -0.073364 -0.014526 -0.040283
0.023926 -0.316528 0.993774 -0.088501 -0.011230 -0.021973
0.025269 -0.325928 0.998779 -0.079834 -0.003540 -0.003784
0.022827 -0.345581 0.990234 -0.034912 -0.000244 0.000732
0.026978 -0.356201 0.982910 0.014648 -0.016479 -0.005493
0.052612 -0.318237 0.984619 0.037720 -0.034546 -0.012817
0.092041 -0.284912 0.999268 0.017944 -0.029297 -0.022827
0.112427 -0.264160 0.987915 -0.014526 0.000488 -0.018311
0.103638 -0.279541 0.982056 -0.056519 0.023438 -0.003662
0.100952 -0.304810 0.973999 -0.101685 0.036011 0.010864
0.100708 -0.330688 0.968628 -0.144165 0.044312 0.021484
0.104736 -0.348145 0.959839 -0.174927 0.043091 0.024414
0.102905 -0.371216 0.938965 -0.177612 0.027222 0.023560
0.118652 -0.374634 0.929321 -0.146118 -0.001343 0.022827
0.150391 -0.350220 0.926270 -0.110840 -0.032471 0.020874
0.163696 -0.353760 0.931641 -0.081787 -0.054443 0.014771
0.187988 -0.346680 0.944702 -0.045898 -0.068237 -0.011108
0.203369 -0.345459 0.955933 -0.011230 -0.067871 -0.030029
0.221191 -0.333374 0.956421 0.004028 -0.085449 -0.043823
0.255859 -0.326294 0.974121 -0.009644 -0.123169 -0.066040
0.296631 -0.322388 1.020264 -0.038696 -0.150879 -0.091431
0.326294 -0.321411 1.016235 -0.064087 -0.151489 -0.104248
0.332153 -0.329224 1.026001 -0.067627 -0.138916 -0.111206
0.345581 -0.320557 1.041382 -0.058228 -0.136719 -0.137451
0.356689 -0.301392 1.019897 -0.030029 -0.137207 -0.173950
0.355103 -0.276245 1.028931 -0.017334 -0.139526 -0.209229
0.342773 -0.287109 1.031372 -0.061279 -0.111206 -0.236572
0.339355 -0.281738 1.010498 -0.149536 -0.071411 -0.251099
0.313110 -0.285400 1.009155 -0.181885 -0.045898 -0.279663
0.280884 -0.289185 1.007568 -0.135010 -0.046509 -0.322144
0.234497 -0.325439 1.002075 -0.097778 -0.050903 -0.363037
0.211792 -0.321899 1.014038 -0.088501 -0.065063 -0.396118
0.205200 -0.330078 1.043213 -0.113159 -0.071289 -0.415161
0.208618 -0.335938 1.052734 -0.146484 -0.052246 -0.428467
0.186401 -0.356201 1.038818 -0.171509 -0.017334 -0.430542
0.137207 -0.382568 1.043701 -0.186401 0.035767 -0.421509
0.101563 -0.415649 1.032715 -0.236938 0.084351 -0.395874
0.067627 -0.417847 0.996094 -0.274536 0.079956 -0.369751
0.035889 -0.441162 0.978760 -0.257690 0.114868 -0.343994
0.015503 -0.465820 0.968262 -0.202393 0.155273 -0.310303
0.000488 -0.465210 0.948242 -0.116089 0.157471 -0.299316
-0.034058 -0.469116 0.945923 -0.081909 0.147461 -0.307373
-0.075439 -0.473633 0.920410 -0.024902 0.116943 -0.325439
-0.088745 -0.463745 0.911499 0.042236 0.079834 -0.338257
-0.092041 -0.444214 0.922485 0.073853 0.051758 -0.322754
-0.089722 -0.411987 0.910278 0.082397 0.042114 -0.287964
-0.088257 -0.402222 0.900635 0.050415 0.045898 -0.249146
-0.089966 -0.432495 0.911011 -0.051392 0.042358 -0.211548
-0.074707 -0.432739 0.952881 -0.022583 0.041138 -0.184082
-0.065430 -0.448730 0.944458 -0.007813 0.057617 -0.150879
-0.080322 -0.463989 0.927612 -0.057983 0.052246 -0.120361
-0.096558 -0.495361 0.913452 -0.125122 0.041260 -0.097534
-0.092651 -0.497559 0.929077 -0.133667 0.023926 -0.072266
-0.078369 -0.490845 0.929321 -0.073364 0.007202 -0.049194
-0.069946 -0.472168 0.935913 0.012329 -0.017822 -0.039307
-0.038208 -0.446411 0.976563 0.042603 -0.046753 -0.034058
-0.002075 -0.430420 0.993652 0.014893 -0.054810 -0.025269
0.015137 -0.427490 1.006592 -0.021851 -0.047729 -0.015747
0.031006 -0.420288 0.989014 -0.058960 -0.028076 -0.006104
0.032104 -0.433350 0.971558 -0.083008 -0.009888 0.003662
0.040771 -0.467285 0.977173 -0.092163 -0.010254 0.010864
0.058472 -0.475830 0.981567 -0.089966 -0.024048 0.010376
0.080566 -0.480103 0.993774 -0.062744 -0.033691 0.011230
0.107178 -0.474487 1.001953 -0.026245 -0.041504 0.001953
0.121948 -0.468018 0.990967 0.000122 -0.041138 -0.010742
0.118530 -0.502686 0.989502 0.036011 -0.028931 -0.016357
0.113647 -0.518677 0.976807 0.044312 -0.029663 -0.017456
0.112793 -0.537109 0.970337 0.032104 -0.032104 -0.008179
0.116699 -0.541626 0.945923 0.028320 -0.033447 0.002319
0.118774 -0.537598 0.922119 0.035034 -0.033813 0.009888
0.114746 -0.561401 0.934448 0.040649 -0.025513 0.024536
0.093628 -0.599121 0.918457 0.031982 -0.005371 0.042969
0.065063 -0.636475 0.884399 0.014404 0.007568 0.065552
0.040894 -0.647583 0.851685 -0.009033 0.001587 0.093140
0.012695 -0.665039 0.822876 -0.018799 -0.014771 0.123169
0.013062 -0.655884 0.804443 -0.007080 -0.043945 0.146606
0.016724 -0.637573 0.800659 0.012451 -0.077759 0.170410
0.022095 -0.619507 0.827026 0.045410 -0.100708 0.194946
0.040894 -0.584961 0.850220 0.051270 -0.119873 0.209595
0.042847 -0.573486 0.865234 0.024048 -0.130127 0.216797
0.063232 -0.569458 0.888550 0.001465 -0.129761 0.223633
0.074097 -0.586914 0.923828 -0.022461 -0.114380 0.233521
0.058594 -0.595459 0.921021 -0.059448 -0.097168 0.249512
0.060181 -0.575928 0.926025 -0.086304 -0.091431 0.266113
0.068726 -0.570557 0.950439 -0.080933 -0.084229 0.290527
0.072388 -0.539673 0.963745 -0.058472 -0.094604 0.311768
0.087036 -0.486084 0.955688 -0.034302 -0.118896 0.323730
0.098267 -0.434937 0.962158 0.014893 -0.136597 0.325928
0.119385 -0.375732 0.989136 0.083984 -0.141113 0.312744
0.134766 -0.335693 0.987549 0.100464 -0.135132 0.313599
0.129883 -0.308716 0.975464 0.052246 -0.121704 0.328491
0.131958 -0.267944 0.978638 -0.016846 -0.122681 0.349487
0.144897 -0.204102 0.987305 -0.061035 -0.113647 0.356812
0.148071 -0.161377 0.975952 -0.036377 -0.093628 0.333984
0.148315 -0.137695 0.979248 0.010864 -0.113892 0.276978
0.174194 -0.129883 1.026611 0.052490 -0.148560 0.221191
0.189575 -0.131226 1.062500 0.073120 -0.159790 0.182251
0.214600 -0.126709 1.109375 0.076050 -0.155884 0.153931
0.224976 -0.106079 1.131714 0.065552 -0.144165 0.136230
0.220337 -0.104004 1.141357 0.056152 -0.114380 0.129883
0.229004 -0.082275 1.155762 0.052246 -0.079956 0.132690
0.223145 -0.075562 1.143311 0.004272 -0.038086 0.135986
0.200195 -0.098633 1.123413 -0.061157 0.001221 0.136963
0.169067 -0.124878 1.087524 -0.084473 0.019043 0.120239
0.154907 -0.148560 1.075562 -0.065430 0.010010 0.090088
0.161377 -0.158813 1.096802 -0.005737 -0.005737 0.057495
0.165405 -0.172729 1.097656 0.044312 -0.011597 0.032715
0.154297 -0.186279 1.092896 0.056885 -0.023682 0.013184
0.161499 -0.203979 1.103760 0.048218 -0.028442 0.007202
0.171509 -0.217896 1.116089 0.015625 -0.021484 0.010620
0.164917 -0.228149 1.103149 -0.005005 0.001099 0.012451
0.167969 -0.215210 1.085571 -0.007690 0.024902 0.006592
0.160522 -0.223022 1.071045 -0.031372 0.047974 0.001709
0.145386 -0.236328 1.035156 -0.082031 0.064087 -0.005371
0.119873 -0.279785 1.016724 -0.118774 0.076416 -0.022461
0.105957 -0.319580 0.997681 -0.111328 0.077393 -0.047119
0.092163 -0.336914 0.970093 -0.084106 0.064087 -0.062012
0.083984 -0.368896 0.975098 -0.059326 0.052979 -0.061646
0.077393 -0.373413 0.962524 -0.044189 0.037476 -0.059326
0.082886 -0.373535 0.964600 -0.036499 0.027954 -0.050049
0.089844 -0.361450 0.969482 -0.030762 0.023193 -0.039673
0.100952 -0.352295 0.978271 -0.031860 0.024536 -0.037720
0.103271 -0.351196 0.971558 -0.040405 0.026367 -0.046021
0.100952 -0.369873 0.995972 -0.050659 0.036743 -0.058350
0.092651 -0.393188 0.985107 -0.064575 0.050659 -0.062500
0.066895 -0.401978 0.962280 -0.072876 0.056519 -0.060913
0.053101 -0.410278 0.951782 -0.064087 0.053711 -0.053345
0.049438 -0.414185 0.956543 -0.046387 0.041992 -0.041870
0.057739 -0.399048 0.964600 -0.030518 0.024902 -0.031738
0.069702 -0.372925 0.969604 -0.028564 0.013794 -0.024414
0.072510 -0.376343 0.966919 -0.042236 0.015869 -0.020630
0.074585 -0.374634 0.960815 -0.062012 0.020630 -0.021606
0.068481 -0.374756 0.966797 -0.067993 0.024536 -0.020508
0.059082 -0.395752 0.973755 -0.062012 0.027100 -0.023560
0.056763 -0.409302 0.975708 -0.055420 0.021606 -0.027466
0.057739 -0.406372 0.983521 -0.048096 0.018677 -0.026733
0.063354 -0.392700 0.962402 -0.039795 0.021240 -0.028076
0.057861 -0.408691 0.972168 -0.025024 0.028076 -0.020020
0.057129 -0.411011 0.980957 -0.022461 0.025269 -0.014160
0.058472 -0.403564 0.986206 -0.017212 0.020996 -0.007446
0.074829 -0.395020 0.997803 -0.011719 0.016602 -0.003906
