0.056763 -0.274902 0.973145 -0.124756 -0.115845 0.032349
0.026245 -0.306519 0.954590 -0.105835 -0.098267 0.024902
-0.010986 -0.332642 0.939697 -0.073730 -0.095337 0.023926
-0.025757 -0.338867 0.947632 -0.065918 -0.121704 0.021118
-0.026611 -0.349854 0.966064 -0.071411 -0.147339 0.021851
-0.035156 -0.367676 0.984375 -0.072632 -0.166016 0.026611
-0.042725 -0.376953 0.980225 -0.084229 -0.185791 0.042114
-0.052002 -0.387939 0.989746 -0.100342 -0.200928 0.068115
-0.017212 -0.379639 1.005493 -0.098389 -0.214722 0.093384
0.005005 -0.373779 1.033203 -0.089966 -0.217285 0.095459
0.010742 -0.357178 1.013794 -0.072876 -0.204468 0.087646
0.000610 -0.351807 0.988281 -0.070190 -0.198608 0.078735
0.000732 -0.346313 0.963989 -0.084351 -0.203125 0.074097
0.024048 -0.331787 0.984619 -0.082520 -0.204590 0.077271
0.050171 -0.308594 1.004395 -0.069580 -0.199707 0.072876
0.065796 -0.303711 0.996338 -0.055420 -0.192139 0.066162
0.069458 -0.318604 0.991089 -0.029175 -0.194092 0.054565
0.086304 -0.330688 1.008179 -0.002197 -0.211792 0.049316
0.129395 -0.314209 1.040161 0.011230 -0.229004 0.057495
0.184204 -0.288696 1.087036 0.012817 -0.224731 0.052368
0.218750 -0.255127 1.084595 0.012085 -0.206421 0.027344
0.223999 -0.229858 1.064453 0.008789 -0.184814 -0.003418
0.229492 -0.220825 1.043823 0.003174 -0.169800 -0.030029
0.242310 -0.230957 1.034668 -0.005493 -0.159302 -0.039551
0.264404 -0.221191 1.037354 -0.017578 -0.150146 -0.047607
0.301147 -0.216919 1.061646 -0.055176 -0.126953 -0.053223
0.320068 -0.214111 1.062134 -0.089600 -0.082642 -0.073730
0.319458 -0.239380 1.049805 -0.107788 -0.027466 -0.114136
0.313477 -0.255005 1.023071 -0.117310 0.003418 -0.161865
0.299072 -0.278809 0.994141 -0.118774 0.022095 -0.203979
0.295044 -0.293457 0.984985 -0.078979 0.028564 -0.243774
0.292969 -0.305054 0.996216 -0.031494 0.044434 -0.281738
0.300415 -0.321411 0.998901 -0.008545 0.055908 -0.320801
0.303833 -0.324341 1.015625 0.060791 0.051636 -0.374512
0.291504 -0.337524 1.014404 0.138550 0.054077 -0.420288
0.270752 -0.374023 1.008301 0.171265 0.066162 -0.437012
0.255859 -0.385132 1.012207 0.137207 0.084351 -0.426636
0.230591 -0.378906 1.016602 0.047974 0.104736 -0.388428
0.204224 -0.373291 1.006348 -0.015747 0.128906 -0.367065
0.168823 -0.386841 0.979980 -0.064453 0.137085 -0.362427
0.128052 -0.404297 0.992920 -0.090088 0.141968 -0.359497
0.108398 -0.403564 0.969849 -0.088867 0.118408 -0.362671
0.084229 -0.399292 0.988892 -0.065552 0.117310 -0.386475
0.069214 -0.386719 0.985474 0.017578 0.126465 -0.422974
0.055542 -0.373413 0.999756 0.059814 0.128662 -0.432861
0.021240 -0.358398 0.989624 0.010986 0.130859 -0.422607
-0.029175 -0.373901 0.968750 -0.075684 0.147583 -0.400146
-0.076538 -0.369263 0.941406 -0.161011 0.150269 -0.368286
-0.116211 -0.385254 0.928711 -0.206543 0.146118 -0.335571
-0.135498 -0.411011 0.951660 -0.208984 0.130005 -0.305176
-0.143066 -0.419434 0.949585 -0.170776 0.107666 -0.275635
-0.139282 -0.415894 0.970215 -0.141846 0.082764 -0.254272
-0.157227 -0.445679 0.965942 -0.182373 0.049683 -0.237305
-0.155029 -0.408447 0.976685 -0.038574 0.042358 -0.232300
-0.158936 -0.401367 0.962891 -0.030884 0.028442 -0.213135
-0.166138 -0.406616 0.955566 -0.094360 0.002686 -0.187378
-0.170776 -0.435547 0.962524 -0.195679 0.007690 -0.142212
-0.172485 -0.445923 0.941772 -0.247681 0.001709 -0.102051
-0.154541 -0.452148 0.953979 -0.213013 -0.008789 -0.078613
-0.116577 -0.456055 0.998779 -0.141968 -0.021973 -0.065918
-0.094238 -0.453125 1.011963 -0.100464 -0.030273 -0.054077
-0.070068 -0.439209 1.002197 -0.083008 -0.044800 -0.050049
-0.049683 -0.430664 1.009399 -0.067139 -0.056519 -0.039307
-0.031128 -0.418213 1.006348 -0.037720 -0.058350 -0.024536
-0.005249 -0.409180 1.018188 0.008789 -0.051880 -0.013062
-0.000244 -0.421631 1.015869 0.036987 -0.047607 -0.001709
0.022339 -0.429932 1.031494 0.062622 -0.048096 0.007813
0.062378 -0.400146 1.058716 0.083740 -0.041382 0.014282
0.079834 -0.397461 1.045044 0.083130 -0.019043 0.017456
0.079834 -0.403320 1.029785 0.070557 -0.004272 0.010986
0.079834 -0.427368 1.005737 0.067749 -0.000732 0.006714
0.083740 -0.446289 0.999512 0.073364 -0.009766 0.008667
0.108643 -0.426880 0.984741 0.075562 -0.019653 0.017822
0.115356 -0.442505 0.992920 0.071899 -0.005005 0.039307
0.112183 -0.471558 0.981079 0.062134 0.016357 0.050659
0.104004 -0.499146 0.961426 0.043579 0.025757 0.057861
0.089600 -0.529297 0.951782 0.035522 0.021729 0.053955
0.085938 -0.551514 0.944336 0.042480 0.004028 0.049683
0.093628 -0.577393 0.954834 0.041626 -0.014160 0.051758
0.090210 -0.594727 0.948120 0.033691 -0.025513 0.061157
0.081299 -0.610229 0.930786 0.041748 -0.029053 0.078369
0.081055 -0.621338 0.930298 0.049072 -0.038818 0.096069
0.084106 -0.619385 0.919556 0.045654 -0.051758 0.110474
0.076416 -0.618896 0.903564 0.046753 -0.056885 0.122070
0.079102 -0.606201 0.883667 0.045654 -0.067261 0.129639
0.073975 -0.567627 0.845703 0.044556 -0.079468 0.127075
0.062500 -0.541626 0.821167 0.082642 -0.081909 0.118164
0.084717 -0.466064 0.789429 0.212646 -0.103516 0.104614
0.057983 -0.440063 0.780884 0.191040 -0.077515 0.118652
0.081177 -0.410034 0.853760 0.043335 -0.043701 0.160889
0.095459 -0.395264 0.844360 -0.068970 -0.040405 0.188232
0.093628 -0.396362 0.881836 -0.174683 -0.015137 0.205444
0.093872 -0.382568 0.898193 -0.231812 -0.041138 0.202881
0.095215 -0.380737 0.964966 -0.179565 -0.076416 0.172607
0.118774 -0.360352 1.004761 -0.079590 -0.123047 0.148193
0.130859 -0.328979 1.021240 0.013184 -0.159546 0.122070
0.150146 -0.296753 1.062378 0.057617 -0.170288 0.121948
0.157104 -0.230835 1.072266 0.062988 -0.152954 0.156982
0.132813 -0.164551 1.033203 0.016968 -0.091553 0.210449
0.116455 -0.126587 1.014648 -0.080078 -0.027100 0.253174
0.115845 -0.093994 1.004395 -0.210571 0.001099 0.277588
0.100708 -0.116821 1.000000 -0.302979 0.000000 0.278076
0.086914 -0.133301 1.031616 -0.281494 -0.006836 0.254150
0.075562 -0.151367 1.043579 -0.220093 -0.023682 0.230103
0.086792 -0.166504 1.078369 -0.169434 -0.040405 0.212036
0.100586 -0.160034 1.104858 -0.125000 -0.055298 0.197876
0.115356 -0.142944 1.118042 -0.082397 -0.059082 0.182007
0.117676 -0.122803 1.112427 -0.039673 -0.054932 0.158569
0.114258 -0.118042 1.091919 -0.046143 -0.050781 0.134277
0.124512 -0.113159 1.112671 -0.049683 -0.050415 0.121582
0.119873 -0.113403 1.125488 -0.054810 -0.025879 0.123169
0.102539 -0.120728 1.107788 -0.053589 -0.009033 0.114258
0.087524 -0.147217 1.101929 -0.036011 -0.004272 0.103638
0.078247 -0.168335 1.096802 -0.026245 -0.019409 0.093384
0.093628 -0.166626 1.122192 -0.020752 -0.037231 0.085571
0.111816 -0.156860 1.142578 -0.007935 -0.041382 0.071167
0.124146 -0.141724 1.134644 0.011353 -0.025757 0.049927
0.108398 -0.154297 1.107666 0.010620 -0.004883 0.026367
0.098389 -0.173340 1.073486 0.007324 0.002075 0.003174
0.085449 -0.203003 1.067505 0.013794 0.002075 -0.018555
0.094849 -0.219604 1.070679 0.016113 0.001587 -0.037354
0.093506 -0.240601 1.067017 -0.009399 0.010620 -0.042725
0.076050 -0.256592 1.046021 -0.041382 0.025879 -0.036377
0.061646 -0.280396 1.031006 -0.054932 0.033325 -0.025269
0.055420 -0.305542 1.032593 -0.051514 0.029663 -0.024780
0.045410 -0.331787 1.008057 -0.039795 0.024780 -0.021118
0.028931 -0.366821 0.997925 -0.014526 0.019165 -0.009277
0.034058 -0.359253 0.996216 0.014648 0.003418 -0.007202
0.050293 -0.346436 1.008179 0.029419 -0.007568 -0.010010
0.052124 -0.325684 0.996216 0.032104 -0.010132 -0.026123
0.042725 -0.320068 0.986450 0.032349 -0.005859 -0.041504
0.043091 -0.331787 0.994995 0.025635 -0.005981 -0.040405
0.056885 -0.305786 1.005981 -0.000366 -0.001099 -0.031006
0.049927 -0.309814 0.997803 -0.043457 0.021484 -0.017944
0.030762 -0.325806 0.971191 -0.083252 0.032959 -0.011353
0.024658 -0.347046 0.963135 -0.103760 0.028320 -0.008423
0.017822 -0.374756 0.964111 -0.101196 0.017334 -0.009033
0.012085 -0.387329 0.948486 -0.080078 0.002808 -0.005859
0.018188 -0.391968 0.972534 -0.049194 -0.017456 0.005493
0.031006 -0.377075 0.976807 -0.024170 -0.041992 0.006714
0.036621 -0.367310 0.979004 -0.004761 -0.054443 0.006836
0.053833 -0.349854 0.992065 0.008545 -0.059937 0.006714
0.067017 -0.334717 0.999512 0.004395 -0.056396 0.006104
0.057373 -0.338745 0.998413 -0.008545 -0.040771 0.012939
0.057617 -0.347412 0.996094 -0.019897 -0.026978 0.013916
0.068359 -0.343506 1.012329 -0.038452 -0.020996 0.013550
0.063477 -0.345459 1.004272 -0.057373 -0.015503 0.009155
0.059570 -0.354248 0.994873 -0.062988 -0.011719 0.002197
0.056152 -0.359741 0.984253 -0.052490 -0.017334 -0.000244
0.051636 -0.356567 0.975464 -0.030884 -0.028809 0.001099
