-0.158203 -0.305664 1.096436 0.018066 0.114624 -0.030029
-0.169434 -0.287598 1.054199 0.020020 0.101440 -0.022217
-0.193604 -0.281250 1.077148 0.053955 0.094116 0.008057
-0.199463 -0.282104 1.080933 0.100830 0.084351 0.014282
-0.198730 -0.287354 1.087769 0.132935 0.068848 0.010132
-0.190796 -0.278809 1.076416 0.124634 0.055908 0.014282
-0.162476 -0.275513 1.082642 0.081421 0.064697 0.033081
-0.151855 -0.280029 1.095215 0.014160 0.084351 0.052734
-0.159546 -0.290771 1.067505 -0.024658 0.106812 0.053101
-0.178711 -0.308228 1.038330 -0.030151 0.116455 0.034180
-0.192017 -0.319336 1.021484 -0.014771 0.112427 0.011963
-0.187622 -0.323608 1.013672 0.033203 0.108398 0.002075
-0.180542 -0.333740 0.994873 0.052979 0.109741 0.010010
-0.180542 -0.339111 0.965088 0.037354 0.112305 0.031494
-0.173340 -0.348877 0.943848 0.037231 0.113770 0.057495
-0.167480 -0.358643 0.914917 0.049805 0.106812 0.073120
-0.142944 -0.369019 0.911133 0.062988 0.092529 0.078369
-0.113892 -0.372925 0.929688 0.047607 0.080078 0.080811
-0.109741 -0.369019 0.907349 0.021729 0.078369 0.075562
-0.104126 -0.375000 0.893555 0.002563 0.064209 0.068848
-0.097656 -0.386475 0.885254 -0.009277 0.037964 0.061646
-0.083374 -0.395874 0.893433 -0.006592 0.010864 0.055908
-0.047729 -0.383423 0.891357 0.003784 -0.015259 0.061401
-0.005737 -0.352539 0.925293 0.019043 -0.022461 0.053467
0.006592 -0.338623 0.914917 0.057861 -0.022705 0.021606
0.014526 -0.334106 0.897339 0.091187 -0.029663 -0.015259
0.027710 -0.326050 0.897705 0.106079 -0.036743 -0.045410
0.043335 -0.318726 0.914063 0.088745 -0.021362 -0.045532
0.049194 -0.340088 0.906006 0.016968 0.012695 -0.038574
0.056274 -0.343994 0.886475 -0.076782 0.026611 -0.027100
0.055176 -0.369873 0.892700 -0.135498 0.040283 -0.006470
0.058594 -0.392578 0.897461 -0.170654 0.045044 0.001465
0.056030 -0.430176 0.906250 -0.198242 0.028809 -0.010254
0.038086 -0.495117 0.900024 -0.183594 -0.003174 -0.036987
0.015137 -0.544678 0.888062 -0.106567 -0.055908 -0.055542
0.015991 -0.568970 0.899048 0.009521 -0.117676 -0.067017
0.048096 -0.540283 0.932251 0.117188 -0.171509 -0.078735
0.071045 -0.510620 0.968628 0.170654 -0.185059 -0.069946
0.089966 -0.459961 0.969971 0.142212 -0.171021 -0.041626
0.086426 -0.440552 0.963379 0.065796 -0.140015 -0.003540
0.078613 -0.437744 0.949829 -0.002930 -0.112793 0.028076
0.064331 -0.448364 0.936646 -0.043823 -0.099854 0.050537
0.061157 -0.459473 0.937988 -0.049072 -0.101807 0.055420
0.059448 -0.446533 0.938477 -0.021362 -0.115967 0.045776
0.072876 -0.428589 0.949463 0.017578 -0.135742 0.038330
0.102417 -0.396851 0.983765 0.036377 -0.144897 0.025146
0.119751 -0.377563 1.001465 0.024536 -0.130005 0.011475
0.109009 -0.374146 1.002441 -0.018066 -0.101807 0.006104
0.088257 -0.386353 0.980957 -0.080566 -0.073853 0.011108
0.075928 -0.384155 0.967896 -0.123169 -0.054199 0.021606
0.044678 -0.398315 0.940430 -0.129883 -0.046509 0.026611
0.016968 -0.413452 0.918213 -0.104614 -0.066284 0.023804
0.013916 -0.407715 0.926147 -0.060181 -0.107788 0.024658
0.044922 -0.369507 0.963257 -0.017822 -0.144531 0.025879
0.079590 -0.324463 1.003296 -0.006958 -0.157349 0.028198
0.108643 -0.302856 1.032715 -0.030640 -0.141357 0.028809
0.116333 -0.280151 1.022217 -0.062988 -0.112305 0.031128
0.110229 -0.265747 0.998535 -0.089600 -0.091919 0.026123
0.122070 -0.252319 0.999634 -0.102539 -0.092407 0.008667
0.125732 -0.260498 0.998047 -0.107056 -0.099243 -0.012085
0.133789 -0.267822 1.005737 -0.102051 -0.106689 -0.033936
0.141968 -0.277588 1.016968 -0.099609 -0.116455 -0.054199
0.160278 -0.284180 1.030029 -0.094116 -0.129883 -0.065918
0.171753 -0.292969 1.026245 -0.081909 -0.146973 -0.065918
0.179810 -0.303345 1.023804 -0.044678 -0.164795 -0.053955
0.189575 -0.298096 1.013916 -0.001831 -0.192505 -0.036499
0.216309 -0.283203 0.993530 0.033325 -0.224121 -0.024780
0.242798 -0.232910 0.964111 0.067627 -0.254761 -0.021240
0.274170 -0.201172 0.961914 0.120972 -0.274170 -0.019409
0.306641 -0.128174 0.969849 0.152954 -0.301880 -0.031006
0.342529 -0.088013 0.998779 0.152954 -0.293457 -0.052734
0.354980 -0.072021 1.037720 0.106079 -0.252930 -0.068604
0.351318 -0.081299 1.051758 -0.006104 -0.219971 -0.092896
0.316650 -0.141724 1.061157 -0.102661 -0.206787 -0.126953
0.255737 -0.239868 1.090698 -0.109375 -0.206055 -0.149048
0.205078 -0.308960 1.113525 -0.039307 -0.211670 -0.182861
0.161255 -0.371216 1.117554 0.028564 -0.214966 -0.218994
0.105957 -0.428345 1.128662 0.067627 -0.214233 -0.232422
0.061523 -0.460938 1.124268 0.088013 -0.200317 -0.219482
0.018311 -0.494995 1.116333 0.101685 -0.161011 -0.182129
0.004272 -0.487305 1.118530 0.061890 -0.108765 -0.122803
0.013916 -0.490845 1.145264 -0.071777 -0.024414 -0.068359
-0.012207 -0.525269 1.132446 -0.216675 0.082153 -0.043701
-0.090088 -0.570190 1.069824 -0.288208 0.184692 -0.054443
-0.188965 -0.619873 0.964233 -0.248779 0.240723 -0.092407
-0.245239 -0.613770 0.895752 -0.113892 0.228271 -0.117065
-0.274536 -0.573975 0.844116 0.024170 0.167725 -0.134277
-0.268433 -0.536987 0.840942 0.119751 0.085571 -0.146729
-0.252441 -0.492310 0.856079 0.173340 0.012939 -0.143066
-0.221924 -0.453003 0.878174 0.171753 -0.035522 -0.124512
-0.168823 -0.421265 0.937622 0.128174 -0.064941 -0.090820
-0.122070 -0.385864 0.958740 0.056030 -0.063232 -0.051758
-0.105835 -0.411377 0.973022 -0.033813 -0.045654 -0.024048
-0.088867 -0.374023 0.989746 0.003662 -0.031738 -0.022095
-0.071045 -0.361328 0.989380 0.026367 -0.018066 -0.025146
-0.055176 -0.367920 1.002075 0.020142 -0.024414 -0.037598
-0.036499 -0.367676 1.013306 -0.005127 -0.018188 -0.038696
-0.041260 -0.383667 1.007080 -0.053589 0.000366 -0.022827
-0.042603 -0.391113 0.989990 -0.068481 0.010620 -0.002319
-0.035645 -0.382446 0.965454 -0.067139 -0.000854 0.019165
-0.009521 -0.364502 0.977539 -0.045776 -0.019165 0.032471
0.010010 -0.364258 0.990967 -0.020264 -0.029297 0.028809
0.016357 -0.370972 0.992065 -0.001343 -0.034546 0.020386
0.029541 -0.370850 0.989868 -0.001953 -0.041992 0.018433
0.028320 -0.389771 0.979492 -0.001831 -0.045898 0.024048
0.028687 -0.390259 0.965454 0.011841 -0.056763 0.028198
0.046631 -0.368408 0.962158 0.029541 -0.074707 0.031860
0.060425 -0.374268 0.980469 0.049561 -0.082642 0.037720
0.072876 -0.376831 0.987671 0.057007 -0.086670 0.031128
0.077393 -0.389648 0.981567 0.062744 -0.087280 0.019775
0.078735 -0.410278 0.980103 0.066162 -0.089600 0.009644
0.082031 -0.422363 0.975952 0.055786 -0.091064 0.004517
0.081787 -0.434937 0.968262 0.055786 -0.083130 0.000244
0.083252 -0.460205 0.975830 0.065308 -0.074951 0.000488
0.079590 -0.480103 0.964966 0.063843 -0.073486 -0.000244
0.072754 -0.514160 0.952026 0.073975 -0.072510 0.002075
0.064697 -0.546021 0.949707 0.096069 -0.077026 0.008179
0.068604 -0.568115 0.946045 0.108765 -0.087646 0.012085
0.073730 -0.577271 0.951782 0.116821 -0.093628 0.018311
0.077637 -0.588501 0.957642 0.131714 -0.084961 0.029175
0.070923 -0.596069 0.937866 0.128906 -0.076416 0.044312
0.056641 -0.611572 0.918213 0.118774 -0.068848 0.067993
0.052124 -0.606812 0.902710 0.121460 -0.072266 0.087280
0.070679 -0.575317 0.913452 0.131348 -0.089355 0.093750
0.092773 -0.543701 0.927979 0.138306 -0.099731 0.094604
0.113281 -0.522827 0.949951 0.123047 -0.098877 0.097656
0.118164 -0.514648 0.954956 0.103271 -0.093506 0.095459
0.127441 -0.502319 0.959717 0.095459 -0.084106 0.106567
0.133911 -0.492065 0.965942 0.067749 -0.075439 0.133301
0.135254 -0.464722 0.955933 0.034546 -0.061768 0.160522
0.127930 -0.428711 0.921021 0.019531 -0.039795 0.182373
0.109863 -0.380493 0.895142 0.025513 -0.024292 0.190308
0.104736 -0.320190 0.858032 0.029053 -0.028687 0.176636
0.108032 -0.277466 0.837280 0.025879 -0.059570 0.142090
0.147949 -0.226685 0.885254 0.014648 -0.104492 0.095459
0.193359 -0.213989 0.938721 -0.026245 -0.117065 0.037354
0.180054 -0.203857 0.986206 -0.066528 -0.086548 -0.014282
0.119995 -0.182983 0.917725 -0.117310 -0.032227 -0.020874
0.041138 -0.182739 0.849609 -0.125000 0.006836 0.027710
0.024048 -0.148071 0.875122 -0.123657 -0.009766 0.090210
0.056641 -0.107666 0.937500 -0.151611 -0.054199 0.143555
0.088013 -0.060791 0.999512 -0.167725 -0.080444 0.162964
0.102295 -0.046265 1.038818 -0.137451 -0.080811 0.153931
0.127563 -0.059570 1.105225 -0.089111 -0.083862 0.132080
0.159790 -0.045044 1.187622 -0.066040 -0.088867 0.095215
0.152954 -0.076050 1.207031 -0.071167 -0.067383 0.063110
0.136963 -0.087891 1.217407 -0.075317 -0.049805 0.048828
0.131958 -0.089722 1.200684 -0.078979 -0.037231 0.053711
0.138672 -0.064453 1.190674 -0.067627 -0.022827 0.068237
0.156250 -0.043579 1.189331 -0.052124 -0.007690 0.079468
