0.050049 -0.345703 0.966309 0.222168 -0.118042 -0.119507
0.083740 -0.326904 1.011108 0.200439 -0.104370 -0.110107
0.080444 -0.336548 1.023315 0.093872 -0.049194 -0.072388
0.044434 -0.356812 0.996216 -0.031128 0.002197 -0.034546
0.002319 -0.367432 0.950562 -0.098755 0.023926 -0.012329
-0.027344 -0.358398 0.916138 -0.103027 0.010986 0.002319
-0.032959 -0.373779 0.918457 -0.058594 -0.018677 0.005249
-0.041748 -0.371704 0.940918 0.010986 -0.060425 -0.001465
-0.048462 -0.400024 0.966797 0.079468 -0.102539 0.000610
-0.033203 -0.394653 0.994263 0.152588 -0.137085 0.015015
-0.021118 -0.360352 0.996460 0.193237 -0.147217 0.045410
0.009644 -0.326904 1.005127 0.174438 -0.145264 0.081177
0.065186 -0.299194 1.057251 0.104736 -0.136841 0.089966
0.074097 -0.279297 1.066284 0.016968 -0.113403 0.051514
0.046509 -0.304688 1.037109 -0.036011 -0.079102 0.001221
0.010376 -0.337036 1.004517 -0.056519 -0.047852 -0.026245
-0.017212 -0.378662 0.977905 -0.091309 -0.036011 -0.011841
-0.019653 -0.408447 0.991089 -0.111816 -0.043823 0.015015
-0.015869 -0.395874 0.985962 -0.103149 -0.055786 0.046875
-0.012329 -0.377441 0.975342 -0.083008 -0.068848 0.077393
0.006592 -0.358887 0.994263 -0.049438 -0.077637 0.100952
0.015259 -0.340576 0.988770 -0.040405 -0.080200 0.118530
0.018066 -0.321533 0.991455 -0.064331 -0.079224 0.132080
0.038574 -0.305298 1.014526 -0.090332 -0.077271 0.137573
0.048096 -0.301880 1.036621 -0.095093 -0.078735 0.118896
0.058228 -0.295410 1.056030 -0.081543 -0.089966 0.083496
0.071289 -0.280151 1.068237 -0.076782 -0.095093 0.056396
0.082397 -0.273071 1.055176 -0.085205 -0.081421 0.050903
0.081421 -0.279541 1.057617 -0.088379 -0.071411 0.058228
0.082886 -0.284546 1.067261 -0.094727 -0.075073 0.052612
0.089600 -0.291748 1.069092 -0.103882 -0.096680 0.042480
0.108765 -0.286743 1.074951 -0.106567 -0.124512 0.031250
0.142700 -0.248047 1.080322 -0.123047 -0.150391 0.022339
0.171631 -0.209473 1.094360 -0.134277 -0.156372 0.015259
0.186401 -0.187866 1.098267 -0.098267 -0.142822 -0.016479
0.195313 -0.170288 1.077637 -0.049805 -0.133667 -0.074707
0.193237 -0.181519 1.061279 -0.031128 -0.140869 -0.146973
0.192993 -0.185303 1.053589 -0.029297 -0.165649 -0.213013
0.227905 -0.159790 1.078613 -0.003784 -0.180542 -0.265015
0.266235 -0.169556 1.090210 -0.004761 -0.141479 -0.281860
0.269775 -0.204468 1.081177 -0.078613 -0.074463 -0.287476
0.253906 -0.247070 1.058472 -0.201050 -0.009521 -0.284424
0.220947 -0.291748 1.030029 -0.304688 0.048340 -0.265625
0.193115 -0.338867 0.988647 -0.324829 0.065063 -0.238159
0.167725 -0.367798 0.956909 -0.255127 0.035889 -0.219360
0.169922 -0.388550 0.955078 -0.165161 -0.002197 -0.203247
0.200806 -0.394531 0.991943 -0.119751 -0.029541 -0.209961
0.224487 -0.377075 1.022705 -0.081299 -0.039307 -0.257690
0.230591 -0.339844 1.035400 -0.008911 -0.037842 -0.314453
0.228638 -0.334839 1.056641 0.065186 -0.004883 -0.352295
0.212402 -0.352173 1.062378 0.058960 0.045654 -0.368286
0.175293 -0.373779 1.057861 -0.008545 0.091187 -0.366699
0.140503 -0.409302 1.037354 -0.074829 0.123169 -0.356201
0.108398 -0.431519 1.025146 -0.109619 0.147217 -0.340088
0.088745 -0.433472 1.006592 -0.124756 0.163330 -0.324707
0.066040 -0.437378 1.005493 -0.131104 0.180664 -0.315308
0.040161 -0.417236 0.962036 -0.125488 0.197388 -0.299805
-0.013306 -0.415161 0.919922 -0.112305 0.222168 -0.275269
-0.079468 -0.417114 0.898438 -0.107666 0.233398 -0.259033
-0.131958 -0.387573 0.865479 -0.109985 0.216431 -0.245605
-0.174316 -0.376709 0.865601 -0.105347 0.187622 -0.243652
-0.212769 -0.369263 0.861572 -0.069580 0.146973 -0.254883
-0.241333 -0.353149 0.848022 -0.037720 0.101563 -0.266357
-0.269653 -0.364990 0.868896 -0.046387 0.068726 -0.259399
-0.316040 -0.400269 0.868286 -0.103271 0.036255 -0.225830
-0.314819 -0.374634 0.903198 0.003906 0.025513 -0.186157
-0.320190 -0.374512 0.933960 -0.030762 0.023682 -0.131714
-0.330933 -0.375366 0.932739 -0.124268 0.010010 -0.091187
-0.338745 -0.397949 0.943726 -0.182129 0.008789 -0.059814
-0.330688 -0.428345 0.951660 -0.195313 -0.001709 -0.038818
-0.302856 -0.435425 0.964478 -0.121094 -0.024780 -0.029907
-0.272949 -0.437866 0.988525 -0.058960 -0.049194 -0.022949
-0.231567 -0.438965 1.017578 -0.017944 -0.073730 -0.015381
-0.186890 -0.442383 1.034180 0.009644 -0.092896 -0.004272
-0.137939 -0.432861 1.049805 0.028442 -0.103394 0.005493
-0.101440 -0.416260 1.047485 0.042114 -0.103027 0.018921
-0.077637 -0.416382 1.046631 0.066162 -0.103149 0.043579
-0.036499 -0.384888 1.052612 0.087402 -0.112549 0.055298
-0.010376 -0.368530 1.049805 0.103516 -0.120850 0.056519
0.016479 -0.358887 1.043701 0.122681 -0.126831 0.048706
0.050415 -0.356567 1.050293 0.140747 -0.127686 0.043213
0.079346 -0.362793 1.050903 0.144043 -0.116943 0.039307
0.098999 -0.372192 1.052979 0.133057 -0.096802 0.038940
0.116577 -0.373291 1.042725 0.110962 -0.073364 0.040405
0.123657 -0.385498 1.028076 0.096191 -0.049927 0.041382
0.130859 -0.407227 1.026733 0.080811 -0.028198 0.033691
0.132568 -0.427979 1.025635 0.061646 -0.004639 0.026489
0.116943 -0.453979 1.011841 0.041992 0.024536 0.019775
0.078735 -0.489990 0.968384 0.018677 0.045898 0.011963
0.038330 -0.526123 0.917236 0.003784 0.047974 0.009766
0.005859 -0.557617 0.894043 0.001099 0.029541 0.004761
-0.004639 -0.586670 0.887695 0.001221 -0.004272 -0.005615
-0.009033 -0.600464 0.892090 0.010498 -0.041260 -0.016113
-0.004761 -0.614014 0.890137 0.034546 -0.078003 -0.026978
0.025024 -0.609375 0.915649 0.082275 -0.117065 -0.036377
0.094604 -0.566284 0.989502 0.121948 -0.138062 -0.047607
0.122559 -0.509644 1.000244 0.118774 -0.109497 -0.060303
0.125488 -0.484253 0.988281 0.098633 -0.039185 -0.052002
0.114624 -0.465454 0.972412 0.064819 0.040649 -0.021729
0.079468 -0.449097 0.936401 -0.001709 0.112305 0.025757
0.039551 -0.449463 0.848267 -0.081787 0.164063 0.081787
-0.012451 -0.432251 0.807617 -0.123169 0.169922 0.134033
-0.055542 -0.410767 0.763550 -0.132690 0.126343 0.162354
-0.061035 -0.372681 0.754639 -0.078247 0.058838 0.167603
-0.025513 -0.342651 0.810791 -0.012817 -0.028076 0.143311
0.011597 -0.309814 0.880005 0.042114 -0.104370 0.101563
0.057495 -0.276489 0.945190 0.078369 -0.148315 0.066528
0.088867 -0.249023 0.983887 0.051514 -0.159912 0.046265
0.110962 -0.219727 1.021606 -0.013794 -0.142090 0.055420
0.095825 -0.202393 1.019043 -0.090698 -0.096924 0.076782
0.054321 -0.202026 0.991943 -0.149658 -0.043091 0.103516
0.007324 -0.191406 0.948364 -0.189331 -0.006958 0.138794
-0.026123 -0.170776 0.908203 -0.219238 0.007202 0.177612
-0.036621 -0.153687 0.893555 -0.235352 0.008423 0.207031
-0.041748 -0.127319 0.909302 -0.231201 -0.005737 0.204712
-0.038208 -0.130615 0.926025 -0.200195 -0.040771 0.164795
-0.023804 -0.130981 0.961792 -0.136353 -0.094727 0.097900
-0.003906 -0.119385 1.004395 -0.053101 -0.139282 0.040405
0.025146 -0.094849 1.043701 0.017090 -0.164551 0.006470
0.059204 -0.078369 1.088135 0.039795 -0.163330 -0.004639
0.084473 -0.047729 1.135498 0.003418 -0.132935 -0.002563
0.084717 -0.050171 1.163940 -0.076172 -0.081055 0.001831
0.065918 -0.079468 1.180908 -0.150513 -0.031616 0.000977
0.029663 -0.118408 1.173340 -0.188232 0.004272 0.000122
-0.017700 -0.173218 1.159912 -0.171021 0.014160 0.010010
-0.029419 -0.200195 1.149048 -0.108398 -0.010864 0.020142
-0.017944 -0.199707 1.164429 -0.029663 -0.048584 0.037964
0.023682 -0.176392 1.178833 0.030273 -0.079224 0.057739
0.068848 -0.133301 1.212280 0.057739 -0.085571 0.065063
0.102173 -0.123169 1.226929 0.039673 -0.056519 0.059082
0.095337 -0.128540 1.206055 -0.006226 -0.010376 0.038330
0.075928 -0.177246 1.180298 -0.036011 0.027954 0.012939
0.051514 -0.238159 1.164185 -0.041748 0.043945 -0.015015
0.039063 -0.271240 1.145386 -0.019897 0.042358 -0.032471
0.029663 -0.297485 1.122559 0.016846 0.036743 -0.031860
0.019531 -0.320923 1.104736 0.045776 0.028198 -0.018677
0.022217 -0.323242 1.096191 0.072998 0.015259 -0.000366
0.029907 -0.307983 1.080811 0.092041 0.006470 0.010010
0.040161 -0.288452 1.073120 0.104736 0.002808 0.009766
0.051636 -0.275879 1.061279 0.097900 0.010864 0.004517
0.046387 -0.268921 1.044434 0.073242 0.030273 -0.003052
0.030396 -0.282227 1.016235 0.038452 0.050171 -0.010010
0.027954 -0.290771 1.005005 0.002075 0.060181 -0.009521
0.017944 -0.304688 0.992310 -0.024414 0.066162 -0.008179
0.001465 -0.327881 0.978027 -0.029053 0.066772 -0.011353
-0.015503 -0.350464 0.952515 -0.016113 0.057007 -0.015015
-0.019653 -0.352539 0.946777 0.000732 0.031738 -0.014771
-0.008423 -0.331665 0.952148 0.021851 0.004517 -0.012451
-0.007813 -0.331299 0.958496 0.042114 -0.007446 -0.006958
0.008057 -0.296021 0.962646 0.053101 -0.013306 -0.006104
