-0.010864 -0.408203 0.965454 -0.007690 -0.138916 0.111450
0.004761 -0.383057 0.992554 -0.010254 -0.139893 0.125000
0.022095 -0.350342 1.025391 -0.026855 -0.119873 0.134155
0.035767 -0.336914 1.073120 -0.043701 -0.076782 0.132813
0.043457 -0.329834 1.075928 -0.062622 -0.032715 0.111084
0.045898 -0.325317 1.065918 -0.062866 -0.008179 0.090942
0.032471 -0.357910 1.036133 -0.060913 -0.000488 0.050415
0.023193 -0.349731 1.033691 -0.030762 -0.016357 0.024414
0.025269 -0.335815 1.056763 0.017456 -0.037231 0.026001
0.046631 -0.321167 1.070557 0.073608 -0.051147 0.026611
0.076538 -0.289673 1.080566 0.118408 -0.066895 0.025757
0.108887 -0.234253 1.097168 0.134033 -0.092163 0.000366
0.133545 -0.196899 1.103027 0.140503 -0.106689 -0.034546
0.156006 -0.183105 1.115356 0.134644 -0.095337 -0.059448
0.168335 -0.175415 1.115234 0.095703 -0.059204 -0.064331
0.167603 -0.179443 1.095459 0.024536 -0.014771 -0.054077
0.148804 -0.217285 1.083618 -0.030884 0.016357 -0.033813
0.131104 -0.262573 1.068359 -0.064697 0.014282 -0.029419
0.116821 -0.286865 1.055542 -0.078613 -0.019531 -0.027466
0.120239 -0.295532 1.031982 -0.055542 -0.067383 -0.025879
0.139771 -0.283203 1.027832 -0.023682 -0.128662 -0.039185
0.159668 -0.260864 1.032227 0.009155 -0.191162 -0.074585
0.196289 -0.218872 1.034668 0.028809 -0.235596 -0.109619
0.221436 -0.208252 1.044312 0.005127 -0.248901 -0.128784
0.236694 -0.208740 1.043823 -0.044800 -0.230713 -0.135132
0.244385 -0.213623 1.050903 -0.112183 -0.194214 -0.133301
0.239746 -0.240723 1.050903 -0.200684 -0.158081 -0.127686
0.236206 -0.259399 1.046509 -0.276855 -0.120239 -0.126099
0.224976 -0.280396 1.012573 -0.286011 -0.109497 -0.134888
0.228149 -0.281006 1.006470 -0.208374 -0.125854 -0.150635
0.229370 -0.275757 1.021729 -0.110229 -0.131470 -0.178223
0.232544 -0.269043 1.021729 -0.063965 -0.121948 -0.204102
0.230591 -0.268311 1.038574 -0.063721 -0.092041 -0.219971
0.220703 -0.280640 1.041626 -0.078979 -0.064331 -0.231812
0.208252 -0.292603 1.031616 -0.058594 -0.043213 -0.240356
0.182373 -0.300171 1.017456 -0.043335 -0.021851 -0.249146
0.166016 -0.306030 1.013794 -0.056519 -0.011353 -0.255249
0.155029 -0.335815 1.027466 -0.100586 -0.001465 -0.242920
0.143066 -0.355957 1.039429 -0.141602 0.024536 -0.226318
0.112549 -0.363159 1.025879 -0.175293 0.061523 -0.206177
0.073975 -0.360962 1.008057 -0.188110 0.093872 -0.193237
0.025879 -0.358765 0.976196 -0.181885 0.104492 -0.184570
-0.005981 -0.343140 0.971069 -0.163330 0.100708 -0.188965
-0.046875 -0.335938 0.970093 -0.150635 0.093384 -0.202515
-0.082886 -0.331543 0.951782 -0.137573 0.091553 -0.218140
-0.125122 -0.345825 0.940063 -0.126343 0.098145 -0.223999
-0.162231 -0.352295 0.932495 -0.117554 0.103882 -0.217407
-0.197388 -0.358765 0.900513 -0.120483 0.110107 -0.203491
-0.214355 -0.349609 0.896851 -0.129272 0.109375 -0.188110
-0.225098 -0.313232 0.893921 -0.135010 0.109253 -0.169800
-0.245239 -0.311035 0.881714 -0.156982 0.112183 -0.158813
-0.264771 -0.332275 0.877686 -0.141602 0.089844 -0.170410
-0.279907 -0.366089 0.894043 -0.141602 0.039551 -0.182861
-0.276611 -0.407837 0.923340 -0.116577 -0.031616 -0.185669
-0.229980 -0.361206 0.983643 0.029907 -0.076782 -0.181885
-0.200073 -0.346191 1.017334 0.023193 -0.101196 -0.162964
-0.163940 -0.327393 1.048218 -0.000977 -0.093506 -0.138794
-0.150024 -0.316406 1.058105 -0.063843 -0.063477 -0.110718
-0.139771 -0.305176 1.051025 -0.114258 -0.033081 -0.087646
-0.127930 -0.328857 1.036865 -0.119995 -0.015991 -0.073364
-0.118042 -0.344604 1.060425 -0.087646 -0.015869 -0.070068
-0.106201 -0.368042 1.058228 -0.062378 -0.023560 -0.075073
-0.082764 -0.384277 1.066284 -0.036133 -0.033691 -0.074219
-0.055908 -0.391968 1.077881 -0.021851 -0.040161 -0.069092
-0.033081 -0.397095 1.072388 -0.013916 -0.042358 -0.053955
-0.007935 -0.391113 1.067505 0.000000 -0.041260 -0.030029
0.020264 -0.383423 1.076294 0.011353 -0.039551 -0.008911
0.045288 -0.364868 1.077759 0.038574 -0.031372 0.004883
0.063843 -0.357788 1.077759 0.069092 -0.014648 0.014526
0.074341 -0.359741 1.068848 0.068237 0.003784 0.018311
0.067139 -0.380371 1.046509 0.055176 0.022949 0.023682
0.059082 -0.384644 1.019043 0.041626 0.032837 0.028809
0.057983 -0.399414 1.009644 0.029297 0.032715 0.030273
0.069946 -0.420288 1.006470 0.022461 0.028320 0.023926
0.057007 -0.449341 0.998413 0.033203 0.031738 0.023071
0.029785 -0.484985 0.976807 0.059204 0.032837 0.032715
0.022705 -0.515015 0.977783 0.077026 0.017944 0.044800
0.017944 -0.530884 0.976563 0.074341 -0.006470 0.050171
0.012329 -0.540527 0.983032 0.078735 -0.016113 0.053833
0.007324 -0.563477 0.977905 0.073242 -0.021240 0.066528
-0.000610 -0.585449 0.963501 0.067505 -0.023682 0.088135
-0.000977 -0.561523 0.956787 0.075073 -0.032104 0.111450
-0.008057 -0.557129 0.944824 0.084229 -0.041260 0.137329
-0.009277 -0.543579 0.929443 0.097778 -0.054199 0.159058
-0.005981 -0.497925 0.927246 0.095703 -0.063232 0.180298
-0.016968 -0.476440 0.904907 0.068237 -0.058105 0.199585
-0.025635 -0.466553 0.866455 0.044067 -0.058228 0.219116
-0.024292 -0.460571 0.813721 0.043579 -0.069336 0.239502
-0.041504 -0.449219 0.793213 0.066406 -0.090942 0.265503
-0.045410 -0.429077 0.788940 0.084595 -0.131958 0.275024
-0.033203 -0.396851 0.816040 0.104858 -0.182739 0.270630
-0.002563 -0.358765 0.850220 0.120728 -0.230103 0.251343
0.033447 -0.334717 0.921265 0.125610 -0.253906 0.246826
0.061279 -0.321655 0.982910 0.093018 -0.256958 0.247314
0.089478 -0.317139 1.031128 0.058960 -0.238159 0.244995
0.091553 -0.316406 1.057983 0.044189 -0.212158 0.245239
0.110474 -0.280518 1.060669 0.051270 -0.185181 0.246826
0.137451 -0.207764 1.094604 0.039185 -0.147339 0.254272
0.135986 -0.161011 1.072876 -0.024414 -0.070923 0.262939
0.089111 -0.144653 1.016968 -0.105225 0.021240 0.275269
0.027466 -0.121460 0.935913 -0.177979 0.079712 0.284058
-0.027100 -0.143677 0.880493 -0.207275 0.081787 0.273315
-0.048340 -0.149048 0.881348 -0.159790 0.025269 0.241577
-0.017212 -0.127441 0.934082 -0.067383 -0.069824 0.200806
0.037231 -0.083252 1.027222 0.023926 -0.153198 0.153809
0.084229 -0.059448 1.098877 0.083496 -0.188232 0.110962
0.119019 -0.028198 1.151733 0.101563 -0.176025 0.084473
0.135132 -0.014038 1.187012 0.061890 -0.123413 0.080322
0.134155 0.006348 1.182129 -0.017456 -0.044800 0.085327
0.105225 0.012207 1.127930 -0.101929 0.041138 0.086182
0.057739 -0.005371 1.060669 -0.173218 0.102783 0.081665
0.016724 -0.028198 1.018311 -0.221313 0.119629 0.077026
0.001953 -0.056885 1.005371 -0.212036 0.095703 0.065308
0.009644 -0.093628 1.040527 -0.151489 0.038330 0.047241
0.027954 -0.108154 1.085571 -0.068726 -0.032471 0.007080
0.062256 -0.100586 1.131714 0.015137 -0.092285 -0.032715
0.094360 -0.104736 1.173218 0.066406 -0.121948 -0.058594
0.125366 -0.101440 1.203735 0.075562 -0.111938 -0.061523
0.141235 -0.101074 1.209839 0.039063 -0.063599 -0.044312
0.137329 -0.104614 1.198975 -0.027588 -0.000977 -0.017822
0.106079 -0.111572 1.160034 -0.088989 0.055298 0.005127
0.073120 -0.147461 1.114136 -0.116943 0.088135 0.013428
0.044067 -0.189209 1.081177 -0.110229 0.083374 0.010010
0.030640 -0.226074 1.067383 -0.062256 0.051758 0.006714
0.028564 -0.228638 1.055664 0.010864 0.005005 -0.012817
0.047852 -0.225464 1.074463 0.093750 -0.045898 -0.041626
0.083740 -0.195557 1.105713 0.156128 -0.077515 -0.065186
0.111084 -0.168335 1.122192 0.159546 -0.068237 -0.079834
0.115723 -0.163208 1.126587 0.108765 -0.020142 -0.082397
0.104614 -0.174683 1.096436 0.024170 0.049316 -0.067383
0.060791 -0.222900 1.051392 -0.059570 0.108887 -0.038330
0.023560 -0.264282 1.009521 -0.102051 0.134521 -0.018066
-0.008667 -0.296021 0.973389 -0.095947 0.124268 -0.013916
-0.021484 -0.297241 0.951294 -0.052856 0.092041 -0.019165
-0.017700 -0.291504 0.960815 -0.003174 0.051270 -0.024902
0.000122 -0.272217 0.978027 0.029785 0.020996 -0.036621
0.007324 -0.265137 0.985474 0.039063 0.012329 -0.045898
0.007202 -0.250977 0.972046 0.018677 0.016113 -0.042114
0.007690 -0.251831 0.981323 -0.016235 0.025513 -0.032837
0.007324 -0.259644 0.993164 -0.049194 0.031616 -0.029663
-0.000366 -0.283569 0.982910 -0.068237 0.034790 -0.028320
-0.005981 -0.296875 0.982422 -0.071045 0.030640 -0.029541
-0.010132 -0.316406 0.988159 -0.066895 0.018433 -0.032715
-0.010132 -0.319824 0.996826 -0.058472 -0.000977 -0.036499
0.001221 -0.305908 1.010620 -0.053589 -0.022827 -0.037842
0.009766 -0.264160 1.015137 -0.046265 -0.035522 -0.041626
0.021606 -0.253052 1.014526 -0.037964 -0.033081 -0.026611
0.030762 -0.247070 1.030273 -0.028687 -0.021240 -0.014771
0.030640 -0.249268 1.041504 -0.038086 -0.007324 -0.016602
0.027344 -0.263306 1.033936 -0.050415 0.010864 -0.017456
