0.028931 -0.201416 1.078979 -0.082397 0.092041 0.064575
0.012817 -0.235596 1.065918 -0.068237 0.114502 0.073853
-0.027344 -0.234497 1.016968 -0.062744 0.117432 0.082031
-0.044434 -0.213623 0.980957 -0.040405 0.088135 0.094360
-0.033936 -0.197754 0.970581 -0.012207 0.037720 0.089722
-0.005371 -0.171509 1.021851 0.047852 -0.020752 0.078857
0.021484 -0.125366 1.052246 0.077881 -0.051025 0.075073
0.044312 -0.077393 1.059082 0.058594 -0.060791 0.083252
0.063843 -0.047852 1.049316 0.032471 -0.062134 0.091675
0.069336 -0.032959 1.051025 0.017578 -0.067383 0.088989
0.085938 -0.030396 1.052124 0.001099 -0.078003 0.070190
0.096558 -0.047363 1.051758 -0.011841 -0.084473 0.042847
0.111816 -0.067017 1.039185 -0.026489 -0.088989 0.021362
0.125977 -0.072876 1.010986 -0.050049 -0.098267 0.004883
0.149780 -0.067749 1.017212 -0.060669 -0.116089 -0.021729
0.174316 -0.051147 1.005493 -0.053833 -0.140625 -0.070190
0.196777 -0.082642 1.021240 -0.023560 -0.160767 -0.104370
0.228516 -0.092285 1.061035 -0.002563 -0.175537 -0.127319
0.255127 -0.079712 1.066284 -0.004272 -0.168701 -0.139404
0.284058 -0.043945 1.052002 -0.015137 -0.159912 -0.147949
0.300293 -0.010986 1.024536 -0.083252 -0.162598 -0.176270
0.315796 -0.014282 1.010132 -0.160645 -0.172729 -0.213013
0.336426 -0.037598 1.025635 -0.117920 -0.176514 -0.242188
0.370361 -0.047729 1.054077 -0.094604 -0.166016 -0.259399
0.399658 -0.058594 1.113159 -0.142090 -0.127197 -0.266113
0.413452 -0.089722 1.154175 -0.171265 -0.055786 -0.277710
0.387695 -0.120728 1.147583 -0.208740 0.025757 -0.302856
0.343262 -0.151489 1.098022 -0.231812 0.091431 -0.326660
0.298462 -0.195557 1.057983 -0.221191 0.126099 -0.340454
0.236206 -0.253662 1.007690 -0.240723 0.123413 -0.339966
0.197144 -0.270020 0.994141 -0.230957 0.096680 -0.320068
0.185303 -0.247070 0.986694 -0.199829 0.051758 -0.311279
0.189575 -0.229614 1.010864 -0.186768 0.007324 -0.321899
0.194214 -0.232422 1.048462 -0.189819 -0.020996 -0.347168
0.200684 -0.216797 1.089600 -0.237793 -0.027588 -0.367798
0.177979 -0.239136 1.094849 -0.287598 0.001831 -0.386230
0.130127 -0.255249 1.050781 -0.291016 0.044189 -0.394653
0.059326 -0.295166 0.993530 -0.259888 0.078003 -0.378296
0.003540 -0.314209 0.952271 -0.226807 0.083374 -0.351440
-0.043823 -0.323120 0.930054 -0.216675 0.057983 -0.333374
-0.064941 -0.327271 0.929199 -0.209595 0.026123 -0.319092
-0.062622 -0.334595 0.968506 -0.169678 0.002808 -0.306152
-0.071655 -0.338989 0.979858 -0.162842 0.000244 -0.277710
-0.077881 -0.333618 0.981934 -0.173462 0.024780 -0.245361
-0.090454 -0.338867 0.987915 -0.178589 0.039185 -0.218994
-0.103149 -0.328125 0.985596 -0.164673 0.042114 -0.190186
-0.115845 -0.346802 0.980713 -0.160034 0.048584 -0.160034
-0.124390 -0.357300 0.989746 -0.158203 0.038818 -0.135376
-0.123535 -0.331787 0.978394 -0.151733 0.020020 -0.110718
-0.120239 -0.318115 0.976807 -0.122070 0.006592 -0.094482
-0.098877 -0.311890 0.982788 -0.079956 -0.012451 -0.090210
-0.088501 -0.308105 0.983398 -0.064209 -0.034790 -0.085083
-0.068115 -0.303101 0.988525 -0.047485 -0.057861 -0.073853
-0.041626 -0.282349 0.994019 -0.032593 -0.068115 -0.060547
-0.006592 -0.280396 1.036377 -0.012329 -0.073608 -0.057495
0.015381 -0.269409 1.039063 -0.007446 -0.062134 -0.048218
0.034546 -0.261353 1.037231 0.003052 -0.045166 -0.040771
0.049438 -0.262573 1.029175 0.003906 -0.034790 -0.026123
0.066040 -0.268066 1.035400 0.003418 -0.039429 -0.010498
0.082031 -0.268677 1.048828 -0.011719 -0.040894 -0.006592
0.091797 -0.270752 1.052490 -0.024170 -0.033936 -0.006836
0.098267 -0.285767 1.050659 -0.029785 -0.030273 -0.015381
0.097656 -0.310425 1.045654 -0.031982 -0.030396 -0.026001
0.095581 -0.352295 1.031982 -0.028442 -0.033081 -0.033203
0.104004 -0.383911 1.042603 -0.026489 -0.032959 -0.035278
0.106323 -0.416138 1.033569 -0.028931 -0.024780 -0.016602
0.104858 -0.436401 1.022949 -0.045166 -0.015747 0.010254
0.100342 -0.460449 1.006226 -0.061646 -0.015137 0.034424
0.092041 -0.488525 1.017090 -0.053101 -0.022461 0.050415
0.064819 -0.528564 1.004517 -0.044189 -0.034302 0.057739
0.041992 -0.555420 0.979736 -0.012817 -0.053711 0.060791
0.043579 -0.546143 0.983887 0.011963 -0.084229 0.077515
0.054321 -0.548706 0.996826 0.009888 -0.104492 0.103271
0.049194 -0.555664 1.002075 0.002319 -0.113770 0.120850
0.030273 -0.593384 0.986816 -0.015137 -0.134644 0.129028
0.012573 -0.649536 0.989868 -0.023438 -0.177612 0.132690
0.024414 -0.649292 1.026123 0.006348 -0.224731 0.135376
0.043457 -0.626221 1.053467 0.062012 -0.262939 0.148438
0.078125 -0.613159 1.067749 0.113281 -0.288330 0.158691
0.122925 -0.573853 1.118652 0.141724 -0.283936 0.155762
0.177734 -0.574829 1.182129 0.156860 -0.217163 0.189575
0.198242 -0.511475 1.155396 0.119263 -0.089233 0.280518
0.192505 -0.403442 1.091431 0.034424 0.044312 0.413330
0.162231 -0.246216 0.971558 -0.072998 0.142090 0.493530
0.119995 -0.181885 0.871216 -0.141846 0.183228 0.504150
0.095947 -0.179077 0.823608 -0.130981 0.151245 0.446777
0.077393 -0.156738 0.785156 -0.072510 0.084961 0.382202
0.082520 -0.129883 0.769409 -0.036743 0.001221 0.341675
0.105591 -0.087036 0.787354 -0.039063 -0.096558 0.294678
0.152466 -0.060303 0.852173 0.006592 -0.198486 0.228882
0.237793 -0.023560 1.018311 0.006836 -0.274902 0.183716
0.278076 -0.010986 1.055786 -0.195923 -0.316895 0.174072
0.274048 0.033203 1.072632 -0.255859 -0.222046 0.156982
0.234863 0.061523 1.026978 -0.213867 -0.089233 0.145386
0.208618 0.067017 0.992920 -0.168091 -0.027832 0.110474
0.185547 0.041626 0.994019 -0.160889 -0.011475 0.061646
0.178223 0.036255 1.013794 -0.132935 -0.002563 0.032227
0.174561 0.022095 1.049805 -0.130005 0.002441 0.024658
0.165283 0.012451 1.060791 -0.130127 -0.001831 -0.001465
0.145020 -0.037354 1.078857 -0.076538 -0.007568 -0.034912
0.136230 -0.058716 1.093018 0.037720 -0.022827 -0.062256
0.163330 -0.035522 1.152344 0.121948 -0.036987 -0.071045
0.195068 -0.013916 1.201660 0.118408 -0.021240 -0.046753
0.221313 -0.018921 1.221069 0.076904 0.034790 -0.011108
0.210205 -0.015015 1.179810 0.007202 0.093384 0.013672
0.193848 -0.016968 1.135254 -0.046997 0.122192 0.028809
0.191772 -0.025757 1.114258 -0.063232 0.127563 0.026123
0.190552 -0.034546 1.092407 -0.022583 0.128662 0.004395
0.185059 -0.049561 1.077759 0.027100 0.124878 -0.028931
0.173096 -0.078735 1.069702 0.040161 0.114502 -0.057373
0.164551 -0.088379 1.070313 0.031494 0.109375 -0.070801
0.147949 -0.104736 1.055664 0.009644 0.116455 -0.064453
0.124756 -0.132080 1.026245 -0.012085 0.120972 -0.058105
0.101807 -0.169312 1.003052 -0.024170 0.109985 -0.058594
0.091309 -0.188232 0.994995 -0.024780 0.083374 -0.060059
0.088135 -0.195313 0.982910 -0.019653 0.053711 -0.059448
0.090210 -0.221069 0.999512 -0.017822 0.030273 -0.061768
0.097534 -0.236938 1.017944 -0.016602 0.019897 -0.066528
0.105347 -0.240601 1.041382 -0.026489 0.020874 -0.068481
0.103882 -0.249512 1.052979 -0.047363 0.032104 -0.070313
0.083496 -0.280151 1.029297 -0.060181 0.048462 -0.065918
0.058960 -0.289063 1.007935 -0.070190 0.055664 -0.058838
0.048462 -0.303101 1.015991 -0.068726 0.051514 -0.057739
0.053223 -0.308960 1.022217 -0.060547 0.045532 -0.051636
0.050171 -0.332153 1.028320 -0.053955 0.046509 -0.039673
0.044556 -0.327515 1.015747 -0.055542 0.043823 -0.027954
0.041016 -0.318726 1.017700 -0.053223 0.036133 -0.020142
0.048218 -0.309326 1.007935 -0.050415 0.025269 -0.012329
0.055176 -0.288818 1.016479 -0.048828 0.019287 -0.003174
0.062988 -0.277344 1.025513 -0.054443 0.020874 0.009766
0.064209 -0.272339 1.018433 -0.061768 0.021484 0.014771
0.069336 -0.271240 1.009155 -0.059082 0.014893 0.009277
0.075928 -0.265991 1.024902 -0.051025 0.005127 -0.000854
0.081665 -0.262207 1.029541 -0.040283 0.003174 -0.013550
0.086792 -0.250366 1.026611 -0.034302 0.008789 -0.021606
0.076050 -0.273560 1.027344 -0.034058 0.015625 -0.023071
0.064575 -0.291626 1.014648 -0.029053 0.017578 -0.024658
0.057617 -0.297607 1.006714 -0.023438 0.017456 -0.027466
0.058105 -0.298584 1.005493 -0.015381 0.009399 -0.025757
0.053101 -0.292114 0.998779 -0.020264 -0.004028 -0.017090
0.059937 -0.276001 0.993652 -0.020264 -0.018921 -0.007324
0.073486 -0.250854 1.019287 -0.006470 -0.025635 -0.000244
0.089600 -0.250000 1.027222 -0.005615 -0.027588 0.008057
0.099976 -0.240479 1.034424 -0.022461 -0.027344 0.010010
0.106079 -0.243896 1.044922 -0.038208 -0.016968 0.011597
0.103271 -0.250244 1.041748 -0.045532 0.000366 0.007446
0.101074 -0.246460 1.039063 -0.051880 0.007568 -0.000366
0.093018 -0.252441 1.033936 -0.056885 0.010742 -0.010254
0.082886 -0.261597 1.031128 -0.049194 0.016357 -0.021851
0.078003 -0.257080 1.017944 -0.046997 0.016602 -0.031616
