-0.027466 -0.342163 0.993774 -0.156860 -0.230469 -0.066895
-0.007446 -0.323853 1.033936 -0.175415 -0.250854 -0.063354
-0.025513 -0.340210 1.029053 -0.204468 -0.243408 -0.050049
-0.046387 -0.372803 1.018555 -0.144653 -0.219727 -0.010376
-0.052124 -0.371460 1.015625 -0.012085 -0.203857 0.039917
-0.039917 -0.337524 0.997925 0.055542 -0.198242 0.083862
-0.034302 -0.329712 1.003174 0.049683 -0.206665 0.118408
-0.013794 -0.290894 1.017944 0.086548 -0.217285 0.136230
0.000732 -0.261963 1.022583 0.172119 -0.207642 0.137207
0.015137 -0.236572 1.049072 0.190918 -0.198975 0.131104
0.026978 -0.205322 1.032104 0.138672 -0.188965 0.115723
0.032837 -0.193848 1.029785 0.153198 -0.168945 0.095703
0.044800 -0.179199 1.040649 0.181152 -0.155640 0.065308
0.034302 -0.197388 1.026245 0.127319 -0.146118 0.027954
0.044556 -0.170410 1.048340 0.080811 -0.126831 0.005249
0.053345 -0.159058 1.053711 0.004395 -0.066772 0.005127
0.051025 -0.134644 1.034180 -0.082153 -0.018066 0.022705
0.052246 -0.119507 0.999756 -0.118652 0.025635 0.034912
0.050537 -0.106445 0.978516 -0.133911 0.044678 0.026489
0.126831 -0.084595 0.795654 -0.103271 0.045532 0.009766
0.069824 -0.103027 1.049561 -0.115356 0.011841 -0.024536
0.073120 -0.099243 1.018433 -0.046143 -0.012085 -0.060791
0.064941 -0.125366 1.003418 0.010376 -0.043701 -0.105591
0.058105 -0.150513 0.957275 0.052856 -0.093262 -0.137085
0.054688 -0.168457 1.032349 0.038940 -0.147217 -0.154419
0.029907 -0.189087 1.040039 -0.011353 -0.181763 -0.151367
0.033447 -0.205688 1.100708 0.028931 -0.180908 -0.130371
0.037842 -0.226196 1.163940 -0.036621 -0.142700 -0.098022
0.035645 -0.211182 1.132324 -0.122925 -0.063110 -0.058105
0.072021 -0.153442 1.132446 -0.156860 -0.046143 -0.014282
0.070679 -0.147949 1.109985 -0.217896 -0.034180 -0.005127
0.058716 -0.144653 1.091309 -0.179321 -0.016479 -0.017944
0.036377 -0.165527 1.068481 -0.144531 0.006592 -0.037476
0.015747 -0.183716 1.041382 -0.124512 0.004150 -0.052124
-0.003052 -0.218262 1.035156 -0.112549 -0.010498 -0.059692
-0.012939 -0.251587 1.048706 -0.088623 -0.029175 -0.054810
-0.021118 -0.270630 1.038696 -0.035034 -0.046631 -0.034180
-0.025635 -0.277222 1.028442 0.011719 -0.067993 -0.007446
-0.006592 -0.259644 1.052856 0.038818 -0.094116 0.017700
0.025879 -0.225342 1.090332 0.021729 -0.093018 0.036865
0.036377 -0.197388 1.072266 -0.029053 -0.048218 0.034790
0.026489 -0.196167 1.035767 -0.046631 -0.010742 0.029419
0.011353 -0.188477 0.985107 -0.073608 0.007080 0.022583
0.007202 -0.181519 0.963867 -0.096680 -0.004639 0.015869
0.013916 -0.190918 0.959106 -0.106567 -0.026123 0.007324
0.024902 -0.197510 0.959351 -0.101440 -0.047974 0.006348
0.048462 -0.203003 0.979248 -0.036621 -0.069458 0.011963
0.083374 -0.192749 1.018433 -0.029297 -0.093140 0.004272
0.133057 -0.173950 1.052002 -0.020142 -0.108765 -0.005859
0.182251 -0.136475 1.094482 -0.005859 -0.103882 -0.018921
0.211792 -0.117920 1.102539 -0.002563 -0.078369 -0.038330
0.226807 -0.117432 1.101929 -0.057739 -0.058838 -0.073486
0.249878 -0.126343 1.144287 -0.109985 -0.038452 -0.107788
0.264648 -0.144897 1.142944 -0.180420 -0.006348 -0.143677
0.266479 -0.159912 1.123779 -0.186401 0.025269 -0.174805
0.275269 -0.170654 1.112671 -0.082397 0.048096 -0.193359
0.261841 -0.181763 1.094360 -0.008301 0.057861 -0.201050
0.256104 -0.195679 1.082520 0.037476 0.054688 -0.208008
0.251343 -0.178955 1.070313 0.064697 0.052124 -0.214355
0.236572 -0.172729 1.075562 -0.067993 0.088257 -0.215942
0.209717 -0.154297 1.048828 -0.104614 0.122314 -0.211548
0.169922 -0.163452 1.005981 -0.069702 0.162964 -0.228149
0.116211 -0.197632 0.966309 -0.053589 0.190674 -0.253662
0.043335 -0.263306 0.911865 -0.148682 0.172485 -0.278564
-0.000244 -0.326782 0.933350 -0.259521 0.162842 -0.298950
-0.015869 -0.327881 0.938965 -0.137939 0.142578 -0.284546
-0.085083 -0.343872 0.897461 -0.173950 0.138306 -0.258057
-0.156860 -0.378052 0.878418 -0.264771 0.118530 -0.221558
-0.196411 -0.380371 0.885742 -0.212524 0.079712 -0.173218
-0.212891 -0.390747 0.906006 -0.125122 0.033081 -0.130737
-0.208618 -0.360840 0.899170 -0.034668 -0.015625 -0.102417
-0.191895 -0.350098 0.956665 -0.034180 -0.058472 -0.088623
-0.152466 -0.305176 1.018433 -0.033813 -0.079590 -0.088013
-0.127808 -0.287842 1.065186 -0.039063 -0.066040 -0.093018
-0.116333 -0.282104 1.079102 -0.084961 -0.041016 -0.092529
-0.105469 -0.268311 1.065796 -0.146606 -0.022949 -0.081665
-0.105225 -0.280518 1.058594 -0.141724 -0.017944 -0.061768
-0.101563 -0.286499 1.048340 -0.066772 -0.020142 -0.051147
-0.094238 -0.296997 1.037842 0.029297 -0.034546 -0.038696
-0.079468 -0.286133 1.017944 0.106934 -0.054688 -0.020386
-0.052979 -0.273315 1.015503 0.118164 -0.071045 -0.002075
-0.021118 -0.237671 1.036133 0.110840 -0.066162 0.012329
-0.018188 -0.220581 1.016235 0.035767 -0.044434 0.029907
-0.019165 -0.190796 1.002197 -0.021118 -0.022217 0.044922
-0.013428 -0.169800 0.996826 -0.031250 -0.009277 0.047607
-0.018311 -0.163208 1.004883 -0.015503 -0.005981 0.028809
-0.031982 -0.184204 0.990112 0.021240 -0.010986 -0.002686
-0.027222 -0.192749 0.997192 0.086304 -0.027100 -0.030029
-0.036743 -0.253296 0.987671 0.080811 -0.039185 -0.035645
-0.035645 -0.306641 0.992065 0.044800 -0.054932 -0.041260
-0.041992 -0.360229 0.990845 0.011475 -0.063232 -0.041016
-0.022827 -0.367798 1.018188 0.038452 -0.064331 -0.022461
-0.009644 -0.390015 1.018311 0.061157 -0.057129 0.009033
0.002441 -0.416870 1.015381 0.063843 -0.042969 0.028198
0.033813 -0.397583 1.050293 0.122925 -0.040894 0.032227
0.033203 -0.413818 1.041016 0.110352 -0.036255 0.019043
0.014648 -0.461914 1.018921 0.084351 -0.039551 0.005737
-0.003296 -0.486694 0.998169 0.039917 -0.052002 0.013794
-0.023438 -0.509033 0.978271 0.022583 -0.064087 0.040894
-0.023315 -0.490967 0.958618 0.041016 -0.085815 0.070923
-0.021118 -0.483154 0.932129 0.069214 -0.119873 0.096191
-0.000732 -0.476563 0.939575 0.106323 -0.162476 0.106445
0.024536 -0.457153 0.963379 0.130981 -0.181274 0.110840
0.022827 -0.475952 0.963135 0.128906 -0.150757 0.133423
-0.006226 -0.503418 0.943848 0.073486 -0.102661 0.170654
-0.038330 -0.515869 0.896240 -0.015869 -0.072876 0.214111
-0.033081 -0.496460 0.908936 -0.058716 -0.075073 0.253540
-0.017456 -0.445801 0.925781 -0.082031 -0.093140 0.269531
-0.007935 -0.406616 0.964355 -0.096558 -0.109375 0.266724
-0.011353 -0.388794 0.980713 -0.099487 -0.115845 0.254761
-0.025879 -0.386230 0.987305 -0.082397 -0.124756 0.243530
-0.015015 -0.336548 1.003540 -0.061035 -0.135864 0.246948
0.005981 -0.312744 1.044800 -0.074829 -0.121094 0.264893
0.037720 -0.288818 1.111816 -0.167358 -0.065552 0.295044
0.015015 -0.283081 1.064697 -0.319946 0.014282 0.334473
0.014893 -0.228271 1.021729 -0.394287 0.054565 0.367065
0.015381 -0.187134 0.988159 -0.386230 0.053955 0.379028
0.037720 -0.156006 0.986084 -0.308350 0.023804 0.364624
0.048340 -0.121338 0.977173 -0.196777 -0.019897 0.325439
0.052368 -0.105835 0.968750 -0.083130 -0.073730 0.277954
0.078003 -0.068237 0.996338 0.029541 -0.148315 0.221802
0.132202 -0.028687 1.083130 0.144287 -0.218628 0.176514
0.207031 0.021240 1.248657 0.299927 -0.222046 0.158081
0.205200 0.063477 1.258301 0.261475 -0.148804 0.145752
0.191040 0.107666 1.160034 0.299438 -0.066528 0.142578
0.140015 0.147217 1.073975 0.207031 -0.002319 0.119385
0.142944 0.138062 1.141113 0.029419 0.010132 0.103149
0.159912 0.152588 1.151367 -0.113647 -0.005615 0.096313
0.131958 0.116577 1.114990 -0.267090 0.046387 0.084106
0.091309 0.124390 1.018555 -0.159058 0.088257 0.059082
0.057739 0.109741 0.974976 0.031616 0.094360 0.005127
0.075195 0.087402 1.038696 0.154663 0.047729 -0.056641
0.074829 0.028564 1.078125 0.083374 0.013672 -0.092041
0.054443 -0.026733 1.098022 0.018066 0.014282 -0.095337
0.044067 -0.039673 1.084229 -0.018311 0.022827 -0.077759
0.048340 -0.042236 1.090698 -0.014404 0.013306 -0.055542
0.056396 -0.048218 1.098755 0.022339 -0.011841 -0.048462
0.077148 -0.046509 1.130127 0.058228 -0.023926 -0.049927
0.098755 -0.035767 1.151489 0.035278 0.004883 -0.039917
0.093506 -0.040527 1.130127 -0.070313 0.070435 -0.025635
0.059814 -0.080688 1.074463 -0.184204 0.128296 -0.021606
0.028076 -0.127808 1.045166 -0.235840 0.145752 -0.024292
0.006714 -0.172363 1.040649 -0.243042 0.128052 -0.031982
0.001953 -0.197876 1.032349 -0.213135 0.092651 -0.036987
0.004150 -0.228516 1.056519 -0.163452 0.054565 -0.043091
0.014282 -0.223755 1.054443 -0.103638 0.020264 -0.056763
0.022949 -0.225708 1.063354 -0.043945 0.000732 -0.077148
0.037109 -0.218750 1.069336 0.003540 0.005249 -0.092651
0.037598 -0.214233 1.057495 -0.002808 0.029419 -0.096924
0.029053 -0.232056 1.041748 -0.060547 0.057861 -0.090454
