0.040527 -0.250366 1.034424 -0.044312 0.011353 -0.000610
0.041016 -0.255127 1.040527 -0.063721 0.016602 -0.002563
0.034302 -0.268799 1.029419 -0.078979 0.020996 -0.003418
0.021362 -0.278931 1.012329 -0.078735 0.020264 -0.003052
0.021606 -0.266479 0.997559 -0.064697 0.015625 -0.002563
0.014771 -0.258057 1.005981 -0.046875 0.018921 0.000854
0.011230 -0.264038 1.005981 -0.026978 0.020996 0.006226
0.009521 -0.256104 1.015625 -0.024536 0.017944 0.005005
0.010376 -0.255493 1.021851 -0.022827 0.019165 0.004517
0.003296 -0.262695 1.010986 -0.019653 0.020020 0.002808
0.004272 -0.261108 1.024536 -0.016357 0.015259 -0.003906
0.009644 -0.252930 1.041504 -0.007446 0.022827 -0.011108
0.006958 -0.255371 1.025513 -0.014893 0.031128 -0.012451
-0.003906 -0.277588 1.016602 -0.038208 0.035278 -0.018066
-0.013062 -0.282593 1.015381 -0.046021 0.029175 -0.020996
-0.013062 -0.291870 1.017456 -0.058228 -0.003418 -0.018066
-0.006958 -0.296265 1.019409 -0.047974 0.000122 -0.012695
0.000732 -0.285767 1.009888 -0.028687 -0.001343 -0.000732
0.005249 -0.280762 1.006348 -0.015259 -0.010864 0.011230
0.012085 -0.271606 1.008911 0.020996 -0.018921 0.019897
0.031616 -0.243896 1.024048 0.048462 -0.036987 0.027832
0.039795 -0.229736 1.013672 0.041260 -0.038574 0.028442
0.052002 -0.220093 1.009399 0.033936 -0.038696 0.022339
0.066895 -0.208008 1.011108 0.031982 -0.048706 0.008423
0.091431 -0.206177 1.013672 0.038452 -0.050537 -0.007690
0.112549 -0.209473 1.023926 0.038818 -0.047974 -0.022217
0.125488 -0.228760 1.017334 0.014648 -0.040039 -0.028809
0.146118 -0.246338 1.013306 -0.022705 -0.036499 -0.026245
0.166016 -0.256958 1.016235 -0.060303 -0.046997 -0.025024
0.191162 -0.269775 1.033691 -0.086304 -0.071289 -0.029541
0.221802 -0.268677 1.061523 -0.093262 -0.097778 -0.035522
0.257813 -0.244751 1.096924 -0.083252 -0.110840 -0.047729
0.283813 -0.231445 1.117432 -0.075317 -0.103638 -0.066406
0.297485 -0.214478 1.108032 -0.075684 -0.092041 -0.089355
0.299927 -0.203491 1.092651 -0.078979 -0.081299 -0.116943
0.297363 -0.207886 1.074097 -0.088501 -0.017822 -0.149902
0.282837 -0.192505 1.042114 -0.105591 0.036987 -0.183228
0.283936 -0.162231 1.003662 -0.047852 0.021362 -0.196777
0.282227 -0.147949 0.989868 0.071411 0.007080 -0.204956
0.259888 -0.146240 0.936035 0.101929 0.000244 -0.224243
0.262085 -0.121460 0.939209 0.160156 -0.006836 -0.238892
0.245972 -0.132324 0.957764 0.125000 0.006348 -0.252197
0.199707 -0.161377 0.979248 0.004028 0.040894 -0.255493
0.131470 -0.204224 0.979614 -0.156860 0.088013 -0.246582
0.066650 -0.228271 0.967163 -0.283813 0.125732 -0.237427
0.005981 -0.267822 0.952515 -0.329956 0.148804 -0.228882
-0.033081 -0.302002 0.958740 -0.306763 0.145020 -0.225098
-0.068481 -0.332886 0.979248 -0.271484 0.131104 -0.220337
-0.114990 -0.382813 0.991699 -0.316650 0.126343 -0.210571
-0.137939 -0.414185 1.028198 -0.321655 0.125244 -0.181885
-0.159668 -0.425659 1.048218 -0.316895 0.127808 -0.160767
-0.170776 -0.423706 1.036499 -0.250244 0.138062 -0.132568
-0.172852 -0.412964 0.999390 -0.189453 0.147583 -0.102417
-0.182739 -0.409790 0.980591 -0.165649 0.152100 -0.068604
-0.185303 -0.404663 0.964966 -0.167969 0.150024 -0.037109
-0.204590 -0.395264 0.944702 -0.194580 0.141479 -0.012329
-0.228760 -0.385132 0.941284 -0.212769 0.115601 0.001587
-0.236084 -0.377808 0.945557 -0.190674 0.079102 0.014893
-0.220093 -0.354614 0.984131 -0.133057 0.036255 0.018677
-0.197510 -0.331787 1.006470 -0.087280 0.002441 0.011230
-0.179932 -0.328979 1.010010 -0.048218 -0.020386 -0.000977
-0.159912 -0.322754 1.024414 -0.012085 -0.031982 -0.008057
-0.132813 -0.307007 1.024902 -0.004639 -0.031982 -0.009155
-0.108398 -0.311646 1.028809 -0.022583 -0.023560 -0.008057
-0.097290 -0.329102 1.031860 -0.042725 -0.013184 -0.003540
-0.078979 -0.354980 1.052490 -0.047363 -0.005859 0.005371
-0.049927 -0.357178 1.072632 -0.048096 -0.002197 0.014038
-0.025024 -0.345337 1.071289 -0.058716 -0.001221 0.015381
-0.004395 -0.333740 1.066284 -0.053833 -0.008057 0.007446
0.013184 -0.333496 1.052368 -0.019897 -0.015991 0.000610
0.023193 -0.326660 1.040649 0.016602 -0.017212 -0.002441
0.020020 -0.341309 1.016479 0.040527 -0.012207 0.004150
0.026245 -0.340088 0.998169 0.065552 -0.010010 0.012817
0.043823 -0.328247 0.986084 0.052856 -0.008789 0.024658
0.053467 -0.334961 0.966064 0.020874 -0.007446 0.025635
0.052124 -0.364380 0.955322 0.013672 -0.014282 0.006958
0.034546 -0.420166 0.957153 0.015015 -0.027710 -0.020630
0.005493 -0.489258 0.950928 0.033691 -0.044434 -0.031128
-0.002686 -0.523315 0.944702 0.063354 -0.069336 -0.019287
0.010498 -0.526489 0.962524 0.103149 -0.097412 0.003296
0.023926 -0.524780 0.975220 0.131470 -0.118164 0.013062
0.023926 -0.559326 0.999756 0.111206 -0.129028 0.015259
0.025024 -0.562012 0.992676 0.127686 -0.123169 0.020996
0.009155 -0.598267 0.996704 0.131836 -0.103149 0.039551
-0.009155 -0.613525 0.993408 0.118286 -0.077393 0.061279
-0.025269 -0.622925 0.976807 0.098755 -0.043701 0.092529
-0.042480 -0.615234 0.954956 0.068481 -0.019165 0.125366
-0.064941 -0.620728 0.925537 0.064697 -0.011719 0.156982
-0.072021 -0.588745 0.889526 0.085449 -0.034912 0.181396
-0.085693 -0.567139 0.854004 0.125122 -0.080811 0.204102
-0.069702 -0.515015 0.838013 0.189697 -0.139893 0.220215
-0.052368 -0.480713 0.825684 0.245483 -0.191650 0.226807
-0.009644 -0.411133 0.862427 0.300049 -0.214111 0.229614
0.037354 -0.331543 0.921021 0.251831 -0.164185 0.241211
0.031128 -0.321655 0.908691 0.072144 -0.047363 0.259155
0.026855 -0.293945 0.874634 -0.122314 0.062500 0.259155
-0.009888 -0.301514 0.868774 -0.304688 0.116699 0.232300
-0.033936 -0.337036 0.912354 -0.404541 0.108521 0.215820
-0.044067 -0.352905 0.985352 -0.426514 0.065796 0.198730
-0.072510 -0.383301 0.986328 -0.394653 0.009766 0.201294
-0.083130 -0.361450 0.999634 -0.302734 -0.079712 0.222534
-0.053101 -0.297119 1.180542 -0.122803 -0.180298 0.250122
0.104736 -0.144531 1.218140 0.242188 -0.268555 0.291382
0.153198 -0.022217 1.211304 0.298096 -0.228271 0.290649
0.166382 0.101318 1.157837 0.285645 -0.159912 0.267578
0.187744 0.196655 1.104614 0.337891 -0.090942 0.223755
0.174072 0.202148 1.110107 0.153564 -0.055664 0.152832
0.135864 0.130371 1.136475 -0.053467 -0.043091 0.082886
0.103271 0.082764 1.133789 -0.140991 -0.013672 0.036255
0.073120 0.027344 1.140381 -0.141724 0.019897 0.019165
0.052734 -0.003784 1.117554 -0.051636 0.057495 0.032837
0.028198 -0.034180 1.059204 -0.004150 0.102661 0.055542
0.022949 -0.021240 1.034302 0.028076 0.104004 0.070068
0.029175 -0.018799 1.010620 0.018433 0.075073 0.080200
0.031494 -0.015869 0.999634 -0.019409 0.031250 0.071899
0.054565 -0.006226 0.991089 -0.013306 -0.023438 0.044678
0.102783 0.013306 1.074219 0.066528 -0.059204 -0.002808
0.123413 -0.001709 1.135742 0.096436 -0.053589 -0.057983
0.102051 -0.051147 1.139038 0.043579 0.009888 -0.091064
0.049805 -0.124146 1.090210 -0.049805 0.089478 -0.094727
0.004639 -0.181519 1.053101 -0.109009 0.137085 -0.083374
-0.023926 -0.232544 1.033081 -0.143799 0.129761 -0.073486
-0.027466 -0.243530 1.036377 -0.115845 0.092529 -0.068481
-0.026489 -0.239136 1.045898 -0.087891 0.047729 -0.060669
-0.014771 -0.223999 1.051636 -0.072144 0.014282 -0.054321
-0.012695 -0.226807 1.071289 -0.064697 0.000977 -0.049316
-0.012695 -0.237793 1.070068 -0.067749 0.007080 -0.039063
-0.005859 -0.244263 1.082886 -0.090454 0.024536 -0.027588
0.006836 -0.237427 1.087524 -0.124023 0.048340 -0.025513
0.004028 -0.239624 1.065796 -0.148926 0.070557 -0.037720
-0.029663 -0.281494 1.025879 -0.149170 0.078613 -0.058350
-0.066895 -0.341553 1.003174 -0.124634 0.060425 -0.071899
-0.082397 -0.373535 0.995972 -0.081055 0.026489 -0.070068
-0.070557 -0.363159 0.999634 -0.034302 -0.009155 -0.057617
-0.060791 -0.344116 1.006226 -0.005859 -0.030151 -0.045044
-0.046875 -0.322754 1.010376 0.011597 -0.038696 -0.036499
-0.035278 -0.311768 1.020020 0.011475 -0.040527 -0.030396
-0.030273 -0.309204 1.026489 -0.018433 -0.040039 -0.024048
-0.021118 -0.313232 1.032104 -0.047729 -0.035522 -0.014648
-0.020752 -0.309814 1.028564 -0.062378 -0.027222 -0.004761
-0.018555 -0.305908 0.998535 -0.060791 -0.020996 0.002197
-0.018188 -0.299561 1.003540 -0.049927 -0.019043 0.004150
-0.021240 -0.307251 0.998901 -0.030273 -0.019897 -0.001709
-0.023193 -0.305054 0.989990 -0.016724 -0.020874 -0.007202
-0.023926 -0.304077 0.994019 -0.016357 -0.024292 -0.006226
-0.020752 -0.299805 0.992798 -0.010376 -0.027222 -0.001343
-0.018921 -0.299561 1.002319 0.004028 -0.031738 0.004272
0.007813 -0.263184 1.030273 0.021729 -0.038574 -0.001465
0.012817 -0.247559 1.035278 0.020630 -0.033081 -0.005249
0.011353 -0.248657 1.009155 0.010132 -0.020752 -0.012451
