-0.021240 -0.263916 1.018799 -0.013916 -0.055664 0.012207
-0.010498 -0.247803 1.030273 -0.000854 -0.057861 0.000000
-0.010986 -0.243774 1.017090 0.002930 -0.048950 -0.009644
-0.017090 -0.245728 1.009399 -0.004517 -0.038330 -0.016602
-0.024170 -0.253418 1.005615 -0.023438 -0.026978 -0.019897
-0.034912 -0.256592 0.981201 -0.041016 -0.017090 -0.016113
-0.051147 -0.269043 0.961060 -0.037109 -0.018555 -0.013550
-0.052612 -0.274414 0.971680 -0.024902 -0.039551 -0.017700
-0.045532 -0.279175 0.989624 -0.019165 -0.059937 -0.019409
-0.031616 -0.267700 1.008789 -0.012085 -0.068726 -0.020264
-0.029053 -0.268188 1.013306 -0.007568 -0.068604 -0.018677
-0.020996 -0.270264 1.025757 -0.009766 -0.065186 -0.017578
-0.013672 -0.271851 1.034790 -0.018677 -0.058838 -0.016479
-0.007324 -0.270752 1.040283 -0.032593 -0.050293 -0.017822
-0.005859 -0.285645 1.045898 -0.037109 -0.038574 -0.021118
-0.017578 -0.298706 1.041992 -0.032593 -0.026978 -0.020996
-0.019775 -0.314331 1.044556 -0.025635 -0.021240 -0.015747
-0.010742 -0.307739 1.048828 -0.020020 -0.024414 -0.009766
-0.004517 -0.298218 1.051270 -0.014404 -0.026245 -0.005249
-0.000610 -0.282104 1.043945 0.001709 -0.023926 -0.005981
0.005249 -0.261963 1.029053 0.023071 -0.017212 -0.010132
-0.002441 -0.258057 1.014160 0.032104 -0.008301 -0.011719
-0.006714 -0.255859 1.002563 0.034912 -0.008545 -0.015381
0.000122 -0.243286 0.988770 0.036865 -0.020020 -0.023193
0.001587 -0.228882 0.989258 0.029419 -0.027100 -0.026611
0.000366 -0.222412 0.974854 0.021484 -0.029419 -0.020630
0.008057 -0.218262 0.979858 0.008301 -0.037842 -0.026978
0.009155 -0.214722 0.989746 -0.004883 -0.045288 -0.036865
0.011841 -0.230591 0.990479 -0.017700 -0.045532 -0.039307
0.009766 -0.240112 0.993408 -0.036499 -0.049316 -0.038086
0.018311 -0.250854 1.000732 -0.060669 -0.050903 -0.030396
0.021240 -0.249023 1.013428 -0.081787 -0.053223 -0.023926
0.030884 -0.248779 1.003418 -0.090454 -0.052856 -0.016602
0.037354 -0.243896 1.010864 -0.099731 -0.055298 -0.013062
0.050415 -0.247192 1.018677 -0.107300 -0.056763 -0.015625
0.064209 -0.256958 1.012939 -0.117676 -0.054443 -0.022583
0.078369 -0.280640 1.024658 -0.124512 -0.053711 -0.034546
0.094482 -0.286621 1.023926 -0.087646 -0.054565 -0.049194
0.103271 -0.299805 1.022949 -0.088135 -0.061157 -0.064087
0.125122 -0.292358 1.036255 -0.074341 -0.068359 -0.069092
0.149536 -0.274536 1.042603 -0.057007 -0.065918 -0.069824
0.173096 -0.269043 1.040283 -0.072754 -0.057007 -0.072021
0.191528 -0.256958 1.036743 -0.078369 -0.045776 -0.076050
0.207031 -0.245850 1.034058 -0.076660 -0.037842 -0.087280
0.224365 -0.236206 1.041870 -0.069702 -0.035156 -0.104126
0.229980 -0.239868 1.041992 -0.075195 -0.035522 -0.128052
0.238892 -0.249023 1.040039 -0.057983 -0.039917 -0.154053
0.238892 -0.239990 1.046021 -0.031006 -0.040039 -0.181152
0.234863 -0.245361 1.058716 -0.044922 -0.039673 -0.201416
0.232788 -0.243042 1.073608 -0.056396 -0.027344 -0.217529
0.228638 -0.243408 1.098511 -0.054443 0.006714 -0.227905
0.219849 -0.244629 1.141602 -0.063843 0.064941 -0.238525
0.175537 -0.260010 1.141357 -0.111694 0.137329 -0.247070
0.108887 -0.292725 1.106201 -0.177490 0.202881 -0.248657
0.044312 -0.329712 1.060059 -0.232178 0.242554 -0.249878
-0.019165 -0.374146 1.024292 -0.265991 0.256958 -0.249756
-0.086670 -0.426514 0.984131 -0.269043 0.256714 -0.230957
-0.133789 -0.457153 0.942871 -0.212891 0.244507 -0.189575
-0.181274 -0.467773 0.901489 -0.194092 0.214844 -0.148438
-0.195313 -0.450195 0.901855 -0.187622 0.182129 -0.105103
-0.187866 -0.398315 0.934937 -0.203247 0.168823 -0.069092
-0.196045 -0.374512 0.929443 -0.243896 0.189331 -0.047485
-0.212769 -0.335571 0.912354 -0.234741 0.215088 -0.040894
-0.224731 -0.328003 0.907227 -0.222534 0.226929 -0.044678
-0.243408 -0.331055 0.892944 -0.239136 0.226685 -0.061523
-0.248901 -0.338623 0.890259 -0.211670 0.205566 -0.080566
-0.272705 -0.403320 0.900757 -0.300049 0.166870 -0.098022
-0.309814 -0.454956 0.908691 -0.282837 0.144043 -0.096924
-0.300415 -0.459961 0.916870 -0.126587 0.111572 -0.063843
-0.293945 -0.428345 0.902954 -0.065063 0.067505 -0.030029
-0.260254 -0.388428 0.919434 0.001343 0.036011 -0.003784
-0.231567 -0.347290 0.935791 -0.012573 0.018188 0.003784
-0.205444 -0.328125 0.950073 -0.040283 0.018677 -0.000488
-0.189331 -0.328857 0.944336 -0.074463 0.024658 -0.013794
-0.187744 -0.351563 0.940063 -0.094482 0.027954 -0.026367
-0.180054 -0.380981 0.946777 -0.096802 0.026489 -0.027954
-0.166870 -0.412964 0.967163 -0.092529 0.019897 -0.014038
-0.147827 -0.413086 0.971558 -0.094604 0.006226 0.004639
-0.133911 -0.409302 0.964478 -0.082397 -0.017578 0.014893
-0.118286 -0.408081 0.972534 -0.040161 -0.052490 0.011963
-0.087158 -0.396729 0.983154 0.012329 -0.084473 0.004150
-0.059937 -0.385498 0.998779 0.059326 -0.107544 -0.005493
-0.035767 -0.381592 1.007202 0.088257 -0.116577 -0.018066
-0.015747 -0.394897 1.010376 0.103027 -0.109253 -0.025269
-0.005737 -0.417358 1.016235 0.095215 -0.088623 -0.026855
-0.010864 -0.449585 1.010132 0.060181 -0.059326 -0.021484
-0.034058 -0.488037 0.972900 0.021729 -0.035889 -0.008545
-0.046753 -0.510498 0.941406 0.002808 -0.037720 0.008179
-0.032837 -0.501709 0.938110 0.014038 -0.062378 0.018066
-0.018311 -0.521851 0.955566 0.044434 -0.081787 0.017944
-0.013916 -0.545044 0.971802 0.064697 -0.081665 0.002075
-0.057617 -0.618896 0.938599 0.043823 -0.066040 -0.014038
-0.096924 -0.691040 0.896851 0.026367 -0.068604 -0.006470
-0.100342 -0.702026 0.901489 0.029785 -0.102295 0.014771
-0.084106 -0.683716 0.909424 0.055054 -0.148438 0.033813
-0.046021 -0.645264 0.951416 0.086548 -0.182739 0.046265
-0.017456 -0.606934 0.959473 0.089478 -0.189819 0.043579
-0.004639 -0.584106 0.997559 0.074463 -0.166748 0.030762
-0.015625 -0.590698 1.008911 0.000488 -0.106323 0.032593
-0.041626 -0.597778 1.001343 -0.083618 -0.025635 0.062744
-0.078613 -0.600098 0.964355 -0.143066 0.034424 0.109009
-0.105225 -0.592896 0.912964 -0.140503 0.048096 0.159058
-0.102539 -0.565186 0.915649 -0.079834 0.016235 0.205078
-0.075073 -0.505981 0.925171 -0.015869 -0.034912 0.240601
-0.057129 -0.432983 0.902710 0.057983 -0.089844 0.258179
-0.013306 -0.331055 0.892334 0.152710 -0.155029 0.250732
0.036987 -0.230713 0.920044 0.238525 -0.214966 0.214233
0.081299 -0.144897 0.929565 0.277100 -0.236206 0.164429
0.089233 -0.109741 0.949463 0.243652 -0.198120 0.127930
0.077637 -0.094482 0.945190 0.137817 -0.131348 0.108032
0.063843 -0.080566 0.943115 0.000854 -0.067993 0.091675
0.022461 -0.102173 0.943848 -0.115479 -0.025757 0.066772
-0.014404 -0.149170 0.947632 -0.164673 -0.005249 0.044922
-0.041016 -0.178223 0.942017 -0.184326 -0.001465 0.034058
-0.066162 -0.203979 0.921143 -0.170654 -0.000488 0.044189
-0.070557 -0.206421 0.920898 -0.119385 -0.013306 0.063843
-0.070190 -0.185303 0.924316 -0.082275 -0.038208 0.081543
-0.043945 -0.153320 0.947144 -0.051147 -0.072021 0.096680
0.001587 -0.113770 1.030640 -0.030396 -0.102783 0.097900
0.025879 -0.096069 1.085083 -0.043213 -0.103516 0.084351
0.013428 -0.095215 1.089966 -0.060303 -0.082886 0.067871
0.017334 -0.104126 1.101318 -0.073853 -0.067505 0.054199
0.026123 -0.110718 1.130859 -0.071289 -0.059570 0.033447
0.029297 -0.120972 1.168457 -0.061890 -0.044312 0.001709
0.011230 -0.148315 1.157959 -0.058960 -0.020630 -0.026367
-0.010132 -0.200317 1.142334 -0.050537 -0.004517 -0.042236
-0.030640 -0.243896 1.120361 -0.038452 0.002808 -0.043213
-0.036133 -0.263306 1.105225 -0.025269 0.008911 -0.024536
-0.045288 -0.271362 1.086060 -0.033447 0.013672 0.008301
-0.028564 -0.262817 1.098145 -0.044922 0.011108 0.035278
-0.017212 -0.252686 1.105225 -0.057373 0.005859 0.035767
-0.018555 -0.255615 1.094604 -0.048706 0.005493 0.022827
-0.010010 -0.252808 1.093384 -0.023071 0.008545 0.010986
-0.002075 -0.257324 1.099976 -0.023926 0.020508 -0.000122
-0.002686 -0.263306 1.091675 -0.046509 0.040405 -0.017700
-0.021484 -0.290405 1.080688 -0.055054 0.062866 -0.034912
-0.046875 -0.330322 1.058838 -0.058594 0.073120 -0.043457
-0.065796 -0.346680 1.030884 -0.047607 0.063843 -0.040405
-0.069336 -0.355225 1.032837 -0.015625 0.036987 -0.028076
-0.054199 -0.334839 1.035400 0.026733 0.008301 -0.015869
-0.035889 -0.308105 1.026367 0.055298 -0.005005 -0.006470
-0.022583 -0.276367 1.031250 0.048340 -0.006226 -0.007935
-0.012207 -0.258179 1.036133 0.016968 0.008179 -0.016602
-0.016235 -0.259766 1.009277 -0.024658 0.035645 -0.029785
-0.045776 -0.298950 0.981689 -0.059692 0.062500 -0.036621
-0.070435 -0.337891 0.971069 -0.068970 0.068848 -0.039063
-0.093506 -0.369873 0.953857 -0.058960 0.054565 -0.040527
-0.096680 -0.386719 0.941284 -0.023315 0.026978 -0.039795
-0.090454 -0.380859 0.945313 0.008667 -0.009277 -0.037231
-0.078125 -0.367432 0.957153 0.033691 -0.035278 -0.029907
