0.025513 -0.272095 1.024048 -0.099243 -0.007568 -0.003296
0.017212 -0.282471 1.012207 -0.087280 -0.006592 -0.005737
0.015015 -0.291382 1.017090 -0.081177 -0.015625 -0.007813
0.021851 -0.288330 1.014893 -0.061157 -0.021484 -0.009277
0.022705 -0.283203 1.016968 -0.046265 -0.017944 -0.011475
0.019653 -0.281616 1.011475 -0.038940 -0.011230 -0.009888
0.012451 -0.284912 1.004272 -0.040405 -0.006226 -0.004761
0.013672 -0.282104 1.005249 -0.047974 -0.009155 -0.001343
0.018066 -0.275024 1.002686 -0.057739 -0.015259 -0.002075
0.014771 -0.285522 1.011475 -0.055908 -0.017334 -0.002686
0.017456 -0.283569 1.013672 -0.045654 -0.017334 -0.005737
0.013184 -0.284180 1.022827 -0.037476 -0.010376 -0.008301
0.010010 -0.291016 1.025146 -0.037720 -0.000610 -0.004395
0.001343 -0.300537 1.010620 -0.049438 0.005249 0.000977
-0.006348 -0.307983 1.009766 -0.055908 0.002075 0.008789
-0.002319 -0.305664 1.009155 -0.052368 -0.007080 0.018555
0.005005 -0.303833 1.012817 -0.037109 -0.014282 0.023071
0.006836 -0.299805 1.014282 -0.023682 -0.017334 0.021118
0.013550 -0.295776 1.017212 -0.018311 -0.017944 0.020752
0.018311 -0.292847 1.015869 -0.014771 -0.017822 0.025024
0.034546 -0.291260 1.013428 -0.015259 -0.021362 0.027954
0.044189 -0.293945 0.997437 -0.014160 -0.020264 0.028076
0.048828 -0.300781 0.993408 -0.024292 -0.023071 0.023804
0.065796 -0.287231 0.993530 -0.036865 -0.031860 0.025269
0.100098 -0.263062 0.996460 -0.042603 -0.033569 0.027222
0.122803 -0.250488 0.996338 -0.055542 -0.035400 0.019165
0.139893 -0.254028 0.997925 -0.062988 -0.041016 0.002686
0.168457 -0.248901 1.002319 -0.054199 -0.050781 -0.016357
0.201904 -0.236572 1.016113 -0.056519 -0.056641 -0.037720
0.232544 -0.235229 1.025146 -0.060913 -0.052124 -0.061279
0.256348 -0.244873 1.043457 -0.063477 -0.042847 -0.082764
0.272217 -0.257935 1.054321 -0.059326 -0.028687 -0.104004
0.277222 -0.266724 1.049561 -0.015259 -0.014160 -0.122070
0.288086 -0.264038 1.061890 -0.008545 -0.006958 -0.140991
0.303955 -0.253784 1.068359 -0.021851 0.005493 -0.157593
0.325928 -0.237061 1.106445 -0.050659 0.028687 -0.172485
0.291748 -0.263794 1.059937 -0.145142 0.076172 -0.180664
0.297241 -0.227539 1.066895 -0.141357 0.098633 -0.190796
0.283081 -0.238037 1.078735 -0.127197 0.121948 -0.199463
0.260132 -0.238159 1.053101 -0.151245 0.157959 -0.210449
0.220093 -0.269897 1.050537 -0.149536 0.190552 -0.229248
0.169922 -0.302246 1.030762 -0.115234 0.209717 -0.247314
0.113159 -0.322021 0.996704 -0.076538 0.209351 -0.264526
0.070557 -0.337036 0.981567 -0.030029 0.192017 -0.281982
0.025635 -0.337158 0.960083 0.000488 0.173462 -0.302368
-0.005493 -0.331909 0.928345 0.038330 0.163086 -0.307861
-0.032593 -0.319580 0.926636 0.097534 0.154175 -0.306763
-0.056519 -0.312744 0.921631 0.149536 0.134521 -0.303833
-0.078979 -0.304565 0.915405 0.185059 0.118042 -0.297607
-0.092651 -0.282593 0.931274 0.178955 0.108887 -0.284912
-0.127930 -0.270630 0.926514 0.033325 0.108398 -0.270874
-0.155884 -0.270264 0.938721 -0.104980 0.118774 -0.239136
-0.177612 -0.279297 0.949463 -0.196411 0.137939 -0.212646
-0.199341 -0.283081 0.944336 -0.205811 0.156982 -0.199829
-0.232788 -0.331665 0.946899 -0.185303 0.156372 -0.197632
-0.240234 -0.370972 0.967163 -0.169312 0.140015 -0.196655
-0.250854 -0.396973 0.984131 -0.201050 0.118164 -0.188354
-0.294312 -0.443848 0.932373 -0.306396 0.113037 -0.159790
-0.281982 -0.445801 0.947998 -0.250610 0.107422 -0.112061
-0.267700 -0.440186 0.947144 -0.222534 0.084351 -0.072754
-0.244995 -0.429688 0.972046 -0.186646 0.062134 -0.051025
-0.220337 -0.429565 0.995361 -0.163086 0.037842 -0.034912
-0.200317 -0.427612 1.010742 -0.142212 0.029175 -0.017700
-0.177734 -0.415527 1.010376 -0.102051 0.022095 -0.004639
-0.157593 -0.412476 1.012817 -0.073242 0.006836 0.000732
-0.134888 -0.411011 1.026611 -0.038208 -0.016235 -0.003784
-0.105225 -0.406250 1.047241 0.019531 -0.029907 0.000732
-0.077026 -0.388428 1.049805 0.042603 -0.023682 0.020630
-0.065430 -0.382446 1.038940 0.022705 -0.014404 0.043335
-0.048706 -0.371216 1.028320 -0.003784 -0.017822 0.053345
-0.028198 -0.352417 1.024780 -0.011108 -0.031494 0.051514
-0.008301 -0.340210 1.019043 0.006714 -0.050781 0.043579
0.014282 -0.320435 1.021729 0.029297 -0.063354 0.030884
0.028809 -0.311523 1.022949 0.033936 -0.069092 0.012451
0.040405 -0.320679 1.021484 0.015137 -0.065308 -0.002563
0.038452 -0.335815 1.013184 -0.014404 -0.049438 -0.007446
0.033203 -0.357544 1.005371 -0.045166 -0.034302 -0.004883
0.035522 -0.367188 0.983032 -0.058716 -0.022827 0.003418
0.030640 -0.403931 0.971558 -0.056274 -0.017578 0.004761
0.015503 -0.446533 0.965576 -0.053589 -0.016113 -0.003662
-0.010010 -0.490112 0.936890 -0.053589 -0.012573 -0.005981
-0.028931 -0.510132 0.895508 -0.048706 -0.016235 -0.000610
-0.031494 -0.523804 0.885742 -0.016968 -0.032593 0.001953
-0.025635 -0.540039 0.887939 0.017700 -0.055664 -0.006104
-0.003174 -0.545166 0.933105 0.039551 -0.076538 -0.018311
0.004028 -0.556152 0.946289 0.047974 -0.073120 -0.027466
0.001831 -0.582397 0.952759 0.014648 -0.061768 -0.036133
-0.035156 -0.625122 0.939941 -0.026855 -0.056274 -0.047729
-0.064575 -0.650146 0.906494 -0.025757 -0.052490 -0.037598
-0.076294 -0.661743 0.915039 0.066772 -0.049072 -0.002563
-0.075928 -0.636230 0.904419 0.124878 -0.062378 0.041748
-0.073975 -0.606445 0.897583 0.144165 -0.092651 0.087158
-0.043457 -0.538574 0.920776 0.148804 -0.118042 0.137085
-0.016846 -0.468018 0.934082 0.121338 -0.115479 0.183472
-0.000488 -0.412476 0.917847 0.078125 -0.092041 0.214355
0.009033 -0.373291 0.917969 0.042114 -0.067383 0.224609
-0.002441 -0.356079 0.927734 -0.031372 -0.036377 0.223389
-0.010620 -0.310303 0.901245 -0.098511 -0.010864 0.216797
-0.017090 -0.270752 0.872192 -0.125488 -0.005249 0.203613
-0.029419 -0.265869 0.871460 -0.156006 -0.020020 0.179688
-0.043213 -0.284668 0.900635 -0.167480 -0.052856 0.151855
-0.038086 -0.293335 0.945801 -0.143677 -0.089844 0.144653
-0.024292 -0.274536 0.983643 -0.117188 -0.115112 0.148926
-0.015381 -0.260376 1.026855 -0.088867 -0.130127 0.160400
-0.004639 -0.238281 1.060669 -0.067017 -0.126953 0.173706
0.007080 -0.197998 1.057007 -0.073853 -0.108032 0.189819
0.013062 -0.154419 1.017212 -0.083862 -0.084839 0.198975
0.024658 -0.126343 0.994141 -0.079346 -0.067749 0.194580
0.013428 -0.130859 0.985229 -0.095947 -0.056641 0.169312
0.012085 -0.141235 0.994019 -0.094116 -0.051392 0.145020
-0.004883 -0.160400 1.011719 -0.104248 -0.054932 0.124756
-0.003174 -0.162109 1.046875 -0.103760 -0.071411 0.111206
0.009155 -0.143188 1.080322 -0.086548 -0.086060 0.102295
0.022339 -0.112671 1.087524 -0.059326 -0.090454 0.096436
0.043213 -0.068115 1.094849 -0.018311 -0.093872 0.078247
0.054321 -0.053101 1.084961 0.014648 -0.080933 0.059814
0.053589 -0.051636 1.067261 0.002319 -0.056030 0.041870
0.053589 -0.073730 1.075317 -0.035034 -0.033936 0.026733
0.039185 -0.104858 1.078491 -0.094482 -0.015259 0.015015
0.021240 -0.161011 1.084839 -0.153931 -0.010864 0.015259
0.025269 -0.207275 1.167603 -0.184448 -0.022339 0.022461
0.035400 -0.237183 1.208862 -0.201660 -0.018677 0.035645
0.042480 -0.246704 1.220581 -0.171143 -0.005493 0.042358
0.046753 -0.231201 1.194824 -0.107178 0.000610 0.033447
0.042725 -0.224609 1.146240 -0.020630 -0.005127 0.005859
0.052612 -0.212280 1.140747 0.078613 -0.022339 -0.033081
0.067383 -0.206177 1.143799 0.125122 -0.018311 -0.066895
0.063477 -0.213501 1.122559 0.094849 0.016724 -0.088501
0.033936 -0.262573 1.097900 0.027832 0.069824 -0.092041
-0.010742 -0.329468 1.046021 -0.057129 0.115845 -0.079346
-0.049072 -0.376587 0.998291 -0.113037 0.129883 -0.058960
-0.067261 -0.398682 0.983765 -0.116699 0.112671 -0.039795
-0.065552 -0.400024 0.970947 -0.091431 0.083496 -0.027466
-0.062012 -0.396973 0.957031 -0.045776 0.056885 -0.023315
-0.055176 -0.396240 0.966919 0.010864 0.032837 -0.027954
-0.045776 -0.375732 0.968018 0.039185 0.016602 -0.035767
-0.037231 -0.372681 0.979492 0.046875 0.012695 -0.036865
-0.040771 -0.374634 0.967529 0.020508 0.017578 -0.035522
-0.051147 -0.375366 0.949585 -0.023438 0.021484 -0.028320
-0.057251 -0.377441 0.940063 -0.056763 0.015137 -0.018188
-0.059326 -0.363647 0.933228 -0.072388 0.001221 -0.008789
-0.049927 -0.359741 0.931519 -0.052856 -0.017334 -0.000244
-0.044678 -0.355591 0.953613 -0.018921 -0.036865 0.005737
-0.033447 -0.352905 0.966431 0.019287 -0.051025 0.010620
-0.018433 -0.344971 1.003662 0.055176 -0.061157 0.011230
-0.004272 -0.318970 1.025757 0.068604 -0.062378 0.006104
-0.001343 -0.321167 1.044556 0.068848 -0.053101 -0.005249
-0.003906 -0.330688 1.068726 0.044678 -0.038208 -0.015991
-0.013794 -0.337891 1.048828 0.010742 -0.011108 -0.015259
-0.024536 -0.331177 1.025879 -0.028931 0.008789 -0.003540
