-0.021606 -0.341309 0.998657 -0.036255 -0.012573 -0.016968
-0.020142 -0.337280 0.999512 -0.030396 -0.012939 -0.013306
-0.022827 -0.337280 0.996826 -0.028564 -0.009399 -0.013306
-0.030151 -0.345581 0.995361 -0.027710 -0.011108 -0.015503
-0.031494 -0.348511 0.994385 -0.019653 -0.015625 -0.014038
-0.028931 -0.341309 0.996094 -0.020264 -0.022583 -0.009766
-0.027222 -0.329590 0.994507 -0.021729 -0.025513 -0.007568
-0.030518 -0.344360 1.002075 -0.024658 -0.022705 -0.005737
-0.033203 -0.342285 1.008667 -0.029297 -0.020996 -0.002686
-0.034912 -0.342041 1.002808 -0.038574 -0.018921 0.005249
-0.026733 -0.341797 1.002319 -0.057739 -0.024292 0.011963
-0.031616 -0.342896 0.999756 -0.077271 -0.030029 0.011597
-0.027588 -0.332153 1.008911 -0.038818 -0.025757 0.013306
-0.027588 -0.329346 1.007202 -0.017334 -0.020264 0.010376
-0.034302 -0.339355 1.003784 -0.007080 -0.018066 0.006348
-0.036865 -0.349243 1.006714 0.000732 -0.018188 0.007690
-0.034180 -0.350342 1.003540 -0.000610 -0.015747 0.016846
-0.027466 -0.343506 1.005615 -0.002563 -0.013184 0.029785
-0.027710 -0.340332 1.003540 -0.018799 -0.009766 0.035889
-0.032959 -0.336670 0.982666 -0.022827 -0.004150 0.039185
-0.031494 -0.332397 0.968140 -0.006348 -0.002197 0.041748
-0.025391 -0.339844 0.964478 0.006836 -0.009033 0.042847
-0.022095 -0.331665 0.968628 0.003906 -0.020020 0.039185
-0.010620 -0.325928 0.970703 -0.005493 -0.028320 0.038330
0.003418 -0.322632 0.975464 -0.008911 -0.035034 0.038940
0.020874 -0.304932 0.986694 -0.018555 -0.040405 0.036865
0.033813 -0.297852 0.990479 -0.032104 -0.037720 0.032837
0.042847 -0.301758 0.984375 -0.041382 -0.028931 0.030762
0.053467 -0.305908 0.987793 -0.056274 -0.022583 0.026855
0.063843 -0.301392 0.981079 -0.067505 -0.020142 0.024048
0.070313 -0.299805 0.988525 -0.064697 -0.019043 0.015991
0.088013 -0.303101 0.989014 -0.054810 -0.021851 0.004639
0.098022 -0.298462 0.982300 -0.053467 -0.025024 -0.008057
0.108765 -0.294189 0.978394 -0.043945 -0.030151 -0.020996
0.128540 -0.280273 0.984863 -0.031372 -0.039063 -0.035034
0.138794 -0.273804 0.977661 -0.023193 -0.041870 -0.048828
0.158203 -0.265625 0.994385 -0.008911 -0.037476 -0.067261
0.185669 -0.247925 0.991211 -0.019531 -0.031982 -0.090942
0.201782 -0.242920 0.991089 -0.028198 -0.027222 -0.125854
0.227417 -0.245483 1.098022 -0.043457 -0.024170 -0.171387
0.216309 -0.271851 1.005127 -0.045288 0.014893 -0.212769
0.253418 -0.251709 1.063110 -0.052979 0.001465 -0.240234
0.266602 -0.251465 1.084595 -0.100830 0.036743 -0.266479
0.250610 -0.273193 1.074829 -0.189453 0.094116 -0.281616
0.237549 -0.282593 1.088257 -0.210693 0.114624 -0.297485
0.225708 -0.306274 1.072754 -0.180786 0.126587 -0.314575
0.200317 -0.333984 1.065796 -0.096924 0.134155 -0.329346
0.192017 -0.341797 1.098389 -0.001221 0.137085 -0.329468
0.172852 -0.350708 1.090942 -0.029419 0.145508 -0.335083
0.144287 -0.359253 1.069580 -0.100098 0.162964 -0.345459
0.099609 -0.376343 1.040283 -0.131836 0.185303 -0.347778
0.065308 -0.384277 1.032837 -0.145752 0.201904 -0.350342
0.029175 -0.382568 1.023560 -0.147705 0.212158 -0.357300
0.007690 -0.382813 1.019531 -0.127563 0.220093 -0.367432
-0.029419 -0.392334 0.992554 -0.141968 0.224365 -0.382568
-0.088135 -0.426758 0.970337 -0.242798 0.221069 -0.394409
-0.152222 -0.469360 0.961792 -0.320923 0.221436 -0.361938
-0.192627 -0.481445 0.919189 -0.287964 0.243652 -0.295044
-0.245605 -0.500122 0.861938 -0.304321 0.260376 -0.244751
-0.279907 -0.498657 0.827515 -0.299561 0.256348 -0.204712
-0.299683 -0.485229 0.799805 -0.264648 0.233276 -0.183594
-0.312744 -0.479614 0.794678 -0.180786 0.192139 -0.171143
-0.323853 -0.498047 0.808350 -0.116699 0.136719 -0.165649
-0.315186 -0.490112 0.844849 -0.058838 0.076782 -0.162720
-0.307617 -0.474243 0.862549 -0.026367 0.030396 -0.156372
-0.297974 -0.461426 0.883423 -0.048218 0.000977 -0.146729
-0.294434 -0.466309 0.910522 -0.096191 -0.010620 -0.124756
-0.275757 -0.463135 0.935791 -0.093262 -0.003174 -0.093140
-0.257080 -0.462158 0.943726 -0.108521 -0.000977 -0.062378
-0.245728 -0.465576 0.945313 -0.116943 -0.005615 -0.039551
-0.227051 -0.472290 0.956787 -0.086670 -0.015991 -0.023071
-0.209106 -0.479980 0.969727 -0.037109 -0.031738 -0.007324
-0.176636 -0.468750 0.991943 0.024902 -0.048584 0.008423
-0.142944 -0.455811 0.997559 0.056519 -0.059692 0.024658
-0.114868 -0.446777 0.997681 0.059082 -0.065430 0.037598
-0.082153 -0.425903 0.997437 0.061646 -0.072021 0.045044
-0.052612 -0.412842 0.983643 0.070557 -0.073730 0.047363
-0.030884 -0.405640 0.983032 0.073608 -0.077026 0.039673
-0.005005 -0.409180 0.994385 0.072388 -0.079956 0.032715
0.022095 -0.413940 0.997559 0.068359 -0.074463 0.029663
0.040771 -0.431763 0.985352 0.050049 -0.063599 0.026733
0.062134 -0.468384 0.991089 0.023804 -0.055786 0.018188
0.068115 -0.516846 1.001709 0.004028 -0.045044 0.011719
0.059692 -0.576904 0.988403 -0.018799 -0.024048 0.011841
0.024292 -0.630371 0.940308 -0.046143 -0.004639 0.017700
-0.002808 -0.673462 0.906250 -0.065674 -0.005493 0.030273
-0.004517 -0.695679 0.913696 -0.072632 -0.027954 0.044189
0.006958 -0.699585 0.936768 -0.054810 -0.049194 0.061890
0.023071 -0.675659 0.955811 -0.024902 -0.057983 0.079102
0.045898 -0.642456 0.964111 0.000488 -0.050903 0.093506
0.043213 -0.627686 0.945068 0.043701 -0.030151 0.096924
0.006470 -0.636963 0.904053 0.062744 -0.014282 0.090210
-0.025269 -0.639282 0.877197 0.067505 -0.005615 0.088745
-0.045776 -0.625244 0.871826 0.056763 -0.006714 0.103149
-0.065308 -0.594116 0.874390 0.067871 -0.016479 0.116333
-0.067383 -0.565552 0.874023 0.085815 -0.032715 0.126953
-0.069458 -0.529541 0.873779 0.095215 -0.050537 0.142578
-0.063477 -0.498291 0.861328 0.094971 -0.066284 0.162964
-0.050659 -0.470581 0.876587 0.099609 -0.077881 0.185791
-0.043457 -0.435791 0.887573 0.072144 -0.079834 0.191284
-0.034424 -0.405640 0.886719 0.026978 -0.065552 0.192261
-0.048584 -0.379639 0.869995 -0.053467 -0.038452 0.185791
-0.064575 -0.370239 0.848755 -0.146973 -0.019043 0.179077
-0.075806 -0.354980 0.852417 -0.202881 -0.021118 0.168457
-0.082886 -0.364136 0.875732 -0.208618 -0.042969 0.159424
-0.086182 -0.369751 0.901855 -0.183960 -0.072266 0.157227
-0.090210 -0.376099 0.915771 -0.157471 -0.102173 0.166260
-0.071533 -0.347168 0.948975 -0.110840 -0.132446 0.184326
-0.022461 -0.279419 0.994995 -0.086182 -0.144775 0.199097
0.006104 -0.220337 1.004028 -0.088867 -0.120361 0.204712
0.000977 -0.184814 0.982422 -0.106934 -0.081909 0.181885
-0.042969 -0.213379 0.957153 -0.166748 -0.061646 0.145020
-0.061035 -0.238525 0.985474 -0.184937 -0.065674 0.125854
-0.056030 -0.236450 1.023804 -0.176270 -0.076172 0.120117
-0.044800 -0.237183 1.039063 -0.154175 -0.075562 0.119263
-0.026855 -0.220825 1.054932 -0.119263 -0.069580 0.122437
-0.001709 -0.187134 1.071167 -0.087646 -0.065918 0.116211
0.017456 -0.161743 1.086426 -0.062134 -0.059204 0.094727
0.021362 -0.169189 1.091064 -0.040527 -0.049805 0.062012
0.028320 -0.186523 1.128418 -0.019531 -0.041870 0.024902
0.010132 -0.220093 1.143799 -0.021851 -0.014404 0.003174
-0.016724 -0.244019 1.124390 -0.055664 0.022095 0.002808
-0.035767 -0.248413 1.109009 -0.082642 0.047729 0.017090
-0.046021 -0.252686 1.085938 -0.102661 0.056152 0.031738
-0.048950 -0.255371 1.074585 -0.096802 0.051025 0.036377
-0.043579 -0.250488 1.065552 -0.070190 0.039185 0.029175
-0.045166 -0.251221 1.044556 -0.031250 0.026367 0.010864
-0.046997 -0.274170 1.038940 0.012329 0.012207 -0.013184
-0.046875 -0.299927 1.055542 0.046875 -0.001465 -0.033081
-0.033569 -0.295532 1.068848 0.056885 -0.001709 -0.041138
-0.020996 -0.285034 1.070557 0.027222 0.019531 -0.041138
-0.031738 -0.296265 1.055054 -0.032593 0.055420 -0.042603
-0.060791 -0.338135 1.013184 -0.087280 0.084839 -0.043457
-0.076294 -0.367920 0.987305 -0.099243 0.088257 -0.044800
-0.091187 -0.401978 0.968262 -0.078369 0.072510 -0.046143
-0.093506 -0.417603 0.973511 -0.046265 0.046143 -0.046387
-0.089722 -0.423950 0.981567 -0.019653 0.022705 -0.043579
-0.087036 -0.428101 0.981689 -0.006348 0.009644 -0.037476
-0.072876 -0.414673 0.988770 0.001343 0.000977 -0.029907
-0.063721 -0.403442 0.990234 -0.004395 0.002441 -0.029297
-0.062744 -0.397583 0.987793 -0.017090 0.011963 -0.029175
-0.064087 -0.404175 0.978516 -0.036255 0.021606 -0.030640
-0.068604 -0.424072 0.977295 -0.047729 0.029907 -0.031860
-0.076538 -0.453125 0.972168 -0.046753 0.034546 -0.027954
-0.085571 -0.457275 0.959351 -0.033813 0.040649 -0.012329
-0.085693 -0.449951 0.940674 -0.019287 0.045532 0.014038
-0.076294 -0.417358 0.943237 -0.015503 0.041138 0.025879
-0.077393 -0.406128 0.934692 0.000244 0.031128 0.017700
-0.069824 -0.392700 0.924561 0.022705 0.016479 -0.002319
-0.071899 -0.397827 0.929199 0.034668 0.001465 -0.024292
