-0.000854 -0.347900 1.004883 -0.045410 0.012451 -0.007690
-0.007080 -0.348267 1.003540 -0.043579 0.011841 -0.004883
-0.010010 -0.352417 0.994263 -0.046631 0.008057 -0.005371
-0.020264 -0.356445 0.991821 -0.044922 0.009155 -0.008789
-0.029175 -0.355469 0.972900 -0.024292 0.009644 -0.012573
-0.034302 -0.357788 0.971924 -0.005981 0.000610 -0.014526
-0.030273 -0.363403 0.993530 -0.005615 -0.006958 -0.012085
-0.025513 -0.363647 1.005981 -0.004639 -0.005859 -0.005615
-0.026001 -0.366577 1.005493 -0.007324 0.000244 0.005249
-0.025269 -0.367188 1.000000 -0.003052 0.005859 0.015259
-0.018311 -0.359863 0.998779 0.005127 0.005005 0.019653
-0.017334 -0.364990 1.007324 0.017334 0.004883 0.017944
-0.013672 -0.360962 1.004272 0.019165 -0.001099 0.015991
-0.013306 -0.356812 1.001953 0.002197 -0.006348 0.015503
-0.010620 -0.351563 1.006714 -0.011597 -0.006104 0.015869
-0.008789 -0.346313 1.007324 -0.026245 -0.003296 0.016357
-0.004639 -0.341919 0.992676 -0.040649 -0.005249 0.019775
-0.003296 -0.340698 0.990479 -0.040771 -0.007568 0.026611
0.001343 -0.335327 0.993652 -0.025146 -0.009766 0.031982
0.003784 -0.339111 0.987671 -0.013916 -0.011230 0.032227
0.015991 -0.331177 0.982422 -0.010742 -0.010986 0.032837
0.019897 -0.332520 0.984375 -0.013428 -0.005249 0.036743
0.023926 -0.320801 0.975342 -0.029297 -0.001831 0.034058
0.028320 -0.332031 0.975098 -0.032227 0.002075 0.028687
0.038818 -0.331177 0.972290 -0.021362 -0.002319 0.023315
0.053711 -0.329468 0.955566 -0.017578 -0.010010 0.022217
0.069946 -0.338379 0.955444 -0.016357 -0.019043 0.019775
0.096313 -0.326050 0.971924 -0.022461 -0.033936 0.010498
0.124634 -0.333252 0.978394 -0.032227 -0.040161 -0.001953
0.148438 -0.333984 0.980591 -0.035522 -0.047363 -0.016479
0.171509 -0.336792 0.990601 -0.040771 -0.055298 -0.034424
0.195801 -0.333252 0.993774 -0.055420 -0.058105 -0.053955
0.216797 -0.328369 0.989380 -0.055908 -0.057251 -0.073975
0.234497 -0.329346 0.999634 -0.055664 -0.058960 -0.097900
0.246216 -0.330200 1.018433 -0.071045 -0.061768 -0.120850
0.257446 -0.324829 1.015747 -0.083862 -0.057007 -0.142700
0.257202 -0.328247 1.024536 -0.096558 -0.059937 -0.165283
0.258911 -0.332397 1.042603 -0.114502 -0.034546 -0.188843
0.259399 -0.304810 1.025513 -0.121338 -0.031982 -0.205933
0.267334 -0.301514 1.043701 -0.086792 -0.037476 -0.233032
0.278687 -0.268066 1.062988 -0.039551 -0.031372 -0.259033
0.288086 -0.246460 1.089844 -0.055542 -0.012085 -0.278564
0.268555 -0.234253 1.082397 -0.144409 0.026367 -0.290283
0.221191 -0.258301 1.066284 -0.195313 0.081909 -0.302612
0.167725 -0.279785 1.036011 -0.200928 0.124756 -0.317627
0.115723 -0.320313 0.996582 -0.195923 0.145264 -0.334839
0.060059 -0.355469 0.984863 -0.164429 0.149048 -0.352539
0.011230 -0.374268 0.951904 -0.134521 0.147827 -0.357178
-0.041260 -0.384888 0.914063 -0.125977 0.146240 -0.345093
-0.094727 -0.402466 0.871582 -0.134033 0.143677 -0.319824
-0.144653 -0.413696 0.801392 -0.167725 0.138672 -0.297729
-0.189209 -0.432251 0.774902 -0.172119 0.115112 -0.266724
-0.209717 -0.413574 0.748291 -0.190186 0.104370 -0.229980
-0.222656 -0.392212 0.725342 -0.241333 0.099609 -0.203613
-0.241699 -0.392822 0.722778 -0.302979 0.083496 -0.203491
-0.251709 -0.407227 0.761353 -0.310547 0.050903 -0.210693
-0.256104 -0.434937 0.813721 -0.260864 0.013672 -0.211182
-0.241577 -0.453247 0.891357 -0.208862 -0.020874 -0.208130
-0.220459 -0.471802 0.968750 -0.183594 -0.041016 -0.203735
-0.208618 -0.515991 1.036011 -0.166138 -0.046753 -0.185059
-0.188843 -0.542847 1.101929 -0.172241 -0.031006 -0.149170
-0.180176 -0.570801 1.129761 -0.212402 0.010010 -0.096680
-0.164795 -0.569092 1.116577 -0.257324 0.050049 -0.041016
-0.142944 -0.551147 1.094360 -0.253540 0.065552 -0.000122
-0.114624 -0.534058 1.097656 -0.197876 0.052979 0.017212
-0.090942 -0.529175 1.094482 -0.113770 0.031860 0.016846
-0.063354 -0.511230 1.093384 -0.022217 0.009521 0.007568
-0.040649 -0.499756 1.086060 0.049561 -0.004150 0.001831
-0.022095 -0.478149 1.076416 0.090332 -0.008423 0.002808
-0.003418 -0.458984 1.063843 0.091064 -0.001099 0.009277
0.006592 -0.451904 1.049927 0.051514 0.013794 0.018921
0.014404 -0.446045 1.016846 0.013306 0.026855 0.027954
0.019531 -0.454224 1.003052 0.007568 0.029175 0.033081
0.034180 -0.467651 0.986816 0.024170 0.022461 0.029419
0.035156 -0.487427 0.973389 0.050781 0.011597 0.024780
0.049316 -0.492554 0.970581 0.069702 -0.001953 0.019165
0.058594 -0.508545 0.963989 0.067383 -0.007324 0.014771
0.054443 -0.532959 0.950806 0.058228 -0.010376 0.009766
0.055664 -0.548218 0.949707 0.050903 -0.015991 0.006836
0.049927 -0.556885 0.926880 0.036621 -0.018433 0.010132
0.045410 -0.562622 0.903809 0.032715 -0.020508 0.013794
0.035156 -0.565674 0.883911 0.021606 -0.023926 0.015015
0.017334 -0.597168 0.858521 0.018921 -0.031128 0.021606
0.007813 -0.622681 0.862671 0.049561 -0.053345 0.026245
0.010986 -0.639160 0.879639 0.081543 -0.076416 0.032837
0.010986 -0.648071 0.890503 0.108398 -0.083984 0.046631
0.005127 -0.644775 0.882324 0.104248 -0.077515 0.071045
0.001709 -0.631348 0.863647 0.084229 -0.068359 0.105347
0.002563 -0.604370 0.869141 0.073608 -0.067139 0.135742
0.018921 -0.584473 0.881226 0.071289 -0.066895 0.147705
0.016479 -0.580322 0.900513 0.065796 -0.053223 0.148804
-0.008423 -0.600586 0.881104 0.038208 -0.030151 0.152100
-0.031006 -0.596436 0.852783 0.018188 -0.019165 0.169434
-0.039429 -0.575806 0.836792 -0.006104 -0.033325 0.190674
-0.040161 -0.539429 0.838379 -0.007690 -0.066528 0.202393
-0.027710 -0.519531 0.846191 0.049072 -0.100830 0.205078
-0.017700 -0.507690 0.865234 0.119385 -0.130005 0.192627
-0.015991 -0.504395 0.890259 0.180542 -0.145630 0.176147
-0.015259 -0.486206 0.900024 0.197388 -0.133301 0.185913
-0.015015 -0.454102 0.896484 0.162109 -0.100342 0.221802
-0.003540 -0.404053 0.883423 0.065063 -0.060913 0.259766
-0.003052 -0.373901 0.861328 -0.032349 -0.029785 0.280884
-0.009521 -0.372559 0.870850 -0.090210 -0.020264 0.278809
-0.023926 -0.388672 0.872559 -0.105957 -0.028076 0.263794
-0.015381 -0.371582 0.904419 -0.072144 -0.050537 0.249878
-0.014404 -0.346924 0.931396 -0.047974 -0.068970 0.240845
-0.005493 -0.307861 0.946411 -0.022827 -0.080322 0.237305
0.012939 -0.260254 0.973511 -0.011475 -0.092773 0.234741
0.027100 -0.222656 0.994751 0.009033 -0.102051 0.222900
0.049438 -0.194092 1.027222 0.041626 -0.099976 0.204590
0.050415 -0.184082 1.030029 0.045166 -0.084106 0.179321
0.050781 -0.173340 1.022095 0.056030 -0.057007 0.154785
0.045044 -0.150635 1.004761 0.038330 -0.013062 0.140503
0.027954 -0.136230 0.967896 -0.026733 0.043457 0.130005
0.002319 -0.139893 0.947388 -0.135864 0.078369 0.111816
-0.031128 -0.169800 0.955688 -0.207275 0.072144 0.086426
-0.042480 -0.189697 1.010986 -0.204468 0.026611 0.061279
-0.027222 -0.185181 1.065308 -0.145386 -0.032227 0.037354
-0.003418 -0.177612 1.156860 -0.075806 -0.088867 0.007568
0.028931 -0.156128 1.227417 -0.002075 -0.109497 -0.006226
0.066895 -0.123413 1.270630 0.058838 -0.086426 -0.006592
0.078125 -0.126099 1.280762 0.028076 -0.039673 -0.010498
0.070557 -0.142578 1.255127 -0.036987 0.013062 -0.012451
0.060059 -0.176147 1.241699 -0.082397 0.063354 -0.004517
0.038940 -0.225586 1.213257 -0.101807 0.107178 0.003052
0.007935 -0.276733 1.160156 -0.106934 0.131470 0.007935
-0.008789 -0.305420 1.113403 -0.089233 0.122681 0.010376
-0.015503 -0.306030 1.089722 -0.044312 0.089233 0.009888
-0.013428 -0.306641 1.063721 0.015137 0.052979 0.007690
-0.002808 -0.292847 1.065552 0.069336 0.022583 0.005493
0.020874 -0.270752 1.072021 0.077637 0.008423 0.002930
0.033813 -0.265747 1.066284 0.061157 0.013184 -0.003662
0.023560 -0.281738 1.050293 0.024536 0.035522 -0.011353
0.010010 -0.317749 1.030273 -0.016724 0.061279 -0.013916
-0.004028 -0.340820 1.009644 -0.048218 0.074707 -0.019165
-0.021729 -0.365845 0.974609 -0.054077 0.075928 -0.028198
-0.043945 -0.395386 0.942627 -0.028931 0.062012 -0.038696
-0.057129 -0.408813 0.933960 0.005127 0.034180 -0.048096
-0.048584 -0.404297 0.933350 0.033691 0.009644 -0.043945
-0.040161 -0.388428 0.944946 0.042969 -0.004395 -0.034424
-0.033203 -0.380615 0.952637 0.027466 -0.005615 -0.024780
-0.023682 -0.371338 0.965332 0.002441 0.002441 -0.021240
-0.030884 -0.379028 0.952393 -0.021606 0.019653 -0.023682
-0.046875 -0.402954 0.939331 -0.033447 0.031860 -0.028076
-0.056152 -0.414307 0.936768 -0.050171 0.030884 -0.026245
-0.060059 -0.414673 0.935059 -0.061768 0.022827 -0.017822
-0.058960 -0.405884 0.932495 -0.063843 0.011475 -0.010376
-0.059448 -0.400391 0.922363 -0.054565 -0.004639 -0.007080
-0.045654 -0.387695 0.937256 -0.035034 -0.021973 -0.002319
-0.034668 -0.372070 0.967163 -0.015503 -0.030273 0.000000
