-0.009277 -0.309082 1.001221 -0.026855 -0.009277 0.000977
-0.004761 -0.304199 1.017334 -0.021484 -0.012573 -0.000244
-0.005737 -0.305054 1.028931 -0.022217 -0.009644 -0.003296
-0.012451 -0.310181 1.017334 -0.033813 0.000244 -0.002686
-0.018066 -0.312500 1.011353 -0.038696 0.005127 0.000000
-0.023438 -0.320435 1.009521 -0.038696 0.002686 0.002686
-0.027100 -0.317505 1.005737 -0.038330 -0.004272 0.005127
-0.023682 -0.313599 1.003174 -0.038696 -0.006104 0.011353
-0.018799 -0.320435 1.013306 -0.035156 -0.006348 0.017212
-0.012817 -0.312500 1.019409 -0.028320 -0.011597 0.017822
-0.012695 -0.315308 1.013672 -0.030884 -0.013550 0.016113
-0.012085 -0.313721 1.013916 -0.027710 -0.011108 0.015625
-0.014038 -0.313843 1.006958 -0.030273 -0.002441 0.016724
-0.020752 -0.315308 1.005981 -0.026611 0.001343 0.023193
-0.015015 -0.314453 1.004395 -0.018433 -0.000244 0.027954
-0.011230 -0.310303 1.015503 -0.014404 -0.005249 0.028198
-0.006226 -0.305420 1.020630 -0.012451 -0.012329 0.025757
0.004395 -0.300903 1.034058 -0.016479 -0.014893 0.026245
0.009521 -0.296021 1.034424 -0.031006 -0.006592 0.026489
0.000732 -0.297729 1.015869 -0.039429 0.006470 0.025879
-0.002930 -0.299194 0.984375 -0.030396 0.012451 0.027588
-0.003174 -0.309692 0.983276 -0.010132 0.005981 0.031738
0.007080 -0.303467 0.989990 -0.003662 -0.005981 0.029297
0.013062 -0.301270 0.997070 -0.011597 -0.010986 0.023682
0.024658 -0.296875 0.998047 -0.016113 -0.013306 0.018921
0.038086 -0.302002 1.004272 -0.020996 -0.015137 0.015869
0.050415 -0.297241 1.007080 -0.028198 -0.015381 0.011719
0.059448 -0.302856 1.008057 -0.036499 -0.015381 0.005737
0.074585 -0.305298 1.015381 -0.032959 -0.023193 0.001221
0.089478 -0.306396 1.012939 -0.035034 -0.037231 -0.008545
0.110596 -0.303467 1.022583 -0.029297 -0.048828 -0.014893
0.132324 -0.273926 1.014893 -0.026123 -0.060791 -0.021851
0.161255 -0.259277 1.015747 -0.030151 -0.071411 -0.031372
0.177368 -0.256104 1.028564 -0.025635 -0.072266 -0.044678
0.205200 -0.246948 1.038086 -0.011597 -0.074219 -0.061035
0.223633 -0.244141 1.040161 -0.016846 -0.072998 -0.079956
0.242554 -0.236572 1.033569 -0.042603 -0.069824 -0.103149
0.258179 -0.223145 1.021118 -0.080078 -0.071899 -0.134521
0.263550 -0.219727 1.079346 -0.104614 -0.062134 -0.166260
0.236328 -0.263550 0.993286 -0.079468 -0.021240 -0.186035
0.254272 -0.231812 0.995361 -0.027100 -0.027100 -0.201904
0.235229 -0.256836 1.006104 -0.047241 -0.022827 -0.223633
0.223633 -0.267456 1.006958 -0.033936 -0.001587 -0.233398
0.210083 -0.266968 1.012695 -0.033569 0.012451 -0.238525
0.206909 -0.262207 1.005615 -0.057983 0.022461 -0.237305
0.194458 -0.248291 1.007813 -0.058594 0.034912 -0.238281
0.175781 -0.232300 1.017944 -0.010132 0.049438 -0.239990
0.157227 -0.217529 1.019775 0.064941 0.061890 -0.248657
0.126587 -0.222656 1.033936 0.101318 0.068604 -0.280151
0.091919 -0.214355 1.018433 0.114136 0.070190 -0.306763
0.039063 -0.230835 1.008423 0.153564 0.083984 -0.329834
-0.028931 -0.262207 0.961792 0.123535 0.093994 -0.348022
-0.090210 -0.306641 0.926880 0.069946 0.093628 -0.350586
-0.139893 -0.358521 0.923462 0.030029 0.089233 -0.329712
-0.193604 -0.399414 0.941284 -0.025879 0.089478 -0.287354
-0.228760 -0.412720 0.936890 -0.077271 0.096436 -0.224731
-0.241333 -0.427490 0.976440 -0.185303 0.101318 -0.162109
-0.229492 -0.416870 1.038940 -0.317505 0.114624 -0.123657
-0.242432 -0.418213 1.032715 -0.396606 0.134277 -0.121948
-0.266846 -0.432983 0.983521 -0.383789 0.144287 -0.140259
-0.287720 -0.470947 0.952881 -0.375366 0.132813 -0.158325
-0.285767 -0.492065 0.960205 -0.332764 0.093262 -0.160400
-0.274780 -0.501709 0.987671 -0.274414 0.062012 -0.155640
-0.258423 -0.499268 1.010132 -0.165161 0.045288 -0.137451
-0.243530 -0.504150 1.016235 -0.082520 0.035278 -0.108032
-0.232300 -0.506104 1.002441 -0.073975 0.027954 -0.070557
-0.212524 -0.495239 0.993164 -0.080200 0.016724 -0.022949
-0.176392 -0.462891 0.993286 -0.070435 0.007813 0.024170
-0.130005 -0.421021 0.994751 -0.049438 0.003052 0.053955
-0.097046 -0.399536 0.994629 -0.022217 -0.001221 0.063965
-0.072754 -0.396729 0.987671 0.018555 -0.007446 0.061768
-0.042603 -0.396118 0.988159 0.049683 -0.025879 0.057251
-0.014160 -0.400757 1.006836 0.053833 -0.043823 0.051025
0.005981 -0.400269 0.998657 0.044189 -0.053101 0.044678
0.018188 -0.395508 0.975586 0.016724 -0.057495 0.037842
0.032471 -0.400269 0.973877 0.006592 -0.058472 0.036499
0.039307 -0.424927 0.965454 0.004639 -0.059937 0.036377
0.052979 -0.441284 0.965698 0.007690 -0.062134 0.033081
0.060669 -0.478271 0.976440 0.011353 -0.056152 0.027466
0.045532 -0.529053 0.982422 0.000854 -0.042847 0.022217
0.015503 -0.577881 0.967285 -0.006592 -0.025757 0.021240
-0.033081 -0.620850 0.905029 -0.019165 -0.016846 0.027710
-0.070313 -0.655029 0.857422 -0.018921 -0.036377 0.048340
-0.076050 -0.640625 0.858643 0.012451 -0.087891 0.078247
-0.048096 -0.588379 0.847778 0.062744 -0.152588 0.104858
-0.004150 -0.533813 0.927856 0.123169 -0.220093 0.112061
0.030273 -0.499878 0.976929 0.156494 -0.252197 0.105103
0.052490 -0.455078 0.993774 0.178345 -0.251465 0.091919
0.051392 -0.430908 0.990234 0.181152 -0.227539 0.084839
0.053345 -0.420044 0.989136 0.153198 -0.200684 0.083252
0.052002 -0.405762 0.995850 0.104492 -0.176392 0.083618
0.046509 -0.404297 0.982300 0.059326 -0.148315 0.099854
0.045044 -0.396851 0.966797 0.031494 -0.122192 0.123657
0.046509 -0.382813 0.963989 0.008179 -0.102295 0.145508
0.041016 -0.363892 0.944946 -0.028809 -0.083496 0.158081
0.036255 -0.353271 0.939331 -0.058960 -0.067505 0.171265
0.035767 -0.320923 0.920044 -0.077515 -0.058594 0.178223
0.028809 -0.303955 0.904663 -0.080811 -0.047852 0.175537
0.027100 -0.292236 0.900146 -0.079590 -0.036987 0.170532
0.023682 -0.278198 0.900391 -0.091064 -0.020508 0.163208
0.021240 -0.258301 0.892944 -0.103638 -0.002808 0.151855
0.015259 -0.255615 0.895752 -0.127930 0.009644 0.137207
0.016235 -0.252930 0.892090 -0.151733 0.012939 0.126831
0.012451 -0.268555 0.900635 -0.176025 0.012939 0.122559
0.029053 -0.270264 0.930786 -0.209229 0.011841 0.118652
0.029541 -0.257568 0.956665 -0.237549 0.017944 0.113281
0.031250 -0.244507 0.997070 -0.236450 0.029785 0.109985
0.031860 -0.200317 1.021362 -0.239136 0.043213 0.099609
0.028564 -0.166504 1.024414 -0.228394 0.058105 0.077637
0.011353 -0.155029 1.032715 -0.189209 0.061401 0.031006
-0.018555 -0.169067 1.005371 -0.125244 0.054810 -0.020630
-0.051636 -0.196045 0.998169 -0.060303 0.035156 -0.058960
-0.056885 -0.197998 0.997070 -0.028442 0.017456 -0.064087
-0.041626 -0.201050 1.026123 -0.037964 0.002808 -0.044556
-0.013062 -0.203857 1.088013 -0.079834 0.000366 -0.013062
0.010498 -0.211426 1.141479 -0.156128 0.020508 0.019897
0.019775 -0.228149 1.176514 -0.221436 0.040527 0.045166
0.031860 -0.251099 1.217651 -0.229370 0.057129 0.068359
0.023804 -0.252808 1.218506 -0.212158 0.068481 0.077515
0.019165 -0.251709 1.193848 -0.138916 0.072266 0.075073
0.010742 -0.239990 1.160889 -0.045776 0.057861 0.054932
0.002686 -0.236450 1.142334 0.039673 0.037964 0.026123
-0.008301 -0.251099 1.113892 0.090698 0.026367 0.004761
-0.011230 -0.256714 1.096558 0.105835 0.024170 0.000488
-0.014648 -0.262451 1.074463 0.073853 0.027466 0.006592
-0.011963 -0.269897 1.066895 0.029175 0.031982 0.016602
-0.004639 -0.277710 1.073853 0.000854 0.037354 0.023193
-0.010864 -0.298218 1.067993 -0.021118 0.046631 0.020508
-0.015869 -0.313354 1.048706 -0.031494 0.053711 0.017456
-0.026489 -0.330322 1.027344 -0.035767 0.054810 0.011597
-0.037720 -0.356934 1.011353 -0.029053 0.048584 0.006592
-0.046387 -0.368652 0.994507 -0.021851 0.037354 0.003784
-0.049683 -0.372070 0.979492 -0.010132 0.020142 0.004761
-0.037109 -0.371826 0.986694 0.006226 -0.000610 0.007446
-0.023315 -0.367188 1.010742 0.010864 -0.010986 0.007935
-0.016235 -0.360474 1.010864 0.006714 -0.006348 0.010010
-0.018799 -0.343140 0.990112 -0.008545 0.002930 0.016113
-0.023315 -0.334595 0.968018 -0.024048 0.006470 0.020630
-0.021362 -0.323730 0.962891 -0.014771 0.000854 0.015869
-0.023682 -0.324463 0.968262 -0.010254 -0.002563 0.004517
-0.032471 -0.339844 0.976440 -0.001953 -0.001343 -0.006104
-0.035400 -0.346436 0.969116 0.007324 -0.002197 -0.010376
-0.033203 -0.354248 0.975342 -0.001099 -0.002441 -0.010742
-0.040649 -0.374146 0.970215 -0.019409 0.000732 -0.008301
-0.042358 -0.372559 0.967529 -0.026611 -0.000610 -0.001587
-0.035278 -0.364014 0.979614 -0.034668 0.001099 0.007202
-0.045654 -0.361694 0.963013 -0.050171 0.007202 0.010132
-0.049683 -0.358521 0.954468 -0.051636 0.004639 0.014282
-0.043701 -0.348755 0.963379 -0.046509 -0.007568 0.015503
-0.031128 -0.334839 0.970459 -0.037109 -0.016724 0.011841
