-0.021851 -0.318481 1.010498 -0.058472 0.001465 0.011597
-0.023804 -0.316772 1.005249 -0.063110 -0.001465 0.011108
-0.022583 -0.318848 1.003784 -0.069946 -0.005981 0.010010
-0.025391 -0.318481 1.006104 -0.070557 -0.009766 0.005249
-0.023438 -0.312256 1.013184 -0.056763 -0.006470 0.003174
-0.028687 -0.324585 1.019409 -0.047974 0.006104 0.004272
-0.037720 -0.335083 1.016846 -0.042236 0.016602 0.005981
-0.043213 -0.346802 1.005981 -0.042358 0.021973 0.010376
-0.049316 -0.351318 0.998779 -0.037720 0.015625 0.016113
-0.036377 -0.351929 0.980591 -0.034058 0.004150 0.016235
-0.033569 -0.350220 0.998047 -0.036987 -0.011353 0.020508
-0.020264 -0.333130 1.001709 -0.026367 -0.021851 0.029907
-0.000854 -0.314697 0.998901 -0.027344 -0.025146 0.033325
0.002197 -0.323730 0.995361 -0.037720 -0.025757 0.031006
0.016724 -0.323975 0.990112 -0.026978 -0.028931 0.029907
0.028076 -0.317993 0.979004 -0.020386 -0.031616 0.031006
0.049194 -0.309570 0.968262 -0.026489 -0.043213 0.029053
0.069702 -0.301880 0.968262 -0.030029 -0.055298 0.026001
0.087402 -0.305054 0.966309 -0.026855 -0.060425 0.018311
0.111572 -0.300781 0.963867 -0.032837 -0.069580 0.009644
0.130493 -0.306763 0.952637 -0.048584 -0.080322 0.002563
0.147217 -0.310303 0.954468 -0.059570 -0.099731 -0.008057
0.173584 -0.297485 0.965210 -0.053467 -0.127441 -0.023438
0.202881 -0.286621 0.984375 -0.047852 -0.151733 -0.043213
0.226074 -0.265137 1.007080 -0.037476 -0.161377 -0.064209
0.264526 -0.245117 1.126099 -0.039063 -0.157471 -0.092163
0.268799 -0.257202 1.032349 -0.052368 -0.110352 -0.117310
0.301147 -0.220459 1.042236 -0.077759 -0.100220 -0.152100
0.285278 -0.246582 1.019531 -0.092163 -0.067627 -0.194092
0.303711 -0.223755 1.012451 -0.047119 -0.052368 -0.228760
0.305786 -0.234619 1.033325 -0.082031 -0.032104 -0.268066
0.314453 -0.234741 1.060303 -0.131348 -0.010498 -0.297363
0.309326 -0.249146 1.067871 -0.115112 0.028198 -0.312134
0.290405 -0.282104 1.060791 -0.103516 0.072876 -0.328491
0.267334 -0.296143 1.033569 -0.118042 0.108032 -0.352051
0.219482 -0.337158 0.996826 -0.136597 0.138428 -0.381226
0.170166 -0.372925 0.976685 -0.111206 0.154907 -0.409058
0.120483 -0.398926 0.958496 -0.080688 0.148315 -0.431641
0.089966 -0.414795 0.997070 -0.017334 0.142090 -0.439697
0.064941 -0.396729 1.009521 0.043091 0.153564 -0.432739
0.033447 -0.353027 1.022095 0.067017 0.169434 -0.426392
-0.007446 -0.341064 1.016846 0.049561 0.193481 -0.422485
-0.061890 -0.347412 1.005981 -0.003052 0.224365 -0.413086
-0.137695 -0.384766 0.970459 -0.086426 0.259033 -0.391235
-0.209473 -0.414673 0.918091 -0.161499 0.279175 -0.355225
-0.279053 -0.439819 0.865234 -0.240112 0.271729 -0.316772
-0.322876 -0.461304 0.853760 -0.295532 0.236450 -0.273804
-0.342773 -0.486816 0.888428 -0.326294 0.195557 -0.233032
-0.335693 -0.480469 0.906250 -0.315674 0.153320 -0.200317
-0.322388 -0.464600 0.925293 -0.274292 0.117065 -0.176392
-0.317383 -0.459595 0.934570 -0.245239 0.087646 -0.165405
-0.305664 -0.470459 0.948364 -0.217041 0.048584 -0.156006
-0.283569 -0.464722 0.975952 -0.149048 0.021729 -0.141235
-0.265747 -0.458618 0.978271 -0.085327 0.013550 -0.115356
-0.246216 -0.458374 0.987427 -0.064209 0.006592 -0.084351
-0.218628 -0.439819 0.984009 -0.064819 0.004272 -0.049438
-0.194214 -0.441162 0.991333 -0.095703 0.002563 -0.019287
-0.171387 -0.443359 0.982056 -0.118896 -0.002441 -0.002319
-0.149292 -0.441895 0.971069 -0.117188 -0.016357 0.006836
-0.116333 -0.444580 0.980469 -0.079590 -0.040649 0.009521
-0.075562 -0.429932 0.990601 -0.029785 -0.064087 0.012573
-0.043091 -0.438110 0.996826 0.002319 -0.073853 0.021362
-0.008057 -0.440430 1.015259 0.008545 -0.074585 0.025513
0.016968 -0.443970 1.009277 -0.003174 -0.066406 0.024536
0.041260 -0.461182 1.010864 -0.007935 -0.054932 0.019897
0.056763 -0.489990 1.004272 -0.020630 -0.041748 0.015259
0.058594 -0.531738 0.983521 -0.024780 -0.027344 0.016724
0.052734 -0.585815 0.982910 -0.028564 -0.020630 0.016968
0.036621 -0.631348 0.962036 -0.042725 -0.023804 0.021729
0.026123 -0.662109 0.940674 -0.042969 -0.032471 0.041016
0.027344 -0.672485 0.941528 -0.029419 -0.052002 0.068359
0.049927 -0.651123 0.957764 -0.027588 -0.072632 0.081421
0.060547 -0.634277 0.946411 -0.039795 -0.081787 0.069092
0.060425 -0.652832 0.926147 -0.020386 -0.086914 0.045776
0.038940 -0.643677 0.920044 0.014404 -0.098511 0.020386
0.033081 -0.652832 0.901855 0.006714 -0.102295 0.010010
0.036987 -0.638184 0.933594 0.009155 -0.075073 0.024780
0.027832 -0.636475 0.915527 -0.006104 -0.011719 0.062744
-0.002441 -0.621948 0.852417 -0.034546 0.017090 0.095337
-0.014771 -0.620850 0.832397 -0.024048 0.000244 0.116821
-0.020508 -0.602783 0.825928 0.008423 -0.051880 0.131104
-0.009521 -0.581787 0.836426 0.074707 -0.113403 0.141724
0.031006 -0.531006 0.882202 0.177124 -0.164063 0.143311
0.057129 -0.473389 0.949829 0.239624 -0.192993 0.144165
0.079590 -0.437256 0.978149 0.226196 -0.190186 0.158081
0.078735 -0.407227 0.984375 0.189575 -0.164063 0.176514
0.057007 -0.363892 0.948486 0.147461 -0.133423 0.193726
0.060303 -0.315552 0.931519 0.110840 -0.101563 0.218018
0.069824 -0.257446 0.922241 0.062256 -0.070801 0.239624
0.060547 -0.217285 0.881592 -0.009033 -0.040161 0.253296
0.057495 -0.180542 0.876831 -0.072754 -0.017212 0.246826
0.045044 -0.168945 0.885498 -0.130249 -0.009277 0.212646
0.020386 -0.191040 0.917847 -0.150757 -0.000977 0.165405
-0.006592 -0.222168 0.943115 -0.141724 -0.005371 0.121460
-0.021851 -0.234009 0.963257 -0.094849 -0.021973 0.090698
-0.037354 -0.231812 0.985962 -0.025513 -0.037109 0.077759
-0.026855 -0.213501 1.001343 0.022095 -0.049194 0.081299
-0.022583 -0.179443 1.015625 0.019775 -0.034302 0.100220
-0.009888 -0.153442 1.014526 -0.020142 -0.004272 0.115601
-0.018066 -0.140503 0.994019 -0.087891 0.027100 0.109497
-0.045044 -0.154663 0.965942 -0.146973 0.047729 0.085083
-0.072266 -0.151733 0.934448 -0.143311 0.040283 0.052368
-0.078003 -0.148682 0.943481 -0.093872 0.013794 0.006348
-0.071533 -0.173584 0.966797 -0.025391 -0.008057 -0.048096
-0.049316 -0.187500 1.009644 0.057739 -0.048584 -0.103027
-0.032227 -0.221436 1.083740 0.097168 -0.080933 -0.140259
-0.017334 -0.250610 1.162598 0.092285 -0.083252 -0.131348
-0.001099 -0.251221 1.220093 0.045410 -0.052246 -0.085449
0.006104 -0.239746 1.239258 -0.037598 0.003540 -0.019897
0.003662 -0.225342 1.208740 -0.108765 0.052246 0.044434
-0.000488 -0.203247 1.143311 -0.148804 0.074951 0.088013
0.007324 -0.179932 1.111084 -0.151367 0.070923 0.101563
0.022217 -0.178223 1.089111 -0.121338 0.059082 0.090820
0.027954 -0.184937 1.073486 -0.102905 0.053467 0.058105
0.015991 -0.227417 1.059448 -0.090698 0.055298 0.013916
0.000122 -0.267822 1.033936 -0.059570 0.045044 -0.017456
0.000854 -0.308472 1.029541 -0.020752 0.022949 -0.038696
0.015015 -0.330566 1.059082 0.013428 0.004150 -0.049927
0.024292 -0.339478 1.079712 -0.004150 0.017212 -0.045898
0.007324 -0.348145 1.034424 -0.076050 0.053955 -0.031982
-0.027710 -0.382324 0.979980 -0.137817 0.078125 -0.019653
-0.036621 -0.405884 0.960815 -0.154663 0.068848 -0.015503
-0.036987 -0.413330 0.951782 -0.138916 0.049316 -0.014404
-0.042480 -0.420166 0.948975 -0.102905 0.034302 -0.010010
-0.030396 -0.417847 0.952148 -0.077637 0.017456 -0.009644
-0.015015 -0.411255 0.971802 -0.068481 0.003296 -0.015381
-0.016479 -0.420654 0.984253 -0.065552 0.000732 -0.019653
-0.010376 -0.419678 0.980225 -0.064941 -0.000122 -0.018311
-0.002686 -0.419678 1.007568 -0.056885 0.000488 -0.016113
-0.007813 -0.404175 1.001099 -0.060669 0.005859 -0.009277
-0.016479 -0.406616 0.993530 -0.064941 0.013428 0.003906
-0.018188 -0.393188 1.005005 -0.068970 0.013184 0.005005
-0.027710 -0.392456 0.998901 -0.062378 0.018433 -0.000854
-0.032227 -0.396484 0.995605 -0.046753 0.019165 -0.011353
-0.038330 -0.412964 1.001343 -0.031860 0.018311 -0.018311
-0.038208 -0.417603 0.998657 -0.017456 0.014404 -0.019409
-0.031982 -0.415894 0.995850 -0.012817 0.009644 -0.017700
-0.039795 -0.405518 0.993042 -0.019043 0.010620 -0.015869
-0.046265 -0.410156 0.987427 -0.019409 0.017700 -0.008179
-0.044067 -0.413330 0.979858 -0.021851 0.020630 -0.001099
-0.056396 -0.413086 0.959595 -0.027954 0.018311 -0.000488
-0.063843 -0.407959 0.939209 -0.020020 0.007446 -0.000366
-0.064697 -0.403564 0.935669 -0.004761 -0.006226 0.001953
-0.057251 -0.387085 0.942993 0.001465 -0.018066 0.004272
-0.053955 -0.387329 0.951172 -0.004272 -0.018188 0.012085
-0.049561 -0.380493 0.954834 -0.016235 -0.016235 0.019409
-0.028320 -0.366577 0.965332 -0.031372 -0.019409 0.018921
-0.028442 -0.360352 0.968750 -0.041504 -0.014038 0.010620
-0.042236 -0.374512 0.951538 -0.047119 -0.005371 0.005005
-0.041504 -0.381836 0.952148 -0.044434 -0.006714 0.002197
