-0.013550 -0.374146 1.000244 -0.015625 0.002075 0.009399
-0.005981 -0.369507 1.001343 -0.014771 -0.000732 0.011597
-0.001709 -0.352539 1.005249 -0.019775 -0.001587 0.015137
0.000000 -0.341553 1.006226 -0.027588 0.004639 0.017822
-0.004639 -0.335327 1.006470 -0.029297 0.010742 0.017334
-0.007568 -0.349609 0.984741 -0.038452 0.018188 0.015625
-0.006714 -0.338135 0.986572 -0.026611 0.011963 0.014648
-0.001221 -0.330811 0.996582 -0.020752 0.002930 0.011597
-0.001831 -0.339111 0.989502 -0.038330 -0.001953 0.010498
0.002075 -0.334595 0.993530 -0.036621 0.001587 0.015991
0.003540 -0.334351 0.987793 -0.039673 0.012085 0.022949
0.006714 -0.332153 0.986450 -0.051514 0.021118 0.023438
0.011597 -0.341797 0.992676 -0.042847 0.044312 0.025635
0.018311 -0.346436 0.981689 -0.032593 0.057251 0.027100
0.029663 -0.343018 0.977539 -0.023926 0.052734 0.022339
0.036987 -0.331665 0.952393 -0.012451 0.036865 0.013428
0.046509 -0.334229 0.940674 -0.009155 0.016602 0.002319
0.062500 -0.341431 0.944824 -0.003052 -0.010010 -0.006226
0.081421 -0.338745 0.953857 -0.006958 -0.038208 -0.016602
0.104004 -0.340332 0.965088 -0.016724 -0.062622 -0.027344
0.125854 -0.338013 0.988403 -0.025513 -0.079102 -0.036499
0.151367 -0.329102 1.004272 -0.034058 -0.091797 -0.042480
0.177368 -0.310669 1.014404 -0.039917 -0.106079 -0.051514
0.204346 -0.295288 1.001953 -0.056885 -0.126099 -0.068848
0.227173 -0.277344 1.096436 -0.074585 -0.114746 -0.095337
0.208496 -0.311035 0.991455 -0.100708 -0.022705 -0.122559
0.227783 -0.281372 1.018066 -0.075928 -0.031128 -0.151123
0.224365 -0.277710 1.011963 -0.048584 -0.023193 -0.180786
0.245117 -0.234253 1.006836 -0.003662 -0.035767 -0.214722
0.253784 -0.228271 1.021851 0.033081 -0.052124 -0.260010
0.273071 -0.229492 1.041382 0.088989 -0.059204 -0.301147
0.283081 -0.213623 1.054199 0.094971 -0.045288 -0.334717
0.284058 -0.226318 1.049438 0.038574 -0.008667 -0.355347
0.254639 -0.253418 1.056152 -0.017334 0.040161 -0.366089
0.208496 -0.284058 1.048584 -0.057739 0.084717 -0.367676
0.147705 -0.302734 0.998291 -0.067871 0.121582 -0.372559
0.114746 -0.322021 0.998169 -0.043091 0.131348 -0.386108
0.066040 -0.382813 1.047852 -0.036743 0.138062 -0.388428
0.012939 -0.411987 1.028320 -0.048950 0.178345 -0.362427
-0.032837 -0.425781 0.992188 -0.087036 0.222534 -0.321045
-0.083496 -0.426514 0.960449 -0.143433 0.245483 -0.282227
-0.133545 -0.433716 0.927246 -0.223633 0.247681 -0.245117
-0.152832 -0.418335 0.925293 -0.276245 0.242920 -0.209961
-0.191040 -0.454468 0.930298 -0.314941 0.240112 -0.184082
-0.211182 -0.452515 0.913086 -0.328613 0.227417 -0.168091
-0.243530 -0.461426 0.888550 -0.310669 0.218018 -0.168335
-0.277344 -0.478760 0.861572 -0.276489 0.187622 -0.178223
-0.289185 -0.500732 0.875488 -0.215088 0.142700 -0.178711
-0.288208 -0.504761 0.888672 -0.169800 0.097534 -0.172729
-0.301025 -0.527588 0.890259 -0.157959 0.068359 -0.161255
-0.296143 -0.520874 0.900879 -0.125366 0.046997 -0.133423
-0.289063 -0.514282 0.903931 -0.144897 0.032471 -0.091064
-0.265015 -0.511597 0.926636 -0.193481 0.015137 -0.049805
-0.235352 -0.497803 0.939819 -0.231445 0.000732 -0.015503
-0.208984 -0.505737 0.943604 -0.215210 -0.008545 0.014648
-0.174927 -0.498901 0.947144 -0.149414 -0.022217 0.027344
-0.147095 -0.497925 0.951050 -0.082031 -0.041870 0.028564
-0.114014 -0.486084 0.967163 -0.031250 -0.064209 0.028442
-0.074829 -0.476685 0.974731 -0.001587 -0.084595 0.027222
-0.046021 -0.466431 0.970581 0.013306 -0.098633 0.026489
-0.022217 -0.477051 0.973145 0.032959 -0.106445 0.024780
0.014526 -0.455078 0.981689 0.044922 -0.108643 0.027222
0.045410 -0.451660 0.992432 0.036133 -0.100464 0.035278
0.061279 -0.475952 1.011841 0.007813 -0.082886 0.033325
0.059692 -0.517090 1.000366 -0.012695 -0.060425 0.029297
0.048584 -0.562134 0.962891 -0.021362 -0.049561 0.025391
0.047974 -0.607178 0.957397 -0.017212 -0.051514 0.027100
0.034790 -0.660767 0.945557 0.003662 -0.052246 0.030273
0.008423 -0.703735 0.899536 0.018677 -0.056030 0.037476
0.006348 -0.719604 0.886597 0.040894 -0.072266 0.059814
0.020874 -0.707397 0.904785 0.057129 -0.092896 0.092896
0.047363 -0.686035 0.929443 0.066040 -0.104736 0.126709
0.076782 -0.634155 0.940796 0.055542 -0.111084 0.140869
0.067749 -0.619751 0.927612 0.012329 -0.113403 0.134155
0.071167 -0.577026 0.913818 0.012573 -0.123047 0.128174
0.057495 -0.578735 0.918579 0.028076 -0.128296 0.125732
0.082520 -0.531250 0.937744 0.061035 -0.124756 0.131592
0.090210 -0.490479 0.940674 0.051880 -0.100342 0.136841
0.092896 -0.438965 0.934326 0.026733 -0.064575 0.132813
0.066284 -0.433960 0.898193 0.008545 -0.031982 0.111450
0.021851 -0.458374 0.856934 0.009766 -0.011597 0.095825
-0.011841 -0.484863 0.828369 0.022217 -0.009888 0.102661
-0.026001 -0.475342 0.832764 0.027588 -0.023071 0.124634
-0.019531 -0.452026 0.855591 0.023438 -0.039795 0.145874
-0.029297 -0.442993 0.862793 0.010742 -0.053467 0.150146
-0.027588 -0.432251 0.888916 0.018066 -0.065063 0.151733
-0.029175 -0.415161 0.909546 -0.000122 -0.061035 0.162964
-0.032715 -0.391846 0.916870 -0.051758 -0.030518 0.181763
-0.057739 -0.367188 0.884766 -0.123535 0.001099 0.194580
-0.078369 -0.351440 0.866211 -0.205444 0.009766 0.202026
-0.078003 -0.329224 0.891602 -0.259277 -0.004761 0.201538
-0.060059 -0.288818 0.921509 -0.245728 -0.017090 0.198853
-0.042725 -0.278076 0.954102 -0.202271 -0.032959 0.175903
-0.038574 -0.294678 0.982910 -0.164917 -0.054077 0.132324
-0.039307 -0.304688 1.005859 -0.116455 -0.077148 0.091797
-0.023926 -0.292725 1.041504 -0.055298 -0.097412 0.074707
-0.006226 -0.276489 1.093384 0.002075 -0.100708 0.074585
0.011230 -0.233032 1.110229 0.041504 -0.078857 0.087524
0.019775 -0.165405 1.096802 0.049683 -0.044189 0.102661
0.023560 -0.120361 1.068481 0.037109 -0.010010 0.106812
0.021118 -0.097412 1.053955 0.017212 0.009888 0.084473
0.021118 -0.119141 1.075195 -0.004883 0.019531 0.043457
0.010498 -0.157471 1.101685 -0.025024 0.036133 0.003906
-0.006104 -0.207153 1.123657 -0.060425 0.057495 -0.018311
-0.032837 -0.259521 1.107666 -0.111572 0.076050 -0.021240
-0.036743 -0.289917 1.134888 -0.153442 0.083740 -0.001953
-0.034912 -0.305420 1.149048 -0.170898 0.094116 0.021851
-0.033691 -0.292358 1.126343 -0.132690 0.109619 0.038940
-0.035645 -0.269165 1.093994 -0.062866 0.117188 0.039917
-0.033325 -0.258911 1.077026 -0.004028 0.113159 0.024170
-0.029541 -0.252808 1.068237 0.016602 0.106934 0.003906
-0.024658 -0.270874 1.079956 0.007568 0.102417 -0.015137
-0.036133 -0.308350 1.075806 -0.018555 0.104004 -0.032959
-0.048340 -0.339844 1.055176 -0.020264 0.104858 -0.037109
-0.058960 -0.353149 1.022949 -0.010132 0.098877 -0.030518
-0.060547 -0.352783 1.001343 -0.005371 0.083496 -0.019653
-0.052490 -0.342285 0.980225 -0.008179 0.062622 -0.011108
-0.045654 -0.347290 0.985352 -0.020630 0.046875 -0.011475
-0.045410 -0.359375 0.975708 -0.031372 0.038818 -0.016357
-0.048828 -0.386353 0.980225 -0.025146 0.033813 -0.018921
-0.045410 -0.404297 1.001587 -0.020874 0.030029 -0.024414
-0.051514 -0.417847 1.004517 -0.021851 0.036865 -0.026489
-0.053345 -0.421631 0.981812 -0.032227 0.048340 -0.022461
-0.067383 -0.438721 0.956299 -0.047974 0.054321 -0.015503
-0.071167 -0.443359 0.929810 -0.051392 0.048218 -0.010986
-0.080933 -0.453735 0.925659 -0.035767 0.037720 -0.008545
-0.083740 -0.453125 0.912109 -0.016724 0.025391 -0.006958
-0.084229 -0.440918 0.897095 -0.001465 0.006958 -0.004395
-0.076660 -0.424683 0.904663 0.002808 -0.011841 -0.005615
-0.076660 -0.417603 0.908569 -0.004883 -0.020020 -0.005249
-0.065918 -0.403076 0.907227 -0.016479 -0.024048 -0.003906
-0.064575 -0.403564 0.920044 -0.034790 -0.024536 -0.000366
-0.061768 -0.404907 0.932129 -0.042603 -0.023804 -0.000366
-0.056152 -0.413086 0.943115 -0.050537 -0.021240 -0.005127
-0.058105 -0.414307 0.944946 -0.062012 -0.017212 -0.008911
-0.052490 -0.424316 0.961060 -0.080078 -0.013550 -0.005005
-0.057495 -0.427612 0.964233 -0.090454 -0.010132 -0.002319
-0.061768 -0.429932 0.961548 -0.085938 -0.009521 -0.000244
-0.064819 -0.424683 0.964600 -0.077271 -0.010498 0.002686
-0.064941 -0.426514 0.961670 -0.071777 -0.015259 0.005737
-0.053833 -0.412354 0.949463 -0.073608 -0.020752 0.010498
-0.055786 -0.405029 0.984985 -0.078979 -0.024902 0.017212
-0.038208 -0.391357 0.979858 -0.112793 -0.021729 0.014160
-0.036743 -0.390869 0.981445 -0.147095 -0.010986 0.017090
-0.041504 -0.398804 0.980835 -0.133911 -0.003784 0.020630
-0.037354 -0.389404 0.992432 -0.080688 0.002686 0.007202
-0.050537 -0.409668 0.982544 -0.049072 0.016602 -0.007935
-0.061279 -0.422852 0.963013 -0.030640 0.022095 -0.018311
-0.066406 -0.431519 0.948853 -0.026733 0.017212 -0.022461
-0.072998 -0.429688 0.943848 -0.023926 0.008423 -0.023193
