-0.027344 -0.360352 0.996704 -0.039307 0.011597 0.010376
-0.034058 -0.365479 0.997314 -0.038574 0.009644 0.006470
-0.037109 -0.379639 0.996826 -0.035278 0.002930 0.007324
-0.033691 -0.378784 1.004517 -0.032959 -0.011353 0.008301
-0.026367 -0.369751 1.010376 -0.028931 -0.023804 0.011108
-0.024048 -0.356567 1.010132 -0.030029 -0.023193 0.014282
-0.020996 -0.350708 1.006226 -0.044556 -0.015381 0.017578
-0.025269 -0.352295 0.995361 -0.047607 -0.005859 0.020020
-0.024658 -0.360840 0.997681 -0.034180 0.000366 0.021484
-0.018188 -0.353027 0.990356 -0.024048 0.000244 0.023682
-0.017212 -0.360107 0.986572 -0.019409 0.001465 0.026367
-0.013794 -0.364990 0.988037 -0.011353 -0.000610 0.029053
-0.012573 -0.364990 0.979736 -0.011230 -0.003052 0.034912
-0.008667 -0.361694 0.979370 -0.015991 -0.009766 0.040527
0.002808 -0.350952 0.976074 -0.008545 -0.018066 0.045166
0.015625 -0.343140 0.973267 -0.003784 -0.026489 0.043579
0.027954 -0.327759 0.971191 0.000366 -0.033203 0.040039
0.040771 -0.324829 0.975220 0.005981 -0.037109 0.038452
0.057373 -0.303955 0.971069 0.002808 -0.039551 0.035645
0.077026 -0.293701 0.974243 -0.007324 -0.034424 0.029663
0.087280 -0.289917 0.966309 -0.022095 -0.028198 0.021973
0.107056 -0.281860 0.971680 -0.036987 -0.028076 0.012695
0.123169 -0.280151 0.979248 -0.055420 -0.024292 0.000610
0.133667 -0.291748 0.992188 -0.073120 -0.020508 -0.017212
0.145142 -0.297241 0.997925 -0.083374 -0.019897 -0.038574
0.156738 -0.306396 0.993164 -0.081543 -0.021240 -0.061890
0.167358 -0.313843 0.993042 -0.072144 -0.028198 -0.084351
0.179077 -0.320190 1.000488 -0.070190 -0.037354 -0.105103
0.190796 -0.312012 1.002197 -0.065186 -0.044556 -0.124390
0.199585 -0.312134 0.996948 -0.050415 -0.041138 -0.145508
0.209717 -0.315186 1.007690 -0.052002 -0.035156 -0.165039
0.221680 -0.310059 1.022705 -0.053955 -0.023926 -0.174561
0.218628 -0.310913 1.006104 -0.081177 0.011353 -0.186401
0.222412 -0.312378 0.995361 -0.086914 0.038086 -0.198364
0.230225 -0.306030 1.015747 -0.092163 0.053345 -0.216431
0.231934 -0.312134 1.021973 -0.087158 0.068481 -0.233643
0.236572 -0.312622 1.031250 -0.050903 0.082397 -0.251587
0.236084 -0.306885 1.061035 -0.045288 0.099487 -0.267822
0.222290 -0.317261 1.078735 -0.110718 0.136230 -0.278809
0.202148 -0.321045 1.075317 -0.173828 0.176758 -0.290649
0.167969 -0.335449 1.068359 -0.219360 0.216675 -0.299927
0.112915 -0.370605 1.036743 -0.227661 0.248047 -0.311279
0.035034 -0.438232 0.990234 -0.172974 0.258423 -0.324707
-0.012085 -0.452393 0.943970 -0.081177 0.231567 -0.349976
-0.096924 -0.522217 0.946777 -0.024170 0.177002 -0.371582
-0.104980 -0.468872 0.938965 0.109253 0.136108 -0.363281
-0.160400 -0.474365 0.911133 0.152466 0.122437 -0.353882
-0.211426 -0.450928 0.859619 0.111572 0.120239 -0.332886
-0.253906 -0.412354 0.827393 0.062744 0.124023 -0.295166
-0.274048 -0.373413 0.816406 -0.008911 0.129761 -0.259399
-0.307617 -0.379150 0.799683 -0.141968 0.144409 -0.238403
-0.338623 -0.421997 0.817871 -0.233521 0.144287 -0.227417
-0.341553 -0.467163 0.867310 -0.272949 0.128174 -0.217041
-0.313843 -0.488403 0.940186 -0.265869 0.111450 -0.198120
-0.289063 -0.499878 1.003174 -0.221191 0.099854 -0.174561
-0.269165 -0.486084 1.035278 -0.155273 0.077637 -0.145264
-0.248291 -0.480591 1.049194 -0.078613 0.058716 -0.110229
-0.222412 -0.446533 1.053223 -0.046997 0.042969 -0.081055
-0.198853 -0.440186 1.049438 -0.061035 0.029419 -0.061035
-0.182739 -0.441895 1.055176 -0.095825 0.026367 -0.041382
-0.170288 -0.425293 1.020508 -0.114746 0.036377 -0.012817
-0.148804 -0.426758 0.991211 -0.087402 0.038818 0.015625
-0.122437 -0.418091 0.973755 -0.066162 0.027832 0.022095
-0.103027 -0.423218 0.947388 -0.053711 0.009155 0.019165
-0.080322 -0.441040 0.940552 -0.029541 -0.018921 0.014648
-0.050537 -0.442749 0.950195 -0.005493 -0.045898 0.010254
-0.022217 -0.435547 0.949707 0.011841 -0.063843 0.005981
0.003906 -0.432251 0.958130 0.022461 -0.069824 -0.001343
0.022217 -0.435669 0.952271 0.011841 -0.064575 -0.008423
0.028687 -0.454590 0.945190 -0.010010 -0.059082 -0.010864
0.027588 -0.481689 0.938599 -0.024536 -0.056885 -0.011108
0.028809 -0.495239 0.928223 -0.029785 -0.056519 -0.006104
0.034424 -0.516602 0.933472 -0.040039 -0.057739 0.003052
0.039795 -0.546631 0.948364 -0.050903 -0.056763 0.007935
0.036011 -0.584839 0.951538 -0.063843 -0.047241 0.011475
0.007324 -0.618408 0.906738 -0.077515 -0.040527 0.015747
-0.005249 -0.644897 0.902344 -0.053955 -0.055176 0.021851
-0.006958 -0.653198 0.898438 -0.013550 -0.074097 0.030884
-0.017944 -0.671631 0.905884 0.032837 -0.086670 0.042725
-0.012329 -0.671509 0.926392 0.076050 -0.091309 0.061890
-0.026367 -0.674561 0.915649 0.082031 -0.085205 0.089478
-0.038574 -0.664673 0.899658 0.057495 -0.078491 0.119019
-0.038818 -0.640991 0.889404 0.029785 -0.078003 0.148926
-0.041626 -0.626099 0.879150 0.034424 -0.085693 0.171997
-0.041748 -0.608398 0.883545 0.076660 -0.092407 0.192017
-0.033325 -0.586304 0.892212 0.117188 -0.090088 0.220825
-0.032715 -0.572998 0.892700 0.119019 -0.084229 0.241333
-0.030273 -0.561890 0.904541 0.093140 -0.086792 0.244385
-0.039185 -0.546997 0.893311 0.058960 -0.093018 0.242676
-0.051636 -0.545044 0.886597 0.048096 -0.109741 0.244873
-0.054321 -0.518921 0.897705 0.055054 -0.134155 0.248901
-0.052856 -0.502441 0.907959 0.061523 -0.147949 0.254517
-0.042480 -0.471191 0.919556 0.032837 -0.160889 0.259888
-0.025146 -0.425049 0.937378 -0.022095 -0.166504 0.266113
-0.008057 -0.360229 0.940063 -0.087158 -0.157349 0.274170
0.013184 -0.306885 0.942993 -0.136108 -0.135986 0.278931
0.016968 -0.273438 0.939941 -0.220947 -0.123047 0.255371
0.016968 -0.248413 0.950439 -0.246338 -0.111450 0.222534
0.018677 -0.240112 0.981079 -0.144775 -0.108643 0.178467
0.006226 -0.251953 1.005737 -0.093628 -0.105713 0.133789
-0.009277 -0.257935 1.017456 -0.090698 -0.102539 0.107422
-0.022217 -0.242432 1.029297 -0.088745 -0.092163 0.111694
-0.026245 -0.216309 1.031738 -0.087280 -0.073975 0.138062
-0.019409 -0.188721 1.039551 -0.091431 -0.060425 0.161377
-0.013794 -0.165649 1.040039 -0.087646 -0.049805 0.169800
-0.006226 -0.139771 1.033447 -0.075317 -0.039551 0.159180
-0.017212 -0.140503 1.020508 -0.043457 -0.037476 0.128784
-0.015137 -0.148926 1.028931 -0.011230 -0.049072 0.093628
-0.005493 -0.170654 1.067139 -0.001831 -0.063354 0.067505
0.008667 -0.174683 1.116943 -0.010376 -0.069458 0.055908
0.022217 -0.192261 1.145020 -0.038086 -0.056519 0.060181
0.038208 -0.194458 1.160889 -0.038574 -0.030396 0.072144
0.040771 -0.190918 1.157593 -0.038574 0.004150 0.080933
0.032349 -0.199097 1.134888 -0.043579 0.038452 0.084351
0.024170 -0.202026 1.103394 -0.036987 0.057495 0.076416
0.018188 -0.214966 1.086304 -0.039185 0.066772 0.060913
0.010376 -0.234253 1.070923 -0.041016 0.076172 0.046997
-0.008057 -0.264038 1.037720 -0.043335 0.083008 0.031738
-0.024780 -0.288940 1.009033 -0.036743 0.073975 0.019043
-0.032593 -0.313721 1.014893 -0.026367 0.055542 0.012573
-0.029785 -0.317383 1.022705 -0.024780 0.039673 0.008911
-0.019775 -0.309937 1.027222 -0.015747 0.029907 0.002808
-0.018066 -0.314209 1.026978 -0.014404 0.029175 -0.005859
-0.012207 -0.317749 1.019897 -0.019287 0.034912 -0.013550
-0.018921 -0.324097 1.007690 -0.026245 0.043457 -0.018311
-0.030762 -0.343750 0.985474 -0.028198 0.047974 -0.023193
-0.034424 -0.359497 0.971313 -0.018555 0.043457 -0.031372
-0.040649 -0.369751 0.966675 -0.011597 0.040283 -0.038940
-0.047241 -0.389404 0.953735 -0.013062 0.040771 -0.044067
-0.060669 -0.399902 0.943115 -0.017578 0.036377 -0.042969
-0.069824 -0.410034 0.941650 -0.022583 0.027954 -0.039307
-0.073364 -0.411621 0.939453 -0.021606 0.013062 -0.033203
-0.065430 -0.406616 0.940674 -0.012451 -0.002075 -0.026733
-0.054443 -0.395020 0.951904 -0.012695 -0.010010 -0.019897
-0.048340 -0.390869 0.948975 -0.031006 -0.010620 -0.016724
-0.042847 -0.398682 0.965088 -0.042358 -0.009644 -0.015747
-0.035156 -0.396484 0.983521 -0.052246 -0.006104 -0.019409
-0.042236 -0.410522 0.981934 -0.054932 -0.000366 -0.025269
-0.043335 -0.412476 0.987793 -0.038696 0.000122 -0.031738
-0.049683 -0.415894 0.995239 -0.025146 0.002319 -0.032715
-0.054810 -0.412109 0.983032 -0.020264 0.005981 -0.029541
-0.057251 -0.395630 0.971680 -0.021851 0.008789 -0.020264
-0.058472 -0.399780 0.965576 -0.029663 0.009521 -0.011841
-0.057495 -0.395996 0.957520 -0.039429 0.006714 -0.007446
-0.052246 -0.394409 0.960449 -0.042603 0.004639 -0.005005
-0.051758 -0.398926 0.956909 -0.041504 0.002808 -0.008179
-0.047729 -0.404663 0.966187 -0.041382 0.004883 -0.010864
-0.047241 -0.403076 0.970337 -0.049683 0.011230 -0.009888
-0.054565 -0.408325 0.952393 -0.058350 0.014771 -0.010010
-0.063354 -0.406494 0.947876 -0.061157 0.008789 -0.010742
