0.047974 -0.212158 1.050415 -0.038208 -0.019165 -0.035889
0.052856 -0.206055 1.067627 -0.040405 -0.014160 -0.029053
0.054565 -0.196777 1.052246 -0.039185 -0.003906 -0.034790
0.043579 -0.197998 1.038208 -0.043945 0.004761 -0.044189
0.036377 -0.191895 1.037109 -0.047119 0.008545 -0.048462
0.034790 -0.192993 1.035034 -0.042114 0.014038 -0.048584
0.029663 -0.194336 1.023682 -0.038452 0.013306 -0.050659
0.022949 -0.204834 1.031616 -0.034180 0.007202 -0.054443
0.025146 -0.208008 1.031860 -0.027466 -0.001831 -0.061035
0.040283 -0.203247 1.040283 -0.026245 -0.012451 -0.067383
0.050415 -0.209717 1.057007 -0.027466 -0.008789 -0.074951
0.045166 -0.217529 1.058228 -0.027832 0.006714 -0.078857
0.042969 -0.238525 1.059937 -0.030151 0.019775 -0.067749
0.038940 -0.242554 1.059814 -0.029663 0.032227 -0.048828
0.035645 -0.225220 1.036743 -0.026489 0.038574 -0.037231
0.045288 -0.197510 1.035278 -0.032471 0.034790 -0.030518
0.058228 -0.183838 1.044189 -0.031250 0.038574 -0.038452
0.058594 -0.175415 1.035156 -0.026001 0.045776 -0.058960
0.046509 -0.201050 1.016113 -0.022095 0.050049 -0.059326
0.035034 -0.215820 1.002563 -0.017090 0.045288 -0.043579
0.029175 -0.228394 0.993408 -0.015015 0.026611 -0.022949
0.035767 -0.224243 1.001831 -0.007813 0.000854 -0.010132
0.059692 -0.221802 1.028809 0.001099 -0.017700 -0.003540
0.082031 -0.195068 1.052246 0.006348 -0.023193 -0.001343
0.089111 -0.195679 1.061646 -0.005005 -0.010498 -0.002075
0.083496 -0.196777 1.043091 -0.018799 0.003052 -0.003540
0.075073 -0.201294 1.027100 -0.027344 0.006836 -0.002930
0.065186 -0.211182 0.999268 -0.040039 -0.002808 -0.003540
0.065918 -0.208984 0.994019 -0.034424 -0.021362 -0.007202
0.074585 -0.209106 1.001709 -0.030518 -0.040161 -0.002441
0.095337 -0.193604 1.026001 -0.019409 -0.047852 -0.004272
0.108765 -0.190796 1.030396 -0.012085 -0.044434 -0.014404
0.113525 -0.202881 1.034546 -0.013062 -0.038452 -0.020264
0.118286 -0.206665 1.033569 -0.018677 -0.032959 -0.020996
0.122314 -0.203735 1.036621 -0.025757 -0.030029 -0.019287
0.131958 -0.196533 1.036255 -0.033813 -0.023560 -0.019165
0.124146 -0.202148 1.025391 -0.043213 -0.016479 -0.017334
0.121704 -0.199219 1.020752 -0.044189 -0.015869 -0.015503
0.132690 -0.197876 1.022339 -0.040649 -0.018188 -0.012695
0.135498 -0.190186 1.006836 -0.039429 -0.023315 -0.020508
0.135254 -0.200684 0.999146 -0.036743 -0.029785 -0.032959
0.145874 -0.192139 1.000977 -0.033081 -0.043945 -0.050903
0.165161 -0.182373 1.020752 -0.028198 -0.052368 -0.067383
0.183960 -0.168945 1.039185 -0.031982 -0.048218 -0.077759
0.190552 -0.173706 1.039429 -0.044312 -0.031006 -0.081299
0.198730 -0.177246 1.026489 -0.055176 -0.019897 -0.087891
0.201904 -0.179932 1.023560 -0.064087 -0.020996 -0.093750
0.210327 -0.185425 1.028564 -0.067993 -0.021973 -0.104370
0.217407 -0.186768 1.022217 -0.059814 -0.026367 -0.128052
0.227661 -0.184570 1.029907 -0.050049 -0.033325 -0.157593
0.219727 -0.208618 1.027954 -0.090332 -0.047974 -0.182739
0.215942 -0.201172 1.038452 -0.164429 -0.065063 -0.203735
0.217407 -0.188721 1.038330 -0.196045 -0.064575 -0.208008
0.217529 -0.181519 1.026245 -0.195313 -0.051270 -0.221069
0.207886 -0.177490 1.026001 -0.186646 -0.032837 -0.241943
0.191528 -0.192749 1.025269 -0.203247 -0.015869 -0.256470
0.178101 -0.201538 1.013794 -0.184204 0.004395 -0.254272
0.167725 -0.224731 1.011475 -0.108887 0.015625 -0.250488
0.160889 -0.253662 1.014526 -0.085938 0.024414 -0.244019
0.144287 -0.279297 1.020142 -0.092651 0.025269 -0.242554
0.130005 -0.278931 1.033447 -0.116577 0.022461 -0.231445
0.112427 -0.276489 1.033569 -0.125610 0.025635 -0.212769
0.091431 -0.261230 1.035034 -0.143921 0.027954 -0.210449
0.069092 -0.238403 1.024048 -0.158936 0.027832 -0.215332
0.060059 -0.218384 1.030884 -0.152344 0.026855 -0.226685
0.041504 -0.230347 1.035278 -0.160034 0.038818 -0.239624
0.011719 -0.243774 1.029297 -0.149780 0.051880 -0.236816
-0.019165 -0.260498 1.009033 -0.145142 0.060791 -0.228027
-0.044312 -0.264893 0.993286 -0.136353 0.061157 -0.213501
-0.071533 -0.290527 0.982544 -0.132324 0.052612 -0.202026
-0.098145 -0.310547 0.973389 -0.108032 0.045532 -0.184570
-0.116455 -0.336670 0.982300 -0.085571 0.030396 -0.161255
-0.116089 -0.314087 0.997437 -0.083252 0.006592 -0.140015
-0.113770 -0.314575 1.014404 -0.080322 -0.014038 -0.129395
-0.101318 -0.303223 1.035156 -0.064697 -0.030029 -0.130981
-0.098999 -0.300415 1.038330 -0.046021 -0.038330 -0.129028
-0.096924 -0.306030 1.039795 -0.040649 -0.043091 -0.113647
-0.085938 -0.319824 1.056274 -0.037231 -0.045410 -0.092407
-0.074219 -0.318970 1.070435 -0.020142 -0.045532 -0.077881
-0.069702 -0.323730 1.063232 -0.013916 -0.039063 -0.057495
-0.066040 -0.312988 1.042725 -0.017822 -0.031982 -0.036011
-0.058594 -0.305176 1.032715 -0.030029 -0.034790 -0.015747
-0.046875 -0.289307 1.026855 -0.034912 -0.042725 -0.007690
-0.031006 -0.285767 1.018433 -0.037964 -0.051392 -0.003418
-0.017090 -0.291382 1.020874 -0.030273 -0.058716 -0.007202
0.008667 -0.294312 1.027100 -0.023682 -0.060425 -0.010376
0.030151 -0.303711 1.051880 -0.029175 -0.053833 -0.007080
0.047974 -0.285400 1.046021 -0.051147 -0.044678 0.005127
0.047241 -0.289917 1.022461 -0.069214 -0.035889 0.019775
0.052979 -0.283569 1.013672 -0.055664 -0.040771 0.019775
0.062012 -0.293457 1.003662 -0.026245 -0.047119 0.015137
0.080444 -0.305054 1.026123 0.028320 -0.044189 0.003296
0.090942 -0.298096 1.014160 0.031860 -0.032227 0.004883
0.082764 -0.308350 1.003784 0.020996 -0.023071 0.008301
0.083008 -0.313721 0.973877 0.015137 -0.022583 0.010010
0.076660 -0.310425 0.963623 0.004761 -0.029907 0.016357
0.076538 -0.317383 0.959839 0.004028 -0.037720 0.023682
0.084229 -0.324829 0.956299 0.005737 -0.050049 0.029297
0.094482 -0.329590 0.968750 -0.012085 -0.065308 0.032593
0.104614 -0.349609 0.980103 -0.038208 -0.070313 0.040894
0.108032 -0.379761 0.981201 -0.052246 -0.065674 0.047363
0.111206 -0.397095 0.981812 -0.059692 -0.062866 0.053711
0.103882 -0.416016 0.976318 -0.050415 -0.060669 0.063721
0.107666 -0.425415 0.977905 -0.039673 -0.064087 0.072632
0.105713 -0.450806 0.986206 -0.039795 -0.068970 0.089722
0.107788 -0.452393 0.994629 -0.037231 -0.073853 0.109497
0.113892 -0.447144 1.008789 -0.040894 -0.073853 0.121948
0.106567 -0.456299 1.002686 -0.045776 -0.066284 0.128052
0.082642 -0.453125 0.967163 -0.045166 -0.055786 0.128174
0.067383 -0.439941 0.926880 -0.044556 -0.060791 0.128540
0.059448 -0.450439 0.892700 -0.083740 -0.077881 0.135742
0.047974 -0.463013 0.870605 -0.128296 -0.092285 0.139160
0.032959 -0.501099 0.846191 -0.149292 -0.116577 0.130005
0.039673 -0.537231 0.867310 -0.142212 -0.179688 0.100098
0.074829 -0.556396 0.937500 -0.096924 -0.260986 0.049683
0.151123 -0.523682 1.053589 -0.034302 -0.304199 0.025269
0.188721 -0.485962 1.129639 0.020020 -0.258667 0.071777
0.224487 -0.338989 1.182251 0.046509 -0.166016 0.150391
0.239014 -0.332520 1.197632 -0.002563 -0.043823 0.259766
0.220703 -0.315063 1.169556 -0.058350 0.070313 0.310059
0.166260 -0.307373 1.094727 -0.109985 0.149780 0.326538
0.100586 -0.314575 0.996582 -0.121948 0.168579 0.312622
0.054688 -0.301392 0.943237 -0.106323 0.131104 0.281006
0.038574 -0.266602 0.919067 -0.088257 0.064575 0.223755
0.021484 -0.249268 0.915894 -0.067505 -0.001099 0.149292
0.010254 -0.287354 0.920532 -0.045166 -0.054565 0.084839
0.021240 -0.301514 0.933716 0.010376 -0.097900 0.056152
0.049927 -0.281006 0.977905 0.030029 -0.124023 0.074829
0.081909 -0.216309 1.018311 0.012085 -0.131592 0.099731
0.113159 -0.153687 1.035522 -0.005615 -0.121948 0.115234
0.132446 -0.112183 1.048584 -0.021362 -0.104004 0.109863
0.135620 -0.094360 1.062988 -0.026733 -0.088867 0.090332
0.139282 -0.083252 1.079468 -0.025269 -0.068848 0.070313
0.139648 -0.075562 1.083374 -0.038818 -0.036987 0.060913
0.125244 -0.102783 1.059082 -0.067993 -0.003296 0.066528
0.099121 -0.110474 1.031372 -0.076538 0.007813 0.076172
0.089722 -0.102295 1.024536 -0.062012 -0.007080 0.076294
0.079468 -0.101685 1.008667 -0.021484 -0.034668 0.061768
0.088379 -0.100830 1.017822 0.047119 -0.082520 0.030029
0.127563 -0.092529 1.063110 0.107422 -0.130859 -0.001709
0.177734 -0.061523 1.110596 0.129395 -0.152588 -0.016724
0.206421 -0.031616 1.141357 0.123047 -0.134155 -0.023682
0.204712 -0.023926 1.121094 0.101318 -0.095703 -0.031860
0.183228 -0.047119 1.090942 0.079468 -0.059326 -0.035400
0.172974 -0.078369 1.089478 0.054810 -0.032715 -0.040771
0.175415 -0.103149 1.113770 0.027710 -0.000732 -0.039673
0.160034 -0.127075 1.116089 -0.009155 0.043823 -0.030640
0.135254 -0.161987 1.095581 -0.042847 0.087891 -0.018188
0.112671 -0.190430 1.064209 -0.070435 0.105835 -0.009155
0.079468 -0.213135 1.024780 -0.069092 0.090332 -0.014404
