0.072632 -0.186279 1.056274 -0.023315 -0.014038 -0.022583
0.068970 -0.189087 1.051758 -0.028442 -0.007446 -0.021240
0.055786 -0.195557 1.046387 -0.038452 0.002197 -0.018188
0.048218 -0.203857 1.033203 -0.045410 0.005005 -0.016602
0.039551 -0.206787 1.026978 -0.040039 0.001465 -0.017334
0.033936 -0.206421 1.014893 -0.030029 -0.009521 -0.021729
0.036133 -0.199707 1.021484 -0.020386 -0.022461 -0.024658
0.038086 -0.196655 1.021362 -0.020874 -0.030029 -0.022949
0.048462 -0.193481 1.024170 -0.021973 -0.031494 -0.019897
0.052490 -0.181396 1.023560 -0.023438 -0.030396 -0.016235
0.058960 -0.176758 1.022583 -0.027222 -0.032349 -0.015625
0.072998 -0.175781 1.028687 -0.035400 -0.039063 -0.016968
0.090576 -0.166382 1.036011 -0.034546 -0.037842 -0.020996
0.101196 -0.160400 1.030518 -0.036621 -0.029175 -0.026245
0.108765 -0.168091 1.028564 -0.042480 -0.019409 -0.034180
0.132324 -0.162720 1.040527 -0.043823 -0.012207 -0.041870
0.145996 -0.174561 1.032471 -0.054199 -0.003540 -0.049561
0.146484 -0.171387 1.036865 -0.044556 0.002930 -0.061157
0.155518 -0.182861 1.015503 -0.054321 0.000122 -0.075317
0.161377 -0.178711 1.011353 -0.057617 -0.006470 -0.089478
0.171387 -0.159546 0.999146 -0.049561 -0.013550 -0.102905
0.184326 -0.143311 0.993896 -0.037720 -0.025757 -0.124023
0.206177 -0.124512 0.985962 -0.030884 -0.040405 -0.156128
0.220337 -0.111816 0.980469 -0.038574 -0.050049 -0.187378
0.217529 -0.136719 0.971436 -0.045776 -0.059448 -0.219604
0.217285 -0.172974 0.995728 -0.039307 -0.072266 -0.259277
0.222168 -0.219604 1.026611 -0.069824 -0.071533 -0.280151
0.219116 -0.252075 1.072266 -0.097046 -0.038940 -0.260986
0.186646 -0.277710 1.055542 -0.164551 0.015503 -0.225952
0.144043 -0.312256 1.029053 -0.217896 0.050659 -0.198242
0.105591 -0.361938 1.000610 -0.243042 0.052124 -0.190063
0.075562 -0.398926 1.000977 -0.205322 0.026733 -0.193970
0.059326 -0.414307 1.015137 -0.136353 -0.000610 -0.201294
0.052002 -0.397339 1.025879 -0.094849 -0.012695 -0.196655
0.043091 -0.404175 1.032959 -0.097900 -0.004761 -0.173828
0.031494 -0.405518 1.027222 -0.102783 0.006592 -0.154785
0.021729 -0.409180 1.014404 -0.100220 0.009399 -0.138184
0.020508 -0.405884 1.013428 -0.093384 0.001221 -0.123169
0.018433 -0.394775 1.025269 -0.080811 -0.009033 -0.106567
0.028198 -0.395630 1.029541 -0.074341 -0.015137 -0.077515
0.028320 -0.396362 1.027466 -0.069458 -0.018677 -0.048096
0.043091 -0.385010 1.035034 -0.054565 -0.035522 -0.041626
0.056396 -0.398438 1.047119 -0.019287 -0.049194 -0.030396
0.057617 -0.413086 1.047119 0.040771 -0.056274 -0.002319
0.042969 -0.419922 1.045044 0.093994 -0.064819 0.024048
0.045410 -0.387085 1.045166 0.135864 -0.086670 0.021851
0.043579 -0.363525 1.044556 0.126953 -0.105591 0.020752
0.049072 -0.348145 1.049927 0.093628 -0.109863 0.028198
0.052002 -0.325073 1.038696 0.050903 -0.097412 0.043701
0.039673 -0.303345 0.997803 -0.045166 -0.078247 0.059448
0.021362 -0.258301 0.963501 -0.144409 -0.072388 0.056274
-0.011353 -0.239746 0.895630 -0.167358 -0.075439 0.038574
-0.047974 -0.232178 0.854370 -0.133789 -0.094116 0.025024
-0.072632 -0.234619 0.852783 -0.094727 -0.151123 0.000366
-0.098145 -0.234619 0.872070 -0.031738 -0.224976 -0.018311
-0.103638 -0.244507 0.915649 0.055786 -0.303345 -0.026245
-0.099854 -0.238403 0.975830 0.134888 -0.377930 -0.033203
-0.067261 -0.203003 1.078003 0.196167 -0.431885 -0.037964
-0.025513 -0.152100 1.166748 0.212524 -0.423584 -0.014771
-0.011353 -0.128296 1.225830 0.181396 -0.353882 0.031372
-0.007446 -0.133301 1.266235 0.122192 -0.259521 0.076050
-0.020630 -0.129761 1.265747 0.045776 -0.162598 0.117676
-0.039185 -0.140381 1.233032 -0.013306 -0.079102 0.161255
-0.048218 -0.145264 1.201660 -0.035645 -0.017456 0.186523
-0.045410 -0.141357 1.191772 -0.016846 0.016235 0.196655
-0.033325 -0.140015 1.187500 0.051270 0.018066 0.190186
-0.022461 -0.144775 1.180786 0.122559 0.009033 0.173096
-0.005615 -0.156250 1.174072 0.163574 0.005859 0.158691
0.003052 -0.172607 1.153198 0.169189 0.019409 0.162354
0.014771 -0.181885 1.131470 0.148071 0.053223 0.188354
0.034546 -0.181519 1.117432 0.104004 0.102905 0.226685
0.032959 -0.190552 1.069214 0.043213 0.155762 0.263794
0.024048 -0.207520 1.008789 0.005981 0.182617 0.291382
0.022827 -0.236816 0.967773 0.000244 0.170288 0.307007
0.035889 -0.248291 0.959351 0.027710 0.128418 0.317749
0.071655 -0.268066 0.979736 0.057373 0.083740 0.332520
0.103638 -0.275635 0.993408 0.090088 0.055908 0.346191
0.121216 -0.271240 0.987793 0.106201 0.039307 0.362305
0.148682 -0.272705 1.002197 0.094238 0.029053 0.380981
0.167847 -0.269043 1.000244 0.072998 0.026001 0.395752
0.176392 -0.252563 0.975830 0.065674 0.026367 0.405762
0.174561 -0.260620 0.948364 0.058960 0.021973 0.416748
0.175049 -0.261108 0.929199 0.056763 0.006348 0.421021
0.192993 -0.249878 0.928223 0.071167 -0.022705 0.410645
0.207031 -0.237427 0.924927 0.097412 -0.054810 0.389038
0.233521 -0.221802 0.944092 0.097046 -0.090210 0.370728
0.259521 -0.195068 0.967773 0.098389 -0.111816 0.355103
0.275146 -0.177490 0.978516 0.077515 -0.112305 0.351074
0.289673 -0.176270 0.989746 0.052124 -0.092529 0.349609
0.291992 -0.173340 0.977905 0.024292 -0.067017 0.339233
0.285645 -0.169800 0.953735 0.010254 -0.051392 0.315552
0.290527 -0.166626 0.941650 0.009033 -0.051758 0.286255
0.298340 -0.165771 0.937012 -0.001587 -0.058472 0.263428
0.299072 -0.172607 0.946045 -0.014160 -0.062134 0.245972
0.297852 -0.183716 0.950439 -0.053223 -0.060669 0.242310
0.294922 -0.182983 0.946045 -0.086792 -0.054199 0.239380
0.291016 -0.173584 0.941406 -0.118530 -0.048218 0.225952
0.275879 -0.157471 0.926758 -0.138428 -0.047241 0.203003
0.261475 -0.142456 0.907593 -0.133789 -0.055908 0.176270
0.250488 -0.135986 0.903931 -0.127686 -0.070923 0.151001
0.243042 -0.133545 0.912842 -0.136230 -0.087158 0.123169
0.244751 -0.138184 0.932861 -0.146118 -0.101074 0.094727
0.243896 -0.133057 0.958008 -0.128296 -0.101196 0.066528
0.250000 -0.131836 0.961182 -0.139771 -0.089600 0.039063
0.243896 -0.122803 0.967773 -0.156372 -0.080444 0.013550
0.238647 -0.119141 0.970581 -0.180786 -0.074829 -0.010864
0.232910 -0.128662 0.975342 -0.203735 -0.075684 -0.032593
0.235962 -0.123169 1.008911 -0.207031 -0.083984 -0.051392
0.230835 -0.115112 1.030640 -0.213135 -0.080078 -0.068970
0.237671 -0.108032 1.056641 -0.223267 -0.060059 -0.081787
0.230713 -0.092896 1.071655 -0.249756 -0.028198 -0.094849
0.223877 -0.073242 1.064087 -0.259155 0.004150 -0.118652
0.212158 -0.080566 1.067139 -0.259033 0.017700 -0.160034
0.200928 -0.088989 1.063965 -0.251465 0.012207 -0.208252
0.198608 -0.111206 1.096680 -0.231079 0.010864 -0.244995
0.200439 -0.104858 1.119385 -0.212891 0.020508 -0.269531
0.180664 -0.111084 1.121216 -0.199341 0.044189 -0.284912
0.169922 -0.102661 1.129639 -0.190552 0.062988 -0.298584
0.167603 -0.103394 1.137085 -0.207153 0.070557 -0.300415
0.168823 -0.102295 1.155640 -0.215820 0.087524 -0.311768
0.166382 -0.096069 1.168579 -0.209717 0.099976 -0.330933
0.146973 -0.112793 1.163818 -0.200684 0.100708 -0.357666
0.129028 -0.119263 1.155396 -0.169678 0.076660 -0.384766
0.121948 -0.097534 1.164185 -0.111206 0.051880 -0.397827
0.114746 -0.087402 1.187622 -0.047363 0.042725 -0.408203
0.097168 -0.073975 1.181763 -0.027100 0.039673 -0.410645
0.070190 -0.088989 1.173950 -0.024780 0.062500 -0.396851
0.029297 -0.103271 1.146729 -0.079468 0.097534 -0.367676
-0.021973 -0.145508 1.088501 -0.135498 0.126465 -0.331299
-0.073364 -0.183838 1.031128 -0.175903 0.130249 -0.306152
-0.107910 -0.221680 0.989502 -0.184082 0.102295 -0.293457
-0.120239 -0.247070 0.989380 -0.142700 0.047729 -0.295776
-0.125610 -0.258301 0.988403 -0.059448 -0.008057 -0.299927
-0.119995 -0.248779 1.002075 -0.001221 -0.057251 -0.297974
-0.097534 -0.241089 1.025269 0.019043 -0.087769 -0.280029
-0.080566 -0.242310 1.055908 0.004517 -0.086304 -0.251343
-0.069458 -0.243774 1.047241 -0.036987 -0.062500 -0.209473
-0.062744 -0.240967 1.034424 -0.078979 -0.042847 -0.160522
-0.044800 -0.229858 1.036133 -0.093750 -0.030518 -0.122559
-0.031616 -0.217773 1.029419 -0.069580 -0.026489 -0.100098
-0.024902 -0.211914 1.027222 -0.038940 -0.032715 -0.092407
-0.026978 -0.221802 1.014160 -0.010254 -0.052246 -0.094849
-0.029053 -0.250610 1.007690 0.028809 -0.079712 -0.090820
-0.025391 -0.269775 1.019287 0.061279 -0.110474 -0.094727
-0.013916 -0.297852 1.041260 0.054565 -0.135376 -0.087280
-0.000977 -0.343384 1.088623 0.031982 -0.151123 -0.067505
0.026611 -0.344971 1.122925 0.037598 -0.149536 -0.047852
0.029175 -0.340698 1.123901 0.067749 -0.124512 -0.015869
0.026123 -0.333862 1.101563 0.090088 -0.096069 0.012573
0.022095 -0.341919 1.074829 0.089966 -0.080688 0.037842
