0.055786 -0.222290 1.028564 -0.006958 -0.051758 0.008667
0.062866 -0.226318 1.030396 -0.006226 -0.056763 0.011353
0.073242 -0.217407 1.043823 -0.000610 -0.058105 0.007202
0.075317 -0.208862 1.042480 -0.000488 -0.055542 0.005005
0.076660 -0.204590 1.037964 -0.005371 -0.051392 0.006348
0.082397 -0.206665 1.042236 -0.011719 -0.048706 0.007446
0.086548 -0.187134 1.038452 -0.020386 -0.045898 0.008057
0.088989 -0.188721 1.036011 -0.031738 -0.038574 0.014160
0.090332 -0.191528 1.026855 -0.037231 -0.034058 0.009644
0.099121 -0.192383 1.034180 -0.038574 -0.035034 0.000244
0.106689 -0.189331 1.032471 -0.049927 -0.032715 -0.011841
0.116821 -0.178711 1.035889 -0.042725 -0.021118 -0.023438
0.119629 -0.176514 1.028320 -0.037354 -0.009155 -0.037598
0.119385 -0.178589 1.022217 -0.043945 -0.005615 -0.046265
0.122681 -0.186279 1.021118 -0.043091 -0.006470 -0.052734
0.131104 -0.188965 1.026245 -0.035522 -0.008423 -0.064331
0.139526 -0.196045 1.029053 -0.039063 -0.004883 -0.067505
0.140991 -0.203857 1.034790 -0.051514 0.004517 -0.063965
0.147339 -0.199463 1.030518 -0.050293 0.009888 -0.068726
0.149658 -0.209595 1.029419 -0.051025 0.010498 -0.069092
0.162231 -0.210205 1.048462 -0.044434 0.010986 -0.078003
0.167480 -0.213013 1.059204 -0.043213 0.013428 -0.093750
0.173096 -0.214233 1.056030 -0.052612 0.021240 -0.113892
0.167847 -0.223999 1.039917 -0.064575 0.033081 -0.133789
0.168945 -0.250977 1.045898 -0.075317 0.041504 -0.147705
0.160645 -0.273315 1.046265 -0.092041 0.051514 -0.157837
0.142456 -0.289429 1.016602 -0.102295 0.062012 -0.141724
0.133423 -0.303589 1.002930 -0.101685 0.063354 -0.120483
0.132690 -0.294312 1.001953 -0.084961 0.050415 -0.117920
0.130249 -0.292725 0.988647 -0.059204 0.035400 -0.123291
0.125244 -0.295166 0.996704 -0.037476 0.021118 -0.129639
0.129883 -0.293945 0.992432 -0.029053 0.013672 -0.132935
0.121460 -0.298950 0.985840 -0.035156 0.014038 -0.128906
0.108521 -0.315796 0.977661 -0.047607 0.017944 -0.132202
0.106323 -0.325684 0.966919 -0.069702 0.021118 -0.131470
0.096558 -0.328491 0.971558 -0.080688 0.034790 -0.119019
0.087402 -0.335083 0.972046 -0.106445 0.043701 -0.110962
0.072510 -0.347168 0.968384 -0.134644 0.048096 -0.106812
0.060669 -0.375000 0.959839 -0.152466 0.048462 -0.104614
0.036987 -0.406006 0.944458 -0.150269 0.033569 -0.108154
0.005859 -0.439087 0.923584 -0.137573 -0.004639 -0.115234
-0.014771 -0.459839 0.933350 -0.132568 -0.058472 -0.121338
-0.020020 -0.467163 0.961792 -0.142578 -0.103882 -0.126221
-0.019775 -0.441284 1.004883 -0.116211 -0.147095 -0.118896
-0.006470 -0.441528 1.040894 -0.088379 -0.147339 -0.088257
-0.019043 -0.433350 1.023682 -0.141235 -0.138184 -0.071777
-0.033813 -0.428101 1.027954 -0.139038 -0.112305 -0.037964
-0.053711 -0.402344 1.007080 -0.062256 -0.089600 -0.009277
-0.070679 -0.378662 0.985962 -0.067261 -0.085815 0.022217
-0.082764 -0.335571 0.991943 -0.039185 -0.099365 0.038452
-0.098633 -0.309326 0.973145 -0.028931 -0.103027 0.045410
-0.115723 -0.287354 0.953003 -0.016968 -0.102295 0.048462
-0.126343 -0.274292 0.949341 -0.029785 -0.106567 0.059326
-0.136475 -0.262817 0.951294 -0.052368 -0.109619 0.071289
-0.143555 -0.254028 0.980103 -0.077026 -0.113403 0.080688
-0.147705 -0.247925 1.006714 -0.083496 -0.131226 0.086060
-0.133667 -0.228638 1.038818 -0.039307 -0.158325 0.086792
-0.115845 -0.214844 1.085693 0.017822 -0.187378 0.079224
-0.087036 -0.189575 1.126099 0.058350 -0.203247 0.073120
-0.068970 -0.172485 1.166992 0.074219 -0.189941 0.082275
-0.048340 -0.165771 1.185669 0.068848 -0.155518 0.101929
-0.032471 -0.155518 1.196777 0.032837 -0.108521 0.128418
-0.022583 -0.175415 1.188354 -0.010864 -0.047607 0.167847
-0.017700 -0.186279 1.156372 -0.043823 0.006714 0.199463
-0.034058 -0.207642 1.118164 -0.056030 0.038330 0.219482
-0.026245 -0.223877 1.097900 -0.041748 0.035156 0.237915
-0.008423 -0.226807 1.102173 0.002808 0.011719 0.253906
0.009277 -0.243652 1.104858 0.059570 -0.015625 0.261597
0.035034 -0.244385 1.115723 0.102661 -0.042358 0.262207
0.071533 -0.232422 1.138306 0.127808 -0.050293 0.265869
0.109009 -0.214355 1.143555 0.139160 -0.028809 0.272949
0.118042 -0.237671 1.127930 0.092285 0.006958 0.278687
0.119995 -0.267944 1.096191 0.050781 0.038696 0.285522
0.116455 -0.287598 1.057617 0.039307 0.057373 0.295044
0.118896 -0.311523 1.041382 0.042603 0.057617 0.310425
0.129395 -0.316040 1.037476 0.049683 0.044434 0.311768
0.132690 -0.347656 1.017822 0.060059 0.035278 0.309082
0.132935 -0.363770 0.989258 0.072266 0.019409 0.311157
0.140015 -0.370728 0.966431 0.088989 -0.004639 0.316284
0.165527 -0.355469 0.976440 0.108643 -0.034180 0.313843
0.188232 -0.330688 0.982056 0.136108 -0.048584 0.309692
0.197876 -0.323608 0.968262 0.135620 -0.048706 0.309570
0.210571 -0.302490 0.951660 0.111572 -0.046265 0.313965
0.223267 -0.287354 0.959473 0.085938 -0.045532 0.317505
0.227905 -0.280396 0.966431 0.073975 -0.050537 0.309570
0.235962 -0.276978 0.971313 0.071777 -0.065308 0.298706
0.246948 -0.263550 0.990845 0.080566 -0.081543 0.280396
0.254272 -0.242798 0.996582 0.096680 -0.087158 0.262573
0.247803 -0.231079 0.979858 0.090820 -0.086670 0.248047
0.245361 -0.211182 0.980225 0.088135 -0.081787 0.231445
0.247925 -0.198853 0.985962 0.074341 -0.074951 0.213989
0.243164 -0.191162 0.985718 0.048462 -0.060547 0.197754
0.228394 -0.190308 0.962036 0.014648 -0.038086 0.185303
0.204712 -0.194214 0.927856 -0.025879 -0.019531 0.175049
0.180908 -0.197632 0.904785 -0.054932 -0.014282 0.170654
0.161377 -0.213989 0.895142 -0.065430 -0.022705 0.167114
0.150757 -0.209473 0.901611 -0.049438 -0.041992 0.151855
0.149780 -0.199951 0.913452 -0.027710 -0.060669 0.126221
0.141846 -0.192017 0.922852 -0.028931 -0.071289 0.103638
0.145874 -0.173828 0.935547 -0.050171 -0.070801 0.080078
0.139526 -0.169800 0.933960 -0.090088 -0.058594 0.054810
0.128418 -0.159546 0.934204 -0.127930 -0.046753 0.038696
0.133423 -0.155884 0.954834 -0.157837 -0.034546 0.024536
0.137207 -0.173096 0.979248 -0.155884 -0.026611 0.023071
0.142822 -0.186401 0.990967 -0.140381 -0.023315 0.020020
0.154785 -0.190552 1.027100 -0.130493 -0.020508 0.012817
0.159180 -0.185791 1.045288 -0.129639 -0.009155 0.007935
0.161743 -0.164429 1.047607 -0.136475 0.007568 0.001587
0.158203 -0.157227 1.046509 -0.164673 0.023682 -0.007813
0.147705 -0.170288 1.039307 -0.188477 0.038208 -0.020630
0.133789 -0.176392 1.034302 -0.210571 0.039429 -0.035767
0.144165 -0.157349 1.053589 -0.185547 0.032227 -0.061035
0.141479 -0.144165 1.072144 -0.169189 0.045898 -0.077271
0.137695 -0.137939 1.060791 -0.187622 0.052979 -0.088257
0.122681 -0.146729 1.041626 -0.211670 0.067505 -0.102173
0.115356 -0.172729 1.026245 -0.242554 0.071533 -0.111816
0.116943 -0.198364 1.041870 -0.242432 0.062134 -0.121582
0.131348 -0.196899 1.068848 -0.207520 0.044434 -0.151733
0.149902 -0.180786 1.105469 -0.154785 0.022583 -0.190308
0.170898 -0.166748 1.147949 -0.126099 0.005615 -0.223999
0.184814 -0.159424 1.173584 -0.129272 0.009644 -0.242798
0.176270 -0.156128 1.182983 -0.148804 0.047607 -0.251709
0.143677 -0.161011 1.149536 -0.172241 0.099365 -0.252075
0.099243 -0.169189 1.085205 -0.209961 0.151855 -0.249390
0.049072 -0.182983 1.026001 -0.244507 0.186035 -0.239258
0.010132 -0.188477 0.973999 -0.262695 0.198853 -0.226685
-0.017212 -0.193848 0.948242 -0.260864 0.186279 -0.213745
-0.047729 -0.203125 0.926270 -0.233765 0.146362 -0.217407
-0.059204 -0.215698 0.930664 -0.179688 0.081665 -0.247803
-0.045410 -0.235718 0.988647 -0.107788 0.011719 -0.294434
-0.030151 -0.235718 1.048218 -0.031006 -0.034424 -0.334351
-0.026123 -0.222290 1.085083 -0.000244 -0.042480 -0.346069
-0.044312 -0.205444 1.084717 -0.028809 -0.026245 -0.326050
-0.062500 -0.193726 1.063354 -0.065308 -0.009644 -0.300537
-0.075684 -0.208008 1.054688 -0.089355 -0.007813 -0.291138
-0.067505 -0.213745 1.066528 -0.096680 -0.025269 -0.290527
-0.054443 -0.213013 1.093628 -0.081787 -0.042236 -0.286499
-0.040649 -0.174805 1.072632 -0.079956 -0.061646 -0.298218
-0.024902 -0.154053 1.085815 -0.083740 -0.079468 -0.324829
-0.010620 -0.171143 1.089600 -0.093628 -0.088745 -0.359497
0.010986 -0.175415 1.088135 -0.117432 -0.089233 -0.390503
0.027222 -0.167236 1.094360 -0.135864 -0.065674 -0.409424
0.019897 -0.205078 1.081543 -0.159546 -0.022339 -0.405151
-0.016235 -0.288818 1.040283 -0.179688 0.015869 -0.363403
-0.044189 -0.357422 1.020508 -0.180054 0.021729 -0.312378
-0.073975 -0.409668 1.008911 -0.158936 -0.000732 -0.255005
-0.080688 -0.424561 1.008789 -0.105347 -0.043091 -0.202759
-0.077148 -0.430908 1.013794 -0.027588 -0.082275 -0.160400
-0.059937 -0.409180 1.022827 0.047852 -0.116943 -0.124023
-0.041870 -0.381348 1.036621 0.090698 -0.140381 -0.085815
