0.098755 -0.232788 1.045044 -0.013428 -0.035034 -0.017090
0.093262 -0.226318 1.032593 -0.005737 -0.036377 -0.022827
0.095337 -0.224609 1.033325 -0.001587 -0.039307 -0.030518
0.099609 -0.201660 1.031860 0.004150 -0.040649 -0.035522
0.096313 -0.204102 1.030884 0.008057 -0.035034 -0.023804
0.095093 -0.213379 1.026489 0.011597 -0.035400 -0.014771
0.098877 -0.209229 1.017700 0.013916 -0.043091 -0.009399
0.098999 -0.214233 1.015991 0.022461 -0.052979 -0.011841
0.106567 -0.205688 1.015991 0.031982 -0.067749 -0.015381
0.117310 -0.204102 1.031860 0.035889 -0.077148 -0.006714
0.137451 -0.192261 1.040527 0.031860 -0.074951 -0.004639
0.150391 -0.186279 1.047485 0.018311 -0.062256 -0.007568
0.152588 -0.187134 1.034912 0.004883 -0.042236 -0.007446
0.152710 -0.189209 1.017944 -0.008301 -0.028809 -0.003662
0.153931 -0.182251 1.004639 -0.021118 -0.026001 0.001587
0.160400 -0.175171 1.003296 -0.025513 -0.032104 -0.000732
0.164063 -0.172729 1.001709 -0.018799 -0.039307 -0.009521
0.166626 -0.161743 0.994629 -0.011230 -0.046265 -0.018555
0.171265 -0.152954 0.985962 -0.007202 -0.052856 -0.028809
0.178223 -0.139648 0.976929 -0.003174 -0.059570 -0.048462
0.188477 -0.142334 0.976685 -0.001343 -0.066528 -0.070801
0.193237 -0.147095 0.972534 -0.005859 -0.071167 -0.092407
0.208862 -0.153442 0.994019 -0.022339 -0.070435 -0.104126
0.210449 -0.181763 1.017700 -0.053345 -0.055542 -0.097900
0.204468 -0.202515 1.011108 -0.091675 -0.036133 -0.089600
0.198975 -0.223877 1.012573 -0.107666 -0.021484 -0.090942
0.192749 -0.240479 0.998535 -0.118408 -0.013550 -0.096680
0.174316 -0.255249 0.989868 -0.113892 -0.013550 -0.086060
0.156982 -0.269531 0.988281 -0.099609 -0.030762 -0.074341
0.141235 -0.268799 1.003174 -0.089478 -0.050537 -0.084106
0.136475 -0.285156 1.005615 -0.106689 -0.069946 -0.103882
0.128784 -0.299805 1.018066 -0.145020 -0.093262 -0.132935
0.145752 -0.303711 1.029907 -0.200073 -0.106445 -0.147949
0.153320 -0.308350 1.054565 -0.223877 -0.089600 -0.131470
0.163696 -0.316772 1.053101 -0.201538 -0.059570 -0.121826
0.173218 -0.328613 1.047241 -0.190186 -0.046753 -0.121948
0.172363 -0.349609 1.057007 -0.155396 -0.024536 -0.105469
0.183716 -0.345703 1.058105 -0.104858 -0.002930 -0.091309
0.181152 -0.337891 1.049194 -0.077271 0.012695 -0.074463
0.173584 -0.331665 1.034180 -0.048462 0.021606 -0.064331
0.161011 -0.314209 1.024048 -0.036865 0.023193 -0.067017
0.159424 -0.287231 1.009888 -0.042114 0.018188 -0.062866
0.152344 -0.280762 1.003540 -0.050537 0.022949 -0.050049
0.143066 -0.273682 1.009155 -0.034546 0.033081 -0.049072
0.126953 -0.275635 1.006714 -0.042725 0.036011 -0.057495
0.106812 -0.278809 1.019043 -0.048462 0.028931 -0.073364
0.078979 -0.301025 1.034546 -0.044434 0.019409 -0.094238
0.044067 -0.333984 1.042603 -0.047119 0.010376 -0.103638
0.016479 -0.359253 1.061768 -0.051147 0.003052 -0.102661
-0.014038 -0.374512 1.081177 -0.063354 -0.001343 -0.091797
-0.051147 -0.392944 1.079712 -0.071289 0.004028 -0.071167
-0.082153 -0.390625 1.055786 -0.065186 0.009644 -0.050049
-0.115601 -0.402710 1.045532 -0.066772 0.009888 -0.015381
-0.136841 -0.385986 1.036377 -0.061646 0.005127 0.023193
-0.148926 -0.376709 1.026733 -0.041870 0.000366 0.069946
-0.161499 -0.380737 1.031006 -0.016724 -0.007080 0.098389
-0.168335 -0.384399 1.020264 -0.008911 -0.026001 0.124756
-0.163818 -0.376587 1.015015 0.016846 -0.051880 0.155518
-0.145508 -0.365479 1.014771 0.049561 -0.078979 0.192627
-0.110107 -0.342651 1.033203 0.091553 -0.105347 0.224243
-0.063477 -0.337524 1.074585 0.118896 -0.119507 0.262573
-0.023804 -0.343994 1.090820 0.101196 -0.119019 0.295166
0.006470 -0.330688 1.084351 0.101807 -0.106812 0.321655
0.031982 -0.323242 1.061035 0.112549 -0.097900 0.348145
0.062378 -0.298218 1.048340 0.116577 -0.095093 0.371094
0.092407 -0.277588 1.031860 0.121826 -0.093628 0.389648
0.127319 -0.251709 1.029541 0.118652 -0.093262 0.405518
0.162354 -0.243408 1.034668 0.122803 -0.086060 0.408936
0.185547 -0.243286 1.022217 0.109741 -0.076172 0.405029
0.203613 -0.243042 1.009155 0.098389 -0.067993 0.397827
0.218018 -0.244873 1.001831 0.098145 -0.061157 0.390381
0.231567 -0.243286 1.000488 0.100098 -0.056030 0.379883
0.235107 -0.250244 0.987427 0.100098 -0.048340 0.370117
0.241943 -0.247192 0.978882 0.111450 -0.042480 0.359497
0.244995 -0.235596 0.969971 0.104736 -0.032837 0.352173
0.245972 -0.223389 0.952026 0.071777 -0.016357 0.351318
0.245117 -0.215820 0.935303 0.031616 -0.004150 0.352539
0.248169 -0.207397 0.931885 -0.005615 0.010742 0.354980
0.249023 -0.194580 0.926392 -0.036255 0.023071 0.343872
0.251221 -0.191284 0.928223 -0.054688 0.030029 0.319702
0.246948 -0.203247 0.920288 -0.054077 0.026611 0.288574
0.257935 -0.195679 0.938110 -0.045410 0.008545 0.254639
0.278198 -0.172241 0.968506 -0.033813 -0.014526 0.213501
0.306152 -0.167480 1.008545 -0.017578 -0.027954 0.165771
0.329956 -0.130615 1.045654 -0.041260 -0.026489 0.120239
0.332764 -0.128174 1.048340 -0.067139 0.023193 0.103760
0.305420 -0.129272 1.024536 -0.108276 0.067871 0.089355
0.275757 -0.155396 0.984741 -0.156616 0.089478 0.089844
0.239136 -0.160767 0.957031 -0.178101 0.084229 0.094238
0.216431 -0.192749 0.960083 -0.173828 0.054077 0.105103
0.214722 -0.212036 0.970093 -0.143188 0.018188 0.099609
0.212402 -0.223267 0.986450 -0.099487 -0.016602 0.089722
0.212036 -0.233154 0.988770 -0.069458 -0.042969 0.090820
0.214722 -0.209961 0.991699 -0.049438 -0.070190 0.076294
0.234985 -0.167603 1.010254 -0.022827 -0.092773 0.054199
0.249390 -0.152222 1.035034 -0.015137 -0.095947 0.028564
0.260254 -0.141846 1.049683 -0.017212 -0.079224 0.006592
0.255737 -0.147949 1.046021 -0.048706 -0.048828 0.002441
0.257935 -0.137573 1.055054 -0.098755 -0.014404 0.004517
0.252441 -0.124268 1.038086 -0.144531 0.021606 -0.001343
0.239014 -0.119629 1.023926 -0.163696 0.053955 -0.026001
0.219116 -0.137695 1.003540 -0.181519 0.072021 -0.056030
0.193481 -0.174561 0.984985 -0.199097 0.087036 -0.079346
0.155029 -0.182007 0.956055 -0.219482 0.106934 -0.088989
0.104858 -0.185059 0.883667 -0.248657 0.117676 -0.093994
0.067017 -0.183228 0.853394 -0.233521 0.083252 -0.105835
0.065186 -0.159424 0.860352 -0.174316 0.000244 -0.127808
0.097290 -0.111572 0.921875 -0.104736 -0.094604 -0.142822
0.150513 -0.054443 1.011719 -0.065430 -0.162720 -0.156982
0.192017 -0.009766 1.083862 -0.062378 -0.186890 -0.182739
0.217285 0.028687 1.137939 -0.072021 -0.177002 -0.224731
0.226196 0.043579 1.177856 -0.087891 -0.142456 -0.275146
0.216309 0.007202 1.205688 -0.116821 -0.094238 -0.314209
0.191162 -0.031372 1.218262 -0.143921 -0.043335 -0.341919
0.158569 -0.080811 1.205200 -0.168701 0.004272 -0.357056
0.132690 -0.118042 1.201050 -0.172607 0.047363 -0.356323
0.102051 -0.141357 1.178833 -0.163208 0.082275 -0.348389
0.074951 -0.157471 1.154053 -0.154785 0.103394 -0.347046
0.049072 -0.165283 1.129395 -0.138916 0.108154 -0.347290
0.032593 -0.185913 1.111450 -0.109985 0.103394 -0.347534
0.021240 -0.183105 1.112427 -0.074585 0.094238 -0.348145
0.017822 -0.193481 1.124878 -0.046509 0.090332 -0.355347
0.003540 -0.211548 1.122192 -0.016357 0.102051 -0.356812
-0.016357 -0.216553 1.109375 0.004883 0.118042 -0.349243
-0.024658 -0.242065 1.099976 -0.013794 0.125732 -0.323120
-0.031250 -0.257935 1.079712 -0.054565 0.137085 -0.299072
-0.042480 -0.257568 1.050049 -0.074951 0.147705 -0.281860
-0.055786 -0.264771 1.022827 -0.071167 0.144897 -0.269043
-0.071167 -0.298218 0.995728 -0.048340 0.126465 -0.254883
-0.083618 -0.307129 0.979370 -0.014893 0.085693 -0.231445
-0.084717 -0.306030 0.979492 0.028442 0.034058 -0.207275
-0.077759 -0.307495 0.999878 0.066895 -0.006592 -0.191895
-0.055054 -0.297974 1.013916 0.084839 -0.033081 -0.171265
-0.035522 -0.297485 1.050781 0.070801 -0.047485 -0.142334
-0.024292 -0.295044 1.055542 0.062134 -0.045776 -0.118530
-0.028198 -0.294678 1.057007 0.042114 -0.034668 -0.096436
-0.032959 -0.311157 1.045044 0.013306 -0.020508 -0.076172
-0.048218 -0.331177 1.026245 0.014893 -0.017578 -0.061035
-0.059692 -0.349854 1.013062 0.026001 -0.033325 -0.039551
-0.058105 -0.366821 1.007690 0.037842 -0.057739 -0.019287
-0.042236 -0.360352 1.025146 0.055786 -0.085938 -0.005981
-0.017090 -0.337524 1.037231 0.070923 -0.110352 0.000977
-0.004761 -0.334717 1.040771 0.086060 -0.123779 0.008301
-0.009521 -0.343384 1.029907 0.105103 -0.129639 0.027344
-0.011108 -0.359985 1.005981 0.108521 -0.126465 0.059814
-0.004761 -0.364136 0.991211 0.091431 -0.116333 0.084351
0.002563 -0.342651 0.988281 0.060791 -0.112793 0.093750
0.022217 -0.325073 0.980347 0.052368 -0.121338 0.107910
0.038208 -0.325439 0.993652 0.049194 -0.127075 0.114258
0.059937 -0.292480 1.002441 0.054810 -0.139771 0.120239
