0.119263 -0.231567 1.046631 -0.027954 -0.004517 -0.020264
0.114746 -0.226685 1.038818 -0.035400 0.003052 -0.016357
0.107544 -0.225464 1.027710 -0.037231 0.006592 -0.011108
0.102783 -0.233521 1.022583 -0.031982 0.003662 -0.008911
0.100464 -0.234863 1.012573 -0.028198 -0.003662 -0.010010
0.107422 -0.232178 1.019531 -0.023315 -0.010010 -0.011475
0.110962 -0.220825 1.024048 -0.024536 -0.015381 -0.011841
0.115112 -0.221558 1.022583 -0.019043 -0.014160 -0.016235
0.119507 -0.215820 1.025391 -0.016235 -0.010864 -0.018677
0.120117 -0.218140 1.021484 -0.023804 -0.004517 -0.013794
0.114624 -0.225830 1.013550 -0.028198 -0.002441 -0.013184
0.115723 -0.225342 1.015625 -0.024292 -0.008911 -0.015747
0.121948 -0.219727 1.024902 -0.016113 -0.017944 -0.020508
0.131104 -0.213867 1.033325 -0.008423 -0.019775 -0.026245
0.142456 -0.203003 1.035645 -0.014648 -0.013428 -0.029053
0.136841 -0.204468 1.017334 -0.027466 -0.000488 -0.028442
0.135864 -0.208740 1.009033 -0.034546 0.002563 -0.032837
0.146606 -0.201538 1.007080 -0.031250 -0.001709 -0.038330
0.150757 -0.196167 1.003052 -0.023682 -0.001953 -0.041992
0.162109 -0.197998 1.004883 -0.020752 -0.001953 -0.050415
0.169800 -0.195923 0.999756 -0.026001 -0.004761 -0.058350
0.178955 -0.188354 0.992188 -0.035889 -0.008301 -0.064819
0.187012 -0.193481 0.974365 -0.045044 -0.012207 -0.068848
0.199585 -0.188232 0.969849 -0.045166 -0.020752 -0.078369
0.215210 -0.182251 0.979858 -0.041504 -0.030518 -0.088501
0.230469 -0.182373 0.990723 -0.038330 -0.035767 -0.102905
0.240723 -0.192017 1.020020 -0.045166 -0.033691 -0.121704
0.244263 -0.218872 1.042480 -0.068970 -0.023071 -0.134277
0.236084 -0.229248 1.043335 -0.093994 -0.003174 -0.138672
0.229248 -0.240112 1.028931 -0.112549 0.016724 -0.144775
0.217285 -0.266479 1.009888 -0.127075 0.032227 -0.148560
0.194458 -0.308472 1.011597 -0.110962 0.043945 -0.147217
0.183472 -0.335693 1.021606 -0.093506 0.044678 -0.153687
0.163696 -0.370117 1.014771 -0.084839 0.035278 -0.158081
0.162231 -0.390503 1.011230 -0.077759 0.019409 -0.160278
0.168335 -0.388916 1.017944 -0.069946 0.007935 -0.153198
0.161865 -0.377441 1.024658 -0.065552 0.009155 -0.133911
0.153564 -0.379517 1.005493 -0.068848 0.020020 -0.109131
0.140015 -0.379639 0.999268 -0.074097 0.030640 -0.100830
0.130493 -0.362915 0.996216 -0.070923 0.034668 -0.100952
0.119385 -0.344116 0.987671 -0.083374 0.034302 -0.101318
0.105713 -0.330444 0.977661 -0.084229 0.034180 -0.102051
0.086914 -0.328857 0.979126 -0.079224 0.031372 -0.104248
0.060547 -0.345215 0.987915 -0.081299 0.034180 -0.108398
0.032593 -0.371582 0.987183 -0.089600 0.028687 -0.107788
-0.001587 -0.408081 0.993652 -0.101929 0.016113 -0.103882
-0.028564 -0.421631 0.998779 -0.086182 0.000244 -0.096924
-0.041016 -0.416626 1.004150 -0.059082 -0.022217 -0.085693
-0.053467 -0.394287 1.015137 -0.045654 -0.033081 -0.068237
-0.063721 -0.395386 1.018433 -0.047729 -0.036133 -0.037598
-0.074951 -0.380249 1.022827 -0.055664 -0.034424 -0.007202
-0.088501 -0.358643 1.021240 -0.059204 -0.036621 0.023315
-0.086060 -0.322998 1.019775 -0.055908 -0.050415 0.047363
-0.079590 -0.278076 1.034424 -0.051392 -0.065186 0.070068
-0.081909 -0.261719 1.031128 -0.065186 -0.070068 0.091064
-0.085571 -0.258911 1.018188 -0.067627 -0.072144 0.108521
-0.086792 -0.239136 1.023804 -0.072144 -0.083496 0.115356
-0.078491 -0.239990 1.031006 -0.073364 -0.095825 0.121216
-0.076416 -0.248413 1.035889 -0.059082 -0.100830 0.134644
-0.065186 -0.255615 1.060303 -0.044922 -0.103027 0.150513
-0.061768 -0.269775 1.071167 -0.049561 -0.098267 0.170410
-0.061035 -0.288940 1.073120 -0.045166 -0.085205 0.192505
-0.057739 -0.302856 1.070557 -0.044678 -0.083618 0.219971
-0.036865 -0.300537 1.087280 -0.032593 -0.091919 0.243408
-0.010864 -0.281616 1.108887 0.003540 -0.100952 0.255859
0.016113 -0.258911 1.119629 0.034790 -0.097168 0.263916
0.039307 -0.251343 1.129761 0.041260 -0.080688 0.276855
0.056885 -0.256348 1.124146 0.034302 -0.051514 0.291748
0.059082 -0.264648 1.102905 0.011353 -0.019531 0.308105
0.067505 -0.269897 1.092773 0.009399 0.000610 0.324707
0.077759 -0.261353 1.087036 0.015747 0.008423 0.332886
0.088013 -0.257080 1.069214 0.022339 0.016357 0.333618
0.092773 -0.249512 1.044312 0.038208 0.022461 0.329834
0.099731 -0.244263 1.030273 0.054443 0.025635 0.324463
0.102783 -0.252930 1.007446 0.068359 0.025513 0.315918
0.116821 -0.271851 0.998657 0.084351 0.019897 0.305908
0.123047 -0.291016 1.001221 0.090942 0.007690 0.296143
0.154785 -0.280396 1.034668 0.098633 -0.004395 0.290771
0.170166 -0.292847 1.037109 0.096191 -0.003662 0.298462
0.184692 -0.279419 1.035278 0.091675 -0.002197 0.297241
0.195190 -0.267456 1.038086 0.085815 -0.002197 0.300415
0.200195 -0.277588 1.029053 0.083130 -0.001343 0.303833
0.207642 -0.266968 1.027954 0.095825 -0.006836 0.294922
0.215698 -0.258911 1.031006 0.102905 -0.007813 0.286011
0.219971 -0.260132 1.021362 0.098999 -0.001953 0.278320
0.219849 -0.250610 1.005371 0.091309 0.004028 0.268555
0.213989 -0.259888 0.988037 0.081055 0.005737 0.259766
0.204956 -0.263428 0.965454 0.086182 -0.004028 0.243896
0.207520 -0.264526 0.957153 0.100586 -0.026245 0.221802
0.221436 -0.258423 0.972778 0.113159 -0.047974 0.199463
0.235352 -0.270508 1.001709 0.105713 -0.048462 0.188843
0.239746 -0.262817 1.005859 0.082886 -0.022705 0.187622
0.226074 -0.258057 0.976074 0.041016 0.006714 0.189209
0.211670 -0.246338 0.948242 0.009399 0.019897 0.187134
0.206177 -0.241089 0.935425 -0.003662 0.012939 0.173584
0.198730 -0.232544 0.919556 -0.002197 -0.000488 0.151123
0.188477 -0.242065 0.913574 0.000488 -0.016968 0.118042
0.187378 -0.292480 0.904053 0.018311 -0.033447 0.089233
0.178467 -0.301147 0.911133 0.040039 -0.039673 0.090454
0.169312 -0.355957 0.911255 0.026611 -0.030884 0.132324
0.140869 -0.317993 0.926392 -0.005493 -0.029175 0.165649
0.129150 -0.315063 0.897827 -0.034912 -0.020996 0.199463
0.129272 -0.278931 0.882080 -0.054565 -0.030762 0.204590
0.133057 -0.245239 0.885986 -0.061890 -0.053101 0.196655
0.153442 -0.206299 0.929565 -0.043823 -0.074829 0.175537
0.177612 -0.145630 0.974365 -0.035522 -0.094116 0.145996
0.210083 -0.100708 1.021729 -0.038940 -0.103271 0.108276
0.236084 -0.069458 1.049316 -0.041016 -0.105347 0.049072
0.244507 -0.032104 1.066040 -0.029297 -0.099487 -0.015015
0.251831 -0.015991 1.088135 -0.038574 -0.076782 -0.065430
0.244995 -0.010986 1.105469 -0.074463 -0.033447 -0.086060
0.232300 -0.037476 1.100342 -0.136841 0.020874 -0.084106
0.214233 -0.053345 1.081421 -0.187134 0.067993 -0.093140
0.197754 -0.060181 1.067993 -0.204224 0.089111 -0.116699
0.185181 -0.072998 1.048218 -0.196533 0.085083 -0.146240
0.179810 -0.072510 1.050903 -0.171143 0.067993 -0.191406
0.175049 -0.081909 1.059937 -0.144531 0.052612 -0.234863
0.165527 -0.087769 1.078613 -0.131592 0.047729 -0.276489
0.159180 -0.092285 1.087280 -0.148071 0.064087 -0.302002
0.137817 -0.110840 1.079834 -0.195190 0.095947 -0.304443
0.118652 -0.120850 1.075317 -0.251465 0.120972 -0.297241
0.096069 -0.142944 1.069946 -0.288330 0.135254 -0.294189
0.074585 -0.164673 1.066162 -0.304199 0.141968 -0.294067
0.051392 -0.172974 1.045898 -0.321899 0.138184 -0.286987
0.021973 -0.188354 1.031372 -0.329346 0.122070 -0.282471
0.009521 -0.209839 1.022827 -0.295532 0.094604 -0.286621
-0.001709 -0.232056 1.039917 -0.229614 0.057617 -0.308716
-0.001099 -0.225952 1.067139 -0.144531 0.020630 -0.331909
0.003296 -0.218262 1.076416 -0.077881 0.002441 -0.348022
0.001831 -0.219360 1.098022 -0.059448 0.002563 -0.343506
-0.003174 -0.210815 1.096558 -0.073730 0.009888 -0.319214
-0.010010 -0.202271 1.098999 -0.080688 0.021118 -0.293945
-0.016113 -0.192627 1.097656 -0.083740 0.031128 -0.281738
-0.020874 -0.186157 1.092041 -0.095337 0.041748 -0.275024
-0.034302 -0.185913 1.081787 -0.105103 0.051147 -0.268188
-0.050171 -0.199219 1.068848 -0.100342 0.051514 -0.249512
-0.052246 -0.184937 1.049927 -0.079956 0.041016 -0.232056
-0.050415 -0.167236 1.031250 -0.055542 0.021606 -0.226929
-0.041626 -0.160645 1.028809 -0.032593 0.003052 -0.230103
-0.015137 -0.150269 1.049072 -0.014893 -0.004883 -0.222778
0.000610 -0.141846 1.059692 -0.038574 0.001099 -0.202393
0.013794 -0.131348 1.055542 -0.071167 0.025879 -0.187500
0.008301 -0.142090 1.043091 -0.083008 0.053345 -0.183472
-0.008179 -0.161743 1.014282 -0.068359 0.065796 -0.188110
-0.028564 -0.180664 0.996338 -0.027588 0.058960 -0.187866
-0.043945 -0.206665 0.987183 -0.023438 0.038940 -0.190796
-0.053345 -0.221558 1.004028 -0.030029 0.012207 -0.189941
-0.061279 -0.257080 1.003296 -0.036133 -0.012939 -0.174316
-0.058472 -0.275879 1.000000 -0.030884 -0.037842 -0.149536
-0.054321 -0.277710 0.998413 -0.014893 -0.059692 -0.122192
