0.029663 -0.279541 1.027588 0.027344 -0.020508 0.043945
0.024780 -0.272217 1.025146 0.065308 -0.015991 0.039307
0.006470 -0.270630 1.018677 0.107178 -0.002441 0.035400
0.000244 -0.253418 1.025269 0.133423 -0.007690 0.043701
0.000977 -0.260864 1.015625 0.141479 -0.016846 0.060059
-0.020630 -0.313843 1.034790 0.181030 0.010498 0.059814
-0.030273 -0.332397 1.026978 0.213257 -0.000122 0.042236
-0.013550 -0.300537 1.045166 0.235474 -0.032837 0.034912
0.019653 -0.254150 1.067505 0.229126 -0.029785 0.048096
0.020874 -0.246338 1.051880 0.173828 0.001709 0.071533
0.009521 -0.255737 1.022461 0.102905 0.030029 0.091187
0.001221 -0.289063 1.019531 0.051270 0.031372 0.103027
0.017578 -0.263062 1.029541 0.048584 0.011475 0.111572
0.050171 -0.230103 1.026001 0.066040 0.009521 0.130005
0.060791 -0.188232 1.007568 0.089966 0.023926 0.137451
0.073730 -0.149414 1.002441 0.098511 0.019165 0.136353
0.115601 -0.133911 1.048340 0.099487 0.000122 0.134766
0.155029 -0.123657 1.068848 0.099854 -0.005005 0.122437
0.179565 -0.113770 1.088257 0.122681 0.013062 0.104736
0.206543 -0.095093 1.098511 0.116211 0.020020 0.082397
0.225830 -0.094482 1.126709 0.047119 0.013428 0.060913
0.241333 -0.110718 1.149658 -0.023315 0.002930 0.040649
0.266235 -0.099487 1.164673 -0.090576 -0.009766 0.018799
0.270508 -0.077881 1.144043 -0.161499 -0.005615 -0.002686
0.270874 -0.039917 1.105469 -0.185669 0.023315 -0.012085
0.291748 -0.011353 1.050903 -0.191406 0.049683 -0.030273
0.308960 0.072876 1.019409 -0.147095 0.052979 -0.109741
0.324097 0.057495 1.007080 -0.048096 0.033447 -0.205322
0.307739 0.018066 0.979980 -0.000610 -0.008545 -0.322510
0.291748 -0.055176 0.981445 0.041260 -0.045654 -0.403320
0.298218 -0.077881 0.994263 0.130493 -0.046021 -0.444946
0.283691 -0.121338 1.005005 0.161621 -0.007202 -0.455444
0.239502 -0.198730 1.001221 0.135620 0.048706 -0.444702
0.173706 -0.252930 0.949341 0.047974 0.069824 -0.427124
0.120605 -0.294556 0.903687 -0.022461 0.061035 -0.403687
0.073486 -0.331543 0.883667 -0.033936 0.029663 -0.404053
0.043091 -0.372192 0.880371 -0.020264 -0.014893 -0.414185
0.020874 -0.388428 0.888306 -0.012451 -0.064087 -0.425415
0.011230 -0.424438 0.917725 -0.000977 -0.083130 -0.412842
-0.008667 -0.442139 0.930176 -0.009521 -0.071289 -0.394165
-0.028198 -0.461914 0.919189 -0.056030 -0.049683 -0.357178
-0.060059 -0.485596 0.891846 -0.089111 -0.017944 -0.315063
-0.093140 -0.508301 0.856201 -0.089600 -0.003174 -0.276978
-0.109863 -0.516968 0.846558 -0.094360 -0.021240 -0.245728
-0.111206 -0.506958 0.875366 -0.056030 -0.049072 -0.229614
-0.088745 -0.458862 0.916016 0.091797 -0.022705 -0.213745
-0.090576 -0.441772 0.910645 0.091797 -0.046509 -0.185059
-0.087158 -0.402832 0.922852 0.025391 -0.084473 -0.164307
-0.080200 -0.399780 0.939697 -0.086670 -0.098633 -0.121826
-0.071655 -0.396118 0.949097 -0.152954 -0.085205 -0.089966
-0.063965 -0.391357 0.975708 -0.182739 -0.081665 -0.083740
-0.072632 -0.392944 0.989380 -0.227661 -0.103149 -0.082764
-0.083130 -0.411255 1.012695 -0.250610 -0.122925 -0.074707
-0.089111 -0.399780 1.023193 -0.239624 -0.145020 -0.066284
-0.081909 -0.384766 1.031860 -0.203613 -0.160278 -0.040405
-0.079346 -0.383179 1.062134 -0.154175 -0.161133 -0.020996
-0.072388 -0.385376 1.097900 -0.124268 -0.173584 -0.015015
-0.073242 -0.360962 1.122559 -0.108765 -0.170898 -0.006226
-0.076538 -0.342651 1.119995 -0.129150 -0.136475 0.012695
-0.094604 -0.344360 1.109985 -0.133301 -0.093872 0.035522
-0.106689 -0.351685 1.104492 -0.114136 -0.077271 0.055176
-0.104248 -0.343506 1.100952 -0.075195 -0.077759 0.074463
-0.095581 -0.348877 1.119385 -0.024536 -0.072144 0.092773
-0.085938 -0.358398 1.140625 0.020752 -0.059814 0.109985
-0.082397 -0.354492 1.136719 0.029297 -0.049927 0.131348
-0.078491 -0.323364 1.110229 0.017822 -0.025757 0.159302
-0.085571 -0.322632 1.085938 0.009521 0.013794 0.199219
-0.087280 -0.317871 1.062988 0.012451 0.033325 0.240601
-0.073608 -0.315430 1.060059 0.019287 0.032349 0.272339
-0.061646 -0.318481 1.076294 0.013550 0.012207 0.295898
-0.047119 -0.331909 1.087402 0.006714 -0.004517 0.321655
0.009399 -0.328125 1.120117 0.035767 -0.015747 0.347168
0.032959 -0.272949 1.151367 0.157104 0.004150 0.350586
0.043213 -0.263062 1.072021 0.191895 0.032715 0.360474
0.029053 -0.278931 1.106445 0.134888 0.038086 0.358521
0.065430 -0.261108 1.105225 0.134644 0.013428 0.369629
0.097778 -0.220947 1.081665 0.199829 0.028198 0.368530
0.105225 -0.216919 1.071777 0.191162 0.036621 0.354004
0.101563 -0.241699 1.067017 0.187134 0.051025 0.347534
0.098999 -0.252686 1.044678 0.224121 0.077148 0.358398
0.121948 -0.248779 1.009399 0.250366 0.087036 0.378052
0.125366 -0.204590 1.013184 0.341064 0.100464 0.374756
0.121338 -0.223145 0.999878 0.244995 0.138062 0.374634
0.127441 -0.228882 0.995605 0.215698 0.137573 0.371338
0.120117 -0.211792 0.968140 0.187134 0.150635 0.351196
0.127930 -0.174072 0.956055 0.133545 0.114380 0.344971
0.136597 -0.148926 0.950317 0.105713 0.103760 0.336792
0.142578 -0.143311 0.951538 0.093506 0.093262 0.340454
0.142822 -0.128174 0.931030 0.055542 0.088135 0.341431
0.137817 -0.132568 0.913208 -0.015015 0.095337 0.343018
0.121216 -0.159790 0.909546 -0.091797 0.096924 0.338867
0.106201 -0.198853 0.907104 -0.150513 0.072144 0.341431
0.118164 -0.183350 0.901611 -0.137573 0.039551 0.330933
0.125122 -0.189575 0.908813 -0.087402 0.026489 0.304077
0.129517 -0.174194 0.924805 -0.038330 0.000000 0.268799
0.132690 -0.171631 0.935059 -0.011597 -0.028320 0.240601
0.147095 -0.161743 0.971924 -0.007080 -0.049194 0.223267
0.157593 -0.154419 1.003540 -0.023071 -0.053589 0.216309
0.174805 -0.131226 1.023071 -0.048584 -0.051514 0.203003
0.184448 -0.117432 1.044434 -0.063843 -0.024902 0.176636
0.191650 -0.092529 1.058960 -0.061157 0.000244 0.152466
0.192505 -0.084961 1.052002 -0.082520 0.026733 0.135132
0.173706 -0.098999 1.031616 -0.114746 0.058472 0.123169
0.149536 -0.125000 0.997803 -0.137817 0.076172 0.115234
0.135132 -0.115356 0.980103 -0.146851 0.052856 0.093140
0.149536 -0.081177 0.993530 -0.137817 0.007080 0.056885
0.152222 -0.064819 1.001587 -0.099243 -0.013794 0.006104
0.135498 -0.074829 1.002930 -0.053101 -0.036865 -0.037109
0.138428 -0.051392 1.016724 -0.025269 -0.065918 -0.073486
0.141602 -0.038940 1.032104 -0.040283 -0.074951 -0.097046
0.142090 -0.034302 1.057007 -0.077637 -0.067139 -0.118408
0.130127 -0.041016 1.066406 -0.114136 -0.057495 -0.137451
0.118896 -0.051758 1.061035 -0.123657 -0.050415 -0.155884
0.103882 -0.061401 1.053223 -0.100830 -0.057373 -0.176880
0.100098 -0.058960 1.043335 -0.057861 -0.076416 -0.202026
0.105713 -0.036255 1.060303 -0.003906 -0.092285 -0.229614
0.108032 -0.013916 1.068604 0.020630 -0.094971 -0.260010
0.100342 -0.005859 1.081177 0.015137 -0.085327 -0.285400
0.089844 -0.002441 1.101318 0.005737 -0.064331 -0.300659
0.076782 -0.000732 1.077148 -0.015503 -0.038574 -0.301636
0.044922 -0.020752 1.047485 -0.033813 -0.009155 -0.306152
0.018921 -0.024780 1.030029 -0.012329 -0.001465 -0.314575
-0.015747 -0.056030 1.006348 0.046753 -0.014771 -0.326172
-0.047729 -0.089844 0.978760 0.139526 -0.045776 -0.340210
-0.070190 -0.131470 0.996582 0.258789 -0.099121 -0.344116
-0.045532 -0.165161 1.065430 0.368042 -0.180542 -0.324951
0.004761 -0.148438 1.154297 0.399170 -0.239624 -0.307617
0.034058 -0.083252 1.186890 0.356934 -0.216797 -0.311768
0.043213 -0.041626 1.174683 0.239624 -0.130859 -0.317749
-0.002197 -0.039917 1.155396 0.037354 -0.061768 -0.327759
-0.053833 -0.089600 1.044312 -0.169312 -0.039551 -0.300293
-0.107910 -0.146851 0.963745 -0.323486 -0.015625 -0.293213
-0.145142 -0.176880 0.955322 -0.244873 0.000366 -0.331177
-0.136841 -0.187622 1.019775 -0.048950 -0.015869 -0.353516
-0.116699 -0.215454 1.073486 -0.032227 -0.088623 -0.338257
-0.122437 -0.261719 1.104736 -0.026978 -0.117310 -0.313599
-0.135376 -0.291870 1.121948 -0.034668 -0.106934 -0.263550
-0.136597 -0.292603 1.132202 -0.049194 -0.090210 -0.200806
-0.128418 -0.277954 1.146240 -0.045532 -0.068726 -0.147339
-0.112061 -0.248779 1.159790 -0.079834 -0.054199 -0.098999
-0.093384 -0.218994 1.153564 -0.124756 -0.038696 -0.052979
-0.079590 -0.203247 1.142334 -0.183838 -0.041504 -0.015747
-0.058472 -0.177368 1.135620 -0.209961 -0.046387 0.005127
-0.022827 -0.163452 1.131592 -0.204834 -0.047974 0.010132
-0.002197 -0.112671 1.135376 -0.178345 -0.045654 -0.013428
0.019409 -0.108887 1.088257 -0.212036 -0.048096 -0.029297
-0.000977 -0.126099 1.079102 -0.218994 -0.021240 -0.064697
-0.042847 -0.204346 1.115356 -0.187012 0.012451 -0.067993
-0.057495 -0.294189 1.056030 -0.237671 -0.020020 -0.024902
-0.073364 -0.293823 1.083252 -0.188354 -0.051147 -0.007813
