0.098999 -0.181030 1.031982 -0.053345 -0.015869 -0.031860
0.113159 -0.165771 1.050781 -0.048950 -0.013306 -0.039917
0.125366 -0.157104 1.051514 -0.052246 -0.008301 -0.044678
0.137085 -0.145996 1.059448 -0.055176 -0.005127 -0.057617
0.143921 -0.154907 1.054199 -0.056641 -0.004883 -0.079834
0.150757 -0.164063 1.053345 -0.044434 -0.016479 -0.097412
0.166260 -0.152954 1.046143 -0.019165 -0.030518 -0.119019
0.179810 -0.158936 1.052368 -0.023804 -0.035645 -0.140869
0.197754 -0.133789 1.039429 -0.002441 -0.035889 -0.160889
0.218140 -0.111450 1.015259 0.070313 -0.029419 -0.183472
0.227295 -0.106812 0.994751 0.123779 -0.037109 -0.220947
0.237915 -0.107056 0.978271 0.155884 -0.059204 -0.270508
0.256958 -0.088745 0.964233 0.174438 -0.068848 -0.322266
0.282227 -0.079956 0.971191 0.170044 -0.064819 -0.369263
0.302490 -0.096069 0.967651 0.145264 -0.043091 -0.412109
0.284912 -0.095581 0.956909 0.107666 0.018799 -0.443359
0.273804 -0.150269 0.949097 0.033447 0.075439 -0.451660
0.236206 -0.184937 0.935547 -0.069824 0.111816 -0.470337
0.186523 -0.279175 0.916016 -0.128540 0.137207 -0.479492
0.145630 -0.348267 0.914917 -0.110596 0.123291 -0.494751
0.116455 -0.401367 0.912720 -0.095215 0.089722 -0.514526
0.108032 -0.433594 0.945923 -0.078857 0.034790 -0.512085
0.118164 -0.436646 0.994751 -0.048950 -0.021484 -0.517456
0.119751 -0.418579 1.029663 -0.071777 -0.053101 -0.518433
0.118896 -0.421997 1.060791 -0.133911 -0.050171 -0.501099
0.105713 -0.436523 1.078003 -0.232544 -0.037231 -0.476196
0.077026 -0.476440 1.072144 -0.367065 -0.014771 -0.432983
0.042114 -0.506958 1.051758 -0.481934 0.021240 -0.386475
0.003662 -0.527710 1.033569 -0.572632 0.040527 -0.344116
-0.020996 -0.564209 1.038696 -0.591187 0.042847 -0.291382
-0.054443 -0.577881 1.026978 -0.531494 0.011108 -0.257080
-0.094482 -0.616089 1.000122 -0.487549 0.011230 -0.185059
-0.118652 -0.636719 1.009277 -0.349854 0.004761 -0.123901
-0.131836 -0.600464 1.010620 -0.201782 -0.012817 -0.081177
-0.134033 -0.537842 1.021851 -0.081787 -0.022339 -0.042358
-0.133911 -0.481201 1.004639 -0.029053 -0.027832 0.001953
-0.139771 -0.440430 0.976685 -0.021973 -0.020142 0.035767
-0.152466 -0.411621 0.962036 -0.029541 -0.006714 0.060913
-0.169434 -0.390381 0.950928 -0.045532 -0.006958 0.086060
-0.187256 -0.375488 0.951782 -0.044922 -0.015015 0.109985
-0.198242 -0.375122 0.954834 -0.039429 -0.037720 0.134277
-0.199341 -0.355347 0.961426 -0.028809 -0.059570 0.160400
-0.189087 -0.340942 0.983398 -0.009277 -0.078613 0.191284
-0.183472 -0.334595 0.992554 -0.002075 -0.103516 0.230835
-0.169434 -0.322266 1.034546 0.022095 -0.134766 0.265869
-0.144165 -0.310791 1.054199 0.043457 -0.158569 0.290039
-0.117920 -0.294067 1.094238 0.078247 -0.167725 0.306030
-0.070801 -0.277100 1.131348 0.101196 -0.165161 0.321045
-0.041626 -0.261353 1.172119 0.112549 -0.134644 0.344604
-0.035645 -0.261841 1.152344 0.096680 -0.087769 0.380981
-0.027954 -0.262207 1.157959 0.107544 -0.038696 0.415039
-0.018799 -0.263672 1.127930 0.096680 -0.011963 0.441650
-0.009888 -0.266479 1.108765 0.120850 -0.009644 0.448608
0.009155 -0.264526 1.097778 0.158813 -0.028320 0.446899
0.053345 -0.250122 1.102905 0.207764 -0.041870 0.449707
0.092896 -0.202637 1.098511 0.262085 -0.037842 0.448120
0.108765 -0.208252 1.087158 0.214355 -0.009033 0.439697
0.110718 -0.230591 1.069702 0.164307 0.024170 0.433838
0.103882 -0.227905 1.034180 0.199341 0.058838 0.431885
0.130859 -0.218750 1.022461 0.207397 0.090576 0.439697
0.136230 -0.224121 0.993774 0.135742 0.054932 0.425659
0.138672 -0.238281 0.984375 0.090576 0.032104 0.408936
0.155396 -0.229614 0.995117 0.124268 0.031738 0.398804
0.170654 -0.206055 0.993164 0.114136 0.034424 0.387695
0.157471 -0.214722 0.970947 0.082520 0.041016 0.374878
0.146851 -0.219727 0.939941 0.083740 0.031128 0.361816
0.150879 -0.212891 0.934937 0.089355 0.007568 0.353638
0.166504 -0.184326 0.942749 0.098633 -0.015991 0.342651
0.183228 -0.164673 0.955444 0.087524 -0.020264 0.323608
0.187500 -0.158081 0.953125 0.048706 -0.014282 0.293091
0.171875 -0.166748 0.944824 0.028076 -0.012817 0.262329
0.173462 -0.165771 0.942383 0.028320 -0.015625 0.234131
0.158325 -0.175781 0.949219 0.028809 -0.013184 0.205444
0.140747 -0.190796 0.925049 0.028320 -0.020996 0.194946
0.127441 -0.210693 0.921021 0.018921 -0.046509 0.190063
0.148193 -0.200684 0.959473 0.017456 -0.077881 0.185669
0.174438 -0.163940 0.990479 0.015503 -0.092163 0.178345
0.189941 -0.142334 0.996460 0.014893 -0.085449 0.157104
0.195068 -0.131592 0.999512 0.025269 -0.078003 0.126831
0.207764 -0.132568 1.020142 0.028076 -0.077026 0.093384
0.206665 -0.126465 1.030273 0.010864 -0.069336 0.056274
0.198486 -0.145386 1.012207 -0.012207 -0.062500 0.025513
0.187988 -0.148926 1.008667 -0.028442 -0.062622 0.001587
0.195190 -0.147827 1.012817 -0.048828 -0.051270 -0.004395
0.198975 -0.143188 1.008545 -0.085205 -0.019531 0.003784
0.190186 -0.133301 0.981201 -0.123413 0.010254 0.013428
0.172485 -0.132690 0.948242 -0.158813 0.028076 0.017334
0.156860 -0.155884 0.944092 -0.171509 0.023438 0.012573
0.148071 -0.166992 0.941284 -0.154419 0.003662 0.003784
0.146484 -0.157104 0.937744 -0.128052 -0.023560 -0.003906
0.162842 -0.133057 0.953857 -0.103149 -0.053589 -0.011841
0.191650 -0.115234 0.994141 -0.092285 -0.080566 -0.023926
0.241089 -0.078979 1.070190 -0.099731 -0.092407 -0.036743
0.269165 -0.044800 1.106323 -0.133057 -0.061401 -0.055054
0.280762 -0.005615 1.124023 -0.181396 0.014038 -0.087158
0.235840 -0.017700 1.108887 -0.220581 0.095215 -0.132935
0.161865 -0.055420 1.050049 -0.238770 0.148315 -0.181274
0.107178 -0.088989 1.008179 -0.209961 0.158081 -0.221558
0.074707 -0.097900 0.999023 -0.166138 0.132568 -0.252075
0.052612 -0.081543 0.979858 -0.134155 0.090942 -0.277832
0.044922 -0.070923 0.983521 -0.125732 0.068970 -0.306519
0.037354 -0.075562 1.017334 -0.138428 0.049805 -0.327515
0.028442 -0.092041 1.036011 -0.163330 0.038574 -0.343384
0.019287 -0.126343 1.061523 -0.175049 0.021606 -0.350952
0.007324 -0.148560 1.096680 -0.186279 0.007568 -0.353516
-0.003418 -0.154907 1.111450 -0.191528 0.005737 -0.356201
-0.023682 -0.186401 1.123291 -0.191406 0.015991 -0.362061
-0.053589 -0.230347 1.131226 -0.181152 0.013306 -0.362793
-0.077271 -0.271973 1.130371 -0.156860 0.006470 -0.351440
-0.089478 -0.284302 1.123169 -0.122559 -0.011963 -0.331543
-0.093018 -0.275879 1.115479 -0.094360 -0.038574 -0.306396
-0.081299 -0.252441 1.095581 -0.047974 -0.063965 -0.277222
-0.061401 -0.217163 1.078369 0.001465 -0.091919 -0.254517
-0.029297 -0.170898 1.074463 0.032593 -0.119507 -0.237305
0.012085 -0.132813 1.119019 0.051392 -0.122437 -0.227661
0.048706 -0.104736 1.147949 0.016235 -0.092651 -0.207764
0.050659 -0.117554 1.153198 -0.057495 -0.030640 -0.193359
0.027832 -0.163086 1.157227 -0.109131 0.046509 -0.186646
-0.025757 -0.250122 1.114990 -0.141602 0.096558 -0.185913
-0.073486 -0.318115 1.076782 -0.120483 0.095215 -0.195801
-0.092529 -0.364990 1.042847 -0.035156 0.047607 -0.211426
-0.098389 -0.382324 1.050171 0.065796 -0.008911 -0.229614
-0.095459 -0.376099 1.080078 0.181641 -0.066040 -0.227417
-0.077881 -0.351440 1.078735 0.222656 -0.111084 -0.194092
-0.060913 -0.301636 1.067383 0.234863 -0.110229 -0.144287
-0.059448 -0.260498 1.045044 0.217529 -0.082642 -0.088745
-0.041992 -0.219116 1.035278 0.155029 -0.065918 -0.031738
-0.031128 -0.182495 1.019043 0.094604 -0.046631 -0.009155
-0.033325 -0.173096 1.002563 0.032959 -0.027832 -0.010254
-0.023682 -0.189453 0.995361 -0.024292 -0.022827 -0.030640
-0.027832 -0.226318 0.998901 -0.058105 -0.013428 -0.059692
-0.048706 -0.325928 1.024536 -0.084229 -0.008789 -0.076782
-0.069580 -0.411499 1.031006 -0.079956 -0.018921 -0.071533
-0.078125 -0.442017 1.044067 -0.063599 -0.035522 -0.045532
-0.084717 -0.462036 1.043579 -0.075317 -0.052002 -0.008301
-0.082886 -0.450562 1.043335 -0.054565 -0.059937 0.027588
-0.065552 -0.407471 1.057007 -0.045166 -0.060547 0.071167
-0.038940 -0.376709 1.063477 -0.042236 -0.040649 0.110596
-0.017212 -0.329102 1.045898 -0.032593 -0.019897 0.136353
-0.007202 -0.300171 1.022217 -0.022339 -0.021729 0.135376
-0.001099 -0.289551 1.008789 0.006592 -0.041870 0.114136
0.012451 -0.279175 1.010010 0.048706 -0.071045 0.083984
0.034424 -0.262207 1.013306 0.076538 -0.098877 0.065308
0.063721 -0.242310 1.025146 0.084351 -0.100952 0.060913
0.076172 -0.248413 1.035278 0.050049 -0.080811 0.068359
0.094604 -0.243774 1.036377 0.017700 -0.059937 0.088745
0.112549 -0.227783 1.043823 0.010376 -0.035889 0.104126
0.109497 -0.236084 1.055176 0.005615 -0.013550 0.109009
0.102539 -0.227417 1.035645 0.048462 0.013672 0.109375
0.094238 -0.218750 0.993896 0.062500 0.027832 0.116455
