0.063965 -0.184692 1.051758 -0.024780 -0.024414 -0.040527
0.056396 -0.184082 1.046875 -0.030151 -0.016357 -0.042236
0.048584 -0.193970 1.043701 -0.032593 -0.011719 -0.038208
0.041504 -0.198242 1.038696 -0.031250 -0.012085 -0.035400
0.037109 -0.205078 1.033936 -0.029541 -0.015991 -0.032593
0.038940 -0.204590 1.030640 -0.018433 -0.021362 -0.031616
0.034546 -0.207153 1.031860 -0.009155 -0.028076 -0.033569
0.039429 -0.206421 1.040771 0.000732 -0.031250 -0.037476
0.045044 -0.199341 1.046753 0.000244 -0.033569 -0.032227
0.047363 -0.186523 1.044067 -0.009155 -0.025391 -0.024536
0.049194 -0.189575 1.038818 -0.019531 -0.017822 -0.016235
0.049194 -0.197998 1.041138 -0.027100 -0.017090 -0.015381
0.052368 -0.194214 1.036133 -0.025146 -0.020996 -0.015503
0.071533 -0.172852 1.035522 -0.015137 -0.024780 -0.017944
0.092896 -0.152100 1.040039 -0.012695 -0.024780 -0.021729
0.111206 -0.144165 1.045044 -0.014648 -0.017334 -0.034302
0.123779 -0.154175 1.046997 -0.019043 -0.009399 -0.049072
0.137329 -0.164185 1.049316 -0.028198 -0.001587 -0.059570
0.146484 -0.170044 1.048706 -0.038940 0.004150 -0.067871
0.168579 -0.164429 1.060913 -0.040283 0.007446 -0.077759
0.185181 -0.160889 1.057129 -0.048584 0.008545 -0.087769
0.194458 -0.162109 1.047852 -0.052979 0.004395 -0.103394
0.201050 -0.162231 1.039063 -0.032715 -0.008667 -0.121948
0.214600 -0.160522 1.036133 -0.009399 -0.023560 -0.147705
0.233154 -0.155396 1.038818 0.008057 -0.037964 -0.176758
0.263062 -0.128540 1.052002 0.031494 -0.042480 -0.209229
0.291138 -0.107178 1.081055 0.020996 -0.016846 -0.235107
0.285645 -0.111572 1.072388 -0.055298 0.039429 -0.248901
0.250732 -0.142456 1.026978 -0.148926 0.099976 -0.259766
0.208130 -0.174316 0.986572 -0.215210 0.132202 -0.273560
0.164795 -0.253906 0.957153 -0.274292 0.131592 -0.276489
0.129028 -0.304810 0.952026 -0.189453 0.131958 -0.292603
0.090210 -0.347046 0.923950 -0.139038 0.109375 -0.288330
0.055054 -0.379639 0.913818 -0.096802 0.072876 -0.281372
0.018433 -0.412109 0.905518 -0.095337 0.043579 -0.260742
-0.009033 -0.425049 0.917358 -0.129883 0.028687 -0.230957
-0.049561 -0.425415 0.904419 -0.153076 0.009033 -0.199829
-0.084106 -0.423096 0.893066 -0.192261 0.009033 -0.162720
-0.113281 -0.440552 0.889160 -0.227783 0.012817 -0.123291
-0.129761 -0.437378 0.901245 -0.192627 0.017578 -0.091187
-0.135010 -0.433960 0.913208 -0.181274 -0.002441 -0.075195
-0.156372 -0.459473 0.930542 -0.128418 -0.034302 -0.076294
-0.170044 -0.426270 0.946167 -0.103882 -0.077148 -0.075806
-0.169678 -0.429565 0.949951 -0.089478 -0.122559 -0.048584
-0.156372 -0.403931 0.986450 -0.048340 -0.149414 -0.037720
-0.143555 -0.373901 1.037231 -0.025024 -0.162354 -0.030762
-0.141724 -0.355957 1.060059 -0.033936 -0.160522 -0.015625
-0.140137 -0.345093 1.044189 -0.057373 -0.156494 0.012085
-0.137817 -0.329956 1.125732 -0.054077 -0.146484 0.038574
-0.132935 -0.319702 1.098877 -0.039551 -0.139771 0.070435
-0.138062 -0.333740 1.119263 -0.070313 -0.134521 0.113647
-0.131104 -0.307861 1.121826 -0.023315 -0.107910 0.135254
-0.117798 -0.286011 1.111938 -0.004639 -0.102295 0.162231
-0.103638 -0.250610 1.114380 0.028076 -0.085083 0.173950
-0.094971 -0.233276 1.108521 0.018555 -0.067261 0.185303
-0.090454 -0.232422 1.109741 -0.006226 -0.047607 0.199951
-0.085083 -0.238037 1.113281 -0.046875 -0.027954 0.224731
-0.075562 -0.241333 1.118286 -0.078125 -0.011353 0.245972
-0.059692 -0.244019 1.117554 -0.072021 0.009888 0.263062
-0.048706 -0.239868 1.102905 -0.046509 0.021484 0.271729
-0.039307 -0.243652 1.098877 -0.011963 0.026855 0.274902
-0.024048 -0.256348 1.099854 0.020020 0.018311 0.279297
-0.004639 -0.256958 1.112915 0.044189 0.017700 0.286743
0.021240 -0.271484 1.137939 0.048340 0.042969 0.312500
0.034180 -0.234619 1.100708 0.107666 0.078003 0.331665
0.018555 -0.251953 1.066528 0.017456 0.085815 0.340088
0.031128 -0.254639 1.057983 0.000488 0.075073 0.350220
0.058228 -0.239868 1.061523 0.047729 0.086304 0.359619
0.074707 -0.246826 1.068237 0.021729 0.083130 0.367920
0.075439 -0.262695 1.071533 -0.021851 0.090088 0.374756
0.081299 -0.262451 1.071411 -0.031128 0.099487 0.379272
0.084229 -0.268677 1.040405 -0.026733 0.100586 0.382568
0.087158 -0.271118 1.012939 -0.018799 0.076782 0.375366
0.090454 -0.256470 0.986450 0.021484 0.049561 0.358154
0.097290 -0.235229 0.959351 0.059326 0.024780 0.340332
0.097534 -0.229004 0.956909 0.061035 0.010376 0.322388
0.102661 -0.218994 0.944702 0.066162 0.017700 0.317505
0.109863 -0.231201 0.917114 0.053833 0.005615 0.318115
0.116943 -0.219360 0.908936 0.089966 -0.007324 0.298218
0.130859 -0.227783 0.906128 0.090088 -0.027222 0.279053
0.138062 -0.220703 0.920166 0.063477 -0.021851 0.262329
0.127197 -0.242065 0.903931 0.010620 -0.002686 0.262573
0.112915 -0.256836 0.882324 -0.028198 0.011841 0.270630
0.112549 -0.249146 0.869751 -0.059204 0.013672 0.279663
0.118164 -0.237061 0.864502 -0.083252 0.008911 0.274292
0.115723 -0.232422 0.868286 -0.078003 -0.008423 0.251099
0.114624 -0.228394 0.872437 -0.053711 -0.045288 0.222290
0.112549 -0.228027 0.904907 -0.032349 -0.092163 0.196411
0.137695 -0.197876 0.941528 0.002563 -0.135254 0.175659
0.181152 -0.159424 1.002075 0.015747 -0.149170 0.164917
0.203979 -0.123901 1.037231 -0.006714 -0.124756 0.152466
0.207886 -0.116699 1.057373 -0.058350 -0.086304 0.134888
0.192505 -0.118164 1.056885 -0.109619 -0.053345 0.112061
0.172119 -0.130005 1.046753 -0.136963 -0.036743 0.090210
0.154907 -0.136963 1.030640 -0.125488 -0.037842 0.069092
0.147827 -0.133667 1.028931 -0.095093 -0.049805 0.043579
0.148682 -0.128784 1.025146 -0.052124 -0.064209 0.009033
0.147705 -0.115723 1.034302 -0.008667 -0.078247 -0.029663
0.152344 -0.105469 1.046143 0.002319 -0.080566 -0.061035
0.150757 -0.086914 1.043457 -0.017700 -0.067627 -0.081909
0.155151 -0.069824 1.077515 -0.044556 -0.039063 -0.096191
0.151978 -0.067749 1.082642 -0.088013 -0.015869 -0.107910
0.144653 -0.068481 1.072632 -0.121704 0.002808 -0.129639
0.147827 -0.064819 1.086060 -0.153687 0.012817 -0.161011
0.139526 -0.080688 1.109253 -0.175537 0.025269 -0.204346
0.136475 -0.102661 1.096313 -0.163696 0.046753 -0.251465
0.107178 -0.108398 1.073242 -0.143677 0.089600 -0.302856
0.063965 -0.124634 1.031616 -0.136841 0.111084 -0.331543
0.047852 -0.128418 1.015259 -0.118652 0.112915 -0.353027
0.034180 -0.145142 1.016968 -0.109253 0.084473 -0.372437
0.036865 -0.131714 1.031006 -0.080933 0.058350 -0.389893
0.052368 -0.114990 1.060913 -0.076660 0.045166 -0.386108
0.056396 -0.092773 1.105103 -0.088745 0.055664 -0.382690
0.072144 -0.090210 1.117432 -0.107056 0.080078 -0.385864
0.047607 -0.083862 1.096802 -0.152222 0.096191 -0.416870
0.012207 -0.095337 1.072632 -0.189697 0.090210 -0.446411
-0.005859 -0.104248 1.063477 -0.189087 0.078979 -0.471191
-0.022827 -0.140747 1.077148 -0.217407 0.072144 -0.473755
-0.050537 -0.176270 1.087158 -0.221313 0.060791 -0.453979
-0.068115 -0.222534 1.100464 -0.204590 0.048218 -0.417847
-0.089233 -0.259521 1.109009 -0.171021 0.033936 -0.369873
-0.108032 -0.277832 1.098999 -0.116211 0.018555 -0.321533
-0.081177 -0.254150 1.132690 -0.047852 0.000366 -0.277588
-0.052856 -0.207275 1.139893 -0.011963 -0.008179 -0.265259
-0.066528 -0.196533 1.109253 -0.004517 0.004395 -0.270996
-0.098633 -0.209595 1.076904 0.022827 0.016846 -0.283081
-0.109131 -0.221436 1.061035 0.064575 0.010864 -0.277588
-0.111694 -0.233398 1.057739 0.057861 -0.017700 -0.251221
-0.115967 -0.236694 1.058838 0.063110 -0.030273 -0.217163
-0.122925 -0.247925 1.040283 0.070068 -0.031860 -0.178711
-0.108276 -0.252075 1.029907 0.076538 -0.034790 -0.138916
-0.094238 -0.249268 1.030273 0.090332 -0.041504 -0.117310
-0.088501 -0.243896 1.027710 0.119873 -0.049194 -0.112183
-0.088501 -0.242676 1.019897 0.157715 -0.062378 -0.105469
-0.079102 -0.242676 1.017944 0.177490 -0.061401 -0.088623
-0.081543 -0.237793 1.015259 0.158691 -0.048584 -0.071045
-0.076294 -0.240356 1.016724 0.124146 -0.023315 -0.042236
-0.082031 -0.243652 0.999390 0.078979 0.001709 -0.008911
-0.070679 -0.253174 1.036377 0.047485 0.028809 0.019165
-0.080811 -0.264282 1.012329 -0.018555 0.043701 0.040894
-0.100098 -0.287476 0.993286 -0.044312 0.047607 0.054443
-0.117920 -0.312866 0.989014 -0.036621 0.021729 0.053955
-0.114990 -0.330811 0.984009 0.007690 -0.025879 0.046753
-0.093140 -0.320068 1.006958 0.078247 -0.075195 0.025269
-0.063232 -0.298340 1.051880 0.114380 -0.105347 -0.000488
-0.066528 -0.332520 1.079102 0.079956 -0.087646 -0.011719
-0.093628 -0.391602 1.080688 -0.014648 -0.045044 0.004883
-0.112793 -0.430786 1.076294 -0.099365 -0.008423 0.047974
-0.108643 -0.446289 1.065063 -0.146240 0.004883 0.101440
-0.102905 -0.437744 1.056641 -0.136597 0.008423 0.139648
