0.067871 -0.119507 1.060425 -0.001587 -0.010010 0.002808
0.079102 -0.112671 1.049805 -0.021484 -0.000854 0.001343
0.086304 -0.114502 1.042236 -0.036133 0.006714 -0.006104
0.089233 -0.118286 1.032837 -0.047241 0.008667 -0.017578
0.100098 -0.117798 1.035156 -0.047119 0.012939 -0.032715
0.102173 -0.115112 1.038086 -0.050659 0.014038 -0.046753
0.105713 -0.115845 1.031250 -0.052612 0.009033 -0.057495
0.112671 -0.109741 1.034790 -0.054321 0.002319 -0.070068
0.122925 -0.102417 1.027222 -0.051270 -0.002197 -0.089233
0.132568 -0.095703 1.011597 -0.042480 -0.008057 -0.115967
0.145752 -0.090454 1.012329 -0.040283 -0.022095 -0.139160
0.159912 -0.075073 1.010376 -0.029541 -0.036255 -0.163574
0.177612 -0.059204 1.007446 -0.015991 -0.045044 -0.192871
0.194214 -0.044922 1.009033 -0.016724 -0.047485 -0.224731
0.194336 -0.038940 0.983154 -0.047119 -0.036011 -0.250488
0.209229 -0.033569 0.989380 -0.096436 -0.024658 -0.278931
0.222778 -0.030518 0.988159 -0.148560 -0.010254 -0.324097
0.212158 -0.066040 0.989624 -0.203735 0.000000 -0.381348
0.187012 -0.116211 0.968140 -0.262939 -0.004395 -0.438721
0.171021 -0.163208 0.981445 -0.323975 -0.016846 -0.474731
0.143066 -0.253662 0.960815 -0.359131 -0.027222 -0.477173
0.116577 -0.385376 1.005737 -0.360229 -0.014893 -0.452759
0.087891 -0.492798 1.040161 -0.338623 0.013672 -0.400757
0.064819 -0.549072 1.048096 -0.303101 0.046387 -0.335693
0.031616 -0.592407 0.987549 -0.323120 0.057861 -0.260010
0.003174 -0.596558 0.995972 -0.250000 0.067261 -0.220581
0.004150 -0.525635 0.955322 -0.155273 0.073853 -0.171265
0.004028 -0.482544 0.933472 -0.154419 0.067017 -0.132324
-0.006104 -0.486694 0.942383 -0.197510 0.052734 -0.105469
-0.012329 -0.480957 0.966064 -0.243774 0.023071 -0.089966
0.001343 -0.468140 0.978516 -0.263184 0.014648 -0.067261
0.013794 -0.433350 1.011841 -0.217041 0.008667 -0.071899
0.017456 -0.394531 1.028931 -0.195679 0.000488 -0.084473
0.012085 -0.386963 1.032593 -0.179199 0.011108 -0.080811
-0.011841 -0.400513 1.005249 -0.166260 0.020020 -0.071899
-0.018188 -0.410645 0.994751 -0.147339 0.014893 -0.066772
-0.072266 -0.418945 0.988037 -0.138428 0.004028 -0.069946
-0.082397 -0.433350 0.979492 -0.116943 -0.026611 -0.049316
-0.095703 -0.429688 0.984375 -0.092285 -0.049194 -0.022583
-0.109375 -0.439087 0.980957 -0.065308 -0.059082 0.014893
-0.122192 -0.409546 0.979248 -0.039185 -0.064453 0.045044
-0.141479 -0.390381 0.963867 -0.029541 -0.067139 0.072754
-0.153198 -0.358398 0.963989 -0.028931 -0.078369 0.084229
-0.167847 -0.349487 0.972900 -0.028564 -0.095581 0.092529
-0.176025 -0.337280 1.011841 -0.006714 -0.113892 0.103271
-0.177490 -0.332520 1.023804 0.009766 -0.133423 0.110840
-0.174316 -0.332886 1.041992 0.020508 -0.141724 0.127075
-0.188477 -0.348755 1.039673 0.018433 -0.134521 0.152954
-0.173218 -0.341309 1.082031 0.032593 -0.111450 0.186279
-0.175659 -0.331543 1.096191 0.015015 -0.087158 0.228149
-0.176270 -0.324951 1.081665 0.003296 -0.073975 0.269531
-0.173096 -0.324097 1.077881 0.018311 -0.067383 0.299072
-0.161377 -0.330322 1.086182 0.032959 -0.070557 0.331177
-0.138916 -0.335449 1.092773 0.058960 -0.081909 0.366333
-0.098389 -0.319824 1.106323 0.102051 -0.089844 0.394409
-0.053955 -0.294067 1.204468 0.143433 -0.086060 0.410767
-0.003052 -0.250244 1.139160 0.240234 -0.055176 0.440552
0.033081 -0.205200 1.156372 0.279053 -0.012817 0.428101
0.053345 -0.228271 1.164795 0.129517 0.005737 0.437012
0.073242 -0.237671 1.170898 0.104980 0.047485 0.450806
0.081299 -0.247437 1.129028 0.108032 0.082642 0.463379
0.084717 -0.272095 1.088989 0.063843 0.084106 0.466064
0.098633 -0.277588 1.070801 0.051636 0.064697 0.457520
0.112793 -0.273682 1.040771 0.095215 0.047974 0.444458
0.127930 -0.268311 1.015381 0.143799 0.035034 0.427246
0.127686 -0.278809 0.976685 0.145874 0.024780 0.412354
0.133057 -0.273438 0.948853 0.142090 0.027100 0.404175
0.141602 -0.273560 0.921875 0.108887 0.032715 0.405762
0.156372 -0.226074 0.882080 0.102905 0.050049 0.402100
0.164307 -0.208618 0.859131 0.061157 0.061523 0.397949
0.160156 -0.192017 0.832642 0.025513 0.068115 0.370239
0.144165 -0.202148 0.822266 -0.016846 0.061035 0.336548
0.128784 -0.229980 0.837769 -0.046875 0.050903 0.311646
0.112305 -0.255859 0.874023 -0.081543 0.046387 0.302246
0.103149 -0.251343 0.887817 -0.112183 0.041504 0.313477
0.104614 -0.250977 0.890381 -0.128296 0.028931 0.322510
0.110596 -0.236450 0.906982 -0.105225 -0.000366 0.305420
0.131226 -0.205444 0.935425 -0.052734 -0.035278 0.266724
0.140015 -0.173340 0.953735 -0.005371 -0.069702 0.219971
0.144409 -0.174805 0.966675 0.045410 -0.094482 0.181763
0.168213 -0.165405 1.036865 0.069946 -0.125244 0.151367
0.206909 -0.135620 1.108154 0.049194 -0.130127 0.143066
0.228516 -0.102417 1.153564 -0.013306 -0.091553 0.144165
0.223267 -0.072510 1.140747 -0.081909 -0.040161 0.146606
0.226196 -0.073730 1.125122 -0.133667 -0.007690 0.143921
0.223755 -0.060913 1.113770 -0.148193 0.003906 0.112305
0.216187 -0.071289 1.092163 -0.143066 0.004639 0.065430
0.193726 -0.093750 1.075317 -0.134888 -0.004761 0.018433
0.182251 -0.107910 1.075073 -0.115234 -0.008789 -0.010742
0.187256 -0.087646 1.051147 -0.091064 -0.002441 -0.037598
0.182007 -0.075684 1.034302 -0.083374 0.015381 -0.067871
0.170654 -0.075195 1.028931 -0.095947 0.026123 -0.100342
0.148560 -0.094849 1.014893 -0.125000 0.031494 -0.125610
0.122192 -0.106567 1.008789 -0.146851 0.037476 -0.144775
0.104492 -0.112671 1.005371 -0.160400 0.041260 -0.159912
0.084595 -0.105713 0.989014 -0.160767 0.033325 -0.184082
0.066772 -0.094727 0.984253 -0.150024 0.019287 -0.216431
0.051025 -0.062622 0.990479 -0.143188 0.010864 -0.255127
0.027222 -0.051636 0.988770 -0.154907 0.012085 -0.293457
0.009644 -0.047363 1.004395 -0.158691 0.011475 -0.333862
-0.016113 -0.064209 1.025757 -0.179565 -0.001465 -0.363525
-0.031738 -0.096191 1.058716 -0.199829 -0.018799 -0.377319
-0.038208 -0.129395 1.073608 -0.195801 -0.032715 -0.388428
-0.059937 -0.100952 1.155762 -0.178345 -0.039673 -0.400146
-0.051025 -0.123657 1.152588 -0.181885 -0.039551 -0.412720
-0.057007 -0.114014 1.167114 -0.183228 -0.032349 -0.429565
-0.065063 -0.111938 1.161865 -0.155762 -0.016479 -0.444702
-0.071045 -0.112305 1.142090 -0.121948 -0.010742 -0.460327
-0.080078 -0.109009 1.111450 -0.108887 -0.018799 -0.471802
-0.083984 -0.123291 1.099609 -0.119995 -0.026855 -0.478394
-0.086914 -0.133423 1.095947 -0.129517 -0.025146 -0.474854
-0.105469 -0.195679 1.087158 -0.161499 -0.008179 -0.447998
-0.142212 -0.272461 1.076172 -0.174683 0.014526 -0.401489
-0.170044 -0.318359 1.056396 -0.167725 0.016357 -0.344849
-0.189453 -0.334717 1.016724 -0.137451 -0.003296 -0.278198
-0.163818 -0.299561 0.996094 -0.045654 -0.036133 -0.217529
-0.113770 -0.233276 1.019653 0.037354 -0.087158 -0.199585
-0.081543 -0.193115 1.029419 0.092896 -0.120117 -0.206665
-0.064331 -0.195190 1.044800 0.104370 -0.125977 -0.228882
-0.075073 -0.229980 1.051880 0.091675 -0.103027 -0.239624
-0.100952 -0.292114 1.040405 0.064575 -0.072021 -0.220947
-0.118652 -0.328125 1.038208 0.029419 -0.049561 -0.184204
-0.132446 -0.346680 1.031128 -0.001709 -0.031738 -0.129395
-0.153931 -0.376709 1.007324 -0.032959 -0.031006 -0.069824
-0.158325 -0.383789 0.989624 -0.045532 -0.047852 -0.011230
-0.167114 -0.398682 0.984131 -0.026367 -0.075317 0.051270
-0.155640 -0.402466 0.990601 0.000854 -0.117432 0.114746
-0.099854 -0.393555 1.012329 0.018066 -0.161621 0.171753
-0.025879 -0.327026 1.082275 0.011230 -0.172607 0.181030
-0.009766 -0.302002 1.093750 -0.012695 -0.124634 0.148804
-0.028564 -0.323486 1.070435 -0.045044 -0.074219 0.114258
-0.041992 -0.375244 1.058350 -0.074341 -0.056519 0.093384
-0.024048 -0.389404 1.067627 -0.061157 -0.035767 0.085815
-0.027100 -0.412842 1.062866 -0.068115 -0.011353 0.094116
-0.042236 -0.441040 1.041138 -0.064697 0.000732 0.110718
-0.062378 -0.484863 1.014404 -0.044678 -0.028687 0.121948
-0.075806 -0.513672 1.002563 0.015869 -0.085815 0.126709
-0.052246 -0.515869 1.013916 0.091675 -0.150757 0.136963
-0.002563 -0.460205 1.058960 0.154419 -0.189575 0.148682
0.034180 -0.412964 1.087524 0.165039 -0.171753 0.166626
0.051025 -0.367310 1.086914 0.151245 -0.122437 0.186768
0.042603 -0.346558 1.054810 0.114502 -0.076904 0.204590
0.035767 -0.325073 1.025635 0.122437 -0.040894 0.209473
0.041626 -0.304565 1.005127 0.109863 -0.038208 0.213867
0.063599 -0.265625 1.019775 0.094238 -0.027954 0.219604
0.089478 -0.244141 1.026733 0.048950 -0.008301 0.227661
0.108765 -0.235718 1.054443 0.017944 0.021484 0.226440
0.115967 -0.246582 1.043823 0.002930 0.047363 0.220337
0.112915 -0.257202 1.031860 0.006836 0.067749 0.217896
0.108398 -0.251343 1.018677 0.024780 0.081055 0.208862
