0.013916 -0.228271 1.022827 0.015015 -0.048584 0.004761
0.022339 -0.227539 1.017090 0.009277 -0.045898 0.005005
0.034424 -0.220947 1.028687 0.015015 -0.045410 -0.003784
0.037842 -0.230225 1.023438 0.026855 -0.044556 -0.008179
0.038330 -0.225586 1.040527 0.038086 -0.051147 -0.017334
0.057495 -0.227173 1.018921 0.041260 -0.067871 -0.030762
0.072510 -0.217407 1.027954 0.062134 -0.079224 -0.033325
0.093506 -0.207642 1.035156 0.067993 -0.088623 -0.038696
0.108276 -0.207764 1.034790 0.060303 -0.089111 -0.049194
0.131836 -0.201416 1.029541 0.055054 -0.083374 -0.062988
0.148438 -0.183960 1.039307 0.070801 -0.069824 -0.071289
0.165894 -0.169556 1.032959 0.070557 -0.059082 -0.082397
0.193237 -0.145630 1.034546 0.061646 -0.045166 -0.108398
0.204102 -0.140381 1.038574 0.060303 -0.014160 -0.141235
0.198486 -0.180908 1.057617 0.050659 0.028809 -0.179199
0.187134 -0.153442 1.049194 0.040161 0.072510 -0.214233
0.180908 -0.176514 1.012817 -0.036377 0.085815 -0.214233
0.174194 -0.178589 1.024048 -0.088135 0.099854 -0.234863
0.168823 -0.191895 1.012329 -0.126587 0.101685 -0.259644
0.148071 -0.227905 1.012085 -0.164673 0.098267 -0.280151
0.127319 -0.257935 0.996704 -0.202148 0.081909 -0.303345
0.097900 -0.306274 0.967041 -0.268433 0.048584 -0.315674
0.048096 -0.314575 0.935425 -0.319336 0.024902 -0.335327
0.003784 -0.426636 0.914429 -0.293213 0.025146 -0.304565
-0.021484 -0.486816 0.921021 -0.258911 0.006714 -0.265747
-0.049805 -0.528442 0.900513 -0.215210 -0.018555 -0.214233
-0.069092 -0.520142 0.880127 -0.155518 -0.042236 -0.163574
-0.072876 -0.486328 0.862793 -0.102417 -0.093506 -0.154297
-0.061401 -0.440796 0.877319 -0.067627 -0.141113 -0.154419
-0.061646 -0.447266 0.929077 -0.065552 -0.159790 -0.148193
-0.067017 -0.444092 0.955444 -0.092896 -0.148315 -0.138672
-0.080933 -0.447021 0.977661 -0.128052 -0.129517 -0.117188
-0.104614 -0.454956 0.990356 -0.157593 -0.109619 -0.091431
-0.120972 -0.473755 0.994629 -0.180420 -0.105103 -0.066284
-0.138672 -0.472900 1.019165 -0.182617 -0.100586 -0.048340
-0.151367 -0.473755 1.025635 -0.153809 -0.095703 -0.010254
-0.165161 -0.457397 1.033569 -0.098145 -0.084839 0.024536
-0.168213 -0.433350 1.050415 -0.043823 -0.088379 0.052124
-0.165894 -0.397217 1.063599 0.000610 -0.095825 0.068848
-0.161255 -0.363647 1.082153 0.034668 -0.091553 0.081055
-0.159546 -0.346436 1.098633 0.047363 -0.077881 0.091919
-0.164673 -0.337158 1.106689 0.048462 -0.057495 0.104126
-0.175781 -0.344971 1.103516 0.044678 -0.033569 0.128784
-0.174927 -0.342529 1.095337 0.040649 -0.012451 0.160278
-0.175781 -0.340698 1.091187 0.038330 0.015747 0.199341
-0.173950 -0.340454 1.067139 0.032959 0.037231 0.245972
-0.173584 -0.339355 1.052979 0.023071 0.048218 0.296997
-0.149414 -0.327637 1.030151 0.021118 0.052734 0.334839
-0.122681 -0.317871 1.012939 0.029419 0.049194 0.358887
-0.105347 -0.324585 0.985107 0.046021 0.029785 0.374512
-0.078003 -0.321045 0.963257 0.088135 -0.000366 0.377930
-0.019043 -0.309814 0.974243 0.137573 -0.025269 0.377075
0.037109 -0.292114 0.992920 0.160645 -0.043579 0.366211
0.081055 -0.295166 1.010132 0.156738 -0.046509 0.354858
0.114014 -0.319824 1.062988 0.139648 -0.033081 0.356201
0.155151 -0.314453 1.064087 0.149536 -0.009521 0.379883
0.170410 -0.317993 1.062378 0.110718 0.024658 0.392212
0.187012 -0.289917 1.081787 0.118896 0.057983 0.402222
0.199585 -0.273193 1.072021 0.073608 0.072266 0.411133
0.197144 -0.254883 1.057617 0.008545 0.075562 0.416382
0.179565 -0.234863 1.043335 -0.029175 0.070679 0.403442
0.164185 -0.237183 1.021240 -0.019775 0.049805 0.381836
0.159058 -0.215088 1.013794 0.030029 0.021729 0.340942
0.136719 -0.221191 1.001831 0.069336 -0.009521 0.299194
0.128296 -0.207764 0.983643 0.118896 -0.038452 0.269165
0.138916 -0.183472 0.980469 0.134033 -0.053223 0.257935
0.143921 -0.159912 0.970947 0.104858 -0.049072 0.261353
0.152222 -0.133057 0.950195 0.074219 -0.033569 0.265991
0.154053 -0.103394 0.939819 0.043091 -0.019287 0.258423
0.159302 -0.082764 0.918335 0.009277 -0.004395 0.240112
0.149658 -0.059814 0.891846 -0.018188 0.003174 0.202515
0.136597 -0.045898 0.864868 -0.047241 -0.000854 0.163086
0.142456 -0.046021 0.880859 -0.082031 -0.021729 0.123535
0.164307 -0.029785 0.937500 -0.109985 -0.045776 0.077148
0.174805 -0.025024 0.966553 -0.131470 -0.043945 0.034180
0.166016 -0.030029 0.965820 -0.146973 -0.023071 -0.004883
0.149780 -0.032104 0.966187 -0.168945 -0.006348 -0.042114
0.135742 -0.031738 0.963379 -0.172485 0.002075 -0.078491
0.133057 -0.017090 0.967773 -0.173096 -0.001221 -0.114624
0.125854 -0.014038 0.982666 -0.182129 -0.005615 -0.155029
0.119873 -0.009033 1.000366 -0.192017 -0.003906 -0.196411
0.109131 -0.020142 1.017578 -0.199341 -0.000244 -0.234741
0.096558 -0.030884 1.049438 -0.196289 0.002075 -0.279663
0.078979 -0.053345 1.068970 -0.202271 -0.001587 -0.314819
0.062256 -0.057983 1.102539 -0.198730 0.002563 -0.343506
0.042480 -0.069336 1.116943 -0.202637 0.014648 -0.361084
-0.002563 -0.099243 1.119629 -0.212402 0.035522 -0.361816
-0.024902 -0.100342 1.147705 -0.208252 0.043701 -0.353882
-0.060791 -0.114990 1.145264 -0.202759 0.044800 -0.358887
-0.093750 -0.129639 1.153564 -0.153687 0.043701 -0.365479
-0.109131 -0.133179 1.156128 -0.093994 0.035767 -0.368408
-0.123535 -0.151123 1.172607 -0.061279 0.037964 -0.368408
-0.122192 -0.166748 1.192505 -0.061768 0.040405 -0.367188
-0.134277 -0.190186 1.194214 -0.072876 0.059082 -0.370850
-0.159668 -0.248657 1.199219 -0.092163 0.088013 -0.368164
-0.179810 -0.291626 1.195435 -0.118530 0.104614 -0.343628
-0.202759 -0.318970 1.168823 -0.125366 0.117920 -0.297974
-0.213257 -0.334961 1.141479 -0.115112 0.120117 -0.242554
-0.218262 -0.330688 1.096069 -0.086182 0.105103 -0.192993
-0.205444 -0.307739 1.071289 -0.038696 0.076538 -0.155151
-0.192139 -0.295166 1.063354 0.004517 0.035034 -0.129761
-0.176514 -0.280640 1.059570 0.067627 -0.009277 -0.112793
-0.155273 -0.250854 1.045898 0.149902 -0.041504 -0.108521
-0.138184 -0.245117 1.058716 0.173096 -0.073120 -0.110840
-0.120117 -0.243774 1.069458 0.175415 -0.080566 -0.104736
-0.113892 -0.239990 1.055054 0.168945 -0.073853 -0.098267
-0.114746 -0.270874 1.046265 0.153564 -0.063477 -0.088867
-0.112549 -0.301880 1.052612 0.141113 -0.055664 -0.075439
-0.117188 -0.322510 1.054565 0.143921 -0.048340 -0.060059
-0.132324 -0.365112 1.042847 0.150513 -0.044312 -0.045532
-0.146851 -0.376831 1.052368 0.164673 -0.049438 -0.040161
-0.149658 -0.375488 1.048706 0.172729 -0.058105 -0.022827
-0.132080 -0.360596 1.052124 0.180664 -0.055908 -0.000854
-0.121948 -0.345703 1.037231 0.168091 -0.040039 0.021851
-0.115479 -0.323608 1.019775 0.147705 -0.019653 0.038818
-0.119995 -0.320190 0.987305 0.134766 -0.001099 0.053223
-0.123779 -0.314575 0.969116 0.125366 0.010742 0.070313
-0.125000 -0.292847 0.950806 0.112549 0.011108 0.100220
-0.105835 -0.270020 0.943115 0.097656 0.001465 0.134277
-0.087158 -0.250244 0.958740 0.096436 0.004272 0.150391
-0.062744 -0.247437 0.970581 0.091797 0.000854 0.154785
-0.050293 -0.247803 0.996948 0.095947 0.002319 0.145020
-0.047974 -0.267212 1.006592 0.100464 0.020752 0.139404
-0.058105 -0.271851 1.005737 0.104370 0.048218 0.151001
-0.056030 -0.256958 0.989990 0.098145 0.068237 0.182129
-0.037964 -0.243042 0.968262 0.036011 0.074341 0.225464
-0.024048 -0.222534 0.958252 -0.002075 0.092651 0.247925
-0.020752 -0.209351 0.957275 -0.014038 0.097168 0.254272
-0.015747 -0.203003 0.957886 -0.009644 0.074219 0.245483
0.006470 -0.198242 0.990601 0.012329 0.040283 0.220825
0.029907 -0.188721 1.036133 0.040283 0.007324 0.188965
0.046997 -0.180786 1.069092 0.067871 -0.005005 0.155640
0.046509 -0.187256 1.085571 0.061768 -0.002563 0.133667
0.044922 -0.178589 1.084717 0.046387 0.004639 0.124268
0.036499 -0.169922 1.074219 0.034912 0.015747 0.117554
0.038574 -0.169312 1.043579 0.026001 0.020386 0.106445
0.045044 -0.160278 1.050049 0.024780 0.021118 0.088013
0.044922 -0.176025 1.031494 0.010254 0.010010 0.070801
0.041992 -0.211670 1.024536 0.027710 -0.000854 0.055908
0.038818 -0.204712 1.034058 0.060791 -0.012939 0.048584
0.063599 -0.188599 1.059937 0.083862 -0.008667 0.054688
0.070435 -0.186646 1.054443 0.044678 0.008789 0.051392
0.067383 -0.178833 1.036499 0.040283 0.017456 0.047974
0.066162 -0.169800 1.014893 0.043335 0.019653 0.042114
0.063110 -0.174927 1.005493 0.041626 0.013550 0.027710
0.062012 -0.183960 0.998047 0.059082 0.000732 0.010498
0.067993 -0.173706 0.998535 0.077393 -0.015503 -0.002075
0.083496 -0.158447 0.991455 0.096191 -0.024048 -0.010376
0.103271 -0.129150 1.000366 0.099609 -0.026123 -0.025879
0.110474 -0.128174 0.991943 0.080444 -0.028687 -0.040894
