0.053955 -0.194946 1.057007 -0.046509 -0.025146 -0.000244
0.053589 -0.191650 1.040283 -0.043579 -0.026245 -0.000610
0.051270 -0.204224 1.036377 -0.041016 -0.030640 0.006592
0.048828 -0.194214 1.032837 -0.032227 -0.037598 0.012817
0.048828 -0.192627 1.025269 -0.018677 -0.042358 0.019409
0.047119 -0.196411 1.014282 -0.010986 -0.050903 0.027588
0.050171 -0.189209 1.008911 -0.015015 -0.063721 0.034912
0.057983 -0.180420 1.012329 -0.021851 -0.075684 0.048706
0.067383 -0.172607 1.022095 -0.025757 -0.082153 0.057983
0.076416 -0.160522 1.023315 -0.020142 -0.085327 0.060059
0.089966 -0.140381 1.022583 -0.019409 -0.094360 0.059082
0.109741 -0.142700 1.066650 -0.022461 -0.109619 0.060059
0.138672 -0.123047 1.105957 -0.017578 -0.125000 0.045044
0.162598 -0.091309 1.116455 -0.002930 -0.121826 0.026733
0.181885 -0.064209 1.117432 -0.011475 -0.108643 0.011597
0.204346 -0.038574 1.124390 -0.027344 -0.079834 0.001343
0.216064 -0.005005 1.112671 -0.054321 -0.046509 -0.012207
0.220947 -0.003662 1.096558 -0.085938 -0.016113 -0.027710
0.219360 -0.001465 1.078247 -0.111938 0.004395 -0.050171
0.218384 -0.010132 1.054932 -0.126709 0.017212 -0.068359
0.210083 -0.015991 1.027344 -0.136841 0.018188 -0.095825
0.205811 -0.016724 0.997681 -0.115479 0.001587 -0.138916
0.220093 -0.012573 0.992310 -0.068237 -0.025024 -0.191895
0.246460 -0.011719 1.024536 -0.020264 -0.034668 -0.238770
0.294922 -0.031982 1.096558 -0.033813 -0.047729 -0.279663
0.336060 -0.042725 1.163452 -0.084351 0.002197 -0.317139
0.336670 -0.059204 1.167358 -0.207275 0.112671 -0.330200
0.320435 -0.089233 1.137451 -0.333374 0.248901 -0.321533
0.267334 -0.136841 1.067749 -0.435791 0.361572 -0.315308
0.204834 -0.177368 0.978271 -0.520508 0.415771 -0.303833
0.140015 -0.262085 0.885010 -0.499146 0.410645 -0.299194
0.084595 -0.314209 0.827393 -0.432739 0.344360 -0.302734
0.073853 -0.382446 0.826660 -0.335693 0.243408 -0.308350
0.105225 -0.396606 0.898560 -0.217163 0.141479 -0.339600
0.146973 -0.399658 1.005127 -0.102173 0.090820 -0.374146
0.142334 -0.415894 1.022949 -0.021362 0.104492 -0.405640
0.109741 -0.435669 0.997314 0.007202 0.143921 -0.409790
0.064209 -0.447021 0.933594 -0.073364 0.173706 -0.378784
0.029175 -0.446533 0.870850 -0.129517 0.177490 -0.323975
0.005981 -0.444946 0.845337 -0.144531 0.156860 -0.296387
-0.005493 -0.458130 0.837402 -0.102051 0.107300 -0.294189
-0.007202 -0.455688 0.865112 -0.049438 0.065674 -0.305420
0.006836 -0.468506 0.905884 -0.017578 0.026367 -0.307983
0.016357 -0.484253 0.948486 -0.012695 0.024414 -0.302979
0.004639 -0.478394 0.947144 -0.025879 0.048096 -0.288208
-0.015747 -0.485962 0.935425 -0.052612 0.076904 -0.257935
-0.041870 -0.497559 0.910645 -0.088379 0.093018 -0.223511
-0.064209 -0.504883 0.889404 -0.103882 0.084229 -0.193726
-0.068359 -0.489868 0.885376 -0.100830 0.045654 -0.175903
-0.055664 -0.485474 0.892944 -0.088623 0.003906 -0.156250
-0.044922 -0.478760 0.927734 -0.047852 -0.027466 -0.133789
-0.014038 -0.466309 0.978394 -0.018677 -0.052124 -0.114380
0.003906 -0.432129 1.001343 -0.005981 -0.069214 -0.105835
0.047974 -0.443237 1.045410 0.039673 -0.062988 -0.097900
0.066895 -0.425903 1.061768 0.021851 -0.050415 -0.121826
0.073486 -0.402954 1.070313 -0.003784 -0.028076 -0.115723
0.061157 -0.382324 1.062988 -0.045776 0.006470 -0.102783
0.038086 -0.357422 1.036377 -0.075073 0.028931 -0.088989
-0.000854 -0.363281 1.003784 -0.087280 0.032104 -0.082520
-0.029419 -0.357666 0.971802 -0.073730 0.011719 -0.085205
-0.050659 -0.361450 0.945801 -0.031616 -0.021973 -0.084717
-0.054932 -0.373291 0.959961 0.015747 -0.064697 -0.084473
-0.052856 -0.365845 0.963989 0.051392 -0.101440 -0.078247
-0.052246 -0.359009 0.983032 0.069336 -0.119507 -0.068237
-0.066406 -0.367188 0.985352 0.048340 -0.132324 -0.062622
-0.068481 -0.365723 1.002075 0.030029 -0.139404 -0.052002
-0.091675 -0.372192 1.003418 0.014404 -0.140259 -0.039063
-0.121948 -0.374634 0.988647 0.021484 -0.156738 -0.024170
-0.133545 -0.367920 1.003540 0.066528 -0.190430 -0.026611
-0.149536 -0.368164 1.045166 0.125488 -0.232300 -0.035278
-0.165039 -0.373413 1.074219 0.185059 -0.273071 -0.044067
-0.159058 -0.380737 1.122070 0.282227 -0.292847 -0.044556
-0.151001 -0.375244 1.135986 0.356689 -0.289551 -0.023926
-0.136963 -0.362183 1.192505 0.348145 -0.264282 0.023315
-0.126099 -0.328735 1.206787 0.277832 -0.218872 0.086060
-0.133423 -0.294434 1.161621 0.167236 -0.125977 0.149292
-0.141357 -0.264038 1.109497 0.075073 -0.070313 0.209229
-0.130981 -0.233887 1.049805 0.035522 -0.067383 0.264160
-0.098511 -0.220703 1.046875 0.047852 -0.094727 0.297974
-0.057373 -0.206787 1.083374 0.074951 -0.138916 0.285156
0.005615 -0.184204 1.127319 0.140015 -0.184082 0.276855
0.073608 -0.161133 1.165039 0.199951 -0.204590 0.278076
0.125977 -0.143921 1.183960 0.211670 -0.183716 0.296875
0.159180 -0.139160 1.185913 0.184326 -0.129150 0.331909
0.191162 -0.132813 1.178589 0.134033 -0.059448 0.363159
0.198608 -0.133545 1.129395 0.059082 0.014893 0.392944
0.178345 -0.136353 1.040649 -0.005127 0.082275 0.417236
0.159668 -0.154663 0.964355 -0.011108 0.118042 0.420776
0.162598 -0.181274 0.924072 0.042114 0.096069 0.393555
0.167847 -0.179565 0.919800 0.110352 0.043579 0.356934
0.186279 -0.192505 0.938110 0.158936 -0.029663 0.316772
0.223633 -0.177979 0.982300 0.204834 -0.090820 0.279297
0.251343 -0.164551 1.018555 0.204468 -0.109863 0.267090
0.274292 -0.150146 1.013916 0.157227 -0.087769 0.277222
0.268311 -0.144043 0.992554 0.088867 -0.045776 0.304565
0.267578 -0.153198 0.981445 0.020630 -0.010254 0.325073
0.251587 -0.167114 0.951294 -0.049927 0.004761 0.318237
0.236938 -0.169678 0.904053 -0.082397 0.003906 0.301636
0.211304 -0.187500 0.886841 -0.080322 -0.020142 0.281982
0.208496 -0.203491 0.880371 -0.041138 -0.058228 0.265259
0.208252 -0.212646 0.870972 -0.012695 -0.104248 0.243774
0.230469 -0.227783 0.915039 0.033081 -0.154785 0.211548
0.268066 -0.222046 0.968140 0.062012 -0.190063 0.186157
0.306396 -0.183228 1.029907 0.047974 -0.186646 0.172852
0.324463 -0.144897 1.026367 0.003540 -0.150024 0.158813
0.326172 -0.106689 1.016357 -0.026978 -0.097778 0.137451
0.305298 -0.083496 0.996704 -0.061035 -0.055908 0.126953
0.290161 -0.079346 0.954346 -0.105591 -0.029175 0.111328
0.278442 -0.062134 0.942993 -0.128174 -0.023438 0.079956
0.276611 -0.061401 0.934326 -0.168823 -0.033325 0.051514
0.260864 -0.063843 0.919312 -0.198730 -0.044800 0.010498
0.248779 -0.062012 0.921143 -0.180786 -0.050415 -0.029541
0.244385 -0.066528 0.942627 -0.180786 -0.062012 -0.053345
0.246094 -0.078125 0.976929 -0.195190 -0.069946 -0.075317
0.252686 -0.058105 0.992188 -0.180176 -0.070801 -0.106812
0.253052 -0.038086 0.993530 -0.147827 -0.073853 -0.141357
0.242188 -0.039551 0.995483 -0.138550 -0.081299 -0.172363
0.237671 -0.041626 1.029541 -0.130127 -0.085693 -0.193970
0.245239 -0.026489 1.076782 -0.157104 -0.073975 -0.209351
0.239258 0.006958 1.099976 -0.218628 -0.036011 -0.224487
0.222656 0.016846 1.108765 -0.288452 0.009888 -0.244385
0.187500 0.011719 1.095093 -0.336792 0.045898 -0.270630
0.159424 -0.011963 1.095337 -0.343872 0.065186 -0.298340
0.140137 -0.033936 1.113403 -0.333618 0.076660 -0.323608
0.113647 -0.065308 1.134766 -0.310669 0.090210 -0.343140
0.082031 -0.083740 1.135864 -0.282959 0.100220 -0.352539
0.067139 -0.095703 1.152222 -0.235352 0.102173 -0.355835
0.046509 -0.123291 1.168945 -0.199951 0.096191 -0.360474
0.035156 -0.139404 1.179810 -0.170654 0.090576 -0.357910
0.020874 -0.126953 1.157104 -0.145752 0.088623 -0.348267
-0.005371 -0.103149 1.105713 -0.101318 0.084229 -0.344604
-0.024536 -0.072876 1.057129 -0.029541 0.053467 -0.362793
-0.030151 -0.052979 1.049438 0.060791 0.003052 -0.397217
-0.027466 -0.090454 1.067993 0.124756 -0.035156 -0.414551
-0.036011 -0.147461 1.084473 0.137817 -0.041260 -0.398193
-0.056030 -0.228149 1.099487 0.099243 -0.018311 -0.348633
-0.042969 -0.281128 1.115723 0.023071 0.008545 -0.284424
-0.045166 -0.326050 1.129150 -0.047729 0.027588 -0.230713
-0.052734 -0.300781 1.093384 -0.057617 0.039429 -0.186157
-0.044434 -0.245850 1.003662 -0.033325 0.025879 -0.142212
-0.044556 -0.217285 1.000122 0.024902 -0.002930 -0.113281
-0.044312 -0.208618 1.006836 0.019775 -0.043701 -0.139526
-0.043091 -0.247314 1.034668 0.034424 -0.074829 -0.149780
-0.037598 -0.278687 1.045044 0.042725 -0.090576 -0.125122
-0.016724 -0.282227 1.054565 0.043213 -0.088501 -0.069824
0.005371 -0.284668 1.082031 0.014893 -0.080566 -0.007202
0.020752 -0.281128 1.100708 -0.053223 -0.068726 0.039185
0.040527 -0.287109 1.109131 -0.089478 -0.040039 0.075806
0.031860 -0.289429 1.105225 -0.073486 0.000610 0.090210
-0.002808 -0.298828 1.041870 -0.051880 0.020996 0.085327
