-0.002197 -0.286987 1.039917 0.034302 0.032593 0.132935
-0.023682 -0.304810 1.020996 0.007202 0.043091 0.148560
-0.033936 -0.303833 1.026001 -0.014648 0.037964 0.157959
-0.038086 -0.294067 1.034912 -0.026489 0.030396 0.166626
-0.042969 -0.285522 1.033081 -0.010010 0.026733 0.172485
-0.044312 -0.273926 1.014648 0.014160 0.029053 0.183350
-0.062622 -0.281616 0.998169 0.030029 0.035889 0.202026
-0.058716 -0.268555 1.001831 0.027954 0.034912 0.221802
-0.056274 -0.268188 1.004272 0.000366 0.041748 0.231934
-0.063599 -0.276855 1.001465 -0.031250 0.042603 0.226929
-0.057739 -0.267334 1.009155 -0.040649 0.030640 0.213379
-0.049438 -0.265015 1.012817 -0.036499 0.017090 0.205688
-0.040771 -0.273560 1.022583 -0.017944 0.004761 0.198486
-0.032715 -0.274170 1.022095 -0.022705 -0.001709 0.188477
-0.014404 -0.259155 1.032349 -0.053467 -0.005859 0.179199
0.019043 -0.233398 1.035156 -0.073853 -0.005371 0.171875
0.028687 -0.232788 1.012085 -0.089355 0.000610 0.167847
0.046265 -0.236084 1.000000 -0.102173 -0.003418 0.162476
0.093872 -0.209473 1.027222 -0.105591 -0.024292 0.138794
0.135742 -0.197266 1.050293 -0.102417 -0.036987 0.100952
0.163330 -0.202271 1.067017 -0.092651 -0.035034 0.061157
0.201660 -0.196655 1.089722 -0.088989 -0.019775 0.031372
0.232544 -0.177246 1.098022 -0.126831 0.015747 0.006226
0.261353 -0.152954 1.075562 -0.156372 0.049927 -0.016724
0.296265 -0.114502 1.065552 -0.147583 0.062622 -0.058716
0.319824 -0.104370 1.058472 -0.121826 0.060425 -0.121338
0.341919 -0.110474 1.070313 -0.075562 0.040161 -0.201782
0.363647 -0.103027 1.080811 0.024902 0.007568 -0.291138
0.407471 -0.081177 1.105225 0.158447 -0.019775 -0.380737
0.428833 -0.083130 1.105469 0.209717 -0.037598 -0.474609
0.444336 -0.092773 1.110840 0.286621 -0.017822 -0.541992
0.438110 -0.115112 1.116089 0.305298 0.053467 -0.583130
0.372681 -0.196777 1.072144 0.234863 0.157715 -0.593384
0.294678 -0.271729 1.019775 0.115601 0.240112 -0.576904
0.234619 -0.300903 0.961182 -0.019897 0.293823 -0.550293
0.180664 -0.340332 0.900757 -0.131348 0.317871 -0.531494
0.117188 -0.400146 0.864258 -0.173828 0.313477 -0.536987
0.055298 -0.470825 0.847900 -0.115845 0.293579 -0.553589
0.014526 -0.511475 0.858521 -0.020386 0.250122 -0.576294
-0.045166 -0.557007 0.839844 0.033447 0.209961 -0.585449
-0.113037 -0.590332 0.795410 0.025879 0.185669 -0.566162
-0.166382 -0.614136 0.768555 -0.032837 0.166992 -0.516846
-0.193970 -0.625854 0.763428 -0.088867 0.146362 -0.453369
-0.199951 -0.630127 0.782593 -0.115601 0.135010 -0.384888
-0.202881 -0.632690 0.807495 -0.151978 0.123779 -0.330078
-0.205322 -0.633911 0.821411 -0.180420 0.106201 -0.285522
-0.186523 -0.631348 0.889648 -0.182861 0.081177 -0.258423
-0.189087 -0.630859 0.912598 -0.222900 0.071167 -0.248901
-0.192383 -0.624268 0.910889 -0.239746 0.061646 -0.235107
-0.201660 -0.603516 0.934937 -0.233643 0.065918 -0.221558
-0.195190 -0.557983 0.955566 -0.144897 0.080078 -0.189819
-0.187866 -0.492554 0.966675 -0.137695 0.067261 -0.154785
-0.208008 -0.475464 0.968994 -0.186890 0.087036 -0.115234
-0.203369 -0.444702 0.978882 -0.223389 0.073120 -0.078369
-0.209717 -0.442871 0.987427 -0.212158 0.052734 -0.057495
-0.201782 -0.449097 1.011475 -0.193237 0.035034 -0.048218
-0.181030 -0.446411 1.042480 -0.131226 0.018799 -0.043579
-0.191772 -0.481689 1.068237 -0.111938 0.018188 -0.039307
-0.206177 -0.493286 1.082031 -0.135986 0.027222 -0.023804
-0.206787 -0.496216 1.078369 -0.148315 0.036743 0.010132
-0.207397 -0.479858 1.066895 -0.121338 0.040283 0.043823
-0.227173 -0.461548 1.029907 -0.097290 0.033325 0.066528
-0.225830 -0.424561 1.013062 -0.072388 0.005615 0.084106
-0.215210 -0.383179 1.022095 -0.052124 -0.024048 0.095337
-0.221191 -0.371704 1.000854 -0.043091 -0.038208 0.112549
-0.224365 -0.385010 0.992432 -0.014038 -0.054321 0.130981
-0.225342 -0.395020 1.001221 0.004028 -0.073608 0.140015
-0.237671 -0.429443 1.001831 0.026245 -0.086426 0.154297
-0.230469 -0.438721 1.017090 0.048706 -0.092407 0.185425
-0.215454 -0.434692 1.036499 0.039307 -0.074829 0.225220
-0.209351 -0.438843 1.028931 0.003784 -0.048828 0.265259
-0.199341 -0.440063 1.032349 -0.028076 -0.030029 0.300171
-0.196899 -0.447388 1.026978 -0.049194 -0.020752 0.331665
-0.175049 -0.418091 1.013794 -0.031860 -0.028198 0.358398
-0.147705 -0.399048 0.995972 0.010742 -0.047119 0.372925
-0.133057 -0.401978 0.980835 0.067017 -0.071655 0.379883
-0.116455 -0.403687 0.986572 0.111694 -0.092041 0.384521
-0.106445 -0.396606 0.968628 0.120361 -0.098633 0.402222
-0.076294 -0.369751 0.949829 0.106323 -0.099487 0.436401
-0.045776 -0.352783 0.944824 0.080200 -0.098511 0.469604
-0.003906 -0.333618 1.036743 0.037476 -0.093506 0.487061
0.024780 -0.340454 0.980225 0.048096 -0.076660 0.498413
0.033691 -0.339478 0.957153 0.037842 -0.061523 0.488647
0.046387 -0.329346 0.943726 -0.020874 -0.082397 0.479248
0.077637 -0.335083 0.979614 -0.015503 -0.111938 0.468750
0.117798 -0.284058 0.979980 -0.001587 -0.120361 0.445313
0.140381 -0.258789 0.963379 0.019043 -0.121704 0.410034
0.149170 -0.245850 0.962646 0.012451 -0.117920 0.374023
0.151367 -0.240845 0.951538 0.027710 -0.096191 0.351685
0.154785 -0.244263 0.984741 0.014526 -0.069824 0.332153
0.149048 -0.240845 0.977661 -0.036011 -0.053345 0.314697
0.133789 -0.238037 0.933716 -0.096313 -0.052002 0.303467
0.127197 -0.234741 0.920776 -0.090332 -0.077515 0.291748
0.135010 -0.222656 0.918945 -0.058472 -0.119141 0.275513
0.162720 -0.186768 0.931274 0.012451 -0.158691 0.247803
0.190552 -0.155029 0.955200 0.061646 -0.180664 0.211182
0.199707 -0.156128 0.986328 0.065430 -0.175293 0.163574
0.197144 -0.150635 0.997925 0.021729 -0.141479 0.117676
0.177979 -0.161255 0.997803 -0.052124 -0.092041 0.088379
0.163452 -0.176392 1.002197 -0.123535 -0.049561 0.070435
0.143799 -0.197998 0.997681 -0.157837 -0.026123 0.055908
0.142822 -0.201782 1.013062 -0.135620 -0.028687 0.035767
0.138306 -0.197754 1.016113 -0.091553 -0.046875 0.007080
0.161011 -0.162109 1.053833 -0.023682 -0.076294 -0.031616
0.179688 -0.138794 1.075928 0.027100 -0.090576 -0.080078
0.189209 -0.107910 1.074707 0.056396 -0.087280 -0.140747
0.185059 -0.102905 1.087891 0.046509 -0.065308 -0.199463
0.174316 -0.109375 1.101685 0.011963 -0.016479 -0.244751
0.135620 -0.136230 1.083130 -0.044434 0.048096 -0.272339
0.084961 -0.155518 1.054932 -0.119141 0.104004 -0.288574
0.044434 -0.165405 1.020630 -0.176270 0.133423 -0.300659
0.011719 -0.166870 1.011963 -0.187866 0.136719 -0.318848
-0.011108 -0.167603 1.026489 -0.169678 0.116699 -0.342041
-0.036255 -0.183594 1.038696 -0.137085 0.094360 -0.361206
-0.052246 -0.193604 1.079956 -0.122559 0.072876 -0.380737
-0.065674 -0.199463 1.093384 -0.119141 0.062866 -0.386719
-0.087891 -0.195557 1.087891 -0.111572 0.056641 -0.394897
-0.102905 -0.202148 1.121216 -0.105469 0.057373 -0.406372
-0.129761 -0.212646 1.132813 -0.125244 0.076416 -0.404053
-0.163818 -0.225098 1.127441 -0.149902 0.105225 -0.382568
-0.176392 -0.220337 1.121338 -0.153442 0.120117 -0.355835
-0.177246 -0.216187 1.112549 -0.140991 0.121338 -0.340454
-0.166992 -0.199219 1.100586 -0.106079 0.106934 -0.339478
-0.163086 -0.189575 1.087158 -0.055542 0.091919 -0.350464
-0.151001 -0.196045 1.086914 0.011841 0.072510 -0.358765
-0.140869 -0.221191 1.102905 0.035400 0.059692 -0.359985
-0.141357 -0.265869 1.130859 0.006348 0.077393 -0.350098
-0.163696 -0.317627 1.116333 -0.034912 0.111572 -0.317261
-0.213257 -0.382202 1.055542 -0.076538 0.133911 -0.275269
-0.239502 -0.401367 1.009033 -0.071167 0.125000 -0.244263
-0.271851 -0.448486 0.962402 -0.135864 0.076782 -0.199707
-0.276733 -0.428345 0.930176 -0.131714 0.037842 -0.168457
-0.281738 -0.440674 0.914551 -0.028320 -0.015015 -0.137451
-0.250854 -0.415283 0.927124 0.069580 -0.087036 -0.117676
-0.214722 -0.385498 0.986450 0.117188 -0.148193 -0.107300
-0.180908 -0.375122 1.036133 0.119141 -0.161987 -0.100464
-0.167358 -0.382446 1.057373 0.083862 -0.140259 -0.084229
-0.165039 -0.401245 1.047852 0.044189 -0.101196 -0.064331
-0.197388 -0.447632 1.015137 -0.001343 -0.053467 -0.047974
-0.242554 -0.494751 0.957397 -0.034912 -0.007813 -0.022827
-0.261841 -0.511353 0.930908 -0.020142 0.014038 0.015991
-0.264404 -0.514160 0.922485 -0.025391 -0.015625 0.071533
-0.249023 -0.523193 0.931274 -0.064575 -0.061890 0.129395
-0.214722 -0.504883 0.962524 -0.074951 -0.100708 0.166748
-0.194214 -0.480225 0.966675 -0.046387 -0.117676 0.177002
-0.176636 -0.458740 0.957886 0.027954 -0.140503 0.169434
-0.159546 -0.469482 0.970459 0.070557 -0.180420 0.166870
-0.137085 -0.455933 1.001221 0.043701 -0.197632 0.174683
-0.128784 -0.458252 1.001099 0.032104 -0.167969 0.189209
-0.113892 -0.445190 0.991577 0.045410 -0.132935 0.208374
