-0.065186 -0.336670 1.013428 -0.023438 -0.025146 0.008667
-0.066528 -0.330322 1.008545 -0.012329 -0.026611 0.015747
-0.065308 -0.321655 1.017090 -0.011841 -0.024902 0.024292
-0.071167 -0.317383 1.016602 -0.015991 -0.018311 0.030396
-0.072876 -0.317017 1.021240 -0.012451 -0.008179 0.031128
-0.085449 -0.321411 1.014038 -0.005371 -0.003906 0.031250
-0.096069 -0.325073 1.009766 0.004639 -0.008911 0.031982
-0.091553 -0.315796 1.008179 0.013672 -0.020386 0.037354
-0.085083 -0.293335 1.008423 0.029907 -0.028687 0.043945
-0.082031 -0.297119 1.000122 0.035645 -0.031250 0.050903
-0.071289 -0.272827 0.992920 0.052368 -0.033813 0.049194
-0.058960 -0.258667 0.978027 0.047241 -0.037354 0.052856
-0.052124 -0.256592 0.977295 0.027100 -0.042725 0.052734
-0.034424 -0.252808 0.990356 0.024292 -0.046509 0.054688
-0.017456 -0.247192 1.008423 0.013428 -0.041382 0.057129
-0.008667 -0.251099 1.004395 -0.006226 -0.029419 0.053101
0.003174 -0.249756 1.005493 -0.027954 -0.025391 0.046143
0.032471 -0.227173 1.025635 -0.045044 -0.021729 0.040283
0.051025 -0.237549 1.031372 -0.065552 -0.008301 0.034912
0.070435 -0.244751 1.041138 -0.085449 -0.002319 0.022339
0.100830 -0.240845 1.036987 -0.085693 -0.003662 0.006836
0.126709 -0.240601 1.039917 -0.090820 -0.008667 -0.013672
0.163330 -0.222900 1.062866 -0.087158 -0.017578 -0.042114
0.189331 -0.224487 1.086426 -0.081177 -0.016846 -0.068970
0.203003 -0.219971 1.085449 -0.057251 -0.015991 -0.097046
0.226440 -0.201416 1.071167 -0.017090 -0.023071 -0.131714
0.261353 -0.168579 1.065552 0.029053 -0.035889 -0.180908
0.275879 -0.162964 1.067505 0.062134 -0.035889 -0.239868
0.289307 -0.176392 1.079468 0.065308 -0.014893 -0.290894
0.284302 -0.191162 1.087402 0.017090 0.031006 -0.327515
0.259033 -0.226563 1.053345 -0.072510 0.095337 -0.338135
0.213379 -0.270996 0.995117 -0.180542 0.226074 -0.373535
0.158813 -0.324951 0.935913 -0.254395 0.256958 -0.383789
0.096680 -0.376221 0.885620 -0.285156 0.257202 -0.381104
0.030884 -0.414673 0.828491 -0.291260 0.262817 -0.370361
-0.014160 -0.450195 0.810913 -0.251953 0.234131 -0.339233
-0.051025 -0.480957 0.810303 -0.191284 0.198975 -0.310791
-0.076172 -0.491699 0.820435 -0.132568 0.159668 -0.299561
-0.100586 -0.488770 0.852905 -0.098633 0.131958 -0.296631
-0.117920 -0.491089 0.867554 -0.084473 0.095947 -0.290405
-0.131470 -0.464600 0.867676 -0.054443 0.072388 -0.289551
-0.161621 -0.485107 0.896484 -0.045898 0.055908 -0.294800
-0.176392 -0.486450 0.928833 -0.052002 0.040527 -0.313843
-0.213013 -0.503784 0.946777 -0.111084 0.043701 -0.329468
-0.251587 -0.519775 0.931519 -0.187744 0.037720 -0.319214
-0.251709 -0.492310 0.936401 -0.218994 0.032471 -0.309204
-0.293213 -0.550781 0.915405 -0.302246 0.027832 -0.282837
-0.314453 -0.559082 0.939697 -0.258179 0.021362 -0.254272
-0.302368 -0.551147 0.977661 -0.172119 -0.004761 -0.199829
-0.282471 -0.537354 1.025391 -0.144775 -0.024170 -0.137085
-0.283203 -0.531982 1.049683 -0.206909 0.003540 -0.078003
-0.301147 -0.527222 1.035645 -0.239136 0.030884 -0.024048
-0.315186 -0.536377 1.007935 -0.205566 0.026367 0.023560
-0.315674 -0.537109 1.010010 -0.127075 0.002930 0.056030
-0.313354 -0.528442 1.016357 -0.049438 -0.009277 0.079224
-0.310059 -0.534546 1.016602 0.003418 -0.017944 0.107300
-0.308960 -0.539063 1.010742 0.028442 -0.034668 0.133911
-0.302124 -0.546875 1.006836 0.043945 -0.052856 0.170532
-0.290527 -0.534546 0.998047 0.069824 -0.068359 0.205444
-0.270264 -0.525757 0.987427 0.121216 -0.115967 0.245605
-0.235962 -0.502441 1.006470 0.141602 -0.125854 0.275024
-0.224487 -0.505371 0.978271 0.094360 -0.094482 0.306152
-0.214111 -0.518066 0.949585 0.072754 -0.086792 0.337524
-0.183716 -0.515503 0.941650 0.059082 -0.078735 0.356567
-0.154541 -0.502075 0.932495 0.043579 -0.089355 0.377563
-0.136841 -0.514526 0.933594 0.038696 -0.095703 0.401611
-0.105957 -0.516357 0.935791 0.039917 -0.107544 0.427979
-0.059204 -0.488159 0.957031 0.033936 -0.121826 0.445190
-0.016724 -0.452759 0.968628 0.035278 -0.128784 0.451172
0.019043 -0.418701 0.966553 0.049194 -0.126953 0.443359
0.029541 -0.397705 0.954224 0.036499 -0.108521 0.432495
0.021973 -0.402466 0.912354 0.010498 -0.085449 0.431030
0.009033 -0.415405 0.884766 -0.016846 -0.085571 0.426270
0.012695 -0.408569 0.871948 -0.029175 -0.103516 0.425293
0.028442 -0.394897 0.873901 -0.030151 -0.118164 0.433960
0.040527 -0.356445 0.860474 -0.034424 -0.125977 0.433105
0.049438 -0.332397 0.852905 -0.029907 -0.133301 0.423340
0.055176 -0.339233 0.848633 -0.020630 -0.144287 0.408325
0.068481 -0.319702 0.857056 -0.002197 -0.163696 0.388306
0.081421 -0.324829 0.892334 0.002808 -0.179810 0.369995
0.106812 -0.314087 0.950562 0.008667 -0.182251 0.349487
0.111084 -0.313354 0.971069 -0.001953 -0.157349 0.335815
0.111572 -0.298218 0.975342 -0.024536 -0.127197 0.328857
0.117432 -0.274780 0.988770 -0.073486 -0.106567 0.324463
0.124390 -0.244263 0.984863 -0.110840 -0.090332 0.316650
0.135498 -0.215088 0.984985 -0.113647 -0.084961 0.293945
0.137573 -0.201660 0.964355 -0.111816 -0.094971 0.263184
0.149048 -0.195435 0.977661 -0.093750 -0.111206 0.231934
0.171753 -0.185181 1.007080 -0.089355 -0.125244 0.201294
0.190674 -0.175781 1.029297 -0.085083 -0.123413 0.177124
0.197388 -0.180786 1.038208 -0.097046 -0.105469 0.154297
0.216187 -0.168213 1.059204 -0.105591 -0.083496 0.123413
0.229736 -0.157349 1.076172 -0.113525 -0.057007 0.084351
0.216431 -0.166382 1.071899 -0.130493 -0.026489 0.039917
0.192871 -0.177124 1.054077 -0.151367 -0.006958 -0.000610
0.190918 -0.176025 1.061401 -0.165527 -0.006958 -0.036987
0.197876 -0.160767 1.070313 -0.153687 -0.010132 -0.078491
0.182373 -0.154907 1.064453 -0.136230 0.025146 -0.138916
0.166138 -0.165161 1.080811 -0.108765 0.011230 -0.183594
0.160400 -0.152832 1.103516 -0.094360 0.007446 -0.224609
0.156128 -0.134888 1.117798 -0.098755 0.018066 -0.255859
0.133179 -0.131104 1.118530 -0.104858 0.047241 -0.289063
0.095459 -0.136841 1.106812 -0.116089 0.072754 -0.330078
0.060669 -0.148193 1.092407 -0.119995 0.086304 -0.368652
0.032104 -0.160400 1.090942 -0.121582 0.107910 -0.397583
-0.017822 -0.199829 1.076416 -0.141113 0.135132 -0.412354
-0.061890 -0.217529 1.065186 -0.164185 0.158081 -0.419678
-0.089111 -0.223877 1.050903 -0.185669 0.167358 -0.419800
-0.117310 -0.235107 1.036499 -0.197388 0.173828 -0.421509
-0.158325 -0.273560 1.032715 -0.183472 0.170410 -0.427124
-0.188843 -0.297241 1.038208 -0.152344 0.156494 -0.431274
-0.207764 -0.313843 1.048584 -0.112915 0.133423 -0.427734
-0.200684 -0.307739 1.091187 -0.077026 0.116699 -0.423706
-0.197266 -0.304443 1.118286 -0.081665 0.126221 -0.418091
-0.211426 -0.331787 1.108765 -0.111572 0.160889 -0.396362
-0.225952 -0.347168 1.110474 -0.127075 0.192871 -0.369995
-0.237183 -0.371216 1.081543 -0.130371 0.222168 -0.343506
-0.261475 -0.402710 1.030396 -0.127075 0.236084 -0.318848
-0.287842 -0.437134 0.993530 -0.117554 0.218628 -0.297363
-0.299805 -0.463135 0.963257 -0.086548 0.174805 -0.275024
-0.292969 -0.465332 0.946533 -0.025513 0.115845 -0.251465
-0.282959 -0.478027 0.973022 0.034546 0.060913 -0.233032
-0.273560 -0.483032 0.997925 0.068481 0.035034 -0.209229
-0.275391 -0.485718 0.981079 0.062378 0.043091 -0.169189
-0.298096 -0.488892 0.932373 0.016724 0.062012 -0.119141
-0.310791 -0.494995 0.904419 -0.039551 0.060303 -0.074341
-0.310669 -0.496460 0.897949 -0.064087 0.033081 -0.035156
-0.289185 -0.484863 0.915527 -0.047974 -0.003540 -0.000366
-0.257690 -0.478516 0.966797 -0.027344 -0.031616 0.022095
-0.245483 -0.476440 0.972656 0.006470 -0.051636 0.022827
-0.239990 -0.467896 0.949585 0.081665 -0.072632 0.000610
-0.253296 -0.478271 0.909180 0.149048 -0.109619 -0.021606
-0.231201 -0.464355 0.933594 0.187256 -0.147827 -0.017700
-0.238037 -0.503174 0.948853 0.051514 -0.179932 0.032227
-0.220825 -0.492432 0.948242 0.000610 -0.139771 0.087646
-0.223755 -0.503418 0.919067 -0.090454 -0.101929 0.138306
-0.236328 -0.506348 0.873169 -0.085938 -0.094360 0.168823
-0.223755 -0.491333 0.875488 0.046143 -0.119385 0.172729
-0.167358 -0.470459 0.899780 0.152710 -0.173950 0.172852
-0.129883 -0.430664 0.940186 0.211670 -0.197876 0.159424
-0.109253 -0.414185 0.929810 0.245361 -0.195801 0.144897
-0.091309 -0.446411 0.940308 0.215332 -0.242310 0.150635
-0.091064 -0.460083 0.932129 0.131714 -0.221436 0.147583
-0.079224 -0.461670 0.936646 0.081177 -0.210938 0.167603
-0.060669 -0.443604 0.937866 0.066650 -0.189575 0.191772
-0.032837 -0.418701 0.939819 0.034424 -0.188599 0.212158
-0.015259 -0.403320 0.955566 0.010742 -0.190918 0.214478
0.010376 -0.397339 0.978638 0.003174 -0.178101 0.197876
0.023926 -0.403198 1.000000 0.010742 -0.175293 0.182251
0.035156 -0.399902 0.989014 0.024536 -0.180176 0.167480
