-0.033569 -0.339722 0.995850 -0.008301 -0.020142 0.008789
-0.032471 -0.334351 1.008545 -0.003418 -0.029053 0.010986
-0.019165 -0.320435 1.021240 -0.000977 -0.036865 0.010620
-0.015015 -0.308350 1.036011 0.002075 -0.036255 0.005981
-0.022217 -0.308594 1.027710 0.007080 -0.034424 -0.002563
-0.018921 -0.309570 1.023804 0.014038 -0.033691 -0.008911
-0.013916 -0.303467 1.030884 0.012695 -0.027344 -0.007935
-0.005005 -0.291138 1.030640 0.002686 -0.018433 -0.001953
-0.000610 -0.282349 1.023926 0.002930 -0.012329 -0.000977
0.018555 -0.278931 1.025879 0.006348 -0.009399 -0.001343
0.041992 -0.264526 1.029907 -0.003418 -0.005737 -0.005981
0.050903 -0.261719 1.006836 -0.006958 0.002075 -0.013794
0.055420 -0.273071 0.996948 -0.012939 0.004517 -0.024170
0.067871 -0.274658 0.986694 -0.022827 -0.002197 -0.031494
0.083252 -0.263184 0.988037 -0.019653 -0.014404 -0.041138
0.108765 -0.244873 0.992188 -0.005127 -0.030884 -0.065674
0.131104 -0.217773 0.985718 0.008179 -0.046509 -0.097656
0.154541 -0.203491 0.994019 0.016846 -0.066406 -0.134155
0.179443 -0.191528 1.012573 0.036133 -0.088013 -0.177002
0.206177 -0.188232 1.036499 0.055420 -0.101196 -0.223755
0.220215 -0.190186 1.056274 0.045288 -0.090454 -0.259399
0.229492 -0.203491 1.064819 0.005859 -0.054565 -0.280151
0.228638 -0.220337 1.074463 -0.062988 -0.000366 -0.295898
0.211792 -0.241577 1.052490 -0.154785 0.069458 -0.303467
0.171143 -0.292969 1.015381 -0.248535 0.134033 -0.301392
0.165649 -0.388184 1.041992 -0.300293 0.173340 -0.308472
0.050171 -0.397583 0.888916 -0.350464 0.282837 -0.364380
0.024658 -0.459717 0.878540 -0.256958 0.185181 -0.320190
0.018555 -0.473267 0.887573 -0.175049 0.107422 -0.299194
0.020386 -0.460083 0.884277 -0.162231 0.085449 -0.298706
0.022705 -0.441528 0.899658 -0.099976 0.058594 -0.291016
0.015503 -0.450928 0.909668 -0.045288 0.059204 -0.280029
0.000366 -0.478027 0.928223 -0.062134 0.065430 -0.272217
-0.005493 -0.478516 0.935303 -0.088135 0.074219 -0.259521
-0.027100 -0.499512 0.937012 -0.197876 0.084717 -0.241089
-0.063232 -0.521851 0.938843 -0.243896 0.107544 -0.218262
-0.096802 -0.551392 0.964844 -0.237915 0.134888 -0.194092
-0.100586 -0.537598 0.939331 -0.258789 0.148315 -0.173462
-0.127808 -0.556030 0.929810 -0.306396 0.129028 -0.149048
-0.157715 -0.537842 0.923096 -0.340454 0.124878 -0.145874
-0.157959 -0.496948 0.933472 -0.246704 0.103760 -0.125122
-0.170166 -0.497070 0.947754 -0.181396 0.061035 -0.103882
-0.197021 -0.513550 0.957275 -0.193115 0.042725 -0.087280
-0.214722 -0.526123 0.958862 -0.160034 0.042358 -0.066406
-0.229492 -0.536865 0.954468 -0.119263 0.032471 -0.037720
-0.244385 -0.553589 0.963867 -0.074463 0.030396 -0.007202
-0.266357 -0.561523 0.955933 -0.034668 0.027710 0.020874
-0.277588 -0.541138 0.941650 -0.001221 0.016357 0.052856
-0.285034 -0.527588 0.946411 0.022827 0.001953 0.085205
-0.275146 -0.503662 0.961182 0.040405 -0.017456 0.111572
-0.264526 -0.488770 0.983032 0.038696 -0.028687 0.130737
-0.267090 -0.489502 0.979492 0.020020 -0.028442 0.149780
-0.269287 -0.530762 0.955933 -0.109741 -0.046631 0.185425
-0.269409 -0.539673 0.946289 -0.129639 -0.043945 0.219849
-0.267700 -0.535767 0.903198 -0.053833 -0.031738 0.259277
-0.252075 -0.519897 0.886475 0.015015 -0.048828 0.275024
-0.233032 -0.538208 0.894165 0.070068 -0.081543 0.285278
-0.213257 -0.574219 0.921387 0.064453 -0.124146 0.301270
-0.154419 -0.571411 0.994141 0.144531 -0.220581 0.359863
-0.117065 -0.564453 1.030762 0.152100 -0.189209 0.390991
-0.076416 -0.551514 1.022217 0.109131 -0.137329 0.427246
-0.037109 -0.536011 1.023193 0.081665 -0.116821 0.468140
-0.005249 -0.500610 1.009644 0.067505 -0.157471 0.513062
0.026123 -0.470825 0.987549 0.051270 -0.120483 0.529541
0.065430 -0.440186 0.983154 0.013062 -0.087036 0.528687
0.089966 -0.429810 0.972290 -0.006470 -0.079468 0.526367
0.104980 -0.436890 0.962769 -0.010864 -0.076050 0.519775
0.122559 -0.431030 0.964233 -0.023193 -0.076172 0.515869
0.127686 -0.417603 0.947876 -0.022949 -0.071167 0.509155
0.134399 -0.396484 0.927002 -0.013794 -0.073853 0.493042
0.138306 -0.390747 0.921875 0.007935 -0.083008 0.472534
0.140503 -0.372925 0.918579 0.027222 -0.096802 0.455200
0.154785 -0.349609 0.930298 0.033325 -0.110229 0.440186
0.167236 -0.307983 0.932251 0.026489 -0.104736 0.431519
0.168213 -0.263916 0.917847 -0.005249 -0.079102 0.418213
0.156372 -0.261353 0.898560 -0.051514 -0.050781 0.399536
0.129761 -0.262207 0.893066 -0.095337 -0.036987 0.367065
0.107056 -0.276245 0.868042 -0.104492 -0.043945 0.337646
0.111450 -0.253296 0.888428 -0.088013 -0.078491 0.310669
0.126709 -0.236084 0.933960 -0.078979 -0.109375 0.286499
0.141602 -0.213989 0.958130 -0.059448 -0.118530 0.263672
0.146240 -0.199585 0.968872 -0.057251 -0.113281 0.232544
0.151978 -0.182617 0.967651 -0.043945 -0.106934 0.196411
0.161743 -0.156006 0.975220 -0.026001 -0.094116 0.156860
0.158447 -0.153809 0.964478 -0.059082 -0.074951 0.117554
0.146362 -0.155518 0.971191 -0.104370 -0.054932 0.081421
0.145508 -0.155273 0.989746 -0.132202 -0.042969 0.045532
0.142456 -0.167725 1.021729 -0.128174 -0.037964 0.004272
0.134155 -0.187378 1.049561 -0.098877 -0.047241 -0.039795
0.139648 -0.171753 1.092773 -0.048462 -0.056885 -0.077637
0.145142 -0.161011 1.114990 -0.022583 -0.060059 -0.103760
0.156982 -0.126343 1.114624 -0.028076 -0.042725 -0.134766
0.155762 -0.099976 1.105957 -0.040161 -0.018433 -0.171021
0.143799 -0.088501 1.114502 -0.041138 0.012451 -0.214233
0.111938 -0.109497 1.117798 -0.064209 0.075073 -0.267822
0.084106 -0.123291 1.121094 -0.103394 0.112915 -0.302002
0.045166 -0.141113 1.108276 -0.141846 0.152588 -0.324097
0.008179 -0.160400 1.078247 -0.171143 0.175537 -0.343384
-0.030029 -0.188721 1.069824 -0.174927 0.175537 -0.361206
-0.061035 -0.213013 1.067749 -0.159668 0.164063 -0.379395
-0.090332 -0.224121 1.067505 -0.132935 0.142822 -0.395020
-0.111206 -0.216675 1.071411 -0.095459 0.117798 -0.406006
-0.122437 -0.217163 1.083618 -0.085693 0.107422 -0.414063
-0.132202 -0.222778 1.117188 -0.092529 0.118530 -0.417969
-0.153809 -0.243652 1.119751 -0.109741 0.144409 -0.416626
-0.175781 -0.268311 1.089355 -0.114014 0.169067 -0.406372
-0.187744 -0.272705 1.060913 -0.097656 0.174805 -0.398926
-0.194946 -0.287598 1.041504 -0.081177 0.166748 -0.397217
-0.203613 -0.328369 1.036621 -0.051025 0.145264 -0.395996
-0.188965 -0.356323 1.068115 0.002319 0.107178 -0.394287
-0.174805 -0.367310 1.115479 0.037842 0.092041 -0.382813
-0.179077 -0.398926 1.114380 0.024902 0.116577 -0.355591
-0.206421 -0.430176 1.075439 -0.027832 0.160156 -0.318237
-0.248413 -0.449341 1.014893 -0.086914 0.188843 -0.282104
-0.278931 -0.475830 0.958740 -0.109009 0.178101 -0.247559
-0.276367 -0.478271 0.953369 -0.090820 0.134277 -0.220581
-0.283569 -0.503296 0.940918 -0.061279 0.087036 -0.198120
-0.281494 -0.504883 0.932739 -0.015381 0.040649 -0.178345
-0.291992 -0.522949 0.913940 0.017944 0.005493 -0.154541
-0.290161 -0.528564 0.911865 0.026489 -0.036133 -0.136597
-0.271118 -0.525269 0.942017 0.040161 -0.069946 -0.117676
-0.247314 -0.497681 0.956665 0.053345 -0.087280 -0.093628
-0.232056 -0.480591 0.955933 0.048584 -0.085571 -0.072632
-0.239868 -0.501953 0.951782 0.021484 -0.081909 -0.056519
-0.254272 -0.540771 0.933105 -0.000610 -0.084351 -0.035034
-0.255615 -0.552979 0.929932 -0.025269 -0.099976 -0.008179
-0.231201 -0.537109 0.941895 -0.052246 -0.124756 0.021362
-0.212402 -0.522339 0.970947 -0.071899 -0.139160 0.036255
-0.201416 -0.524902 0.965576 -0.080078 -0.137329 0.053345
-0.205200 -0.542847 0.973877 -0.071167 -0.130493 0.074463
-0.197144 -0.544678 0.966309 -0.076660 -0.133423 0.107178
-0.178711 -0.531128 0.962402 -0.058838 -0.125610 0.144165
-0.156738 -0.499634 0.958618 -0.034790 -0.113281 0.173462
-0.141968 -0.482300 0.948975 0.008789 -0.092529 0.189453
-0.140625 -0.472778 0.927979 0.053101 -0.080811 0.198486
-0.144165 -0.469849 0.899536 0.082886 -0.087769 0.199341
-0.131592 -0.447266 0.887817 0.160522 -0.100098 0.198242
-0.110229 -0.413696 0.896729 0.232910 -0.110474 0.198242
-0.084595 -0.395996 0.895142 0.252930 -0.124390 0.202759
-0.063354 -0.380737 0.897217 0.252319 -0.192017 0.216309
-0.047729 -0.395386 0.896851 0.223999 -0.188354 0.210938
-0.041260 -0.392578 0.877319 0.148071 -0.155884 0.204224
-0.031616 -0.391968 0.885620 0.098877 -0.160889 0.210449
-0.011597 -0.393066 0.882446 0.075562 -0.166870 0.221191
0.002808 -0.407471 0.889771 0.035889 -0.178955 0.226563
0.036865 -0.391968 0.921143 0.061035 -0.187622 0.224365
0.057129 -0.391357 0.931885 0.027466 -0.199585 0.216309
0.078735 -0.378662 0.947510 0.021240 -0.204346 0.204346
0.107544 -0.368896 0.965576 0.020630 -0.206543 0.187622
0.127808 -0.362915 0.994751 0.017456 -0.209961 0.159668
