-0.030762 -0.388794 0.984009 -0.023926 -0.010742 -0.009521
-0.025269 -0.380859 0.982178 -0.022949 -0.014038 -0.005005
-0.025757 -0.367920 0.986572 -0.018921 -0.016235 -0.004395
-0.024170 -0.363159 0.986938 -0.017334 -0.018188 -0.003906
-0.021484 -0.363647 0.991211 -0.011475 -0.017700 -0.004761
-0.027588 -0.365601 0.985229 -0.012451 -0.016357 -0.002808
-0.023926 -0.357910 0.984985 -0.015869 -0.018921 -0.000122
-0.023071 -0.356445 0.989624 -0.019409 -0.017944 0.003784
-0.020996 -0.353516 0.991333 -0.016602 -0.018799 0.005127
-0.018799 -0.346069 0.997314 -0.014648 -0.018677 0.003174
-0.020386 -0.340210 1.006226 -0.021729 -0.013794 0.001221
-0.029785 -0.343384 0.998413 -0.029663 -0.005005 -0.000244
-0.037354 -0.353271 0.985596 -0.034302 -0.002930 -0.000732
-0.042480 -0.356812 0.983521 -0.025757 -0.008057 0.000732
-0.040283 -0.362793 0.993042 -0.011597 -0.017944 0.001099
-0.039429 -0.366943 1.000732 0.000244 -0.024658 -0.000732
-0.043945 -0.367676 0.992798 0.011963 -0.025513 -0.004883
-0.046509 -0.369751 0.981934 0.016602 -0.026733 -0.007935
-0.052002 -0.364868 0.990845 0.019287 -0.026733 -0.003540
-0.051392 -0.366211 0.985474 0.019287 -0.023682 0.007324
-0.053223 -0.367188 0.977051 0.020874 -0.021606 0.014404
-0.048462 -0.362183 0.973999 0.026611 -0.027344 0.014526
-0.033813 -0.364258 0.988770 0.018311 -0.030640 0.019043
-0.027466 -0.353271 0.996216 0.006836 -0.028320 0.019653
-0.010132 -0.340942 1.003540 0.006592 -0.028442 0.022095
0.016113 -0.319946 1.007202 0.011230 -0.031494 0.021729
0.041504 -0.302734 1.011963 0.009644 -0.027222 0.011963
0.059570 -0.289673 1.009277 0.008179 -0.016479 -0.004395
0.068237 -0.309326 0.999390 0.005981 -0.003906 -0.019653
0.080444 -0.311035 0.987549 -0.004883 -0.000244 -0.036987
0.093018 -0.312256 0.985107 -0.014526 0.001831 -0.052002
0.100708 -0.319214 0.963013 -0.022095 -0.012207 -0.058228
0.111694 -0.327759 0.967407 -0.016846 -0.032227 -0.070435
0.119995 -0.319458 0.961670 -0.023071 -0.033203 -0.090088
0.135254 -0.307861 0.970215 -0.013916 -0.056641 -0.109375
0.150391 -0.293213 0.971436 -0.005127 -0.082642 -0.135010
0.162476 -0.290405 0.981079 0.012329 -0.107300 -0.164673
0.183716 -0.286377 1.010986 0.022339 -0.115112 -0.192261
0.203613 -0.297729 1.048584 -0.016357 -0.083252 -0.204224
0.177734 -0.296265 1.018799 -0.112793 0.009155 -0.208496
0.157227 -0.319092 0.990356 -0.176636 0.042969 -0.200317
0.123413 -0.356445 0.962158 -0.197998 0.064453 -0.208496
0.090698 -0.404053 0.930664 -0.174438 0.065308 -0.215454
0.047119 -0.457520 0.917236 -0.119507 0.059204 -0.222046
0.001099 -0.499634 0.898926 -0.053711 0.038696 -0.223022
-0.026978 -0.518555 0.899292 0.001953 0.013916 -0.214600
-0.036743 -0.520874 0.922974 0.023071 0.006104 -0.196045
-0.070801 -0.527100 0.906982 0.011963 -0.003052 -0.167847
-0.101807 -0.566895 0.920898 -0.021851 -0.015503 -0.130127
-0.153198 -0.582397 0.914917 -0.110352 0.010498 -0.102539
-0.161133 -0.564941 0.912842 -0.089722 0.012451 -0.058350
-0.165161 -0.553101 0.938354 -0.108521 0.003296 -0.029907
-0.184326 -0.561157 0.957397 -0.157471 -0.004883 -0.009766
-0.208984 -0.574829 0.961914 -0.177734 -0.007935 0.012207
-0.223511 -0.572998 0.949585 -0.120361 -0.013916 0.036987
-0.230469 -0.562866 0.955688 -0.060791 -0.037354 0.050903
-0.225708 -0.553955 0.975342 -0.006592 -0.063843 0.060181
-0.225464 -0.566650 1.002930 0.034668 -0.075562 0.081055
-0.226440 -0.557739 1.012207 0.055542 -0.074341 0.116211
-0.224976 -0.552856 1.015625 0.040649 -0.063721 0.159546
-0.222900 -0.520874 1.008545 0.027222 -0.055786 0.201904
-0.218994 -0.506470 1.001465 0.021851 -0.051147 0.231323
-0.211670 -0.504395 0.993896 0.016724 -0.058716 0.257690
-0.204346 -0.506104 1.006958 0.009033 -0.069458 0.285034
-0.196777 -0.512573 1.004272 0.019409 -0.078125 0.318115
-0.183960 -0.515015 0.997314 0.036743 -0.090820 0.348022
-0.153809 -0.482056 1.003418 0.062500 -0.104004 0.368896
-0.125366 -0.455811 0.983765 0.083740 -0.116211 0.397217
-0.097656 -0.454834 1.018066 0.113403 -0.144897 0.435669
-0.071655 -0.425781 1.010132 0.085327 -0.106934 0.437744
-0.058960 -0.447876 1.003662 0.060303 -0.097046 0.444214
-0.029175 -0.446045 1.026001 0.075806 -0.120850 0.462036
-0.005371 -0.441406 1.012695 0.059204 -0.094727 0.474609
0.017578 -0.405273 0.999390 0.025513 -0.061890 0.481934
0.016724 -0.401367 0.943726 0.003418 -0.041016 0.493286
0.021118 -0.407959 0.904297 0.003540 -0.042358 0.498047
0.041626 -0.393555 0.895996 0.010620 -0.065796 0.500366
0.062988 -0.390503 0.907227 0.010254 -0.087280 0.497803
0.085693 -0.373535 0.907471 0.001831 -0.103760 0.490234
0.106812 -0.351563 0.910156 0.008667 -0.121460 0.475464
0.125732 -0.342773 0.927124 0.019165 -0.135986 0.456665
0.144287 -0.316772 0.945557 0.022339 -0.145752 0.440186
0.163940 -0.300293 0.971069 0.000244 -0.145752 0.427490
0.187622 -0.277832 1.007690 -0.025024 -0.138672 0.411621
0.193481 -0.266968 1.016235 -0.049805 -0.119507 0.390137
0.198730 -0.243408 1.011597 -0.050781 -0.100098 0.366333
0.197998 -0.247681 0.998413 -0.062256 -0.081177 0.346924
0.190063 -0.243774 0.988037 -0.077271 -0.061157 0.328613
0.190918 -0.226318 0.977417 -0.092896 -0.044312 0.309448
0.187134 -0.218506 0.973755 -0.114502 -0.026489 0.281860
0.181396 -0.212158 0.956909 -0.124878 -0.015015 0.249634
0.181152 -0.197021 0.952759 -0.109863 -0.011353 0.212524
0.174805 -0.202393 0.963501 -0.100220 -0.010498 0.178955
0.162354 -0.207275 0.958252 -0.104858 -0.004761 0.148926
0.147583 -0.212158 0.948120 -0.119263 0.009399 0.124146
0.147095 -0.200195 0.968750 -0.125122 0.012329 0.094971
0.157715 -0.180054 0.993530 -0.105225 0.001709 0.059570
0.162964 -0.158813 1.008179 -0.074707 -0.013916 0.016602
0.163818 -0.136353 1.017700 -0.059937 -0.000244 -0.040161
0.177612 -0.119019 1.032959 -0.020020 -0.028687 -0.076172
0.187256 -0.107422 1.062622 -0.004028 -0.030762 -0.117188
0.204102 -0.086182 1.096313 -0.021973 -0.001465 -0.163452
0.197876 -0.074951 1.112427 -0.059448 0.045044 -0.208618
0.163452 -0.099854 1.091675 -0.116455 0.099731 -0.247437
0.125488 -0.111694 1.064331 -0.159424 0.131104 -0.286987
0.082642 -0.147461 1.068970 -0.166260 0.136475 -0.321289
0.049194 -0.152466 1.062622 -0.150757 0.130859 -0.347412
0.029175 -0.148682 1.056030 -0.119995 0.116333 -0.363525
0.022095 -0.133423 1.062012 -0.100098 0.103760 -0.384644
-0.000977 -0.151245 1.056641 -0.114990 0.100708 -0.406128
-0.017334 -0.165039 1.072144 -0.124023 0.096802 -0.426514
-0.035034 -0.198486 1.102661 -0.123779 0.105835 -0.442627
-0.044800 -0.221313 1.130249 -0.133545 0.119751 -0.451660
-0.066772 -0.253052 1.134399 -0.146484 0.148926 -0.452271
-0.098999 -0.279785 1.142822 -0.166382 0.181396 -0.449219
-0.147827 -0.326416 1.130371 -0.171387 0.207397 -0.437866
-0.197876 -0.360596 1.124634 -0.136230 0.216797 -0.427856
-0.239868 -0.372314 1.081787 -0.074463 0.208008 -0.423828
-0.255249 -0.364624 1.072510 0.033325 0.150513 -0.399292
-0.248901 -0.362915 1.059692 0.134521 0.098877 -0.361572
-0.231323 -0.306641 1.050537 0.197510 0.052368 -0.338989
-0.211060 -0.290283 1.037720 0.215576 0.027466 -0.305054
-0.187622 -0.305176 1.057861 0.183716 0.034912 -0.263306
-0.199951 -0.349731 1.059570 0.068115 0.081665 -0.218628
-0.214478 -0.381714 1.036133 -0.052368 0.137085 -0.165161
-0.220215 -0.396484 1.020630 -0.137207 0.176636 -0.113037
-0.234619 -0.388428 0.978638 -0.182861 0.196167 -0.090820
-0.261230 -0.395874 0.915894 -0.179077 0.186035 -0.093628
-0.282471 -0.416016 0.871826 -0.120239 0.129395 -0.126099
-0.289795 -0.426270 0.841919 -0.001831 0.035645 -0.166016
-0.266235 -0.413452 0.859131 0.115967 -0.068726 -0.197388
-0.230225 -0.400269 0.899658 0.182739 -0.135986 -0.194458
-0.189575 -0.380249 0.934204 0.168945 -0.151855 -0.165771
-0.152832 -0.375488 0.960938 0.087402 -0.120239 -0.127930
-0.152100 -0.390259 0.952026 -0.031738 -0.058960 -0.091064
-0.170410 -0.431763 0.918335 -0.115967 -0.004395 -0.052368
-0.164795 -0.452148 0.927002 -0.156128 0.014771 -0.025269
-0.159302 -0.462036 0.954590 -0.180542 0.028442 -0.024902
-0.187500 -0.495605 0.921265 -0.172241 0.044556 -0.035522
-0.211670 -0.527344 0.903809 -0.124390 0.031860 -0.046997
-0.225586 -0.550781 0.904175 -0.076904 0.009644 -0.042603
-0.225342 -0.560425 0.897827 -0.039063 -0.033203 -0.000244
-0.216553 -0.571411 0.915771 -0.034058 -0.036621 0.038574
-0.198608 -0.575928 0.923096 -0.038208 -0.039673 0.074463
-0.193726 -0.587646 0.916870 -0.044556 -0.038452 0.100708
-0.189941 -0.619507 0.902954 -0.036255 -0.056763 0.123901
-0.182983 -0.624023 0.895020 -0.038086 -0.067627 0.140991
-0.174194 -0.624146 0.888916 -0.007202 -0.101929 0.155884
-0.156860 -0.601929 0.874390 0.058228 -0.145874 0.161621
-0.138428 -0.585205 0.872681 0.104614 -0.184814 0.168701
