-0.073853 -0.372925 0.999268 -0.022949 -0.008179 0.003662
-0.073242 -0.368408 1.000366 -0.008667 -0.015503 0.003906
-0.072876 -0.367432 1.002686 0.006592 -0.017578 0.007690
-0.072876 -0.353638 1.000366 0.014160 -0.019653 0.011230
-0.080444 -0.358765 0.989746 0.022461 -0.021606 0.013550
-0.081421 -0.359009 0.985229 0.024536 -0.030640 0.014526
-0.073975 -0.352295 0.990601 0.031006 -0.040771 0.016846
-0.069580 -0.353149 0.992554 0.047363 -0.049194 0.019531
-0.056885 -0.341553 0.999146 0.069580 -0.050537 0.019775
-0.050415 -0.343628 1.004639 0.074463 -0.058716 0.030762
-0.043823 -0.341064 1.004883 0.070557 -0.057983 0.039917
-0.049683 -0.341553 0.982056 0.045654 -0.037476 0.038086
-0.043823 -0.346069 0.989136 0.045410 -0.048462 0.037598
-0.037354 -0.334961 0.982422 0.055542 -0.052246 0.032715
-0.023804 -0.331421 0.992554 0.068848 -0.062378 0.036499
-0.015747 -0.321533 0.987305 0.057129 -0.052490 0.036743
-0.006348 -0.315186 0.983521 0.038452 -0.042358 0.040405
0.005859 -0.310181 0.979858 0.024536 -0.044800 0.036987
0.013916 -0.309448 0.978882 0.027954 -0.045288 0.023926
0.024414 -0.310669 0.987305 0.039429 -0.048950 0.012939
0.039795 -0.298218 0.999634 0.047485 -0.048218 0.006958
0.051270 -0.293213 0.983887 0.028320 -0.037842 0.007202
0.064819 -0.291992 0.981689 0.008179 -0.030273 0.001831
0.078857 -0.295166 0.976440 -0.011230 -0.029663 -0.004883
0.099121 -0.284302 0.980469 -0.022339 -0.033813 -0.021729
0.117920 -0.278076 0.987793 -0.013428 -0.038086 -0.044067
0.138184 -0.276733 0.990723 -0.009155 -0.040161 -0.068604
0.149536 -0.278687 0.989380 -0.011353 -0.043457 -0.089478
0.170898 -0.266846 1.002197 -0.012573 -0.050659 -0.109985
0.183960 -0.263550 1.006104 -0.013184 -0.057251 -0.132935
0.191772 -0.259644 1.002075 0.002319 -0.066284 -0.160889
0.213257 -0.255615 1.022583 0.021851 -0.074341 -0.194580
0.228027 -0.247070 1.045288 0.033203 -0.049927 -0.228394
0.222534 -0.254883 1.050293 0.029175 -0.007935 -0.242798
0.187500 -0.283936 1.029541 -0.016724 0.069702 -0.245361
0.141602 -0.306763 0.990356 -0.038818 0.134521 -0.235596
0.097290 -0.331787 0.968750 -0.089966 0.166748 -0.226196
0.053223 -0.367432 0.951782 -0.133423 0.175903 -0.211426
0.006592 -0.392822 0.922607 -0.143677 0.173218 -0.208740
-0.027344 -0.394287 0.909058 -0.121094 0.143433 -0.216797
-0.052612 -0.409424 0.889893 -0.089478 0.109619 -0.220337
-0.075439 -0.426514 0.892700 -0.146484 0.072144 -0.223267
-0.100830 -0.459473 0.937134 -0.134888 0.070557 -0.221436
-0.102783 -0.436279 0.959229 -0.118286 0.099487 -0.214111
-0.119019 -0.458008 0.960938 -0.183472 0.111816 -0.183594
-0.148560 -0.485840 0.919312 -0.300659 0.148438 -0.154541
-0.204224 -0.514404 0.886475 -0.395508 0.190674 -0.133911
-0.216064 -0.499512 0.867554 -0.365967 0.177490 -0.106323
-0.232788 -0.499146 0.859985 -0.308716 0.127319 -0.081299
-0.242188 -0.495117 0.867798 -0.262573 0.086426 -0.072266
-0.240723 -0.494873 0.876465 -0.207764 0.040405 -0.061768
-0.227051 -0.500244 0.911255 -0.170410 -0.001343 -0.050293
-0.219604 -0.495850 0.919678 -0.151367 -0.021606 -0.040894
-0.226318 -0.507690 0.928955 -0.123535 -0.036133 -0.024658
-0.222412 -0.515625 0.942139 -0.100464 -0.049683 -0.006470
-0.211670 -0.499023 0.964111 -0.091064 -0.063721 0.011475
-0.209717 -0.484863 0.984985 -0.110107 -0.068481 0.030151
-0.207764 -0.463989 1.006958 -0.126953 -0.067505 0.045532
-0.212158 -0.470093 1.041870 -0.136108 -0.061401 0.055664
-0.224121 -0.502075 1.065308 -0.132690 -0.050659 0.068970
-0.243286 -0.529175 1.075073 -0.100342 -0.046631 0.093872
-0.237671 -0.541504 1.086182 -0.052124 -0.053955 0.123291
-0.232544 -0.537231 1.091431 -0.015381 -0.054565 0.152344
-0.231201 -0.529663 1.054077 -0.000366 -0.043701 0.189453
-0.232178 -0.539917 1.032715 0.026978 -0.070557 0.236206
-0.232422 -0.530151 0.982422 0.037842 -0.055054 0.263672
-0.226318 -0.529907 0.955811 0.039673 -0.063965 0.296997
-0.202637 -0.513794 0.944946 0.033936 -0.076416 0.327026
-0.169312 -0.498169 0.939209 0.043945 -0.092529 0.350952
-0.143066 -0.477783 0.940308 0.047363 -0.098145 0.360962
-0.110474 -0.477539 0.934082 0.059082 -0.114868 0.370605
-0.079956 -0.482178 0.950684 0.045044 -0.119995 0.368164
-0.048218 -0.486694 0.969238 0.017822 -0.112305 0.369507
-0.031860 -0.498047 0.956543 0.005737 -0.095947 0.389160
-0.008423 -0.496582 0.925171 -0.007690 -0.097778 0.414795
0.005005 -0.511963 0.939331 -0.017700 -0.109619 0.433594
0.039063 -0.493286 0.959839 -0.020386 -0.105347 0.440918
0.066040 -0.474609 0.973755 -0.019165 -0.112427 0.449097
0.080078 -0.450562 0.969849 -0.010986 -0.115723 0.453125
0.094971 -0.434814 0.962646 -0.003174 -0.111328 0.451050
0.103394 -0.428589 0.953247 -0.001343 -0.107178 0.443848
0.108765 -0.420044 0.941406 0.007813 -0.114868 0.432251
0.115112 -0.402100 0.923096 0.023682 -0.127563 0.417969
0.121460 -0.388306 0.915405 0.035034 -0.137817 0.406372
0.138794 -0.350952 0.917603 0.020264 -0.136597 0.397461
0.142334 -0.316162 0.888550 -0.019897 -0.115479 0.394531
0.144531 -0.276123 0.874878 -0.026245 -0.094604 0.372437
0.130493 -0.284180 0.891357 -0.054077 -0.091187 0.328979
0.107910 -0.291504 0.895508 -0.061646 -0.103271 0.284546
0.095337 -0.289307 0.888916 -0.036133 -0.122314 0.250732
0.096558 -0.284302 0.908691 -0.012451 -0.145752 0.232788
0.116577 -0.245483 0.921631 -0.002930 -0.166382 0.220581
0.138428 -0.210571 0.942139 -0.003296 -0.165283 0.202271
0.145020 -0.189453 0.947632 0.005005 -0.148193 0.177002
0.154785 -0.155518 0.945801 -0.010498 -0.136475 0.140259
0.160889 -0.138062 0.973877 -0.040894 -0.128540 0.091309
0.169067 -0.152710 1.027710 -0.056763 -0.114380 0.046387
0.174561 -0.150269 1.080078 -0.078125 -0.078369 -0.000610
0.179565 -0.125732 1.104370 -0.089600 -0.049805 -0.035645
0.171875 -0.107178 1.107666 -0.078491 -0.026123 -0.078125
0.163940 -0.095581 1.102417 -0.050049 -0.017822 -0.121094
0.161865 -0.082153 1.107300 -0.018555 -0.009888 -0.165039
0.157959 -0.062378 1.100830 0.009521 0.003906 -0.215210
0.154663 -0.058228 1.100464 0.018921 0.031860 -0.259399
0.131836 -0.078613 1.093628 -0.002686 0.072144 -0.293701
0.095703 -0.107910 1.086548 -0.030762 0.116821 -0.325073
0.059082 -0.090088 1.066162 -0.038086 0.144409 -0.339111
0.030762 -0.136108 1.019897 -0.028931 0.152466 -0.325928
0.027222 -0.141968 1.068237 -0.021362 0.148682 -0.354004
0.003784 -0.149292 1.080688 -0.049683 0.166016 -0.396240
-0.022461 -0.174805 1.103027 -0.081543 0.189209 -0.427368
-0.061279 -0.220825 1.123291 -0.126099 0.221680 -0.446655
-0.105469 -0.263916 1.138306 -0.171997 0.259155 -0.455078
-0.153931 -0.312622 1.128906 -0.185059 0.282837 -0.454834
-0.184814 -0.356567 1.117065 -0.165283 0.285400 -0.451782
-0.209595 -0.382324 1.122803 -0.144409 0.265625 -0.449341
-0.227173 -0.379639 1.115723 -0.109009 0.239502 -0.439941
-0.244507 -0.362427 1.106079 -0.052002 0.214111 -0.419067
-0.234497 -0.338501 1.103638 0.001709 0.184692 -0.398438
-0.218018 -0.308105 1.104980 0.035645 0.172363 -0.386841
-0.214722 -0.305664 1.114746 0.030884 0.184692 -0.376343
-0.216675 -0.305054 1.074341 0.006592 0.206909 -0.358521
-0.236938 -0.333984 1.025391 -0.019897 0.232544 -0.335815
-0.269165 -0.374634 0.975952 -0.065796 0.247925 -0.308105
-0.300049 -0.403687 0.937744 -0.104370 0.247803 -0.271484
-0.302856 -0.412598 0.927856 -0.153076 0.230225 -0.226563
-0.324951 -0.439941 0.904419 -0.174438 0.205200 -0.187012
-0.324463 -0.432495 0.893311 -0.134521 0.167358 -0.156250
-0.318115 -0.450806 0.892212 -0.121826 0.112427 -0.130615
-0.297119 -0.450928 0.913818 -0.096558 0.067383 -0.109253
-0.284912 -0.460449 0.932007 -0.091431 0.052368 -0.097900
-0.288696 -0.486694 0.927612 -0.100586 0.052490 -0.090210
-0.302734 -0.507568 0.901733 -0.100708 0.052734 -0.078491
-0.321655 -0.532837 0.864380 -0.087891 0.037231 -0.063599
-0.326294 -0.540894 0.845093 -0.065918 -0.003418 -0.047241
-0.315308 -0.544800 0.860596 -0.051758 -0.046753 -0.020752
-0.290039 -0.538208 0.901611 -0.059692 -0.077881 0.015015
-0.279053 -0.541260 0.902832 -0.070557 -0.099854 0.056030
-0.264771 -0.543457 0.893066 -0.057617 -0.105347 0.084595
-0.243652 -0.525024 0.906494 -0.013306 -0.136475 0.086426
-0.218994 -0.506592 0.927490 0.044556 -0.162720 0.079834
-0.196167 -0.493408 0.956543 0.084351 -0.166138 0.080688
-0.194946 -0.510986 0.957397 0.085083 -0.142578 0.102783
-0.196045 -0.520630 0.944824 0.059937 -0.126465 0.130127
-0.191284 -0.516235 0.925537 0.041626 -0.133301 0.155640
-0.177246 -0.493530 0.921875 0.046753 -0.152710 0.171509
-0.158569 -0.481812 0.909546 0.051636 -0.178955 0.188599
-0.118774 -0.453491 0.930786 0.057739 -0.198486 0.204834
-0.088623 -0.426392 0.959717 0.045776 -0.203247 0.206177
-0.084351 -0.426758 0.937256 0.059326 -0.189819 0.200439
