-0.070801 -0.341431 1.015137 -0.010010 -0.040771 0.018677
-0.065552 -0.333740 1.012451 -0.010620 -0.045654 0.021362
-0.058716 -0.322388 1.003296 -0.008911 -0.047852 0.023438
-0.059692 -0.318604 0.991211 -0.004272 -0.042358 0.025879
-0.057251 -0.318604 0.980469 0.003174 -0.039551 0.026245
-0.055542 -0.313965 0.978760 0.006470 -0.042236 0.028320
-0.052490 -0.321289 0.974121 0.003662 -0.048340 0.032349
-0.034790 -0.306885 0.979370 0.004272 -0.056152 0.032104
-0.027832 -0.304321 0.978394 -0.002197 -0.058960 0.031738
-0.020874 -0.302979 0.976440 -0.005493 -0.063843 0.028320
-0.012695 -0.310669 0.989990 -0.007690 -0.070068 0.021118
0.000977 -0.308838 0.989014 -0.003784 -0.071411 0.013916
0.013916 -0.296753 0.986328 -0.013550 -0.067749 0.006958
0.020752 -0.300415 0.974487 -0.027588 -0.060913 0.005005
0.032104 -0.296509 0.970093 -0.042603 -0.059570 0.003052
0.051270 -0.284912 0.978149 -0.063110 -0.057861 -0.002563
0.063110 -0.283203 0.973755 -0.075928 -0.059082 -0.011230
0.080688 -0.277466 0.977295 -0.068970 -0.061646 -0.025146
0.103027 -0.260376 1.001587 -0.064575 -0.066650 -0.042236
0.106689 -0.275391 0.977417 -0.069946 -0.061523 -0.058594
0.121094 -0.257813 0.975708 -0.060913 -0.063721 -0.092285
0.138672 -0.247803 0.975220 -0.040894 -0.070068 -0.129883
0.150269 -0.247192 0.996460 -0.027344 -0.074341 -0.167969
0.177979 -0.248657 1.049438 -0.027100 -0.063721 -0.196899
0.183472 -0.264893 1.076416 -0.065552 -0.014771 -0.210571
0.180908 -0.281006 1.071167 -0.129639 0.049072 -0.219116
0.174194 -0.295410 1.073364 -0.172852 0.101685 -0.241455
0.162354 -0.315063 1.066528 -0.195313 0.142944 -0.271973
0.143311 -0.341553 1.044678 -0.201660 0.175415 -0.300903
0.118652 -0.364380 1.026001 -0.206055 0.201294 -0.320313
0.094849 -0.391724 1.007813 -0.218628 0.222778 -0.323853
0.068115 -0.417236 0.982788 -0.251465 0.236328 -0.321899
0.043579 -0.432495 0.944214 -0.264526 0.237915 -0.315186
0.031738 -0.434204 0.937256 -0.232788 0.230713 -0.308960
0.012573 -0.449707 0.930664 -0.208252 0.234497 -0.306763
-0.020996 -0.462036 0.881592 -0.240112 0.245117 -0.304565
-0.094727 -0.511108 0.839478 -0.331055 0.267822 -0.309204
-0.139648 -0.535278 0.807251 -0.294067 0.261841 -0.297119
-0.177002 -0.559082 0.799927 -0.262329 0.214844 -0.280762
-0.210449 -0.598022 0.809814 -0.289551 0.162476 -0.259888
-0.237061 -0.612427 0.810547 -0.343018 0.124268 -0.232056
-0.256348 -0.592529 0.835205 -0.381104 0.084229 -0.210938
-0.248657 -0.559692 0.851929 -0.292480 0.048950 -0.167358
-0.250366 -0.566528 0.900146 -0.170044 0.029785 -0.115479
-0.245605 -0.555054 0.950439 -0.156250 0.011719 -0.079468
-0.259155 -0.575073 0.973877 -0.177368 0.019653 -0.025269
-0.286621 -0.590820 0.971558 -0.180542 0.046753 0.037842
-0.333008 -0.634888 0.952148 -0.175903 0.065552 0.100464
-0.340454 -0.622192 0.944214 -0.112671 0.048950 0.138672
-0.345215 -0.627197 0.944946 -0.031128 0.015381 0.167603
-0.340820 -0.634033 0.952148 0.043823 -0.033203 0.189575
-0.313843 -0.617676 0.963135 0.082153 -0.075562 0.212402
-0.297607 -0.606812 0.973633 0.075684 -0.091187 0.246826
-0.271973 -0.569580 0.972900 0.055420 -0.094727 0.274048
-0.253784 -0.541626 0.928589 0.017334 -0.097900 0.291016
-0.244751 -0.540894 0.905151 -0.002808 -0.114990 0.295288
-0.232788 -0.541138 0.894653 0.003052 -0.148926 0.296875
-0.194214 -0.516235 0.909912 0.024292 -0.184814 0.303711
-0.152710 -0.496460 0.931274 0.026978 -0.208618 0.319092
-0.112305 -0.473389 0.951538 0.036255 -0.216797 0.334595
-0.088867 -0.459595 0.966919 0.048706 -0.201416 0.360474
-0.068359 -0.448364 0.981201 0.064453 -0.186890 0.375977
-0.055664 -0.447876 0.986328 0.055908 -0.174194 0.378296
-0.051514 -0.457520 0.984253 0.036255 -0.152832 0.377686
-0.039307 -0.450684 0.970825 0.016113 -0.134521 0.381348
-0.031128 -0.454102 0.970947 -0.003052 -0.118042 0.394653
-0.028687 -0.446167 0.951538 -0.015259 -0.100098 0.396973
-0.027832 -0.452637 0.945435 -0.001221 -0.109497 0.398926
-0.023560 -0.455200 0.938599 0.010254 -0.112305 0.391235
-0.013672 -0.456299 0.942261 0.046875 -0.132568 0.385254
-0.012939 -0.441406 0.931274 0.086548 -0.156006 0.377808
0.007813 -0.440308 0.932495 0.083374 -0.175415 0.375366
0.028320 -0.411621 0.948364 0.084839 -0.179321 0.374023
0.043213 -0.395630 0.963501 0.062012 -0.166992 0.377075
0.053711 -0.389160 0.962769 0.017700 -0.144531 0.380737
0.063965 -0.375122 0.951538 -0.024780 -0.126587 0.383423
0.061157 -0.374023 0.922607 -0.047974 -0.119141 0.376587
0.067261 -0.375977 0.919189 -0.055054 -0.125366 0.362061
0.083862 -0.365967 0.941162 -0.039551 -0.130127 0.342651
0.086060 -0.366577 0.946045 -0.021606 -0.130737 0.322998
0.097900 -0.356201 0.957642 -0.011353 -0.140503 0.299072
0.109741 -0.342529 0.982666 -0.004761 -0.141724 0.277588
0.114258 -0.334839 0.999512 -0.015503 -0.128784 0.265991
0.116333 -0.316162 0.991455 -0.032104 -0.116577 0.257202
0.114258 -0.305176 0.987793 -0.044312 -0.114136 0.244141
0.110718 -0.298096 0.994019 -0.049194 -0.107788 0.234741
0.122681 -0.278687 0.997559 -0.056641 -0.099976 0.225708
0.146362 -0.246094 1.029907 -0.050293 -0.092407 0.217651
0.162354 -0.206665 1.037354 -0.072876 -0.056152 0.195679
0.172607 -0.174927 1.054932 -0.095947 -0.020508 0.145752
0.151123 -0.188965 1.057495 -0.109863 0.006226 0.080566
0.127075 -0.211914 1.056152 -0.099243 0.019775 0.019775
0.105957 -0.212402 1.036499 -0.083740 0.031494 -0.027222
0.101440 -0.200073 1.026123 -0.053467 0.033447 -0.063599
0.112549 -0.161133 1.028442 -0.023804 0.038818 -0.102417
0.107056 -0.154297 1.034668 -0.028442 0.054688 -0.140259
0.101929 -0.160645 1.044678 -0.041626 0.072754 -0.178467
0.087524 -0.166992 1.067505 -0.051514 0.095825 -0.212891
0.064209 -0.172974 1.064331 -0.070679 0.119019 -0.242310
0.043457 -0.159424 1.073486 -0.073608 0.136963 -0.273193
0.018799 -0.141602 1.085571 -0.069824 0.153809 -0.307617
-0.020630 -0.149170 1.080566 -0.061768 0.177856 -0.344604
-0.062012 -0.171143 1.054321 -0.059570 0.198364 -0.372559
-0.103271 -0.205200 1.041382 -0.072266 0.207520 -0.392578
-0.131836 -0.245972 1.028198 -0.076782 0.200806 -0.401611
-0.155273 -0.273926 1.035156 -0.076782 0.189453 -0.405518
-0.172485 -0.286377 1.055664 -0.072388 0.175903 -0.402710
-0.192993 -0.304688 1.072021 -0.072510 0.170044 -0.396362
-0.210205 -0.307495 1.060303 -0.065063 0.165161 -0.390015
-0.229614 -0.307739 1.043823 -0.038818 0.153442 -0.388184
-0.231567 -0.290405 1.036621 0.005127 0.132446 -0.395752
-0.242676 -0.291382 1.023804 0.036987 0.120728 -0.397339
-0.253906 -0.308472 1.014526 0.043457 0.119263 -0.389282
-0.269775 -0.328979 0.988770 0.021851 0.112305 -0.368774
-0.276611 -0.349854 0.975708 0.009277 0.097290 -0.342041
-0.264648 -0.358765 0.972412 0.014648 0.071533 -0.316162
-0.243408 -0.352539 0.988525 0.012451 0.050781 -0.296021
-0.237793 -0.378418 0.998901 -0.002441 0.048950 -0.277344
-0.234863 -0.394531 0.998901 -0.013062 0.056763 -0.263062
-0.240356 -0.404175 0.979980 -0.019409 0.060303 -0.247437
-0.245117 -0.406128 0.948730 -0.016235 0.052490 -0.232788
-0.246582 -0.418945 0.923706 0.002197 0.036255 -0.225342
-0.245483 -0.444702 0.935913 0.020874 0.014404 -0.221436
-0.241943 -0.478760 0.956421 0.016724 0.007813 -0.203857
-0.252808 -0.520508 0.955322 -0.010254 0.018066 -0.169067
-0.252808 -0.536011 0.956665 -0.039551 0.017090 -0.125854
-0.261108 -0.562012 0.957153 -0.071167 0.021484 -0.087402
-0.250366 -0.569458 0.955811 -0.063354 0.032471 -0.057495
-0.263916 -0.585571 0.937378 -0.046875 0.027466 -0.024902
-0.269775 -0.573120 0.895264 -0.014404 0.020508 0.003418
-0.271729 -0.562500 0.870361 0.015747 -0.013306 0.020508
-0.252441 -0.544800 0.879272 0.063843 -0.067749 0.023926
-0.229004 -0.535034 0.907593 0.081909 -0.105103 0.029785
-0.218872 -0.517822 0.894653 0.076294 -0.110107 0.047974
-0.214233 -0.519897 0.885376 0.077637 -0.114990 0.079468
-0.206177 -0.514893 0.876831 0.024048 -0.099609 0.096069
-0.195923 -0.520630 0.887817 -0.014893 -0.108765 0.119873
-0.186646 -0.523560 0.879639 -0.037354 -0.107666 0.132935
-0.173950 -0.525757 0.869629 -0.039795 -0.128174 0.148682
-0.159424 -0.516479 0.861938 -0.008667 -0.150269 0.154175
-0.145752 -0.496094 0.853882 0.025513 -0.177856 0.149048
-0.115356 -0.468018 0.865112 0.050903 -0.207153 0.140137
-0.098999 -0.447754 0.885742 0.062744 -0.226929 0.137817
-0.076416 -0.436890 0.898804 0.067139 -0.244995 0.143066
-0.056030 -0.433716 0.934814 0.061646 -0.236328 0.138428
-0.042847 -0.436890 0.953979 0.053955 -0.235229 0.146484
-0.023438 -0.439941 0.980347 0.056885 -0.229736 0.163086
-0.006348 -0.409180 0.991821 0.029907 -0.191895 0.161133
-0.005371 -0.409912 0.972656 -0.002686 -0.183960 0.165649
0.003296 -0.397583 0.974121 -0.010254 -0.185425 0.158325
