-0.044800 -0.323364 0.981201 -0.017578 -0.028442 0.054688
-0.035400 -0.322144 0.977661 -0.018433 -0.041748 0.051636
-0.029419 -0.314941 0.978760 -0.015991 -0.033691 0.036621
-0.029541 -0.318115 0.985962 -0.003662 -0.043091 0.028076
-0.007446 -0.305054 0.996338 0.014771 -0.054199 0.022461
0.008545 -0.302856 1.004272 0.005981 -0.048340 0.020630
0.020386 -0.292725 1.006958 -0.007690 -0.038330 0.017578
0.023071 -0.302246 1.009155 -0.023438 -0.028076 0.010132
0.039185 -0.301025 1.016479 -0.021606 -0.020508 0.002319
0.048340 -0.297485 1.011963 -0.031372 -0.013184 -0.000854
0.056396 -0.296875 1.016113 -0.042847 -0.002686 -0.007813
0.067139 -0.293701 1.000488 -0.055054 0.007202 -0.014282
0.081909 -0.275635 1.012451 -0.062500 0.018066 -0.027100
0.096069 -0.250732 1.006104 -0.067993 0.021606 -0.049805
0.093262 -0.251099 0.979370 -0.075073 0.032593 -0.081299
0.090820 -0.257935 0.974487 -0.052368 0.023682 -0.112915
0.097412 -0.255249 0.966797 -0.030029 0.010376 -0.140991
0.117676 -0.245361 0.965820 -0.023438 -0.002930 -0.164795
0.135620 -0.233276 0.952515 -0.022217 -0.011108 -0.192383
0.153076 -0.239624 0.967163 -0.036865 -0.018311 -0.229614
0.179810 -0.258423 1.007324 -0.053955 -0.020874 -0.270508
0.203491 -0.278076 1.029053 -0.079590 0.001587 -0.307373
0.188232 -0.328369 1.039429 -0.131958 0.054321 -0.329224
0.151123 -0.397461 1.020630 -0.198975 0.111206 -0.332642
0.092773 -0.488159 0.987915 -0.272461 0.155884 -0.321655
0.041382 -0.545166 0.963745 -0.291504 0.170044 -0.291138
0.015137 -0.560669 0.931396 -0.269897 0.162231 -0.249512
0.010254 -0.541504 0.918335 -0.227417 0.139526 -0.219727
0.020264 -0.515381 0.905151 -0.184814 0.117065 -0.210938
0.003662 -0.539307 0.906982 -0.227295 0.107300 -0.204956
-0.028809 -0.542969 0.915649 -0.225586 0.137329 -0.207397
-0.044067 -0.532349 0.887451 -0.157837 0.142334 -0.191284
-0.068726 -0.532471 0.870972 -0.187622 0.145020 -0.175781
-0.117188 -0.557495 0.829590 -0.278687 0.169922 -0.154785
-0.166138 -0.581177 0.793091 -0.374756 0.185303 -0.135010
-0.208496 -0.598267 0.767334 -0.400635 0.175049 -0.114624
-0.251343 -0.619629 0.766724 -0.344727 0.133423 -0.108154
-0.277466 -0.637817 0.781860 -0.236328 0.067627 -0.100342
-0.263916 -0.626953 0.837646 -0.133179 -0.020508 -0.087280
-0.241211 -0.598877 0.921875 -0.080200 -0.075806 -0.069702
-0.222412 -0.586426 0.975220 -0.072388 -0.087524 -0.039429
-0.219849 -0.568359 1.003052 -0.085938 -0.068604 -0.004395
-0.231323 -0.556152 0.996826 -0.085205 -0.046265 0.030884
-0.227661 -0.522339 0.984131 -0.061646 -0.039673 0.057007
-0.218140 -0.512939 0.997070 -0.042114 -0.042847 0.077271
-0.218384 -0.510620 0.996826 -0.045410 -0.044434 0.087769
-0.227417 -0.524414 0.986206 -0.051758 -0.043457 0.108398
-0.240845 -0.548828 0.983643 -0.060791 -0.047241 0.135132
-0.241455 -0.552856 0.981812 -0.052490 -0.065308 0.166260
-0.225220 -0.535645 1.009888 -0.024414 -0.079956 0.189941
-0.208496 -0.511719 1.020386 0.014404 -0.078125 0.210205
-0.212524 -0.510986 0.993408 0.033325 -0.070190 0.234253
-0.218384 -0.519531 0.970093 0.068970 -0.099487 0.274414
-0.207153 -0.511841 0.961304 0.087036 -0.099609 0.299316
-0.201172 -0.515991 0.945068 0.068604 -0.095947 0.326172
-0.176758 -0.506348 0.965576 0.054688 -0.098755 0.348633
-0.159180 -0.491699 0.968994 0.054321 -0.098267 0.359985
-0.146729 -0.482788 0.955811 0.070068 -0.100098 0.366211
-0.125732 -0.463501 0.951538 0.106323 -0.113281 0.364014
-0.097046 -0.467041 0.965942 0.146606 -0.126221 0.364746
-0.077759 -0.475098 0.988159 0.159424 -0.126221 0.364868
-0.061157 -0.477417 0.985352 0.145752 -0.112427 0.382080
-0.049438 -0.469482 0.951294 0.137817 -0.085938 0.412598
-0.031250 -0.436646 0.915771 0.118408 -0.055786 0.437622
-0.018555 -0.415894 0.885132 0.062134 -0.049438 0.447998
-0.010010 -0.416748 0.876099 -0.001221 -0.064209 0.449219
0.009644 -0.405518 0.836670 0.022095 -0.089355 0.434570
0.021851 -0.387695 0.870728 0.121460 -0.136597 0.409180
0.024902 -0.415161 0.875000 0.047241 -0.181152 0.381348
0.057861 -0.397339 0.900879 0.054443 -0.211792 0.365723
0.083374 -0.379517 0.923828 -0.002197 -0.225952 0.354492
0.098389 -0.364136 0.918335 -0.039063 -0.224976 0.341064
0.111084 -0.356567 0.891113 -0.022095 -0.221924 0.323242
0.120850 -0.350952 0.909790 -0.023804 -0.226807 0.299683
0.135376 -0.350464 0.927368 -0.018799 -0.228027 0.280518
0.146118 -0.340210 0.960083 -0.007935 -0.215454 0.270264
0.151123 -0.341553 0.992798 -0.023804 -0.197998 0.262573
0.153076 -0.330200 1.008911 -0.042358 -0.176270 0.255005
0.164307 -0.306274 1.017944 -0.050171 -0.159912 0.242920
0.167480 -0.296875 1.032227 -0.037231 -0.148804 0.218750
0.170532 -0.282349 1.033691 -0.001831 -0.142944 0.186523
0.182861 -0.255127 1.030029 0.014526 -0.129517 0.155884
0.179932 -0.238281 1.017944 -0.008179 -0.102051 0.123657
0.171509 -0.239014 1.013062 -0.044922 -0.054199 0.085938
0.153564 -0.231079 1.004883 -0.093384 -0.008667 0.053955
0.127808 -0.234497 0.979004 -0.108887 0.017578 0.035278
0.108032 -0.225586 0.958984 -0.122559 0.031738 0.010498
0.087036 -0.240112 0.960327 -0.118896 0.023682 -0.020264
0.088013 -0.219971 0.991211 -0.095093 -0.000122 -0.054688
0.089111 -0.212036 1.026123 -0.082642 -0.016968 -0.085205
0.096191 -0.180298 1.069336 -0.078125 -0.018311 -0.114014
0.091919 -0.150146 1.107300 -0.093018 -0.001221 -0.147095
0.067139 -0.145630 1.121338 -0.113281 0.030151 -0.180054
0.037109 -0.149292 1.119995 -0.124146 0.060547 -0.211792
0.013672 -0.151978 1.121460 -0.140259 0.078857 -0.244141
-0.012329 -0.171631 1.137817 -0.140381 0.088989 -0.275146
-0.027954 -0.183472 1.139404 -0.118774 0.090454 -0.301880
-0.038818 -0.202881 1.145752 -0.086548 0.092285 -0.323120
-0.044434 -0.215332 1.155640 -0.059082 0.094238 -0.340210
-0.040894 -0.213745 1.177490 -0.039673 0.105835 -0.350952
-0.032227 -0.208740 1.184448 -0.037354 0.126831 -0.350952
-0.045410 -0.216187 1.175903 -0.066772 0.165771 -0.353027
-0.077515 -0.255615 1.143555 -0.109863 0.213257 -0.355957
-0.126587 -0.302979 1.120972 -0.137817 0.250977 -0.351074
-0.173218 -0.355225 1.082153 -0.135132 0.277100 -0.336060
-0.199219 -0.378418 1.060059 -0.112183 0.278320 -0.321411
-0.221313 -0.388672 1.026489 -0.083984 0.253418 -0.305542
-0.227539 -0.382813 0.993164 -0.042480 0.211914 -0.293823
-0.227417 -0.375488 0.972290 -0.007935 0.165283 -0.284058
-0.221680 -0.364258 0.961548 0.017578 0.122070 -0.270020
-0.210205 -0.360107 0.972900 0.045776 0.091553 -0.257446
-0.187988 -0.361084 0.995972 0.037964 0.092407 -0.238403
-0.176636 -0.348511 1.008423 -0.006104 0.117432 -0.225464
-0.177490 -0.341675 0.982910 -0.042236 0.146362 -0.221436
-0.205444 -0.376587 0.949219 -0.076782 0.160889 -0.226318
-0.238281 -0.426147 0.907104 -0.088745 0.153198 -0.221069
-0.262939 -0.467529 0.870605 -0.047241 0.111084 -0.202637
-0.262207 -0.472412 0.867065 0.018188 0.049805 -0.192017
-0.259399 -0.481934 0.871094 0.062988 -0.001587 -0.177490
-0.250000 -0.471802 0.880615 0.073486 -0.043457 -0.158447
-0.246582 -0.469116 0.877319 0.051270 -0.074585 -0.138672
-0.227417 -0.454468 0.891357 0.062866 -0.086060 -0.123901
-0.218628 -0.433105 0.888794 0.024048 -0.096069 -0.109985
-0.213013 -0.455566 0.874268 -0.010742 -0.095337 -0.083130
-0.193604 -0.458740 0.901855 -0.040161 -0.081177 -0.061401
-0.158081 -0.424316 0.935425 -0.088623 -0.046753 -0.035156
-0.158325 -0.445435 0.936401 -0.165405 0.000977 -0.015137
-0.193237 -0.502441 0.907471 -0.198242 0.028442 -0.002686
-0.230591 -0.558350 0.868652 -0.161133 0.017822 0.011719
-0.234253 -0.567749 0.822021 -0.065186 -0.032227 0.020630
-0.212769 -0.559937 0.835815 0.049194 -0.112305 0.011841
-0.178711 -0.548584 0.886230 0.137817 -0.180176 -0.004272
-0.144775 -0.556885 0.941284 0.167969 -0.211670 0.006836
-0.121582 -0.550537 0.968750 0.133667 -0.200195 0.036621
-0.107422 -0.550171 0.972900 0.077759 -0.176147 0.079712
-0.099121 -0.533813 0.949707 0.028809 -0.152466 0.111084
-0.092773 -0.532104 0.940430 0.007935 -0.140137 0.119751
-0.092407 -0.544189 0.936401 0.004395 -0.141235 0.112305
-0.102051 -0.568237 0.918701 0.026733 -0.150146 0.107544
-0.100708 -0.582031 0.915649 0.067993 -0.170044 0.113525
-0.074829 -0.562012 0.939209 0.102295 -0.196533 0.121582
-0.038330 -0.517456 0.941406 0.103516 -0.222900 0.138184
-0.020020 -0.484009 0.952881 0.089355 -0.227783 0.144287
0.014526 -0.443970 0.973877 0.093506 -0.238770 0.144165
0.042480 -0.420166 1.004272 0.099121 -0.232056 0.146973
0.067383 -0.389282 1.008301 0.070190 -0.207275 0.145142
0.061035 -0.380493 0.998413 0.045776 -0.171753 0.134766
0.071289 -0.364746 0.998291 0.042969 -0.149292 0.120483
0.077637 -0.355957 0.992676 0.041626 -0.134033 0.104980
0.076904 -0.353149 0.983398 0.045044 -0.126709 0.087524
