-0.055542 -0.398560 0.984985 -0.029297 -0.007202 -0.027100
-0.055542 -0.396240 0.989136 -0.032959 -0.012817 -0.023438
-0.058472 -0.400879 0.989624 -0.025513 -0.015259 -0.017334
-0.055664 -0.392822 0.986694 -0.018188 -0.019409 -0.015259
-0.060547 -0.403931 0.991089 -0.018066 -0.019897 -0.010742
-0.064575 -0.399780 0.982300 -0.020752 -0.017212 -0.007446
-0.073853 -0.405273 0.971680 -0.026001 -0.016235 -0.004639
-0.072876 -0.403931 0.981201 -0.023071 -0.024658 -0.001099
-0.069092 -0.401001 0.989746 -0.015259 -0.033936 0.001465
-0.069092 -0.392090 0.999878 -0.003174 -0.040283 0.005005
-0.067749 -0.389282 1.002441 0.005615 -0.042114 0.009644
-0.070190 -0.392456 0.999268 0.003906 -0.042114 0.014526
-0.069580 -0.389404 0.997681 0.007935 -0.043823 0.020386
-0.063599 -0.376709 0.995728 0.019043 -0.051025 0.022095
-0.061157 -0.379883 0.994995 0.028564 -0.054565 0.020996
-0.066772 -0.380127 0.993896 0.044189 -0.054565 0.018677
-0.059692 -0.360474 0.999023 0.054443 -0.055908 0.021484
-0.062500 -0.362549 1.003174 0.040161 -0.059326 0.033569
-0.073975 -0.368042 0.991211 0.018433 -0.045044 0.035156
-0.077393 -0.368774 0.976074 0.013672 -0.043457 0.034790
-0.084961 -0.386353 0.969482 0.020996 -0.048584 0.036987
-0.081055 -0.386841 0.969116 0.028076 -0.058716 0.040894
-0.076904 -0.383057 0.964111 0.024414 -0.059937 0.045776
-0.074097 -0.378662 0.963013 0.026978 -0.061646 0.049072
-0.072998 -0.379639 0.955688 0.033203 -0.076538 0.055786
-0.073486 -0.384033 0.950317 0.049561 -0.089966 0.058228
-0.061646 -0.384155 0.955200 0.067505 -0.107300 0.060059
-0.044189 -0.377441 0.969849 0.084229 -0.125732 0.063721
-0.024780 -0.368164 0.975952 0.095337 -0.138794 0.070801
-0.014648 -0.364990 0.968018 0.088257 -0.135498 0.077881
0.004272 -0.352295 0.965332 0.097290 -0.150269 0.080200
0.035645 -0.332886 0.979004 0.118042 -0.169189 0.081299
0.061157 -0.309326 0.976563 0.123413 -0.180908 0.081787
0.083252 -0.296509 0.971069 0.113037 -0.183594 0.078735
0.111084 -0.258667 0.975098 0.113281 -0.189453 0.071167
0.139404 -0.239990 0.978027 0.096924 -0.199097 0.054199
0.166748 -0.216431 1.006104 0.095581 -0.213745 0.025879
0.200562 -0.202026 1.033325 0.111328 -0.222534 -0.008057
0.241333 -0.171021 1.064819 0.115723 -0.215454 -0.040283
0.271851 -0.156738 1.075684 0.087891 -0.176025 -0.064819
0.278564 -0.158813 1.071411 0.042847 -0.125244 -0.091919
0.279663 -0.172119 1.065552 -0.003662 -0.087769 -0.120117
0.264160 -0.205566 1.055664 -0.036621 -0.062866 -0.149658
0.260986 -0.223633 1.061646 -0.035522 -0.053345 -0.178955
0.251953 -0.240234 1.063477 -0.034058 -0.030518 -0.207031
0.237305 -0.252930 1.055054 -0.033691 -0.008911 -0.227661
0.224121 -0.265259 1.038696 -0.028076 0.010864 -0.244751
0.187134 -0.294556 1.004883 -0.028320 0.029663 -0.251831
0.163696 -0.314453 0.998779 -0.017334 0.036621 -0.257935
0.142212 -0.325562 0.992065 -0.025146 0.048218 -0.261597
0.112427 -0.343140 0.981323 -0.046753 0.073486 -0.259399
0.075928 -0.353027 0.969727 -0.058350 0.095825 -0.257935
0.042603 -0.379883 0.950928 -0.069946 0.112793 -0.250854
0.000488 -0.412964 0.938965 -0.082275 0.122192 -0.246582
-0.032837 -0.418091 0.929077 -0.075195 0.114258 -0.244629
-0.080322 -0.476685 0.864380 -0.165649 0.088989 -0.234741
-0.114258 -0.492920 0.880981 -0.114502 0.101074 -0.231934
-0.122803 -0.476440 0.875122 -0.067505 0.075562 -0.209717
-0.126953 -0.475586 0.881714 -0.112305 0.048828 -0.181030
-0.138306 -0.487915 0.880005 -0.210693 0.053955 -0.145996
-0.157227 -0.493408 0.873779 -0.304688 0.067627 -0.114746
-0.165283 -0.478271 0.865723 -0.284180 0.077271 -0.097290
-0.176025 -0.483398 0.868286 -0.196167 0.048218 -0.090088
-0.178833 -0.482300 0.889648 -0.129272 0.008911 -0.079590
-0.180420 -0.489502 0.920410 -0.111328 -0.023560 -0.062500
-0.192871 -0.508179 0.942505 -0.116577 -0.039917 -0.035278
-0.210449 -0.525146 0.948486 -0.122314 -0.049194 -0.012207
-0.223267 -0.544189 0.971313 -0.112183 -0.065796 0.010132
-0.219116 -0.554810 1.010010 -0.078491 -0.090454 0.032959
-0.205322 -0.558228 1.059448 -0.035767 -0.113159 0.053833
-0.184448 -0.553345 1.091431 0.000610 -0.123413 0.083984
-0.172852 -0.543335 1.107178 0.005005 -0.116333 0.121094
-0.165527 -0.528198 1.106689 -0.015259 -0.100830 0.155762
-0.158081 -0.523560 1.095337 -0.028076 -0.088379 0.189331
-0.153198 -0.528931 1.078735 -0.016846 -0.081665 0.216797
-0.139160 -0.519287 1.062866 0.011475 -0.082886 0.242920
-0.113281 -0.514160 1.070190 0.050903 -0.077637 0.269897
-0.092041 -0.495361 1.068359 0.058960 -0.062256 0.299561
-0.089600 -0.488281 1.035889 0.037964 -0.039795 0.325439
-0.088745 -0.478638 0.987793 0.037109 -0.030396 0.345703
-0.082764 -0.470093 0.967163 0.037476 -0.040649 0.355591
-0.069092 -0.468872 0.964722 0.053223 -0.057007 0.367676
-0.045166 -0.455566 0.984497 0.067749 -0.064819 0.381836
-0.034058 -0.442627 0.989746 0.072388 -0.065063 0.403687
-0.008545 -0.406616 0.962280 0.076172 -0.065552 0.427734
0.006348 -0.385986 0.945068 0.058838 -0.070190 0.436890
0.008423 -0.372192 0.932007 0.027954 -0.081177 0.434326
0.016602 -0.356079 0.909424 0.039063 -0.088867 0.432739
0.034668 -0.333252 0.911133 0.044678 -0.094604 0.428833
0.062500 -0.315796 0.927246 0.035522 -0.089722 0.424561
0.071411 -0.313354 0.923096 0.001343 -0.071655 0.420044
0.057983 -0.328857 0.872070 -0.053589 -0.058716 0.416626
0.046631 -0.338989 0.835449 -0.079224 -0.065186 0.415894
0.059570 -0.322876 0.816650 -0.067139 -0.090698 0.416382
0.074951 -0.297974 0.807617 -0.066895 -0.118408 0.409546
0.093384 -0.295654 0.834839 -0.067139 -0.147949 0.397583
0.127075 -0.274048 0.891724 -0.082642 -0.176025 0.387817
0.160889 -0.256836 0.940918 -0.105713 -0.192871 0.375977
0.192505 -0.243530 0.994995 -0.095703 -0.205444 0.352051
0.219971 -0.231934 1.026733 -0.056641 -0.211670 0.326050
0.240601 -0.223022 1.061890 -0.041382 -0.208740 0.299194
0.263794 -0.201660 1.073975 -0.038086 -0.191772 0.276489
0.284668 -0.172852 1.089233 -0.041992 -0.155273 0.256836
0.294434 -0.157837 1.110962 -0.088257 -0.104492 0.235107
0.283691 -0.154419 1.093628 -0.132446 -0.043945 0.208862
0.255005 -0.175293 1.057251 -0.165771 0.001709 0.171265
0.229980 -0.186890 1.039673 -0.182495 0.020752 0.134399
0.211060 -0.197876 1.020996 -0.185181 0.028442 0.099487
0.201172 -0.200195 1.027100 -0.174194 0.029541 0.064575
0.194580 -0.209351 1.043945 -0.173218 0.028687 0.034180
0.199341 -0.191040 1.055420 -0.165894 0.030151 0.008057
0.195313 -0.187256 1.055176 -0.162720 0.034058 -0.020020
0.193481 -0.190308 1.053345 -0.147827 0.043457 -0.047852
0.200562 -0.162231 1.060059 -0.144897 0.062256 -0.071289
0.204834 -0.131958 1.057129 -0.172607 0.100830 -0.084961
0.171631 -0.157593 1.028198 -0.187866 0.169189 -0.084351
0.137939 -0.175537 1.014648 -0.194458 0.221924 -0.102051
0.083862 -0.226440 1.013428 -0.196899 0.250366 -0.122803
0.054932 -0.258057 0.996338 -0.108521 0.164429 -0.121704
0.054565 -0.250854 1.025269 -0.046143 0.166260 -0.142578
0.021118 -0.264038 1.012085 -0.009644 0.174316 -0.155884
0.004028 -0.284058 0.997803 0.005371 0.166382 -0.174561
-0.011841 -0.270142 0.987183 -0.001587 0.145630 -0.225464
-0.028687 -0.281982 0.979492 -0.012207 0.121948 -0.257568
-0.029907 -0.282104 1.035400 -0.029907 0.081909 -0.292480
-0.027588 -0.286865 1.081177 -0.068848 0.067383 -0.303589
-0.009766 -0.265991 1.122437 -0.104126 0.078979 -0.311401
-0.000854 -0.248901 1.152954 -0.153687 0.101318 -0.347412
-0.020508 -0.252319 1.127686 -0.176514 0.139404 -0.393799
-0.037109 -0.250854 1.128052 -0.178223 0.170044 -0.437866
-0.066040 -0.289307 1.110474 -0.177490 0.205811 -0.458862
-0.123779 -0.356445 1.076904 -0.180176 0.247070 -0.452271
-0.164063 -0.406494 1.055420 -0.194824 0.264404 -0.428955
-0.182617 -0.427368 1.057739 -0.203003 0.266724 -0.395264
-0.207153 -0.447510 1.057129 -0.200195 0.276978 -0.354858
-0.229980 -0.455078 1.024048 -0.198486 0.287354 -0.312012
-0.258789 -0.442139 0.963989 -0.197754 0.286743 -0.273438
-0.303833 -0.507080 0.940063 -0.257568 0.261475 -0.229736
-0.288818 -0.489990 0.926880 -0.197876 0.216431 -0.203369
-0.263916 -0.463867 0.958862 -0.150391 0.174927 -0.192627
-0.257202 -0.463501 0.962524 -0.162842 0.149170 -0.192871
-0.257935 -0.466553 0.993774 -0.130859 0.172485 -0.187866
-0.250488 -0.458862 0.985229 -0.055664 0.179810 -0.153442
-0.265503 -0.491943 0.973145 -0.068604 0.195679 -0.124512
-0.278198 -0.510376 0.974487 -0.061279 0.198608 -0.093018
-0.298462 -0.538940 0.964844 -0.081909 0.199341 -0.051025
-0.282959 -0.538452 0.967041 -0.129639 0.196655 0.005493
-0.286987 -0.518188 0.916748 -0.181274 0.203369 0.057373
-0.266113 -0.495972 0.923462 -0.153564 0.187012 0.080078
-0.287354 -0.498535 0.874756 -0.149048 0.151978 0.066528
