-0.035156 -0.313110 0.985474 -0.024902 -0.005127 -0.024902
-0.030640 -0.312256 0.995850 -0.015625 -0.008545 -0.028198
-0.032715 -0.314941 1.000610 -0.019531 -0.009033 -0.032227
-0.041504 -0.329834 0.998901 -0.026367 -0.005981 -0.035278
-0.048462 -0.333252 1.008545 -0.028564 -0.004150 -0.037109
-0.057495 -0.350342 1.013794 -0.032837 0.000488 -0.036743
-0.067383 -0.366577 1.015259 -0.036255 0.003418 -0.033569
-0.073730 -0.388428 1.013306 -0.038696 0.008301 -0.024292
-0.087524 -0.411499 0.996460 -0.044067 0.014526 -0.007935
-0.093384 -0.410522 0.997681 -0.037720 0.010254 0.006226
-0.103394 -0.413574 1.010254 -0.027710 0.002930 0.023438
-0.104004 -0.381470 1.020020 -0.023315 0.003784 0.040405
-0.113525 -0.362671 1.025513 -0.035400 0.010254 0.055054
-0.116577 -0.350952 1.026611 -0.031494 0.008667 0.057861
-0.117798 -0.355591 1.038086 -0.011963 -0.003906 0.050415
-0.101563 -0.350708 1.051147 0.009888 -0.015259 0.045654
-0.084961 -0.346191 1.050171 0.018188 -0.004761 0.055420
-0.057251 -0.322266 1.052002 0.015381 0.011719 0.066162
-0.030029 -0.307495 1.028564 0.008911 0.022339 0.073608
0.006958 -0.286499 1.005981 0.013062 0.017822 0.067505
0.044678 -0.260010 0.992188 0.019043 0.002930 0.053345
0.083130 -0.252075 0.978516 0.024536 -0.016968 0.037842
0.130127 -0.222412 0.999634 0.046509 -0.041992 0.013184
0.168701 -0.202148 1.027588 0.053101 -0.054077 -0.018311
0.202271 -0.180298 1.035645 0.040894 -0.052002 -0.054932
0.222778 -0.174194 1.048462 0.028564 -0.038818 -0.083740
0.252808 -0.156006 1.054810 0.002930 -0.022461 -0.114624
0.279663 -0.144531 1.069214 -0.015869 -0.001099 -0.156006
0.290039 -0.141968 1.062256 -0.037598 0.026367 -0.203247
0.281860 -0.159180 1.024902 -0.067505 0.057251 -0.246094
0.282471 -0.165283 1.020508 -0.097534 0.080078 -0.288940
0.275513 -0.186279 1.015869 -0.132690 0.112305 -0.324585
0.256592 -0.228149 1.006958 -0.157227 0.148438 -0.349731
0.230835 -0.292725 0.997559 -0.182495 0.188721 -0.370483
0.167603 -0.379272 0.965820 -0.192871 0.229126 -0.371826
0.097412 -0.442383 0.908691 -0.179321 0.252319 -0.354370
0.042236 -0.477173 0.877563 -0.190308 0.252441 -0.328613
-0.027100 -0.539185 0.788330 -0.281250 0.231567 -0.302124
-0.048706 -0.531494 0.755371 -0.198975 0.214478 -0.282837
-0.100220 -0.536011 0.741577 -0.208008 0.192627 -0.264038
-0.117554 -0.538696 0.756958 -0.207642 0.172485 -0.214966
-0.146118 -0.524048 0.762573 -0.259888 0.182983 -0.165527
-0.119141 -0.469727 0.746460 -0.105225 0.139771 -0.138062
-0.167236 -0.518555 0.719482 -0.184326 0.125244 -0.145508
-0.235596 -0.597290 0.736206 -0.182373 0.100586 -0.147949
-0.218262 -0.575684 0.768921 -0.103271 0.032837 -0.138062
-0.250122 -0.589111 0.784058 -0.198608 -0.002441 -0.131714
-0.239746 -0.583008 0.815430 -0.153687 -0.045410 -0.118042
-0.244141 -0.576904 0.865479 -0.189209 -0.083984 -0.113647
-0.236816 -0.548950 0.951050 -0.172119 -0.096436 -0.105103
-0.224976 -0.503784 1.005127 -0.159424 -0.091797 -0.085205
-0.230957 -0.488892 1.059692 -0.202271 -0.062988 -0.068970
-0.252441 -0.495483 1.093506 -0.220947 -0.026611 -0.051392
-0.267700 -0.514404 1.111694 -0.201294 -0.002319 -0.026245
-0.296631 -0.544800 1.109863 -0.197021 0.006958 -0.003296
-0.320923 -0.569214 1.110352 -0.197021 0.000244 0.026001
-0.329224 -0.577148 1.109131 -0.148926 -0.012573 0.061890
-0.316040 -0.552734 1.130005 -0.060913 -0.023193 0.099365
-0.316040 -0.546631 1.115601 0.003540 -0.022339 0.137451
-0.301758 -0.523315 1.085571 0.033936 -0.019287 0.175903
-0.303467 -0.545532 1.050537 0.032959 -0.005493 0.215454
-0.271973 -0.521240 1.036255 0.037231 0.003540 0.258179
-0.272095 -0.524536 0.981812 0.005249 0.014282 0.293457
-0.276123 -0.552734 0.993530 -0.009155 0.005371 0.320068
-0.234497 -0.526611 0.939575 0.088013 -0.033569 0.349243
-0.214111 -0.537964 0.948364 0.060547 -0.051514 0.363525
-0.175293 -0.525513 0.961182 0.052979 -0.096802 0.390747
-0.135254 -0.489624 0.958740 0.088135 -0.121704 0.404053
-0.112793 -0.478394 0.934814 0.070435 -0.149780 0.411133
-0.073120 -0.444824 0.956665 0.117310 -0.172974 0.421265
-0.031860 -0.417603 0.951050 0.120239 -0.174561 0.430298
-0.029053 -0.424561 0.928589 0.081787 -0.162720 0.442993
-0.014771 -0.427246 0.917603 0.052734 -0.153931 0.454956
0.010132 -0.395020 0.905884 0.031860 -0.161255 0.471802
0.034790 -0.384033 0.900513 0.010010 -0.171753 0.481201
0.063599 -0.365723 0.910645 0.030151 -0.190430 0.470947
0.076416 -0.349121 0.911133 0.031250 -0.202393 0.455078
0.089966 -0.337646 0.902710 0.031128 -0.211060 0.442017
0.108154 -0.315796 0.918945 0.033081 -0.219116 0.418579
0.117676 -0.293823 0.932739 0.026978 -0.213135 0.388062
0.122192 -0.286865 0.946045 0.026978 -0.197754 0.367188
0.128174 -0.267700 0.959595 0.007324 -0.180176 0.350952
0.119873 -0.260132 0.946655 -0.029175 -0.157349 0.337646
0.114136 -0.254150 0.927368 -0.037354 -0.145386 0.325439
0.121094 -0.232300 0.935791 -0.034546 -0.149292 0.306030
0.136963 -0.224609 0.944092 -0.054443 -0.146851 0.291870
0.151123 -0.203003 0.967773 -0.090698 -0.132324 0.265625
0.146973 -0.188354 0.963989 -0.104736 -0.109863 0.222534
0.132568 -0.200439 0.950073 -0.107544 -0.101196 0.174316
0.122925 -0.226440 0.965454 -0.099609 -0.106934 0.135376
0.145874 -0.205078 0.993774 -0.069946 -0.116699 0.112305
0.173218 -0.180908 1.009521 -0.082642 -0.096802 0.092163
0.181152 -0.165161 1.016602 -0.135620 -0.058716 0.062988
0.168213 -0.176514 1.016357 -0.172729 -0.029297 0.021362
0.162842 -0.185425 1.015381 -0.182373 -0.020264 -0.027344
0.168335 -0.184326 1.043823 -0.166138 -0.018799 -0.072266
0.157837 -0.212280 1.060181 -0.162476 -0.007568 -0.110474
0.148560 -0.208374 1.067749 -0.161377 0.012329 -0.140869
0.127686 -0.218140 1.060059 -0.177856 0.036011 -0.167114
0.105103 -0.220581 1.062622 -0.176880 0.047363 -0.193604
0.094238 -0.221069 1.078247 -0.166504 0.048218 -0.221924
0.089111 -0.200439 1.098999 -0.151489 0.052246 -0.254639
0.081299 -0.214111 1.098145 -0.141235 0.067139 -0.286499
0.053101 -0.242065 1.119751 -0.143555 0.083252 -0.320801
0.025513 -0.268921 1.112427 -0.151855 0.102905 -0.342529
0.006348 -0.276611 1.115601 -0.162476 0.119629 -0.358276
-0.033203 -0.280396 1.103149 -0.184570 0.141724 -0.366699
-0.082275 -0.304565 1.078735 -0.185303 0.160278 -0.361572
-0.128784 -0.324097 1.068726 -0.176025 0.160034 -0.360107
-0.149414 -0.332153 1.072754 -0.145874 0.146118 -0.361328
-0.166748 -0.339966 1.076294 -0.112549 0.138428 -0.363159
-0.199585 -0.378540 1.056396 -0.090332 0.138916 -0.360840
-0.218384 -0.397827 1.053223 -0.067505 0.128540 -0.352661
-0.227417 -0.413574 1.052368 -0.066528 0.112671 -0.336670
-0.251587 -0.395996 1.026978 -0.052124 0.116455 -0.320557
-0.240112 -0.362183 1.026611 0.007324 0.105835 -0.297241
-0.237305 -0.355835 1.020264 -0.009888 0.084473 -0.273193
-0.236084 -0.370605 1.025269 -0.026489 0.076660 -0.261963
-0.255371 -0.407715 1.022095 -0.040771 0.090820 -0.251343
-0.274536 -0.434448 1.003662 -0.055176 0.102905 -0.230347
-0.297119 -0.464966 0.972412 -0.052002 0.090210 -0.216797
-0.315552 -0.485352 0.931641 0.002563 0.046631 -0.213135
-0.311890 -0.487549 0.921753 0.081909 -0.022461 -0.218750
-0.289673 -0.473999 0.939697 0.158569 -0.088867 -0.218262
-0.260864 -0.460815 0.967529 0.198608 -0.122314 -0.201172
-0.243774 -0.448853 0.981934 0.197266 -0.123291 -0.169922
-0.219849 -0.421021 0.992432 0.171631 -0.114990 -0.135864
-0.207520 -0.419434 0.985229 0.119385 -0.092163 -0.100098
-0.208984 -0.439453 0.964478 0.050415 -0.067261 -0.064819
-0.212036 -0.451294 0.950317 0.006470 -0.055786 -0.030151
-0.194946 -0.437988 0.934326 -0.004028 -0.060425 -0.000732
-0.186768 -0.422119 0.921753 0.000366 -0.067505 0.020752
-0.185059 -0.428345 0.914673 0.021973 -0.078979 0.025635
-0.176880 -0.422974 0.917236 0.047363 -0.097046 0.021973
-0.172119 -0.434326 0.916992 0.072021 -0.111328 0.019775
-0.176880 -0.450684 0.915161 0.096069 -0.125366 0.022949
-0.181519 -0.472534 0.902222 0.112305 -0.145020 0.031616
-0.193359 -0.471680 0.914673 0.137207 -0.171143 0.046265
-0.155396 -0.488770 0.936890 0.151855 -0.211548 0.072754
-0.138916 -0.484985 0.958862 0.125854 -0.206665 0.091187
-0.133911 -0.494995 0.977905 0.067261 -0.181519 0.112671
-0.118408 -0.493408 0.964966 0.052979 -0.167969 0.139526
-0.106445 -0.478394 0.964111 0.055908 -0.157349 0.157959
-0.097290 -0.489502 0.954224 0.032104 -0.170776 0.175903
-0.065674 -0.478516 0.974487 0.052124 -0.190308 0.188477
-0.053955 -0.492310 0.994751 0.033081 -0.194580 0.201294
-0.033203 -0.484619 0.991699 0.028687 -0.197388 0.215454
-0.023438 -0.478149 0.990356 0.020264 -0.201782 0.225830
-0.005615 -0.466553 0.989136 0.032227 -0.199585 0.238647
0.012329 -0.454224 0.998291 0.034424 -0.194702 0.251587
