-0.044312 -0.354370 0.989746 -0.008179 -0.006958 0.005615
-0.047241 -0.350586 0.982788 0.001831 -0.014526 0.010620
-0.046021 -0.345703 0.991455 0.016357 -0.025391 0.012817
-0.045654 -0.335815 1.000854 0.020874 -0.035767 0.012085
-0.044312 -0.337036 1.001709 0.027832 -0.042847 0.017456
-0.039429 -0.335327 1.006226 0.031860 -0.047485 0.023193
-0.034058 -0.326416 1.014160 0.030762 -0.048462 0.026611
-0.026245 -0.320068 1.015625 0.034790 -0.045776 0.028076
-0.027710 -0.322754 1.014526 0.031982 -0.037109 0.025146
-0.021851 -0.311768 1.019043 0.036133 -0.032471 0.024658
-0.021118 -0.314453 1.009277 0.032104 -0.024048 0.030273
-0.014160 -0.310425 1.003296 0.032959 -0.019775 0.034058
-0.008545 -0.314819 1.001953 0.034668 -0.017090 0.031738
-0.005615 -0.304443 0.974976 0.035034 -0.015747 0.030151
0.004028 -0.308838 0.987793 0.034302 -0.027466 0.035156
0.026489 -0.301392 1.005981 0.028198 -0.032471 0.038086
0.041016 -0.280762 1.005249 0.005859 -0.022217 0.041748
0.059082 -0.260254 1.011108 -0.017578 -0.010742 0.046753
0.074463 -0.245361 1.004639 -0.036377 -0.002930 0.045166
0.094238 -0.223511 0.992432 -0.043945 -0.000366 0.035645
0.109619 -0.210083 0.976440 -0.044067 -0.003540 0.016479
0.123901 -0.208008 0.965332 -0.035156 -0.012329 -0.011963
0.139893 -0.181519 0.958984 -0.016113 -0.022217 -0.044434
0.140625 -0.211548 0.929565 -0.007202 -0.032837 -0.070068
0.154297 -0.155640 0.958252 0.027344 -0.043213 -0.128906
0.165894 -0.165771 0.962158 0.063843 -0.061890 -0.149170
0.181274 -0.146484 0.968140 0.017578 -0.090820 -0.177124
0.204102 -0.176514 1.029175 -0.027100 -0.109253 -0.203735
0.247437 -0.176514 1.101807 -0.069702 -0.104126 -0.231445
0.257568 -0.204468 1.110474 -0.130493 -0.056274 -0.250610
0.247314 -0.251465 1.137085 -0.184814 0.008545 -0.273071
0.231079 -0.282471 1.098755 -0.247192 0.078003 -0.291260
0.218262 -0.325684 1.091187 -0.319214 0.135254 -0.312378
0.187012 -0.380615 1.072510 -0.390625 0.196045 -0.323364
0.131714 -0.465332 1.004028 -0.421631 0.255249 -0.308838
0.081177 -0.540039 0.933228 -0.406372 0.288086 -0.281616
0.062500 -0.582642 0.882568 -0.395264 0.292725 -0.259399
-0.016968 -0.651733 0.856445 -0.465576 0.309814 -0.245361
-0.053223 -0.670410 0.830200 -0.367676 0.313599 -0.221069
-0.066284 -0.649048 0.798706 -0.327148 0.268799 -0.197754
-0.088257 -0.650635 0.821045 -0.351074 0.210938 -0.188110
-0.100342 -0.651978 0.848022 -0.311768 0.165527 -0.167480
-0.101318 -0.647217 0.876709 -0.213257 0.124512 -0.152832
-0.069946 -0.570923 0.941895 0.000366 0.085205 -0.149170
-0.026367 -0.512573 0.967041 0.146606 0.033813 -0.135376
-0.052856 -0.507690 0.982666 0.044678 0.047241 -0.137207
-0.072876 -0.485107 0.956909 0.032715 0.100220 -0.125854
-0.101807 -0.485107 0.933228 -0.015747 0.129150 -0.109375
-0.151123 -0.509277 0.919434 -0.115234 0.166016 -0.102783
-0.196533 -0.529053 0.895508 -0.145508 0.171021 -0.079102
-0.219849 -0.515747 0.866943 -0.138184 0.148438 -0.038696
-0.252930 -0.528687 0.848999 -0.137451 0.129639 -0.010498
-0.267456 -0.532227 0.877686 -0.099365 0.099731 0.003662
-0.283936 -0.534180 0.895020 -0.083862 0.068115 0.023804
-0.300049 -0.517822 0.904785 -0.042725 0.038696 0.055664
-0.299927 -0.495728 0.913574 -0.026489 -0.001465 0.096191
-0.294067 -0.474976 0.908325 -0.045776 -0.042969 0.129028
-0.288818 -0.478149 0.921021 -0.041870 -0.072754 0.146240
-0.286133 -0.475708 0.952759 -0.022949 -0.090454 0.151978
-0.276001 -0.476929 0.964111 0.010986 -0.107788 0.166992
-0.255371 -0.476318 1.003540 0.024536 -0.119995 0.185303
-0.242065 -0.487549 1.025879 0.008057 -0.112549 0.207520
-0.242310 -0.500366 1.018677 -0.002563 -0.095093 0.243774
-0.239746 -0.502319 1.005127 -0.009399 -0.083740 0.285889
-0.226563 -0.486572 0.989868 -0.005859 -0.083984 0.324463
-0.206299 -0.471436 0.962280 0.007690 -0.091431 0.352539
-0.185303 -0.464966 0.962524 0.014893 -0.105957 0.368286
-0.167114 -0.462036 0.967041 0.020020 -0.111328 0.386108
-0.155396 -0.461548 0.965820 0.028198 -0.113403 0.404053
-0.132568 -0.455078 0.964722 0.050903 -0.126831 0.413086
-0.103760 -0.456177 0.962036 0.074341 -0.150513 0.416504
-0.074707 -0.451416 0.969482 0.084473 -0.180664 0.410889
-0.038940 -0.443970 0.979858 0.127808 -0.198242 0.410278
0.000000 -0.424927 0.998779 0.122681 -0.209473 0.418823
0.030151 -0.419312 1.014648 0.079224 -0.182251 0.429443
0.056274 -0.401611 1.030273 0.086914 -0.146362 0.445801
0.059570 -0.413086 0.993774 0.010498 -0.111694 0.447021
0.055664 -0.425659 0.972778 -0.070435 -0.107056 0.437378
0.060303 -0.442627 0.956055 -0.048096 -0.126221 0.430786
0.088989 -0.424072 0.952026 -0.021118 -0.164673 0.414917
0.115234 -0.414551 0.974976 0.003418 -0.188477 0.402954
0.138550 -0.408325 0.986816 0.014038 -0.195801 0.390869
0.144897 -0.390991 0.984131 0.036011 -0.190674 0.378906
0.145264 -0.377075 0.968140 0.060547 -0.184814 0.363281
0.148438 -0.356689 0.939697 0.079346 -0.188721 0.343262
0.155273 -0.339111 0.930298 0.091553 -0.201416 0.317749
0.181763 -0.307983 0.954590 0.096680 -0.216431 0.292358
0.204468 -0.291748 0.997192 0.068237 -0.199829 0.280640
0.201538 -0.279907 0.989868 -0.017944 -0.154297 0.276123
0.195923 -0.266846 0.962524 -0.111328 -0.109253 0.272705
0.208374 -0.241089 0.961670 -0.180176 -0.084839 0.262573
0.217285 -0.227051 0.961182 -0.225342 -0.056641 0.240845
0.230103 -0.194336 0.974121 -0.242065 -0.025513 0.215210
0.233521 -0.180298 0.970825 -0.273071 0.006592 0.180908
0.213745 -0.173584 0.967651 -0.254150 0.031372 0.128906
0.198364 -0.175171 0.954956 -0.154541 0.025757 0.058350
0.181763 -0.158447 0.969116 -0.046021 -0.005005 -0.024536
0.175415 -0.141113 0.993408 0.056030 -0.040405 -0.098633
0.175903 -0.110229 1.021362 0.106934 -0.058350 -0.156372
0.182373 -0.071289 1.063110 0.093506 -0.046021 -0.197998
0.157593 -0.072632 1.081665 0.053467 -0.008179 -0.232788
0.108032 -0.084106 1.080811 0.024170 0.025024 -0.265137
0.072876 -0.089722 1.093506 -0.007935 0.050049 -0.291626
0.050293 -0.093262 1.104492 -0.060425 0.078979 -0.308960
0.031860 -0.101807 1.117310 -0.107056 0.116211 -0.324951
-0.001221 -0.141602 1.107178 -0.140503 0.151978 -0.343628
-0.048340 -0.190430 1.074951 -0.159790 0.176758 -0.369263
-0.101563 -0.241333 1.032837 -0.154175 0.174438 -0.387451
-0.139526 -0.270386 1.032837 -0.103271 0.144653 -0.395386
-0.157349 -0.281250 1.036743 -0.040894 0.103149 -0.404053
-0.173706 -0.295654 1.040405 0.016846 0.064331 -0.414795
-0.188965 -0.294434 1.052368 0.058105 0.035645 -0.415405
-0.202393 -0.305420 1.072510 0.064331 0.025024 -0.395752
-0.196045 -0.286621 1.078857 0.030762 0.029297 -0.369141
-0.200928 -0.280640 1.061279 -0.015869 0.043335 -0.344360
-0.205078 -0.278564 1.041992 -0.036133 0.044922 -0.330200
-0.195801 -0.274414 1.017456 -0.038086 0.036011 -0.324829
-0.196899 -0.297241 1.013428 -0.056885 0.033936 -0.325806
-0.176392 -0.296753 1.036133 -0.026367 0.046631 -0.334839
-0.149902 -0.289917 1.070557 -0.054199 0.040894 -0.330078
-0.163818 -0.343506 1.064087 -0.105347 0.054565 -0.313965
-0.197144 -0.392822 1.039429 -0.143066 0.076538 -0.296021
-0.220947 -0.425659 1.003540 -0.139893 0.075806 -0.275635
-0.233765 -0.423828 0.962769 -0.099121 0.036499 -0.255249
-0.216797 -0.395752 0.961548 -0.042358 -0.012573 -0.257080
-0.215454 -0.419678 0.955200 -0.001953 -0.040649 -0.251953
-0.200317 -0.414185 0.983887 0.049927 -0.049316 -0.234009
-0.203613 -0.452148 0.995239 0.027100 -0.032715 -0.192749
-0.204956 -0.473755 0.990723 -0.035034 -0.011719 -0.146118
-0.203979 -0.489624 0.985107 -0.070679 -0.004028 -0.108398
-0.203247 -0.507690 0.971924 -0.094849 0.001831 -0.069946
-0.205078 -0.528198 0.946777 -0.080933 0.005493 -0.037842
-0.218994 -0.553589 0.915649 -0.068481 -0.005371 -0.017822
-0.230957 -0.578247 0.911743 -0.031860 -0.036255 -0.003906
-0.230103 -0.593994 0.915039 -0.000366 -0.083740 0.009766
-0.195679 -0.583984 0.953491 0.034058 -0.132690 0.030273
-0.157837 -0.544067 1.004517 0.046509 -0.149536 0.055786
-0.126831 -0.515869 1.005005 0.025024 -0.131592 0.086792
-0.126465 -0.509277 0.976563 -0.011475 -0.109863 0.103027
-0.130371 -0.523804 0.948486 -0.021606 -0.108154 0.110229
-0.136230 -0.553955 0.919312 -0.003052 -0.125610 0.120972
-0.114258 -0.542358 0.911865 0.049072 -0.162842 0.139404
-0.077881 -0.517578 0.948608 0.075317 -0.184326 0.170532
-0.067261 -0.508057 0.950928 0.063477 -0.185425 0.203979
-0.052979 -0.487549 0.945801 0.074951 -0.194458 0.221191
-0.025879 -0.451904 0.950806 0.091187 -0.214966 0.222900
0.008545 -0.423218 0.944458 0.100342 -0.243042 0.229370
0.035889 -0.416260 0.981934 0.094727 -0.249023 0.227783
0.068481 -0.388062 0.981201 0.057007 -0.241699 0.216553
0.086914 -0.355713 0.978149 0.057617 -0.227173 0.200073
