0.059937 -0.273560 1.016602 -0.064331 0.023315 -0.057861
0.057129 -0.263550 1.001831 -0.054565 0.033691 -0.058716
0.041260 -0.273315 0.987915 -0.056152 0.038574 -0.072754
0.037720 -0.262573 0.978516 -0.038696 0.028809 -0.091431
0.039307 -0.246216 0.968140 -0.029785 0.011841 -0.106934
0.043579 -0.237915 0.971558 -0.041870 0.002686 -0.122437
0.042236 -0.239258 0.982544 -0.086792 -0.000244 -0.143188
0.036133 -0.243164 0.992676 -0.116821 -0.001343 -0.165039
0.038452 -0.250732 0.995239 -0.149048 -0.001587 -0.184937
0.025757 -0.256714 0.999146 -0.197266 0.001953 -0.199219
0.020264 -0.269775 0.998047 -0.250610 0.003784 -0.211304
0.010498 -0.299805 1.015381 -0.296631 0.001953 -0.224609
-0.003540 -0.336426 1.031250 -0.329834 0.000366 -0.232544
-0.023560 -0.369995 1.059814 -0.329224 0.003052 -0.230469
-0.032104 -0.380859 1.068115 -0.303345 0.009277 -0.217896
-0.038330 -0.380249 1.056030 -0.290161 0.020508 -0.203247
-0.067139 -0.430298 1.031494 -0.278442 0.026245 -0.196289
-0.106201 -0.495361 1.026733 -0.218628 0.016113 -0.181763
-0.125854 -0.547363 1.031860 -0.131104 -0.003906 -0.152832
-0.132446 -0.561401 1.031128 -0.072021 -0.031128 -0.117188
-0.123047 -0.546387 1.007446 -0.052368 -0.055786 -0.089355
-0.114990 -0.552490 1.020386 -0.018677 -0.077148 -0.052856
-0.098389 -0.540894 1.009888 0.022705 -0.091064 -0.020874
-0.090454 -0.546997 1.013794 0.015747 -0.095093 -0.000977
-0.095947 -0.564941 1.011108 0.034912 -0.095703 0.011963
-0.088135 -0.568604 1.007080 0.081421 -0.093384 0.027344
-0.075684 -0.566528 1.006348 0.133301 -0.094116 0.039429
-0.066772 -0.574219 1.007324 0.198486 -0.103638 0.039551
-0.054077 -0.575439 1.007080 0.273926 -0.113770 0.036865
-0.036011 -0.567627 1.003662 0.343872 -0.123291 0.047607
-0.033691 -0.559692 0.989380 0.411377 -0.126465 0.070679
-0.011719 -0.564697 0.995850 0.490601 -0.141968 0.103638
0.032715 -0.521729 1.018921 0.559814 -0.157715 0.128784
0.063354 -0.491699 1.025635 0.554199 -0.143066 0.160645
0.082031 -0.466675 1.012451 0.513672 -0.100098 0.202393
0.081299 -0.453125 0.972778 0.415283 -0.051880 0.244995
0.085693 -0.440063 0.930786 0.287231 -0.027710 0.277222
0.103882 -0.418823 0.931274 0.232178 -0.024414 0.300659
0.123779 -0.409668 0.946655 0.221313 -0.033081 0.308838
0.147705 -0.390869 0.964233 0.238892 -0.040161 0.309692
0.168091 -0.377441 0.978271 0.227539 -0.036865 0.310181
0.179810 -0.356201 0.962036 0.198242 -0.018311 0.315674
0.179688 -0.352661 0.938477 0.184814 0.003418 0.326782
0.175049 -0.348511 0.913574 0.139038 0.009644 0.330688
0.183838 -0.339600 0.895630 0.117310 0.001953 0.336548
0.195068 -0.326904 0.904785 0.106689 -0.010254 0.346313
0.201660 -0.328735 0.917114 0.074951 -0.020996 0.355103
0.215698 -0.323364 0.919312 0.067627 -0.033325 0.363403
0.218750 -0.312500 0.917358 0.061279 -0.038574 0.373291
0.221436 -0.307617 0.904053 0.069824 -0.041870 0.381226
0.237061 -0.274292 0.906860 0.086426 -0.048950 0.384155
0.253540 -0.237671 0.898804 0.094482 -0.046021 0.380493
0.263184 -0.223267 0.910522 0.078613 -0.043945 0.367432
0.264038 -0.219849 0.929199 0.082031 -0.037231 0.344727
0.234375 -0.239624 0.916992 0.048462 -0.031250 0.316528
0.223633 -0.243042 0.925903 0.056641 -0.040894 0.304810
0.229126 -0.229858 0.929932 0.052490 -0.044434 0.299805
0.235352 -0.202515 0.942993 0.036987 -0.035767 0.291870
0.224487 -0.183228 0.918091 0.007568 -0.024414 0.276367
0.225586 -0.164917 0.918335 -0.007935 -0.026367 0.250488
0.210571 -0.157471 0.932739 -0.022461 -0.033203 0.216675
0.205933 -0.170654 0.948364 -0.016479 -0.040527 0.186768
0.179565 -0.169922 0.979126 -0.000732 -0.046143 0.157837
0.181641 -0.154907 0.982788 0.029419 -0.051636 0.137817
0.175903 -0.149048 0.992554 0.002563 -0.046143 0.113403
0.192993 -0.120239 1.013184 0.016724 -0.032715 0.099731
0.180542 -0.104004 1.018311 -0.053833 0.003540 0.079224
0.163452 -0.108887 1.008545 -0.111328 0.030151 0.067749
0.134399 -0.125122 1.002197 -0.155396 0.041016 0.054443
0.115234 -0.135986 1.011597 -0.162354 0.031250 0.033813
0.107300 -0.135742 1.031982 -0.148438 0.012207 0.019653
0.115601 -0.117554 1.051270 -0.133911 -0.002563 0.008789
0.109497 -0.093750 1.043823 -0.161255 0.001831 -0.010620
0.112183 -0.061646 1.048950 -0.145264 0.006714 -0.032837
0.117676 -0.037109 1.077026 -0.139404 0.012939 -0.066895
0.104736 -0.041992 1.092896 -0.153931 0.025879 -0.110962
0.090210 -0.057739 1.101929 -0.164429 0.034790 -0.145020
0.069092 -0.068359 1.100220 -0.171875 0.044556 -0.167480
0.054688 -0.073120 1.108398 -0.195923 0.053711 -0.187500
0.033447 -0.072021 1.083496 -0.208130 0.055420 -0.198486
0.018555 -0.077393 1.104004 -0.193115 0.046875 -0.206055
0.017456 -0.071899 1.105347 -0.185791 0.034180 -0.218018
0.023193 -0.060791 1.114258 -0.177612 0.028564 -0.234497
0.020142 -0.049316 1.131104 -0.193237 0.033081 -0.256836
0.008057 -0.073853 1.138062 -0.210327 0.046753 -0.278442
0.002808 -0.089233 1.161255 -0.214233 0.069336 -0.288940
-0.014526 -0.110718 1.157104 -0.261841 0.114746 -0.284546
-0.044434 -0.149292 1.136230 -0.321289 0.159912 -0.274658
-0.075806 -0.193481 1.123047 -0.339844 0.174072 -0.268677
-0.109497 -0.240112 1.107910 -0.315918 0.166138 -0.265015
-0.135620 -0.289551 1.109863 -0.268555 0.136841 -0.251465
-0.123657 -0.291626 1.119507 -0.209839 0.094482 -0.234863
-0.099365 -0.261353 1.140015 -0.145752 0.068726 -0.217407
-0.099243 -0.252197 1.119507 -0.116577 0.084839 -0.203369
-0.101685 -0.242432 1.079346 -0.120117 0.096313 -0.195679
-0.090332 -0.237549 1.073242 -0.109863 0.098877 -0.191650
-0.068848 -0.217773 1.065552 -0.102051 0.104370 -0.190674
-0.055908 -0.215210 1.067993 -0.093872 0.120972 -0.190918
-0.054077 -0.233032 1.049316 -0.097412 0.141357 -0.195190
-0.052368 -0.234863 1.035278 -0.107788 0.155029 -0.207397
-0.075806 -0.279663 0.990112 -0.136475 0.151611 -0.216187
-0.074097 -0.293335 0.990967 -0.123901 0.132813 -0.222778
-0.055542 -0.288940 0.982666 -0.117432 0.104736 -0.225220
-0.042725 -0.302490 0.991455 -0.124512 0.091187 -0.225708
-0.036133 -0.331665 1.004883 -0.152466 0.085083 -0.215820
-0.037598 -0.359253 1.005981 -0.173462 0.096802 -0.193115
-0.044556 -0.394531 1.005371 -0.190796 0.120361 -0.157959
-0.034546 -0.423950 1.009155 -0.228882 0.146240 -0.118530
-0.021240 -0.420654 1.024414 -0.277222 0.167114 -0.096191
-0.014038 -0.414917 0.997925 -0.295654 0.187988 -0.089111
-0.023438 -0.420776 0.948853 -0.284668 0.184814 -0.107300
-0.045166 -0.449829 0.903320 -0.227539 0.142944 -0.148438
-0.064087 -0.494507 0.899902 -0.101563 0.062500 -0.195679
-0.046387 -0.518921 0.931641 0.050903 -0.036987 -0.229370
-0.003296 -0.509888 0.972412 0.169067 -0.100220 -0.235596
0.043335 -0.494873 1.032959 0.172119 -0.105713 -0.209839
0.076538 -0.467651 1.027100 0.061035 -0.038208 -0.164917
0.063232 -0.496338 0.994019 -0.062500 0.054810 -0.115112
0.048340 -0.534424 0.967041 -0.156860 0.116211 -0.075928
0.029907 -0.570557 0.936401 -0.232788 0.162598 -0.040894
0.003296 -0.608643 0.903320 -0.272339 0.183960 -0.017822
-0.012939 -0.627808 0.874512 -0.244751 0.162476 -0.008667
-0.027222 -0.633667 0.845825 -0.173218 0.112793 -0.015747
-0.040039 -0.644653 0.822388 -0.072876 0.040771 -0.033569
-0.019409 -0.620605 0.825073 0.044189 -0.052002 -0.051392
0.030518 -0.576416 0.865845 0.128784 -0.108765 -0.058228
0.068481 -0.544556 0.910278 0.127686 -0.102539 -0.051025
0.053711 -0.555664 0.888916 0.047363 -0.051636 -0.029663
0.032715 -0.561401 0.873169 -0.024414 -0.010986 -0.008301
0.010498 -0.581787 0.858276 -0.070801 -0.001587 0.011353
0.009766 -0.573120 0.853638 -0.063477 -0.017578 0.024048
0.012207 -0.572388 0.852539 -0.038574 -0.035889 0.034668
0.017578 -0.556885 0.863403 -0.014526 -0.052124 0.042480
0.017822 -0.546753 0.865112 -0.005493 -0.059937 0.050293
0.001465 -0.539185 0.858398 -0.007202 -0.071655 0.057739
-0.005005 -0.519165 0.839355 -0.003540 -0.093140 0.065063
-0.004639 -0.494019 0.837280 0.015747 -0.117920 0.070801
0.002563 -0.481079 0.857910 0.030396 -0.139893 0.074829
0.009644 -0.475952 0.889893 0.030029 -0.153076 0.075928
0.012451 -0.482056 0.913574 0.015259 -0.151733 0.083618
0.008911 -0.479126 0.918945 0.001587 -0.146729 0.092285
0.008301 -0.473999 0.920410 -0.003174 -0.144043 0.103516
0.007324 -0.474609 0.927856 -0.010864 -0.140381 0.112183
0.011353 -0.477661 0.951050 -0.025635 -0.133423 0.120972
0.015137 -0.480835 0.968750 -0.055054 -0.124512 0.130615
0.016479 -0.486084 0.983643 -0.076660 -0.115601 0.143066
0.028931 -0.483521 1.003418 -0.078857 -0.111816 0.149780
0.036377 -0.478516 1.023193 -0.063110 -0.109253 0.147461
0.040649 -0.462891 1.032104 -0.029053 -0.105591 0.139526
0.041626 -0.452515 1.033813 0.001465 -0.089844 0.136719
