0.019165 -0.384888 0.945801 -0.161865 0.049438 -0.092041
0.017944 -0.377686 0.941528 -0.181152 0.046875 -0.097778
0.010620 -0.389282 0.943726 -0.206787 0.046021 -0.107788
0.008911 -0.388794 0.953369 -0.208496 0.037476 -0.120239
0.006958 -0.373291 0.951538 -0.203979 0.029053 -0.135864
-0.003174 -0.379761 0.937744 -0.191040 0.019531 -0.160278
-0.015015 -0.394775 0.947388 -0.161133 0.004395 -0.187988
-0.029541 -0.424438 0.948853 -0.132324 -0.013672 -0.198853
-0.042725 -0.445557 0.947998 -0.120483 -0.031616 -0.202393
-0.039795 -0.441406 0.965332 -0.111450 -0.054443 -0.198730
-0.035278 -0.451294 0.994751 -0.115234 -0.070068 -0.184570
-0.026611 -0.441895 1.020508 -0.121460 -0.064331 -0.171265
-0.024170 -0.439209 1.039063 -0.127686 -0.047119 -0.161133
-0.034668 -0.437744 1.043701 -0.157959 -0.015137 -0.149170
-0.065430 -0.470215 1.011108 -0.211792 0.020874 -0.128784
-0.088013 -0.509155 0.994263 -0.240967 0.033691 -0.107300
-0.098999 -0.531372 0.982300 -0.235596 0.028198 -0.086304
-0.110107 -0.546509 0.985229 -0.172119 0.007690 -0.076416
-0.113403 -0.569824 0.969238 -0.079956 -0.025879 -0.071411
-0.097290 -0.574829 0.989014 0.040894 -0.064819 -0.068359
-0.086792 -0.584717 0.996460 0.132568 -0.086060 -0.057617
-0.070435 -0.585083 1.003906 0.182739 -0.094116 -0.034302
-0.052490 -0.608276 1.005249 0.171143 -0.107056 0.002197
-0.040283 -0.614258 1.016724 0.126587 -0.098755 0.026367
-0.036133 -0.630737 1.007202 0.116577 -0.075928 0.034912
-0.024658 -0.635986 1.001709 0.167358 -0.061768 0.040527
-0.013428 -0.638550 1.008057 0.212158 -0.041992 0.053711
-0.008545 -0.649414 0.968018 0.211426 -0.011353 0.073364
-0.011963 -0.661377 0.947510 0.199707 0.009277 0.106323
-0.007568 -0.677368 0.933350 0.198486 0.014160 0.138916
0.009644 -0.670410 0.922607 0.200806 0.004517 0.166992
0.025391 -0.655762 0.892090 0.210571 -0.009033 0.189087
0.045410 -0.648315 0.877563 0.249268 -0.029663 0.205811
0.077271 -0.632935 0.888550 0.295288 -0.052246 0.220581
0.096802 -0.618408 0.892090 0.312256 -0.057251 0.235718
0.112427 -0.602417 0.884521 0.318970 -0.054321 0.252686
0.112793 -0.597290 0.859131 0.292480 -0.051758 0.266724
0.120239 -0.570557 0.838501 0.314209 -0.062134 0.275513
0.136108 -0.554443 0.841675 0.325073 -0.080444 0.291870
0.140991 -0.539185 0.837402 0.297485 -0.079956 0.314575
0.133423 -0.525269 0.816772 0.262939 -0.074951 0.339722
0.122192 -0.516235 0.792358 0.238403 -0.085205 0.360229
0.140625 -0.481079 0.798096 0.241455 -0.131348 0.374878
0.144653 -0.471191 0.785034 0.182861 -0.166748 0.374878
0.193237 -0.422974 0.833618 0.204834 -0.211792 0.369141
0.223633 -0.394775 0.873413 0.159668 -0.227905 0.368164
0.244141 -0.373413 0.895874 0.109741 -0.216919 0.367676
0.245728 -0.351807 0.904175 0.055542 -0.191162 0.357422
0.244873 -0.338135 0.893311 0.033936 -0.171997 0.343750
0.257080 -0.314697 0.908569 0.027954 -0.162109 0.329102
0.259155 -0.318604 0.939697 -0.003784 -0.143799 0.326050
0.261230 -0.321045 0.964111 -0.024536 -0.113770 0.329712
0.259888 -0.317383 0.971924 -0.055542 -0.078857 0.332275
0.243408 -0.305664 0.977783 -0.093750 -0.041626 0.324585
0.234009 -0.293701 0.978760 -0.099854 -0.031372 0.304199
0.225342 -0.286255 0.982422 -0.085449 -0.041626 0.272583
0.232544 -0.278442 1.012085 -0.071899 -0.056885 0.239868
0.247437 -0.252075 1.027344 -0.034790 -0.067017 0.214600
0.255005 -0.211182 1.062988 -0.001343 -0.062500 0.194824
0.254517 -0.178589 1.057739 0.001831 -0.034546 0.172607
0.232300 -0.153809 1.037476 -0.032593 -0.000732 0.139893
0.206543 -0.139526 1.030273 -0.079590 0.026367 0.107544
0.185181 -0.136230 1.012695 -0.119751 0.046143 0.084106
0.166382 -0.133667 1.018311 -0.125854 0.056152 0.061523
0.161011 -0.132202 1.035889 -0.144897 0.058960 0.039185
0.158447 -0.128296 1.070435 -0.146973 0.058594 0.017334
0.162598 -0.109375 1.089966 -0.130737 0.063843 -0.007935
0.166992 -0.091675 1.100586 -0.109009 0.067261 -0.040161
0.161011 -0.080444 1.123779 -0.098145 0.079956 -0.082397
0.135864 -0.082397 1.111206 -0.095215 0.094482 -0.125366
0.107178 -0.073853 1.086548 -0.073486 0.103516 -0.162964
0.076538 -0.068481 1.073730 -0.057007 0.101685 -0.197876
0.050049 -0.069458 1.068848 -0.055298 0.097900 -0.231689
0.024536 -0.079346 1.056396 -0.041870 0.096069 -0.262939
0.003296 -0.082397 1.049316 -0.026489 0.091187 -0.290405
-0.028931 -0.098145 1.031494 -0.043579 0.094727 -0.311646
-0.056396 -0.109863 1.004395 -0.078247 0.100830 -0.323853
-0.061768 -0.101318 1.016846 -0.104736 0.104126 -0.334473
-0.084229 -0.137817 1.023926 -0.157837 0.124512 -0.337769
-0.099121 -0.166260 1.009521 -0.199585 0.148926 -0.343384
-0.118286 -0.209839 0.995850 -0.232666 0.167847 -0.349121
-0.133667 -0.238037 0.996460 -0.247681 0.175415 -0.353638
-0.149292 -0.278809 0.989624 -0.270142 0.179443 -0.344971
-0.159668 -0.306274 0.977539 -0.290649 0.175537 -0.331665
-0.178467 -0.322754 0.961060 -0.307007 0.164185 -0.316162
-0.180786 -0.352905 0.958862 -0.307495 0.138550 -0.302246
-0.159790 -0.349487 0.984009 -0.278564 0.099854 -0.292725
-0.139404 -0.355225 1.000244 -0.229614 0.074097 -0.289917
-0.113770 -0.364868 1.018433 -0.163574 0.052979 -0.293335
-0.083740 -0.351563 1.056152 -0.130005 0.047119 -0.303589
-0.067627 -0.362427 1.061523 -0.137817 0.064697 -0.307495
-0.062012 -0.369507 1.064331 -0.171875 0.095459 -0.305054
-0.067139 -0.400635 1.048218 -0.205688 0.121826 -0.292236
-0.073242 -0.433960 1.041260 -0.208130 0.128540 -0.278198
-0.077026 -0.460693 1.024414 -0.186646 0.116821 -0.270142
-0.061279 -0.476196 1.018066 -0.112305 0.084839 -0.268066
-0.036865 -0.485718 1.028931 -0.047363 0.062134 -0.257813
-0.015869 -0.502930 1.035278 -0.040405 0.062256 -0.241699
0.001587 -0.505981 1.046021 -0.075684 0.085205 -0.218994
-0.016846 -0.547974 0.994751 -0.142456 0.128052 -0.182739
-0.026245 -0.558472 0.962158 -0.191772 0.157227 -0.155396
-0.042725 -0.583618 0.912354 -0.204590 0.159180 -0.136597
-0.049316 -0.606567 0.873169 -0.153687 0.132935 -0.125854
-0.065430 -0.651489 0.840942 -0.100952 0.088013 -0.121704
-0.052002 -0.686646 0.851318 -0.042725 0.030640 -0.115112
-0.026733 -0.709961 0.880981 -0.027344 -0.013550 -0.093994
0.000610 -0.708862 0.901001 -0.050171 -0.024170 -0.069580
0.034302 -0.701416 0.929932 -0.058228 -0.018066 -0.043701
0.048096 -0.695313 0.927124 -0.077148 0.004395 -0.027222
0.045654 -0.704956 0.890503 -0.107056 0.025635 -0.006104
0.058350 -0.709473 0.883789 -0.130493 0.048096 0.009644
0.045166 -0.750122 0.880615 -0.159912 0.075928 0.020752
0.012207 -0.806519 0.863037 -0.156738 0.086548 0.033325
-0.016846 -0.852417 0.834473 -0.114502 0.056396 0.046021
-0.023315 -0.860840 0.825195 -0.034546 -0.001465 0.059814
-0.001465 -0.819946 0.837769 0.063965 -0.067017 0.067749
0.025391 -0.771484 0.837280 0.142456 -0.113281 0.077759
0.045166 -0.723999 0.839355 0.200684 -0.143311 0.088745
0.055298 -0.683472 0.836670 0.236328 -0.160400 0.096069
0.052246 -0.657593 0.827637 0.251465 -0.176636 0.101318
0.066528 -0.608032 0.829590 0.269165 -0.199951 0.106079
0.078979 -0.565796 0.849731 0.266113 -0.208740 0.119263
0.080200 -0.542114 0.835205 0.242676 -0.200317 0.135132
0.088745 -0.518311 0.817871 0.218872 -0.194092 0.136719
0.089233 -0.501343 0.838989 0.205444 -0.199341 0.126343
0.073853 -0.510864 0.846436 0.204468 -0.200928 0.118774
0.068970 -0.494263 0.844604 0.214600 -0.198120 0.117554
0.054810 -0.479492 0.835693 0.200684 -0.189941 0.124756
0.052002 -0.453247 0.824829 0.168457 -0.184448 0.133179
0.051147 -0.425659 0.834351 0.132202 -0.181274 0.151611
0.044189 -0.433960 0.852173 0.101563 -0.171631 0.178589
0.046021 -0.428833 0.876953 0.080200 -0.170654 0.191406
0.044800 -0.418579 0.888184 0.072388 -0.171631 0.196289
0.048950 -0.412109 0.901733 0.060425 -0.177856 0.192505
0.047974 -0.412964 0.921021 0.053223 -0.182983 0.179321
0.055542 -0.407715 0.936646 0.049438 -0.177124 0.172363
0.052246 -0.405396 0.945068 0.031738 -0.162231 0.175293
0.041992 -0.395630 0.934570 0.000977 -0.142700 0.184692
0.042114 -0.383667 0.939453 -0.028931 -0.125000 0.200073
0.046021 -0.373901 0.958374 -0.066162 -0.103027 0.212524
0.043701 -0.373413 0.972046 -0.115845 -0.077881 0.223267
0.039063 -0.380371 0.989746 -0.177002 -0.052002 0.233521
0.030396 -0.401123 1.004028 -0.249146 -0.031006 0.240845
0.031250 -0.407104 1.032349 -0.270996 -0.020142 0.252441
0.020874 -0.423096 1.042480 -0.262573 -0.016357 0.257813
0.028809 -0.414307 1.055542 -0.198364 -0.025269 0.254272
0.046387 -0.400513 1.079956 -0.112671 -0.035034 0.249512
0.050293 -0.381348 1.078369 -0.046387 -0.025024 0.244995
0.054443 -0.352295 1.057251 -0.004395 -0.000488 0.240356
0.032837 -0.339966 1.005737 -0.018066 0.031128 0.233765
