0.071533 -0.188843 1.037109 -0.082397 0.007690 -0.045776
0.065918 -0.178955 1.025757 -0.109863 0.015015 -0.037476
0.054565 -0.173950 1.026489 -0.125000 0.011963 -0.043579
0.049561 -0.166016 1.027954 -0.117798 0.006836 -0.055298
0.041504 -0.147827 1.030518 -0.110840 0.000244 -0.070313
0.029175 -0.120117 1.020142 -0.108032 -0.010376 -0.088501
0.020386 -0.111694 1.032837 -0.115967 -0.026611 -0.114990
0.002319 -0.137695 1.025757 -0.125610 -0.041504 -0.144409
-0.021484 -0.173584 1.002686 -0.122437 -0.064209 -0.174683
-0.022705 -0.201538 1.019897 -0.122803 -0.107788 -0.204468
-0.011475 -0.219727 1.067139 -0.107056 -0.145752 -0.220703
-0.002930 -0.247192 1.095581 -0.053223 -0.155151 -0.222900
-0.000488 -0.262817 1.117310 -0.011108 -0.147095 -0.212280
-0.005981 -0.265015 1.119873 -0.014526 -0.131958 -0.184814
-0.010132 -0.253540 1.101685 -0.033569 -0.113770 -0.153198
-0.008545 -0.250977 1.100220 -0.065430 -0.102661 -0.140869
-0.026978 -0.288452 1.082886 -0.092163 -0.086914 -0.156006
-0.033081 -0.318726 1.054932 -0.075806 -0.092529 -0.172852
-0.037231 -0.357422 1.041626 -0.043213 -0.114624 -0.179443
-0.024048 -0.403442 1.062744 -0.001831 -0.137695 -0.164429
-0.006226 -0.418945 1.087646 0.041870 -0.138672 -0.116089
0.011108 -0.403320 1.092529 0.054077 -0.116821 -0.057251
0.020874 -0.372803 1.075684 0.044067 -0.089722 -0.008057
0.028076 -0.349854 1.049072 0.042114 -0.072632 0.022217
0.043823 -0.346802 1.043457 0.062012 -0.070190 0.031494
0.059204 -0.344727 1.039795 0.098633 -0.077881 0.030151
0.089966 -0.320679 1.078979 0.141479 -0.077271 0.031006
0.115601 -0.287964 1.055786 0.151855 -0.065063 0.032227
0.106079 -0.304565 1.035645 0.140991 -0.033447 0.037598
0.092407 -0.356934 1.010132 0.158691 -0.019043 0.049194
0.067017 -0.406982 0.980835 0.165161 -0.020386 0.082520
0.096436 -0.377808 1.013062 0.222412 -0.019409 0.133545
0.107178 -0.352051 0.990845 0.217896 -0.015869 0.177124
0.117920 -0.346924 0.997681 0.224365 -0.013916 0.200195
0.146240 -0.337524 1.022217 0.238647 -0.009644 0.212280
0.144897 -0.350830 1.002686 0.191528 0.003418 0.232056
0.150757 -0.348633 0.984253 0.181519 0.014404 0.252197
0.161011 -0.352783 0.969482 0.180420 0.015503 0.270264
0.181152 -0.344727 0.971069 0.166382 0.012573 0.278809
0.196167 -0.353027 0.988892 0.155640 0.009521 0.279297
0.212158 -0.353027 0.997070 0.170898 0.017456 0.289429
0.218750 -0.347046 0.997314 0.166992 0.025513 0.308716
0.223511 -0.345581 0.976807 0.167969 0.038452 0.333374
0.232056 -0.332764 0.955811 0.163574 0.042114 0.353271
0.247803 -0.301880 0.948242 0.160400 0.032104 0.368652
0.267456 -0.264282 0.953857 0.152222 0.022583 0.375244
0.272705 -0.262695 0.962524 0.134521 0.020142 0.370117
0.269775 -0.262451 0.957520 0.125488 0.008301 0.363159
0.281128 -0.244507 0.960938 0.135742 -0.012817 0.347168
0.295532 -0.217041 0.984863 0.153076 -0.036255 0.319458
0.306030 -0.179810 0.988159 0.166992 -0.038818 0.298706
0.301147 -0.156494 0.979614 0.135010 -0.030029 0.298950
0.304688 -0.120483 0.977417 0.096924 -0.015137 0.303345
0.296753 -0.097046 0.966431 0.052979 0.001343 0.296143
0.288696 -0.085449 0.948486 0.014282 0.012817 0.272095
0.274536 -0.068115 0.935913 -0.020264 0.027222 0.247314
0.250000 -0.073975 0.910400 -0.069458 0.044922 0.226074
0.220215 -0.070435 0.891724 -0.107422 0.048584 0.205688
0.196533 -0.066406 0.885254 -0.121338 0.034180 0.181152
0.191406 -0.050415 0.880493 -0.117432 0.005005 0.151489
0.192505 -0.034302 0.905884 -0.122681 -0.028198 0.117798
0.191162 -0.022949 0.930298 -0.130615 -0.050659 0.081543
0.185059 -0.006714 0.937988 -0.133301 -0.063721 0.046997
0.187500 0.008789 0.954712 -0.145264 -0.079468 0.018066
0.182861 0.030029 0.973877 -0.147095 -0.094482 -0.008423
0.192871 0.060547 1.010986 -0.145386 -0.103516 -0.031006
0.194458 0.078369 1.025635 -0.180542 -0.107788 -0.046631
0.199219 0.110474 1.044312 -0.210815 -0.098999 -0.063477
0.190552 0.114990 1.051514 -0.246338 -0.081787 -0.088989
0.175171 0.129639 1.055542 -0.266724 -0.074829 -0.121582
0.161621 0.119385 1.075317 -0.267578 -0.076782 -0.157349
0.160034 0.115845 1.105347 -0.237793 -0.092896 -0.196045
0.163574 0.103149 1.152466 -0.202759 -0.104614 -0.221558
0.169434 0.101196 1.201050 -0.183228 -0.090454 -0.231812
0.169067 0.098022 1.226929 -0.202393 -0.049194 -0.243042
0.145996 0.082275 1.233276 -0.228027 0.004028 -0.261108
0.117432 0.051880 1.232788 -0.253906 0.058472 -0.277344
0.084229 0.014526 1.209229 -0.286011 0.104370 -0.283081
0.049561 -0.024170 1.189941 -0.305664 0.138916 -0.281494
0.021240 -0.054443 1.178955 -0.289307 0.154053 -0.280396
0.009888 -0.073730 1.186646 -0.247192 0.147583 -0.284912
0.011719 -0.090088 1.215820 -0.213867 0.140991 -0.282593
0.014282 -0.104126 1.237671 -0.207275 0.161499 -0.277100
0.014160 -0.111938 1.234497 -0.212036 0.198120 -0.271484
0.000854 -0.107300 1.210205 -0.224854 0.237915 -0.272705
-0.030762 -0.153442 1.151489 -0.250000 0.270020 -0.265869
-0.060059 -0.198853 1.089722 -0.241821 0.280518 -0.255737
-0.093506 -0.264648 1.043091 -0.189575 0.258423 -0.246826
-0.107910 -0.296997 1.008423 -0.135254 0.199829 -0.242188
-0.099976 -0.278564 1.006226 -0.070557 0.126953 -0.234009
-0.074341 -0.274658 1.025024 -0.017212 0.068726 -0.222046
-0.041870 -0.280029 1.050903 0.006714 0.038330 -0.210693
-0.010376 -0.284912 1.069214 0.006104 0.040283 -0.199341
0.021118 -0.261719 1.076782 -0.011597 0.074341 -0.174438
0.045044 -0.250610 1.077881 -0.079590 0.130371 -0.139160
0.034790 -0.296509 1.044434 -0.150513 0.192017 -0.105713
0.004028 -0.332764 0.995483 -0.167114 0.226563 -0.058105
-0.002319 -0.333496 0.973022 -0.164063 0.215820 -0.021362
0.004150 -0.311768 0.950073 -0.133179 0.172974 -0.017212
0.016479 -0.325073 0.947021 -0.079712 0.113647 -0.041870
0.038452 -0.347046 0.981567 -0.021362 0.062012 -0.074951
0.055176 -0.360596 1.018066 0.003296 0.039917 -0.091797
0.055664 -0.386963 1.025757 -0.001465 0.058228 -0.088745
0.046997 -0.413940 1.005249 -0.027344 0.087280 -0.070679
0.033936 -0.410400 0.974976 -0.068970 0.106323 -0.042114
0.023560 -0.403320 0.935059 -0.101929 0.106567 -0.013428
0.033447 -0.410767 0.927612 -0.104370 0.085449 -0.000977
0.049438 -0.416992 0.936279 -0.082764 0.052002 -0.015381
0.069336 -0.395630 0.946899 -0.045898 0.025635 -0.041016
0.074219 -0.398315 0.942627 -0.037476 0.020020 -0.057983
0.066040 -0.440796 0.933105 -0.042847 0.021851 -0.063721
0.061401 -0.458496 0.932129 -0.041260 0.018433 -0.060425
0.060547 -0.456421 0.919067 -0.040894 0.009644 -0.048096
0.067017 -0.459595 0.934570 -0.037720 0.000610 -0.030640
0.058472 -0.474243 0.934937 -0.042603 0.000610 -0.022339
0.045166 -0.484009 0.910889 -0.049805 0.001587 -0.016846
0.028076 -0.482788 0.890869 -0.045410 -0.004395 -0.013306
0.027588 -0.475220 0.877441 -0.041260 -0.022217 -0.010742
0.034912 -0.463257 0.895996 -0.028320 -0.043091 -0.012939
0.035645 -0.456055 0.898682 -0.023438 -0.055664 -0.013306
0.031494 -0.457153 0.890625 -0.021729 -0.059692 -0.002319
0.030396 -0.450562 0.880615 -0.018188 -0.071167 0.004150
0.030640 -0.467529 0.886230 -0.007080 -0.088867 0.007690
0.038086 -0.471802 0.917236 0.014404 -0.108887 0.007202
0.048218 -0.484009 0.943970 0.030518 -0.118530 0.014648
0.053589 -0.509399 0.953735 0.041748 -0.120972 0.028809
0.037231 -0.545654 0.996338 0.070557 -0.123657 0.046997
0.036743 -0.563599 1.012451 0.089600 -0.128174 0.068970
0.054810 -0.547607 1.039063 0.098633 -0.130981 0.104248
0.087769 -0.477539 1.076782 0.090942 -0.118774 0.137817
0.113403 -0.416992 1.083008 0.041870 -0.075317 0.159790
0.094238 -0.362793 1.044434 -0.007690 -0.009521 0.174438
0.051514 -0.313843 0.940796 -0.046509 0.036011 0.179443
0.016602 -0.307983 0.869629 -0.055298 0.013794 0.158325
0.003784 -0.333374 0.864990 -0.002197 -0.056519 0.116699
0.000977 -0.330322 0.893311 0.083374 -0.139282 0.082397
0.021851 -0.332153 0.937378 0.136230 -0.205566 0.068115
0.050415 -0.326904 0.981445 0.134644 -0.229736 0.079346
0.077026 -0.317627 1.030762 0.084595 -0.209595 0.102905
0.085083 -0.298340 1.040649 0.019897 -0.160400 0.135010
0.071655 -0.273804 1.025146 -0.042969 -0.112183 0.159546
0.065552 -0.257446 1.024536 -0.083130 -0.093018 0.169434
0.058472 -0.246582 1.010132 -0.090332 -0.107178 0.161255
0.069824 -0.225464 1.032715 -0.034546 -0.134766 0.132080
0.091919 -0.192139 1.080322 0.017578 -0.154297 0.096924
0.107056 -0.184814 1.101929 0.023682 -0.138794 0.069336
0.126221 -0.155640 1.136353 0.027710 -0.098877 0.052734
0.111572 -0.190063 1.122559 -0.017578 -0.043335 0.062866
0.095825 -0.199829 1.104370 -0.069946 0.013062 0.087646
0.061768 -0.204102 1.061768 -0.129761 0.054932 0.120117
