0.031494 -0.218018 1.005127 -0.062988 -0.020752 -0.125366
0.029297 -0.199707 0.963867 -0.115112 -0.019531 -0.139160
0.033325 -0.179565 0.935059 -0.168945 -0.039673 -0.167969
0.047485 -0.169922 0.930786 -0.249390 -0.063721 -0.213989
0.055786 -0.182617 0.934570 -0.343750 -0.078247 -0.266479
0.076904 -0.200928 0.975586 -0.426758 -0.085938 -0.311157
0.075317 -0.266602 1.014771 -0.512085 -0.070435 -0.340454
0.062744 -0.328003 1.026611 -0.554321 -0.043701 -0.349609
0.043091 -0.373657 0.995850 -0.565430 -0.023193 -0.338501
0.053955 -0.382813 1.022583 -0.515747 -0.026611 -0.317505
0.059814 -0.404785 1.027832 -0.434692 -0.023438 -0.293701
0.039795 -0.448364 1.024780 -0.317505 -0.002686 -0.264648
0.021362 -0.464844 1.021851 -0.198853 -0.012085 -0.236084
0.017700 -0.455811 1.009399 -0.105591 -0.035522 -0.216553
0.025635 -0.435791 1.012817 -0.041626 -0.063477 -0.211182
0.026123 -0.434814 1.034546 -0.000122 -0.084351 -0.210327
0.018555 -0.452637 1.071045 0.024048 -0.086182 -0.204834
0.010376 -0.465576 1.067993 0.006958 -0.060303 -0.181274
-0.010986 -0.466919 1.030884 -0.027588 -0.035522 -0.155273
-0.030029 -0.479126 1.014648 -0.055054 -0.036377 -0.126953
-0.040649 -0.484497 1.014893 -0.063843 -0.049805 -0.094971
-0.063599 -0.500000 1.015503 -0.036621 -0.067627 -0.058350
-0.077637 -0.517578 1.034790 0.029175 -0.094727 -0.023071
-0.064209 -0.508545 1.038330 0.123535 -0.146118 0.007568
-0.056641 -0.491089 1.043701 0.188477 -0.178955 0.030640
-0.045288 -0.477417 1.047729 0.234741 -0.195190 0.045532
-0.023804 -0.480469 1.075562 0.305786 -0.206299 0.062256
-0.006470 -0.483521 1.112671 0.349854 -0.215942 0.074829
0.002319 -0.483276 1.097412 0.347046 -0.192261 0.096924
-0.007690 -0.488647 1.077148 0.273193 -0.150146 0.122681
0.012451 -0.458252 1.059937 0.256592 -0.123047 0.152832
0.019775 -0.463257 1.057251 0.299072 -0.135010 0.185425
0.017090 -0.485352 1.034058 0.261475 -0.119385 0.200073
0.024658 -0.490601 1.017700 0.300781 -0.116943 0.213745
0.044678 -0.474243 1.003418 0.388184 -0.131348 0.230347
0.062622 -0.452271 0.972046 0.405396 -0.150635 0.246460
0.084473 -0.453857 0.979004 0.388550 -0.153320 0.262939
0.106201 -0.440796 0.992310 0.345703 -0.136963 0.287354
0.116455 -0.430664 0.974121 0.305298 -0.106079 0.325562
0.131714 -0.410522 0.940796 0.273804 -0.089233 0.357178
0.142944 -0.404419 0.921143 0.270142 -0.091797 0.374390
0.164307 -0.395630 0.927979 0.288086 -0.109863 0.380615
0.208618 -0.368774 0.947998 0.296021 -0.130737 0.378418
0.228516 -0.361450 0.951294 0.285889 -0.130371 0.372681
0.235596 -0.356812 0.937988 0.271118 -0.119873 0.372559
0.236816 -0.364380 0.929443 0.253052 -0.105347 0.377441
0.258545 -0.366089 0.931519 0.228149 -0.103516 0.386230
0.253174 -0.368408 0.913330 0.179199 -0.090454 0.394653
0.267578 -0.346680 0.891357 0.214111 -0.089600 0.411133
0.277588 -0.326416 0.891357 0.201538 -0.092773 0.421753
0.277710 -0.309692 0.872437 0.210083 -0.082764 0.430054
0.270020 -0.291016 0.839478 0.201416 -0.085815 0.425415
0.275024 -0.271606 0.823853 0.190552 -0.113159 0.411499
0.280151 -0.255737 0.840820 0.205933 -0.153809 0.391846
0.300903 -0.233521 0.867188 0.250122 -0.193359 0.372559
0.326904 -0.213379 0.908325 0.306152 -0.211060 0.364380
0.340210 -0.192017 0.930298 0.261475 -0.188354 0.367065
0.351685 -0.171631 0.940674 0.141968 -0.139526 0.379517
0.356323 -0.154785 0.940918 0.047119 -0.087891 0.387085
0.335083 -0.152100 0.912720 0.002441 -0.050415 0.375977
0.316162 -0.148682 0.903809 0.020630 -0.049072 0.343262
0.316040 -0.137329 0.925049 0.085938 -0.072510 0.301025
0.306641 -0.130859 0.939575 0.113403 -0.093262 0.257690
0.306641 -0.108398 0.950195 0.127075 -0.111572 0.214722
0.317993 -0.072876 0.969849 0.137573 -0.118774 0.181030
0.331177 -0.031494 0.987549 0.124634 -0.102051 0.156128
0.333618 0.011963 0.984009 0.083984 -0.058350 0.140747
0.319092 0.012207 0.973999 0.031128 -0.009399 0.129761
0.313110 0.016724 0.987793 -0.015503 0.023926 0.114014
0.313354 0.032104 1.011475 -0.040527 0.044800 0.093262
0.309937 0.032349 1.002075 -0.067749 0.058594 0.063110
0.281616 0.015747 1.012451 -0.076782 0.064941 0.028442
0.286743 0.034912 1.041382 -0.049316 0.057373 0.001221
0.283325 0.061646 1.041504 -0.075928 0.062744 -0.023193
0.268555 0.083984 1.036499 -0.145264 0.069702 -0.049805
0.230347 0.061157 1.024048 -0.157104 0.080811 -0.079956
0.229858 0.074219 1.056396 -0.144531 0.055420 -0.116089
0.224487 0.092163 1.079224 -0.161011 0.029785 -0.149780
0.235840 0.110718 1.092896 -0.139526 0.024902 -0.173828
0.226685 0.134644 1.101196 -0.166504 0.033813 -0.198242
0.200195 0.142212 1.093506 -0.209229 0.041748 -0.225220
0.183960 0.137573 1.131958 -0.225464 0.056274 -0.256958
0.168335 0.125610 1.169067 -0.249268 0.079346 -0.286865
0.156006 0.110107 1.190063 -0.292969 0.101318 -0.304688
0.129150 0.080566 1.171997 -0.346558 0.139404 -0.324951
0.103882 0.017822 1.216553 -0.431885 0.171753 -0.344116
0.043335 -0.060425 1.169678 -0.620605 0.264038 -0.371216
-0.003296 -0.131592 1.163452 -0.566895 0.306885 -0.372192
-0.058472 -0.197388 1.140503 -0.528931 0.315918 -0.353760
-0.084106 -0.242188 1.126343 -0.531616 0.302002 -0.319580
-0.088013 -0.261475 1.117432 -0.502686 0.277222 -0.278809
-0.098511 -0.269897 1.065186 -0.401978 0.246704 -0.246826
-0.086670 -0.239014 1.050903 -0.219971 0.186890 -0.230469
-0.085083 -0.253052 1.028809 -0.162476 0.113403 -0.231079
-0.073120 -0.246094 1.016602 -0.129517 0.078003 -0.241699
-0.058350 -0.258667 1.013428 -0.117554 0.045044 -0.244629
-0.033081 -0.263550 1.026123 -0.151733 0.030518 -0.238647
-0.016724 -0.276489 1.029053 -0.194702 0.052002 -0.226074
-0.016968 -0.297729 1.031860 -0.254150 0.095825 -0.205933
-0.021729 -0.318970 1.009521 -0.322021 0.146484 -0.176270
-0.031738 -0.350098 0.993774 -0.349976 0.172241 -0.143433
-0.028931 -0.357178 0.982422 -0.348022 0.186035 -0.128662
-0.030029 -0.382935 0.980835 -0.387329 0.177246 -0.134888
-0.029541 -0.416016 0.975952 -0.340332 0.137573 -0.151001
-0.008301 -0.428589 1.020630 -0.155273 0.079590 -0.160278
0.010132 -0.429321 1.037476 -0.058594 0.046753 -0.157837
0.026733 -0.419556 1.037964 -0.065796 0.029297 -0.150513
0.046265 -0.401611 1.047729 -0.087402 0.019653 -0.151123
0.056030 -0.403076 1.047974 -0.097778 0.015015 -0.155273
0.060059 -0.426147 1.046143 -0.074707 0.015991 -0.161011
0.061890 -0.445557 1.041382 -0.046021 0.027344 -0.152222
0.049316 -0.476196 1.027588 -0.046875 0.051025 -0.126343
0.034546 -0.493652 0.988525 -0.084229 0.070557 -0.090088
0.039673 -0.491943 0.961792 -0.119141 0.070923 -0.051147
0.056885 -0.480469 0.949463 -0.140503 0.059326 -0.020264
0.079712 -0.466064 0.942627 -0.151978 0.045532 -0.003418
0.105591 -0.446655 0.938599 -0.150391 0.043701 -0.001953
0.108643 -0.455688 0.912476 -0.127441 0.035767 -0.025513
0.115234 -0.466431 0.899414 -0.045654 -0.001709 -0.070801
0.110962 -0.511841 0.906494 0.046387 -0.048340 -0.111328
0.124878 -0.534546 0.937744 0.104980 -0.078369 -0.125366
0.118652 -0.559692 0.942505 0.116821 -0.066284 -0.105713
0.104126 -0.570190 0.913696 0.078247 -0.033813 -0.061646
0.086792 -0.551270 0.863525 0.033447 -0.020142 -0.018188
0.084473 -0.530762 0.840332 0.023315 -0.038452 0.010376
0.087280 -0.522095 0.843994 0.018677 -0.072144 0.018799
0.092407 -0.514404 0.847534 0.026855 -0.095581 0.014404
0.091675 -0.513306 0.835693 0.043091 -0.113403 0.012573
0.085571 -0.515625 0.817139 0.054077 -0.137329 0.007690
0.087158 -0.518433 0.814209 0.084229 -0.180542 -0.004517
0.099976 -0.501953 0.852295 0.151611 -0.228271 -0.015259
0.105225 -0.493774 0.892334 0.181885 -0.243896 -0.009521
0.094482 -0.487915 0.902710 0.160889 -0.220459 0.019531
0.085449 -0.479004 0.905273 0.119385 -0.194092 0.057983
0.087524 -0.462158 0.926514 0.084839 -0.182617 0.092773
0.087769 -0.453491 0.942017 0.053955 -0.177979 0.116211
0.092285 -0.453979 0.956665 0.032593 -0.176758 0.128052
0.085327 -0.460571 0.968628 0.040894 -0.179688 0.129883
0.080566 -0.473022 0.974609 0.060669 -0.189697 0.126343
0.083130 -0.475708 1.005615 0.086060 -0.196655 0.130615
0.084473 -0.487061 1.028564 0.093994 -0.187500 0.144775
0.089844 -0.469727 1.027954 0.105591 -0.183105 0.171265
0.099365 -0.444702 1.024292 0.134521 -0.170166 0.202393
0.098633 -0.437012 1.020508 0.106689 -0.142822 0.223145
0.123535 -0.408447 1.052246 0.112793 -0.121094 0.237915
0.143921 -0.379272 1.038086 0.108643 -0.084595 0.245361
0.138550 -0.364136 1.022705 0.062134 -0.037231 0.235474
0.134155 -0.357300 0.997559 0.027222 -0.003174 0.221558
0.147949 -0.317993 0.992188 -0.000732 0.006714 0.207520
0.146606 -0.304688 0.974487 -0.021606 0.018188 0.193726
