0.034180 -0.373047 0.985718 -0.097168 -0.004639 -0.028809
0.036499 -0.369629 0.988403 -0.095703 -0.011841 -0.034302
0.031616 -0.373169 0.991821 -0.097778 -0.015015 -0.040039
0.026855 -0.378784 0.992310 -0.087769 -0.020508 -0.042969
0.039429 -0.361328 1.000854 -0.075562 -0.030640 -0.049805
0.038452 -0.350830 0.997314 -0.077148 -0.032959 -0.057983
0.041626 -0.347900 0.998169 -0.090820 -0.028442 -0.062866
0.037476 -0.357056 0.997070 -0.115845 -0.021973 -0.063599
0.041016 -0.356567 1.001831 -0.127563 -0.015869 -0.063965
0.032104 -0.366577 0.994751 -0.147461 -0.010864 -0.066772
0.029419 -0.363281 0.979980 -0.157471 -0.019775 -0.078979
0.035034 -0.359497 0.983765 -0.156860 -0.031006 -0.091064
0.031616 -0.362793 0.997192 -0.155029 -0.036499 -0.102417
0.026978 -0.361572 0.993286 -0.133911 -0.036499 -0.103882
0.015503 -0.368164 0.984619 -0.133911 -0.027100 -0.101440
0.003906 -0.368652 0.983398 -0.152832 -0.017090 -0.096558
-0.012451 -0.395508 0.986206 -0.178833 -0.011597 -0.083252
-0.026855 -0.403442 0.971680 -0.225952 -0.012695 -0.071777
-0.038574 -0.398804 0.955933 -0.239014 -0.022827 -0.055298
-0.038208 -0.387573 0.954468 -0.237549 -0.041626 -0.044189
-0.031128 -0.368042 0.962158 -0.244751 -0.065186 -0.045166
-0.027954 -0.372925 0.992065 -0.249634 -0.081909 -0.069336
-0.054199 -0.419189 1.012207 -0.232422 -0.089600 -0.103760
-0.062500 -0.473389 1.035400 -0.195313 -0.119019 -0.126343
-0.069946 -0.530762 1.064819 -0.155151 -0.149414 -0.128296
-0.062988 -0.561768 1.091187 -0.117432 -0.156006 -0.108521
-0.067017 -0.572998 1.093384 -0.092529 -0.134888 -0.080200
-0.065674 -0.580078 1.083984 -0.052368 -0.121216 -0.051025
-0.074463 -0.585327 1.051880 -0.001831 -0.118530 -0.024780
-0.060669 -0.577881 1.028442 0.059082 -0.117188 -0.004517
-0.041748 -0.564941 1.023682 0.118286 -0.111572 0.015869
-0.042480 -0.577148 0.997803 0.154541 -0.101074 0.040405
-0.042480 -0.591309 0.976685 0.187500 -0.096558 0.063232
-0.033936 -0.603027 0.964966 0.217163 -0.105713 0.081421
-0.010620 -0.603027 0.980835 0.259521 -0.107544 0.107788
0.016357 -0.580078 0.991089 0.276489 -0.092041 0.140259
0.031616 -0.571167 0.960693 0.276733 -0.067871 0.177490
0.039185 -0.573730 0.945190 0.255493 -0.055176 0.198608
0.049194 -0.576782 0.940796 0.260132 -0.057007 0.205322
0.058472 -0.583862 0.935547 0.305664 -0.071167 0.212769
0.087036 -0.573242 0.947388 0.359497 -0.088257 0.220947
0.112915 -0.555420 0.966797 0.379517 -0.077148 0.235840
0.138062 -0.520020 0.969971 0.356934 -0.044067 0.258179
0.157837 -0.492920 0.968018 0.324341 0.001465 0.288086
0.161865 -0.467896 0.935303 0.288452 0.053955 0.317993
0.147461 -0.464355 0.893677 0.244263 0.097534 0.342285
0.151367 -0.432983 0.854858 0.203125 0.116577 0.361450
0.136108 -0.408447 0.804321 0.142944 0.112549 0.367065
0.143677 -0.400513 0.796143 0.105469 0.073486 0.356201
0.170410 -0.357300 0.816650 0.095825 0.024170 0.333374
0.190552 -0.347656 0.841064 0.093872 -0.009888 0.315063
0.200806 -0.354370 0.847412 0.071045 -0.029785 0.292236
0.230225 -0.341187 0.881592 0.070435 -0.046997 0.267700
0.231445 -0.337646 0.902100 0.050537 -0.036987 0.248413
0.214966 -0.341309 0.868286 0.013550 -0.012695 0.239868
0.202148 -0.338501 0.864502 -0.023438 -0.005737 0.238281
0.215942 -0.331299 0.899048 -0.050171 -0.014160 0.243652
0.220947 -0.324585 0.911621 -0.084717 -0.007813 0.247437
0.233765 -0.307129 0.921387 -0.085327 0.000000 0.247437
0.224365 -0.301270 0.920166 -0.078613 0.004395 0.229126
0.201416 -0.306763 0.902832 -0.044678 0.001343 0.203613
0.179810 -0.325562 0.896729 -0.013550 -0.015869 0.178955
0.170288 -0.327637 0.907837 0.015625 -0.037476 0.167480
0.187134 -0.312256 0.932007 0.038452 -0.050415 0.165649
0.185913 -0.298462 0.930420 0.014282 -0.035645 0.157715
0.176514 -0.302124 0.908569 0.006958 -0.014282 0.150391
0.159668 -0.320068 0.891968 -0.009277 -0.000122 0.136963
0.148682 -0.331421 0.892212 -0.018799 0.001099 0.121460
0.152710 -0.334839 0.904297 -0.011475 -0.011719 0.103760
0.177124 -0.319580 0.946899 0.002808 -0.027710 0.078125
0.196167 -0.305542 1.010620 0.036987 -0.038086 0.052856
0.189575 -0.282837 1.029785 0.055420 -0.043091 0.029785
0.195190 -0.231323 1.040283 0.115479 -0.042603 0.022583
0.194824 -0.189453 1.031372 0.095459 -0.030396 0.013916
0.176270 -0.143188 1.013306 0.031250 -0.023193 0.002808
0.187378 -0.093018 1.036011 0.000977 -0.016479 -0.010132
0.205322 -0.036377 1.055420 -0.085449 0.006958 -0.028687
0.194580 -0.012085 1.058105 -0.179688 0.052124 -0.064331
0.165039 0.003662 1.039063 -0.274170 0.084595 -0.112671
0.109253 -0.024902 1.027710 -0.342163 0.103394 -0.164185
0.067627 -0.041748 1.034912 -0.337280 0.100220 -0.214478
0.036011 -0.044800 1.043945 -0.309814 0.089966 -0.255493
0.004639 -0.057983 1.045044 -0.253906 0.078003 -0.287476
-0.027100 -0.064453 1.072266 -0.235596 0.064575 -0.318481
-0.055176 -0.070557 1.089111 -0.261475 0.055542 -0.339844
-0.082886 -0.082153 1.090332 -0.295776 0.049927 -0.350220
-0.088013 -0.093018 1.128906 -0.299438 0.045532 -0.355957
-0.082886 -0.082031 1.177002 -0.336426 0.057983 -0.367310
-0.095459 -0.120605 1.208984 -0.406616 0.094360 -0.377441
-0.135864 -0.185547 1.190430 -0.519409 0.145508 -0.384277
-0.178223 -0.272339 1.165894 -0.578979 0.198242 -0.377808
-0.213013 -0.349854 1.147949 -0.597534 0.225342 -0.356934
-0.241455 -0.427124 1.138550 -0.544189 0.224487 -0.320923
-0.258911 -0.478516 1.132568 -0.466797 0.209473 -0.278442
-0.255493 -0.496826 1.109741 -0.394775 0.193359 -0.227295
-0.248047 -0.487183 1.089966 -0.342651 0.178101 -0.176270
-0.214966 -0.476563 1.089722 -0.281738 0.150879 -0.135498
-0.181641 -0.462036 1.083862 -0.224365 0.120361 -0.115723
-0.169922 -0.457886 1.060425 -0.156250 0.106689 -0.111938
-0.151123 -0.455811 1.051636 -0.078247 0.083740 -0.115601
-0.139526 -0.450928 1.031860 -0.056030 0.062744 -0.119629
-0.118896 -0.450684 1.012817 -0.046753 0.042480 -0.117310
-0.106201 -0.446899 0.992432 -0.033447 0.021729 -0.115845
-0.080200 -0.444092 0.989014 0.015869 -0.006470 -0.116211
-0.055298 -0.454834 0.996338 0.048584 -0.029175 -0.118408
-0.022705 -0.467896 1.019653 0.075684 -0.023438 -0.103149
-0.007202 -0.458252 1.018677 0.038086 0.023804 -0.074341
-0.008789 -0.472656 0.987793 0.003418 0.086060 -0.029541
-0.024658 -0.499023 0.934937 -0.050659 0.126587 0.002075
-0.038940 -0.512573 0.892090 -0.107666 0.131348 0.012085
-0.078857 -0.567261 0.833008 -0.118286 0.100830 0.009521
-0.101196 -0.614624 0.811279 -0.035889 0.017090 -0.000977
-0.085815 -0.609253 0.834961 0.101929 -0.100830 -0.014648
-0.040161 -0.600708 0.866821 0.241211 -0.197998 -0.015503
0.062744 -0.517944 0.963745 0.336792 -0.245483 -0.023071
0.099976 -0.469849 0.966064 0.325684 -0.204102 -0.045044
0.098022 -0.461304 0.934814 0.280273 -0.129028 -0.064087
0.073730 -0.479614 0.905762 0.170410 -0.076172 -0.077515
0.063477 -0.486938 0.891113 0.051025 -0.046753 -0.081299
0.061890 -0.508301 0.892578 -0.001343 -0.029053 -0.075928
0.056030 -0.536011 0.898315 -0.023560 -0.017456 -0.066772
0.033813 -0.583496 0.892944 -0.025269 -0.020996 -0.054810
0.035767 -0.598633 0.898438 0.027832 -0.050659 -0.050903
0.070679 -0.578857 0.918335 0.137085 -0.098022 -0.053467
0.106079 -0.554688 0.945557 0.219360 -0.123413 -0.064087
0.108398 -0.550781 0.932007 0.242310 -0.107544 -0.065430
0.106934 -0.549072 0.923828 0.222778 -0.069458 -0.046753
0.097412 -0.559570 0.901123 0.147095 -0.029175 -0.018555
0.084961 -0.568726 0.872925 0.068726 -0.005005 0.008423
0.082397 -0.568237 0.856567 0.020630 -0.002686 0.025146
0.091675 -0.571411 0.864502 -0.000122 -0.010620 0.026001
0.081299 -0.570923 0.859741 0.013550 -0.015991 0.018555
0.070313 -0.595703 0.852539 0.041626 -0.020508 0.023315
0.068481 -0.594116 0.871094 0.070801 -0.029541 0.031616
0.051392 -0.590698 0.843018 0.092651 -0.034790 0.045410
0.032959 -0.592041 0.813354 0.095947 -0.050781 0.058105
0.021973 -0.590454 0.801392 0.101074 -0.083252 0.069702
0.025757 -0.563599 0.825317 0.134277 -0.121704 0.085938
0.034302 -0.542969 0.845337 0.144897 -0.145264 0.109375
0.052856 -0.500610 0.852051 0.126465 -0.156616 0.124390
0.067383 -0.478149 0.874390 0.118652 -0.170044 0.123413
0.067871 -0.472168 0.910156 0.109131 -0.185181 0.108765
0.058960 -0.492310 0.943481 0.098999 -0.193237 0.099731
0.063721 -0.487427 0.977539 0.097168 -0.195801 0.100708
0.072021 -0.471436 0.999512 0.086670 -0.186279 0.108521
0.065552 -0.463501 1.022339 0.072144 -0.163330 0.117676
0.046875 -0.466797 1.026245 0.067871 -0.143433 0.124390
0.036743 -0.452148 1.016235 0.084106 -0.142090 0.134521
0.024536 -0.449097 1.004028 0.112061 -0.143555 0.147583
0.035156 -0.428467 1.009521 0.151489 -0.156006 0.158691
