0.063965 -0.337524 0.988647 -0.072876 0.006836 -0.052612
0.056519 -0.345703 0.977661 -0.076050 0.006592 -0.062256
0.056885 -0.342285 0.979004 -0.067749 -0.001831 -0.078613
0.061279 -0.332031 0.980713 -0.037231 -0.014648 -0.095215
0.065796 -0.321777 0.987671 -0.013550 -0.022339 -0.102661
0.072998 -0.318115 0.985229 -0.012573 -0.021606 -0.108765
0.073608 -0.305176 0.982910 -0.040283 -0.015869 -0.119385
0.068359 -0.309082 0.987549 -0.096558 -0.004517 -0.128906
0.056763 -0.328369 0.991577 -0.150024 0.009521 -0.129395
0.042358 -0.349121 0.992920 -0.204102 0.027344 -0.124878
0.027100 -0.367432 0.981689 -0.229858 0.044678 -0.111816
0.020630 -0.373413 0.963379 -0.236938 0.051025 -0.098999
0.031128 -0.371460 0.965698 -0.239624 0.045654 -0.099365
0.026489 -0.386719 0.958862 -0.257568 0.033936 -0.116211
0.014648 -0.397705 0.950562 -0.252930 0.014038 -0.138550
0.009277 -0.416382 0.951050 -0.220825 -0.009277 -0.159790
0.011963 -0.423096 0.959839 -0.176636 -0.033325 -0.175537
0.010742 -0.441650 0.976440 -0.149170 -0.052612 -0.185059
0.006836 -0.464233 0.993408 -0.136353 -0.058716 -0.181030
0.009888 -0.457397 0.991821 -0.144531 -0.057739 -0.168213
-0.003540 -0.464722 0.976440 -0.150391 -0.055908 -0.153687
-0.005371 -0.480103 0.980347 -0.131470 -0.061279 -0.140259
-0.004395 -0.480835 0.996094 -0.121948 -0.069336 -0.125000
0.003784 -0.490234 0.994385 -0.140869 -0.066284 -0.103271
-0.002686 -0.499146 0.987915 -0.195068 -0.059937 -0.088379
-0.015991 -0.504883 0.988525 -0.215942 -0.055786 -0.071533
-0.015625 -0.497314 0.997437 -0.171631 -0.066772 -0.055298
-0.013428 -0.496460 1.006958 -0.144897 -0.083374 -0.050781
-0.012939 -0.491211 1.026245 -0.103638 -0.103271 -0.057251
-0.016846 -0.502808 1.040039 -0.045898 -0.118408 -0.060059
-0.005005 -0.499146 1.056274 0.012329 -0.119629 -0.054810
-0.009399 -0.511963 1.058960 0.061523 -0.106323 -0.037109
0.001099 -0.488647 1.055542 0.092163 -0.084961 -0.019653
-0.001343 -0.473389 1.032104 0.122070 -0.061523 -0.020142
0.010254 -0.468994 1.015869 0.136230 -0.051514 -0.038940
-0.010742 -0.530762 1.020386 0.182129 -0.054321 -0.062500
-0.011475 -0.560547 1.038818 0.248047 -0.049927 -0.059204
-0.012695 -0.586426 1.040527 0.276245 -0.043701 -0.031372
-0.004395 -0.596558 1.034668 0.281738 -0.032104 0.011353
0.006714 -0.616821 1.020630 0.289673 -0.021973 0.058350
0.033447 -0.606201 1.019775 0.309937 -0.021484 0.088501
0.054688 -0.583008 1.014160 0.318604 -0.009766 0.104370
0.052368 -0.574951 0.973145 0.334595 0.009277 0.119019
0.061035 -0.563843 0.960693 0.366455 0.014038 0.133789
0.066528 -0.559814 0.938232 0.378052 0.017090 0.156860
0.068115 -0.544678 0.915039 0.388428 0.020508 0.184448
0.082275 -0.532715 0.907104 0.423096 0.021851 0.219482
0.098145 -0.515015 0.904907 0.435547 0.026489 0.255371
0.115112 -0.494873 0.891968 0.410400 0.037720 0.288574
0.127563 -0.470703 0.881836 0.390869 0.042114 0.311279
0.139771 -0.444092 0.870728 0.358765 0.040405 0.322998
0.132446 -0.442871 0.849854 0.340942 0.033447 0.326416
0.126099 -0.440063 0.827393 0.353760 0.003052 0.330078
0.126953 -0.433105 0.826660 0.368042 -0.036255 0.337769
0.154297 -0.410156 0.841309 0.389893 -0.075317 0.356445
0.170898 -0.381104 0.851318 0.330566 -0.099121 0.374878
0.188599 -0.350586 0.854370 0.257568 -0.102661 0.397217
0.202515 -0.329834 0.849609 0.181152 -0.100830 0.413696
0.206421 -0.312256 0.841797 0.144409 -0.104126 0.421143
0.206055 -0.305908 0.834595 0.128784 -0.116699 0.420898
0.219360 -0.273071 0.848633 0.137451 -0.143799 0.407349
0.247559 -0.249268 0.903442 0.140381 -0.162354 0.389404
0.259766 -0.239868 0.947510 0.110352 -0.165405 0.367432
0.250732 -0.252930 0.962891 0.072876 -0.150024 0.339478
0.245728 -0.243652 0.969238 0.069580 -0.138428 0.316040
0.231323 -0.260498 0.975464 0.050903 -0.131104 0.297485
0.225708 -0.246826 0.971436 0.067383 -0.133789 0.281494
0.222534 -0.229370 0.966064 0.096313 -0.135742 0.265137
0.229980 -0.207153 0.986572 0.104858 -0.131104 0.252930
0.233276 -0.183105 0.979980 0.094849 -0.109009 0.250488
0.238892 -0.158081 0.967407 0.064941 -0.074097 0.246582
0.226440 -0.147339 0.959351 0.014038 -0.034180 0.239136
0.232300 -0.124268 0.955444 -0.019409 -0.005737 0.226318
0.242676 -0.092285 0.967407 -0.049683 0.025757 0.208496
0.251221 -0.066162 0.997192 -0.088623 0.055054 0.176147
0.246338 -0.067627 1.015137 -0.124268 0.076294 0.134399
0.224731 -0.084351 1.026367 -0.126953 0.083740 0.090698
0.207397 -0.089600 1.027222 -0.125854 0.081787 0.056885
0.196167 -0.076294 1.031860 -0.163086 0.075073 0.033325
0.197510 -0.043823 1.049561 -0.196899 0.067627 0.007690
0.192017 -0.019653 1.072998 -0.205811 0.066162 -0.025513
0.179443 -0.010742 1.079712 -0.217041 0.071655 -0.066650
0.158813 -0.020996 1.095825 -0.191406 0.075928 -0.103882
0.141113 -0.027222 1.107056 -0.198975 0.076172 -0.138428
0.141602 -0.010132 1.118530 -0.201538 0.080444 -0.164673
0.144531 -0.004272 1.135132 -0.221802 0.093384 -0.194336
0.130127 -0.010620 1.132813 -0.253052 0.112549 -0.230713
0.100098 -0.029663 1.123047 -0.258545 0.123535 -0.266602
0.067383 -0.054810 1.125366 -0.259888 0.121338 -0.294678
0.050415 -0.076050 1.140747 -0.253540 0.118652 -0.313965
0.020752 -0.090820 1.136841 -0.234009 0.115234 -0.321899
-0.007080 -0.104736 1.125244 -0.206665 0.107056 -0.325073
-0.033203 -0.116577 1.112671 -0.198120 0.095459 -0.329590
-0.044678 -0.118164 1.102295 -0.190674 0.082886 -0.334351
-0.043457 -0.123413 1.117554 -0.182739 0.077393 -0.335693
-0.066650 -0.152710 1.104370 -0.202881 0.093750 -0.338501
-0.092041 -0.172729 1.080200 -0.211670 0.105713 -0.336426
-0.104858 -0.192017 1.059570 -0.216797 0.114624 -0.327148
-0.109375 -0.199829 1.056274 -0.251221 0.123901 -0.310913
-0.108765 -0.213379 1.059570 -0.302368 0.140747 -0.295898
-0.107422 -0.220581 1.035034 -0.338623 0.147583 -0.287354
-0.107788 -0.237061 1.014526 -0.336304 0.146118 -0.289307
-0.104980 -0.255493 0.993286 -0.322998 0.138184 -0.298584
-0.086670 -0.274414 1.002441 -0.309692 0.129150 -0.298096
-0.091919 -0.322754 0.997559 -0.320801 0.131836 -0.312378
-0.076660 -0.330566 1.012329 -0.309814 0.132324 -0.333984
-0.071045 -0.345337 1.016113 -0.336792 0.143677 -0.325073
-0.084229 -0.393799 1.017334 -0.391235 0.166626 -0.287842
-0.087280 -0.427368 1.000488 -0.426147 0.183350 -0.245972
-0.090698 -0.460938 0.983154 -0.441528 0.177979 -0.214355
-0.091431 -0.482300 0.977295 -0.403198 0.146851 -0.205200
-0.102295 -0.516846 0.945923 -0.322632 0.088623 -0.215088
-0.077515 -0.517456 0.957275 -0.167847 0.000854 -0.241943
-0.036865 -0.501587 0.992798 0.023438 -0.087891 -0.285156
-0.003174 -0.499146 1.024292 0.197266 -0.145386 -0.323853
0.011719 -0.515991 1.043823 0.253662 -0.135986 -0.321655
0.007813 -0.533081 1.016846 0.169312 -0.080566 -0.274170
-0.008789 -0.563599 0.970337 0.042969 -0.023071 -0.202148
-0.017944 -0.590820 0.941162 -0.081665 0.008423 -0.129761
-0.008789 -0.596069 0.944702 -0.142822 0.026367 -0.068115
0.005249 -0.600342 0.925415 -0.160400 0.041382 -0.025146
0.016235 -0.598755 0.914917 -0.156738 0.047485 -0.009033
0.008301 -0.605835 0.886963 -0.128296 0.040405 -0.015991
0.007324 -0.615479 0.853882 -0.067993 -0.000366 -0.042969
0.017578 -0.617920 0.857788 0.033813 -0.058472 -0.076294
0.032837 -0.609009 0.853882 0.136108 -0.105591 -0.098999
0.066528 -0.594971 0.874756 0.244385 -0.152466 -0.099487
0.115112 -0.571411 0.902344 0.288208 -0.166016 -0.093872
0.146729 -0.547729 0.920288 0.265137 -0.142334 -0.073730
0.164185 -0.523315 0.919678 0.180908 -0.081543 -0.030029
0.155762 -0.531006 0.888428 0.025513 -0.013916 0.020996
0.122437 -0.564331 0.845947 -0.115723 0.030396 0.054199
0.105591 -0.598511 0.844238 -0.168457 0.030273 0.061035
0.095459 -0.622559 0.841309 -0.147461 0.002319 0.054688
0.091309 -0.633423 0.846558 -0.064331 -0.041016 0.044189
0.091064 -0.621704 0.851440 0.035645 -0.084229 0.038818
0.078491 -0.628418 0.847290 0.115967 -0.117432 0.040527
0.081665 -0.617554 0.854248 0.187866 -0.160278 0.041382
0.099243 -0.592773 0.871094 0.229614 -0.190674 0.056152
0.113770 -0.551392 0.894531 0.214111 -0.187866 0.085938
0.128540 -0.507446 0.911621 0.150024 -0.156860 0.124390
0.124268 -0.502808 0.912476 0.048950 -0.112793 0.157227
0.109863 -0.520752 0.914185 -0.023071 -0.081665 0.176270
0.089111 -0.538330 0.905029 -0.062134 -0.073608 0.184814
0.080933 -0.544434 0.902222 -0.072754 -0.083984 0.189819
0.086182 -0.527832 0.911133 -0.059692 -0.098511 0.190552
0.085693 -0.515137 0.917236 -0.046753 -0.113525 0.183350
0.091187 -0.508057 0.944336 -0.021484 -0.135498 0.165039
0.084229 -0.505005 0.954346 -0.051025 -0.139526 0.160156
0.083984 -0.508545 0.977905 -0.019653 -0.122925 0.193726
