0.066406 -0.333618 1.004395 -0.055176 0.007935 -0.045044
0.057373 -0.331787 1.008179 -0.034180 0.003296 -0.051025
0.050171 -0.324219 1.023193 -0.026367 0.001953 -0.056641
0.043091 -0.325806 1.027954 -0.029297 0.007446 -0.056274
0.033569 -0.326172 1.022461 -0.043457 0.014404 -0.054688
0.018188 -0.336426 1.026733 -0.055908 0.015991 -0.053345
0.001343 -0.349243 1.034790 -0.054688 0.011475 -0.047974
-0.012695 -0.343384 1.038574 -0.045898 0.005249 -0.042725
-0.034668 -0.343506 1.056030 -0.043091 0.003174 -0.038940
-0.048462 -0.340820 1.067261 -0.031738 -0.002441 -0.035889
-0.051636 -0.328857 1.084961 0.006226 -0.012329 -0.031738
-0.059204 -0.322632 1.082397 0.019775 -0.006104 -0.029663
-0.081543 -0.361938 1.056030 0.021118 0.011719 -0.026611
-0.116943 -0.403687 1.009033 0.015381 0.017334 -0.024292
-0.135864 -0.429443 0.961182 0.027344 -0.000488 -0.010986
-0.145264 -0.455322 0.943970 0.074341 -0.036865 0.007813
-0.140747 -0.487915 0.951782 0.115967 -0.079468 0.027710
-0.142944 -0.516846 0.941284 0.135742 -0.107056 0.054321
-0.118164 -0.513062 0.950317 0.176392 -0.152100 0.090332
-0.085327 -0.500488 0.948853 0.176392 -0.196899 0.122925
-0.061279 -0.509888 0.966309 0.149536 -0.198120 0.145752
-0.031982 -0.523315 1.016602 0.150391 -0.180298 0.169800
0.008667 -0.527466 1.053589 0.152466 -0.161987 0.194458
0.042480 -0.533447 1.080200 0.134155 -0.133301 0.211548
0.053101 -0.544922 1.065063 0.127563 -0.093628 0.221680
0.067993 -0.539673 1.044434 0.168579 -0.072266 0.229370
0.091675 -0.524780 1.018799 0.195557 -0.076050 0.237549
0.103638 -0.531738 1.011475 0.220581 -0.081421 0.244995
0.123291 -0.521118 1.003174 0.249634 -0.079712 0.259521
0.137085 -0.512085 0.982788 0.269043 -0.072510 0.285889
0.159058 -0.492920 0.960205 0.269165 -0.070190 0.313354
0.190674 -0.461182 0.953247 0.287354 -0.070557 0.339966
0.217651 -0.422607 0.985229 0.279907 -0.049805 0.365723
0.232056 -0.390869 0.962402 0.237671 -0.011353 0.384399
0.229614 -0.380127 0.942139 0.196289 0.016602 0.387573
0.215454 -0.381836 0.919922 0.177124 0.024780 0.378906
0.207520 -0.376221 0.900391 0.167603 0.021973 0.365601
0.216797 -0.357788 0.901978 0.183350 0.008911 0.355957
0.213989 -0.338501 0.884521 0.175171 0.000488 0.348511
0.215332 -0.313110 0.857666 0.160156 -0.003906 0.346436
0.208374 -0.289429 0.844849 0.139893 -0.006104 0.345093
0.213379 -0.273682 0.847290 0.144165 -0.016724 0.341431
0.215454 -0.261353 0.852295 0.122070 -0.027954 0.330444
0.216553 -0.253296 0.858643 0.127563 -0.041626 0.316040
0.218262 -0.246094 0.894165 0.114258 -0.051147 0.297485
0.196167 -0.260254 0.888672 0.072021 -0.057129 0.279297
0.217407 -0.231689 0.913940 0.110840 -0.074951 0.276611
0.241577 -0.198120 0.958130 0.094116 -0.071777 0.271606
0.243042 -0.172485 0.972046 0.031616 -0.032471 0.252075
0.212646 -0.170044 0.931885 0.008789 0.009155 0.230103
0.176758 -0.192993 0.903687 -0.010254 0.022217 0.206299
0.173950 -0.174316 0.892334 -0.011353 0.012207 0.189209
0.186523 -0.137573 0.897949 -0.017090 0.009155 0.176147
0.182373 -0.126953 0.902954 -0.031250 0.013306 0.151978
0.177490 -0.125122 0.927979 -0.050903 0.010498 0.118164
0.161743 -0.128662 0.937988 -0.043701 0.002563 0.089233
0.156738 -0.132446 0.958740 -0.023438 -0.016479 0.068237
0.176025 -0.108154 1.013672 -0.008057 -0.029297 0.057617
0.206543 -0.076782 1.068726 -0.023438 -0.011475 0.051514
0.221069 -0.036377 1.098389 -0.082153 0.033813 0.036621
0.190796 -0.053223 1.101807 -0.134644 0.084473 0.014282
0.183105 -0.051514 1.111328 -0.161865 0.088501 -0.006958
0.164063 -0.054443 1.127808 -0.234863 0.065552 -0.022461
0.160645 -0.032715 1.122925 -0.226318 0.054932 -0.037720
0.147705 -0.026123 1.119019 -0.226929 0.056030 -0.064819
0.125122 -0.028442 1.119019 -0.232422 0.052246 -0.096924
0.111328 -0.032104 1.112793 -0.202759 0.043701 -0.125854
0.123291 0.004761 1.144287 -0.163452 0.033936 -0.164185
0.145630 0.041748 1.178223 -0.126343 0.038208 -0.206055
0.129150 0.030273 1.190796 -0.157959 0.050903 -0.244385
0.108521 0.017212 1.172852 -0.175049 0.070068 -0.273804
0.090210 -0.009033 1.174561 -0.203857 0.096069 -0.295044
0.066040 -0.035767 1.158691 -0.231323 0.113892 -0.310669
0.026489 -0.063721 1.138062 -0.238037 0.125732 -0.319214
-0.006104 -0.092285 1.140381 -0.239136 0.139893 -0.314819
-0.016846 -0.105225 1.134644 -0.279663 0.156250 -0.305786
-0.038330 -0.129028 1.107300 -0.313843 0.162476 -0.309570
-0.062134 -0.159546 1.080811 -0.294922 0.138794 -0.332642
-0.075684 -0.212891 1.070679 -0.226196 0.094360 -0.355225
-0.078979 -0.241577 1.074829 -0.137939 0.052368 -0.366821
-0.084595 -0.270874 1.068359 -0.094971 0.031494 -0.357056
-0.076660 -0.281494 1.057861 -0.103638 0.031250 -0.327393
-0.066772 -0.277588 1.040771 -0.138550 0.050781 -0.290527
-0.072998 -0.280762 1.029541 -0.188232 0.079712 -0.265991
-0.081665 -0.307617 1.007080 -0.211670 0.089600 -0.254028
-0.094727 -0.333618 0.988403 -0.178711 0.085693 -0.252563
-0.104370 -0.336182 0.960571 -0.133057 0.056274 -0.252197
-0.080811 -0.316528 0.966797 -0.054932 0.010620 -0.249756
-0.062500 -0.307739 0.975342 -0.018311 -0.018311 -0.249268
-0.055054 -0.301270 0.977295 0.010254 -0.033813 -0.250854
-0.051392 -0.319092 0.994507 -0.007446 -0.032715 -0.242432
-0.054932 -0.348145 0.999146 -0.090210 0.001465 -0.221313
-0.047607 -0.361572 1.003418 -0.226929 0.039063 -0.185791
-0.032593 -0.354248 0.986084 -0.374634 0.063232 -0.159424
-0.027954 -0.375977 0.976440 -0.434570 0.055298 -0.160889
-0.047852 -0.422607 0.970337 -0.361450 0.009155 -0.182739
-0.045776 -0.453003 0.978638 -0.231079 -0.039917 -0.197266
-0.010254 -0.434692 1.006104 -0.124878 -0.064697 -0.200562
-0.007202 -0.454712 1.031860 -0.071899 -0.039307 -0.180542
0.003784 -0.475220 1.031982 -0.067871 0.005005 -0.140625
-0.002075 -0.486206 1.012329 -0.080322 0.046143 -0.105835
-0.001831 -0.490112 0.973145 -0.044800 0.053101 -0.087158
0.006958 -0.476196 0.942383 0.012451 0.027466 -0.099243
0.005127 -0.492188 0.928467 0.082275 -0.018066 -0.127197
0.025146 -0.512817 0.953369 0.165161 -0.065918 -0.156616
0.040405 -0.538086 0.984863 0.188477 -0.086426 -0.159790
0.047607 -0.555420 0.975830 0.143066 -0.071533 -0.127319
0.067383 -0.550049 0.975220 0.058960 -0.047241 -0.079102
0.085938 -0.536743 0.955322 -0.037842 -0.024780 -0.042480
0.075806 -0.551514 0.923828 -0.080688 -0.007690 -0.026367
0.067871 -0.574463 0.911255 -0.085693 -0.011475 -0.020386
0.075562 -0.580688 0.906738 -0.075317 -0.024658 -0.014648
0.083130 -0.582397 0.900757 -0.042480 -0.033936 -0.006592
0.088135 -0.574951 0.893066 -0.030151 -0.040527 -0.000488
0.086670 -0.578857 0.873901 -0.016602 -0.049316 0.003052
0.085938 -0.585571 0.876831 -0.001831 -0.065552 0.003662
0.085083 -0.577515 0.870728 0.002563 -0.081421 0.005981
0.083252 -0.580566 0.868652 0.017578 -0.089355 0.015259
0.080200 -0.593506 0.863647 0.027344 -0.095459 0.027344
0.067627 -0.601196 0.859497 0.025757 -0.101074 0.043945
0.062622 -0.588257 0.859375 0.024414 -0.113525 0.063354
0.068970 -0.568604 0.857910 0.036011 -0.132813 0.083618
0.077759 -0.538574 0.868774 0.053589 -0.157104 0.091797
0.089233 -0.520874 0.874878 0.066406 -0.175781 0.091675
0.096313 -0.496460 0.909180 0.063354 -0.189453 0.086182
0.111816 -0.473022 0.938843 0.046997 -0.186279 0.083008
0.108765 -0.459229 0.943970 0.012085 -0.165405 0.082397
0.098389 -0.446777 0.911987 -0.022217 -0.150146 0.086426
0.100098 -0.434204 0.917725 -0.010132 -0.170044 0.088379
0.113525 -0.436646 0.952881 0.023193 -0.186768 0.082886
0.118408 -0.429443 0.989014 0.032837 -0.177124 0.074097
0.107666 -0.432617 0.995605 0.039063 -0.139648 0.084717
0.100098 -0.419922 0.997925 0.023071 -0.094604 0.104492
0.087280 -0.418945 0.984741 -0.029419 -0.045898 0.118530
0.077148 -0.410889 0.979248 -0.076538 -0.015259 0.123413
0.064087 -0.402954 0.981079 -0.087891 -0.015869 0.127686
0.073242 -0.365601 0.970093 -0.071899 -0.025146 0.133667
0.078247 -0.342529 0.957764 -0.052124 -0.036987 0.138062
0.102417 -0.288208 0.978394 -0.044189 -0.042236 0.138062
0.100098 -0.273560 0.981812 -0.066528 -0.037598 0.136475
0.094727 -0.282227 0.991333 -0.077148 -0.040894 0.132935
0.079346 -0.308716 0.995605 -0.074951 -0.041260 0.129395
0.084351 -0.299683 0.997437 -0.052368 -0.048584 0.121582
0.080322 -0.309326 0.988647 -0.016846 -0.059937 0.108398
0.078735 -0.310303 0.997559 0.033691 -0.071655 0.092896
0.066528 -0.323608 1.007080 0.049683 -0.061768 0.084717
0.048950 -0.332275 1.003296 0.052612 -0.042603 0.091919
0.053101 -0.316162 0.992065 0.048950 -0.038574 0.106689
0.062744 -0.293213 1.013550 0.028198 -0.038086 0.120361
0.087891 -0.257813 1.041870 -0.011108 -0.031494 0.127930
