0.054443 -0.328979 0.998291 -0.089478 0.039551 -0.050781
0.045776 -0.326660 0.982788 -0.107178 0.040527 -0.055420
0.049316 -0.308105 0.990723 -0.111328 0.038818 -0.064209
0.051636 -0.299194 0.992188 -0.106934 0.037231 -0.078125
0.052124 -0.292603 0.991577 -0.127075 0.036377 -0.103760
0.053101 -0.292480 1.007324 -0.153564 0.034668 -0.128296
0.046875 -0.308716 1.014893 -0.184692 0.039063 -0.143677
0.042847 -0.333374 1.007324 -0.208252 0.048340 -0.151123
0.050171 -0.323120 0.992188 -0.211670 0.050781 -0.164795
0.060547 -0.318970 0.988281 -0.223755 0.044312 -0.187622
0.056763 -0.338013 0.985718 -0.250977 0.041260 -0.215942
0.052368 -0.352051 0.984619 -0.285889 0.043213 -0.239746
0.034180 -0.364990 0.981445 -0.301270 0.042480 -0.250122
0.010742 -0.409668 0.969604 -0.300049 0.045166 -0.239380
-0.002930 -0.434937 0.951782 -0.300903 0.038208 -0.225952
0.004761 -0.432739 0.971802 -0.281372 0.020264 -0.209839
0.014404 -0.439697 0.990723 -0.265503 0.012329 -0.192383
0.007568 -0.442261 0.982056 -0.265625 0.012695 -0.183716
-0.002808 -0.463501 0.968750 -0.255249 0.008911 -0.177246
-0.012817 -0.477783 0.979736 -0.230469 0.000122 -0.175171
-0.019043 -0.484253 1.001343 -0.214966 -0.009644 -0.166626
-0.026978 -0.487061 0.998413 -0.204834 -0.009521 -0.146729
-0.040283 -0.500488 0.991455 -0.222900 -0.005859 -0.123169
-0.042480 -0.498413 0.984619 -0.240601 -0.006470 -0.100464
-0.056274 -0.514526 0.974365 -0.248291 -0.008667 -0.084595
-0.065308 -0.518555 0.966064 -0.207397 -0.026123 -0.076416
-0.069336 -0.511597 0.957642 -0.151123 -0.051880 -0.072510
-0.061523 -0.523804 0.956055 -0.104492 -0.077393 -0.070435
-0.050781 -0.517456 0.996826 -0.050049 -0.103394 -0.076172
-0.036499 -0.514160 1.016846 0.013916 -0.111328 -0.074585
-0.040894 -0.523682 1.015015 0.046753 -0.103394 -0.073730
-0.057373 -0.544067 1.008667 0.074219 -0.096802 -0.073242
-0.053345 -0.554810 1.003906 0.122314 -0.096924 -0.066406
-0.045288 -0.560303 0.991821 0.175293 -0.102051 -0.052124
-0.037842 -0.560181 0.990479 0.196289 -0.109131 -0.038574
-0.043823 -0.601563 0.995605 0.214722 -0.104614 -0.014282
-0.036987 -0.604858 0.986694 0.229126 -0.102661 0.017212
-0.022217 -0.595093 0.965088 0.267456 -0.102417 0.048584
0.002441 -0.565308 0.949341 0.346558 -0.107544 0.067383
0.005615 -0.574829 0.935547 0.423218 -0.117798 0.076172
0.020386 -0.571411 0.923218 0.490234 -0.131104 0.085449
0.035645 -0.573120 0.932251 0.523682 -0.141968 0.099854
0.057251 -0.562866 0.946655 0.532104 -0.143677 0.127441
0.100464 -0.523804 0.974609 0.511963 -0.124390 0.167358
0.124146 -0.512451 0.984985 0.470947 -0.080811 0.210693
0.134155 -0.513672 0.977295 0.439331 -0.036743 0.243408
0.146729 -0.517334 0.986572 0.425903 -0.006592 0.272949
0.154785 -0.509888 0.986450 0.405640 0.024414 0.313965
0.155151 -0.498413 0.956543 0.363403 0.065918 0.366943
0.147827 -0.478760 0.919067 0.330933 0.095703 0.407593
0.146362 -0.467407 0.888428 0.344971 0.087891 0.430664
0.149170 -0.437744 0.860352 0.367798 0.062378 0.436035
0.164063 -0.413940 0.840576 0.399902 0.034302 0.438354
0.165039 -0.373779 0.811279 0.379883 0.013794 0.438477
0.172485 -0.348755 0.795898 0.325928 0.005127 0.446045
0.181152 -0.316772 0.786499 0.270508 -0.010254 0.437378
0.178223 -0.294189 0.773315 0.220947 -0.029907 0.415405
0.177734 -0.281860 0.773438 0.182861 -0.058960 0.390747
0.200684 -0.263672 0.804077 0.146484 -0.089111 0.371704
0.221436 -0.253906 0.848022 0.077759 -0.094727 0.367310
0.219360 -0.255005 0.887695 -0.012573 -0.079224 0.369873
0.221802 -0.260986 0.917236 -0.064331 -0.059937 0.378174
0.205322 -0.270996 0.920044 -0.089111 -0.049194 0.382324
0.202881 -0.267944 0.937134 -0.081909 -0.054688 0.380981
0.215332 -0.260010 0.972656 -0.085571 -0.067871 0.368896
0.227905 -0.231201 0.971680 -0.072998 -0.078857 0.349243
0.237793 -0.206543 0.971191 -0.044189 -0.089478 0.320679
0.234497 -0.183105 0.984009 -0.037720 -0.094360 0.277588
0.216919 -0.182007 0.981445 -0.025269 -0.096802 0.239258
0.211182 -0.182007 0.998169 -0.015259 -0.096558 0.213501
0.209961 -0.173828 1.020142 -0.034058 -0.083496 0.201050
0.207886 -0.172729 1.042358 -0.075317 -0.046753 0.196777
0.205444 -0.145264 1.037720 -0.119385 -0.001465 0.185547
0.178345 -0.157349 1.014038 -0.163818 0.044312 0.171631
0.148560 -0.158569 0.986084 -0.164185 0.056885 0.145996
0.135986 -0.144897 0.975464 -0.127319 0.038330 0.110474
0.159546 -0.109741 1.010132 -0.084961 0.006470 0.069580
0.148682 -0.098877 1.024048 -0.129395 -0.018677 0.029297
0.147461 -0.095703 1.057373 -0.165283 -0.031128 0.001831
0.144531 -0.089844 1.090454 -0.245117 -0.031006 -0.023438
0.125488 -0.091431 1.096924 -0.286499 -0.008301 -0.040649
0.103149 -0.097900 1.120850 -0.319458 0.010010 -0.064453
0.106934 -0.072876 1.130005 -0.319214 0.018311 -0.093628
0.080322 -0.074219 1.118896 -0.302368 0.025879 -0.129639
0.061768 -0.076294 1.111328 -0.248169 0.027344 -0.167725
0.059326 -0.065552 1.124146 -0.192505 0.019531 -0.201782
0.052368 -0.061768 1.133301 -0.153931 0.020020 -0.225952
0.049194 -0.053101 1.150391 -0.145142 0.023926 -0.249878
0.050415 -0.045898 1.172729 -0.171875 0.042725 -0.270142
0.030396 -0.062622 1.200439 -0.228516 0.091064 -0.278687
-0.006714 -0.094849 1.172607 -0.324463 0.157471 -0.274414
-0.053345 -0.135254 1.143066 -0.388672 0.206299 -0.263550
-0.075439 -0.170044 1.122681 -0.395508 0.224243 -0.260620
-0.101685 -0.219116 1.098511 -0.367188 0.212158 -0.267456
-0.124023 -0.272095 1.085083 -0.321411 0.175781 -0.275513
-0.122314 -0.299194 1.099609 -0.238525 0.131470 -0.279907
-0.116455 -0.308105 1.105469 -0.161255 0.102417 -0.276978
-0.107910 -0.308716 1.099365 -0.118774 0.098999 -0.264526
-0.103882 -0.309814 1.077271 -0.108154 0.106689 -0.245728
-0.090088 -0.292114 1.056885 -0.078979 0.111938 -0.239868
-0.089233 -0.299805 1.016113 -0.047119 0.102173 -0.253906
-0.067139 -0.293579 1.019775 -0.012939 0.080933 -0.274536
-0.038330 -0.299561 1.039795 0.012329 0.072388 -0.288208
-0.021118 -0.300781 1.049072 -0.005737 0.093750 -0.289429
-0.023193 -0.309204 1.029907 -0.054932 0.141235 -0.275391
-0.017212 -0.311035 1.018677 -0.109375 0.189087 -0.255249
-0.025757 -0.336060 0.990356 -0.195557 0.227295 -0.235229
-0.042114 -0.368652 0.947876 -0.292114 0.255249 -0.212280
-0.057007 -0.398804 0.933350 -0.378662 0.270386 -0.189087
-0.076050 -0.441528 0.893555 -0.424316 0.272949 -0.160645
-0.086548 -0.475586 0.874146 -0.411377 0.255371 -0.135498
-0.062744 -0.496094 0.901123 -0.379272 0.216309 -0.127075
-0.057373 -0.516235 0.906128 -0.316406 0.165771 -0.155273
-0.060669 -0.549805 0.878906 -0.189453 0.101685 -0.199829
-0.043701 -0.562988 0.890869 -0.043823 0.024658 -0.244263
-0.020996 -0.576416 0.931885 0.065552 -0.026489 -0.265137
-0.018677 -0.611084 0.956055 0.090332 -0.024658 -0.245728
-0.027466 -0.637329 0.944824 0.041748 0.004761 -0.197998
-0.038086 -0.676758 0.930664 -0.036865 0.033691 -0.126831
-0.046509 -0.690430 0.916748 -0.107788 0.048096 -0.052490
-0.023804 -0.686035 0.907959 -0.149658 0.049438 0.012939
0.006470 -0.657104 0.922119 -0.153931 0.044434 0.043945
0.015869 -0.646362 0.916626 -0.121582 0.037964 0.040894
0.005493 -0.654175 0.879395 -0.048584 0.030640 0.020386
-0.011719 -0.664551 0.854126 0.035156 -0.001587 0.001587
-0.005615 -0.660400 0.856323 0.114136 -0.052490 -0.010010
0.001953 -0.656860 0.873535 0.153687 -0.080566 -0.003052
0.031982 -0.623535 0.886597 0.157104 -0.086426 0.022217
0.061523 -0.580444 0.903320 0.116943 -0.078613 0.048218
0.075439 -0.560303 0.914551 0.056030 -0.051758 0.066284
0.063477 -0.548096 0.885010 0.004639 -0.027588 0.073486
0.045776 -0.545288 0.862427 0.002075 -0.024170 0.074219
0.036987 -0.539429 0.854004 0.026611 -0.038696 0.071411
0.035889 -0.524658 0.838745 0.064209 -0.061768 0.060547
0.031616 -0.522827 0.834106 0.116699 -0.089966 0.046143
0.024658 -0.515015 0.825562 0.154175 -0.121948 0.035156
0.021973 -0.502563 0.829102 0.187744 -0.157227 0.026367
0.037964 -0.490356 0.851196 0.215210 -0.190186 0.015747
0.046021 -0.491333 0.877319 0.220825 -0.205811 0.007202
0.038086 -0.499023 0.892578 0.205933 -0.202759 0.005371
0.033203 -0.499878 0.888062 0.199341 -0.196899 0.008179
0.028442 -0.500610 0.883179 0.177246 -0.196289 0.010864
0.019775 -0.508301 0.885010 0.163574 -0.204346 0.010986
0.020264 -0.518677 0.882935 0.184448 -0.224487 0.007446
0.024780 -0.519165 0.886597 0.219116 -0.250000 0.001709
0.034180 -0.510132 0.916626 0.246582 -0.275146 -0.000122
0.044434 -0.501465 0.950073 0.266724 -0.295898 0.007690
0.068604 -0.474243 0.998291 0.297974 -0.311768 0.017090
0.081299 -0.445923 1.021118 0.317017 -0.313965 0.027344
0.101685 -0.420410 1.043335 0.329590 -0.304199 0.038940
