0.075195 -0.378906 0.979858 -0.073364 0.012329 -0.084717
0.055176 -0.392944 0.963989 -0.079468 0.032837 -0.091553
0.050903 -0.378418 0.930664 -0.083862 0.037964 -0.099854
0.045776 -0.366333 0.930298 -0.074097 0.025269 -0.115845
0.024536 -0.379761 0.916504 -0.068848 0.015015 -0.134644
0.006592 -0.406372 0.909424 -0.058594 -0.009399 -0.147949
0.008789 -0.436768 0.934570 -0.030029 -0.036499 -0.147583
0.022217 -0.436279 0.964478 -0.033813 -0.047119 -0.140503
0.024048 -0.438599 0.972412 -0.071655 -0.036743 -0.120605
0.023560 -0.434692 0.973877 -0.106689 -0.019531 -0.104614
0.016113 -0.424561 0.970093 -0.126221 0.000854 -0.094971
-0.002441 -0.438843 0.960449 -0.146240 0.016479 -0.089844
-0.008545 -0.443359 0.940674 -0.160645 0.020996 -0.086060
-0.012451 -0.449951 0.947021 -0.159180 0.012207 -0.090698
-0.012207 -0.458130 0.947754 -0.149902 -0.000732 -0.101685
-0.016602 -0.459351 0.956299 -0.133545 -0.012451 -0.114624
-0.026367 -0.466797 0.955444 -0.108032 -0.025513 -0.126831
-0.025635 -0.461792 0.974121 -0.072876 -0.036987 -0.138184
-0.032471 -0.475464 0.989624 -0.064941 -0.033569 -0.142456
-0.056274 -0.495239 0.977051 -0.078003 -0.019287 -0.137085
-0.075684 -0.516602 0.963135 -0.088745 -0.012939 -0.117676
-0.087769 -0.538208 0.963013 -0.088745 -0.017456 -0.089722
-0.090210 -0.546753 0.959717 -0.078857 -0.031250 -0.061523
-0.087280 -0.552979 0.979492 -0.043823 -0.053101 -0.042725
-0.084595 -0.558228 0.995361 0.012451 -0.078857 -0.037964
-0.079834 -0.555542 1.001465 0.081665 -0.102051 -0.044800
-0.078979 -0.560791 1.002930 0.141357 -0.119141 -0.050903
-0.077393 -0.562256 1.009277 0.206177 -0.131714 -0.048950
-0.063965 -0.559082 1.029663 0.263672 -0.140625 -0.034424
-0.046997 -0.552246 1.037598 0.274048 -0.141235 -0.016479
-0.026733 -0.538574 1.056763 0.311035 -0.115723 -0.013428
-0.013794 -0.526733 1.051514 0.357056 -0.057251 -0.020142
-0.011353 -0.544312 1.023315 0.354736 0.014404 -0.018311
-0.028564 -0.550049 0.987671 0.347656 0.056396 -0.024048
-0.053101 -0.603394 0.938843 0.350952 0.079224 -0.021240
-0.046997 -0.612915 0.931396 0.408447 0.077637 -0.009399
-0.047119 -0.613892 0.921753 0.435913 0.063354 0.015747
-0.029663 -0.621826 0.913086 0.419678 0.041992 0.045410
-0.005615 -0.614380 0.922974 0.355469 0.016846 0.080078
0.030762 -0.585449 0.941650 0.281006 0.004639 0.122314
0.066406 -0.557007 0.948486 0.198364 0.004761 0.165527
0.085083 -0.525757 0.923096 0.142212 0.017944 0.202148
0.081055 -0.522583 0.878784 0.110962 0.029541 0.229614
0.087891 -0.506104 0.874512 0.118530 0.018311 0.251953
0.114014 -0.480469 0.870850 0.135742 -0.000122 0.281006
0.124634 -0.467773 0.878174 0.132690 -0.007568 0.305908
0.139160 -0.438477 0.875732 0.166504 -0.018188 0.321045
0.149292 -0.427979 0.876465 0.196045 -0.035400 0.327637
0.151611 -0.418091 0.872925 0.216187 -0.069702 0.332153
0.156616 -0.411621 0.876953 0.233398 -0.099609 0.338379
0.175903 -0.394531 0.892578 0.262085 -0.130981 0.341187
0.193604 -0.369751 0.909912 0.247681 -0.152954 0.345337
0.213135 -0.332031 0.919189 0.209961 -0.160522 0.354370
0.222656 -0.328003 0.940430 0.143311 -0.147827 0.372070
0.239014 -0.300659 0.961304 0.069336 -0.132080 0.379761
0.237427 -0.288208 0.948975 0.024414 -0.116333 0.375122
0.231445 -0.280762 0.951660 0.015747 -0.109009 0.355103
0.224365 -0.273682 0.966797 0.029785 -0.108643 0.335938
0.227173 -0.252197 0.964111 0.047852 -0.108643 0.318970
0.222168 -0.242676 0.956543 0.045044 -0.100586 0.306885
0.215210 -0.243774 0.943359 0.015869 -0.096558 0.295898
0.211670 -0.235840 0.941528 0.006592 -0.096680 0.280518
0.194580 -0.237549 0.944092 -0.002686 -0.092651 0.266479
0.175659 -0.247314 0.923706 -0.017334 -0.088013 0.259644
0.177612 -0.223145 0.929932 -0.016968 -0.093384 0.257690
0.185913 -0.204590 0.930786 -0.037720 -0.086426 0.252319
0.198242 -0.186157 0.958374 -0.068359 -0.069702 0.230835
0.186646 -0.170288 0.958374 -0.102173 -0.047119 0.187622
0.171143 -0.180664 0.963257 -0.102539 -0.034790 0.146973
0.149048 -0.183960 0.960449 -0.116577 -0.037842 0.112915
0.141113 -0.173096 0.970825 -0.141113 -0.041260 0.090942
0.163086 -0.138550 1.000366 -0.175781 -0.038696 0.070435
0.165039 -0.112793 1.010498 -0.212891 -0.026001 0.042358
0.154297 -0.101563 1.042847 -0.219727 -0.005493 0.005371
0.149902 -0.076294 1.047485 -0.225586 0.011597 -0.031372
0.135742 -0.089722 1.080566 -0.244751 0.031738 -0.059082
0.121216 -0.091309 1.074463 -0.274292 0.051025 -0.087646
0.099121 -0.085327 1.088379 -0.265503 0.058472 -0.115479
0.085815 -0.091797 1.102905 -0.261108 0.059570 -0.141479
0.079224 -0.096191 1.131104 -0.256226 0.059692 -0.161377
0.076660 -0.097412 1.145874 -0.267456 0.068848 -0.179688
0.067871 -0.097046 1.157715 -0.281006 0.079834 -0.202271
0.075928 -0.078491 1.196655 -0.273804 0.093628 -0.230835
0.067383 -0.080444 1.215698 -0.275024 0.125854 -0.262207
0.046997 -0.084229 1.207886 -0.268433 0.164795 -0.291748
0.008057 -0.119507 1.181519 -0.303345 0.204834 -0.314209
-0.044800 -0.154297 1.140625 -0.340332 0.241943 -0.315796
-0.077881 -0.198608 1.101318 -0.319580 0.258179 -0.299927
-0.106689 -0.225342 1.048096 -0.314331 0.255615 -0.291016
-0.130249 -0.243896 1.007324 -0.312988 0.230225 -0.288330
-0.142090 -0.276611 0.981445 -0.302002 0.199219 -0.278198
-0.129517 -0.284424 0.985474 -0.263184 0.162720 -0.273804
-0.118652 -0.280029 0.983032 -0.216431 0.129517 -0.286011
-0.117432 -0.312378 0.978516 -0.181763 0.107300 -0.293945
-0.095703 -0.327271 0.992676 -0.148560 0.094360 -0.305176
-0.103149 -0.352173 0.977173 -0.143433 0.105347 -0.310547
-0.112427 -0.380493 0.947266 -0.152588 0.115112 -0.302856
-0.098389 -0.402344 0.951660 -0.178833 0.114014 -0.287720
-0.077271 -0.410645 0.957397 -0.224243 0.113525 -0.276855
-0.066406 -0.426270 0.959473 -0.264282 0.113403 -0.269409
-0.057007 -0.448120 0.963867 -0.288574 0.108398 -0.265625
-0.055908 -0.483521 0.966309 -0.293091 0.098755 -0.267090
-0.055054 -0.513428 0.952026 -0.247437 0.084351 -0.268799
-0.031372 -0.519165 0.945801 -0.165527 0.055298 -0.267700
-0.014526 -0.538452 0.950806 -0.105225 0.038086 -0.261353
-0.002563 -0.543457 0.962158 -0.121582 0.049927 -0.233887
-0.038574 -0.597656 0.929688 -0.242798 0.094604 -0.174072
-0.046265 -0.624390 0.916504 -0.354980 0.121216 -0.105469
-0.056763 -0.640015 0.889526 -0.420044 0.118286 -0.049561
-0.083984 -0.681519 0.855591 -0.399292 0.082642 -0.014893
-0.076782 -0.692627 0.865601 -0.282349 0.002808 -0.004272
-0.036133 -0.677979 0.904907 -0.116943 -0.092529 -0.030518
0.020874 -0.641357 0.939331 0.098511 -0.161743 -0.096924
0.067993 -0.591064 0.972046 0.267334 -0.192505 -0.167114
0.055176 -0.608032 0.940186 0.270020 -0.160278 -0.189575
0.027954 -0.631958 0.914917 0.164551 -0.096558 -0.166748
-0.003052 -0.689819 0.884399 0.003906 -0.039185 -0.103760
-0.022217 -0.722900 0.865234 -0.108643 -0.013550 -0.035400
-0.025024 -0.731201 0.846680 -0.115112 -0.013550 0.014893
-0.009277 -0.731079 0.854736 -0.057251 -0.037109 0.048462
0.031250 -0.695557 0.874878 0.007568 -0.077637 0.057983
0.062134 -0.663940 0.890015 0.055664 -0.101929 0.043701
0.057007 -0.651489 0.871338 0.102295 -0.101807 0.015259
0.056885 -0.630371 0.855347 0.157104 -0.111694 -0.003540
0.060791 -0.632690 0.852295 0.177612 -0.119629 -0.004639
0.057129 -0.638916 0.866577 0.166748 -0.110840 0.003418
0.057251 -0.638672 0.876343 0.133789 -0.096680 0.030396
0.063843 -0.627075 0.871460 0.091187 -0.087769 0.064331
0.072998 -0.600586 0.867798 0.058350 -0.083984 0.091187
0.077637 -0.589355 0.854370 0.037354 -0.081177 0.107178
0.065674 -0.595703 0.839233 0.035645 -0.086182 0.113037
0.066040 -0.583618 0.836182 0.066528 -0.105469 0.112183
0.078613 -0.562378 0.841797 0.087646 -0.125854 0.108154
0.082153 -0.544678 0.847290 0.104858 -0.138184 0.102173
0.077393 -0.533569 0.834961 0.124268 -0.147583 0.091431
0.075806 -0.539185 0.826660 0.139160 -0.160400 0.083618
0.069458 -0.551758 0.842529 0.149780 -0.173462 0.082642
0.064819 -0.555054 0.862915 0.162476 -0.182739 0.090454
0.066040 -0.547852 0.855469 0.180176 -0.200317 0.101440
0.079102 -0.528564 0.864746 0.191772 -0.221313 0.099121
0.075195 -0.530884 0.876099 0.213745 -0.241577 0.086792
0.067505 -0.533203 0.873657 0.253418 -0.272827 0.066528
0.074341 -0.524048 0.890015 0.327759 -0.320190 0.039551
0.093872 -0.503418 0.917725 0.403442 -0.361450 0.020874
0.107788 -0.494385 0.958984 0.461914 -0.384888 0.013306
0.135498 -0.460205 1.007324 0.489502 -0.370483 0.018799
0.131958 -0.437256 1.020752 0.434082 -0.312134 0.044678
0.113037 -0.413940 0.996704 0.331177 -0.229248 0.094482
0.097290 -0.386475 0.969116 0.194580 -0.152100 0.155396
0.097168 -0.354980 0.953857 0.050537 -0.096191 0.205688
