0.072632 -0.308228 0.989868 -0.128174 0.021851 -0.089233
0.073975 -0.294312 1.003906 -0.132813 0.029785 -0.111572
0.076660 -0.285156 1.015991 -0.148438 0.045776 -0.131226
0.060303 -0.315674 1.000977 -0.200439 0.069702 -0.143677
0.039673 -0.336792 0.990967 -0.219849 0.084717 -0.160278
0.027710 -0.358643 0.999756 -0.215698 0.094727 -0.169800
0.013062 -0.372192 0.984985 -0.223267 0.101685 -0.164917
-0.005371 -0.393921 0.977539 -0.217896 0.106201 -0.163452
-0.030273 -0.420044 0.968872 -0.220825 0.095093 -0.173584
-0.044678 -0.427002 0.973999 -0.190796 0.054443 -0.185303
-0.057983 -0.454712 0.982300 -0.145142 0.021362 -0.196533
-0.070801 -0.474854 0.999878 -0.112915 -0.004150 -0.207275
-0.081055 -0.500854 1.016113 -0.065063 -0.022949 -0.203857
-0.095825 -0.523193 1.010864 -0.033813 -0.032349 -0.193115
-0.108765 -0.534668 0.999512 -0.002563 -0.039795 -0.170532
-0.107666 -0.547485 1.020996 0.014038 -0.044922 -0.141357
-0.111938 -0.569946 1.016113 -0.020020 -0.033936 -0.102417
-0.116699 -0.564697 1.009766 -0.030396 -0.028320 -0.071533
-0.117310 -0.559082 0.996948 -0.012451 -0.032715 -0.045898
-0.125244 -0.573608 0.986816 0.026123 -0.049561 -0.029175
-0.127319 -0.576538 0.976440 0.083862 -0.077881 -0.020508
-0.111328 -0.572998 0.977661 0.172974 -0.115234 -0.007080
-0.107666 -0.580688 0.990723 0.221436 -0.145630 0.009644
-0.091187 -0.574463 0.986084 0.226563 -0.148438 0.036987
-0.075806 -0.551392 0.978271 0.230713 -0.133301 0.072388
-0.065308 -0.542603 0.973511 0.249756 -0.121948 0.120483
-0.049316 -0.521484 0.932861 0.255615 -0.106689 0.165894
-0.063477 -0.568848 0.949097 0.290771 -0.099976 0.204102
-0.014893 -0.530884 0.977905 0.378052 -0.106812 0.246582
0.021973 -0.498657 0.982300 0.365479 -0.102051 0.275024
0.049072 -0.475952 0.998047 0.301636 -0.079346 0.287598
0.074341 -0.453369 0.992065 0.253540 -0.069458 0.287231
0.098022 -0.441895 0.991089 0.249634 -0.073120 0.282104
0.116211 -0.443848 0.996582 0.226807 -0.067627 0.269531
0.125610 -0.438477 1.001221 0.221313 -0.052246 0.262695
0.120605 -0.445435 0.983643 0.243774 -0.028809 0.279175
0.119019 -0.442139 0.953003 0.235596 -0.009155 0.305664
0.119873 -0.435303 0.935791 0.208862 0.012451 0.333374
0.127319 -0.428223 0.909180 0.173340 0.017944 0.353149
0.130981 -0.427124 0.900024 0.143433 0.008057 0.351563
0.148682 -0.411743 0.887817 0.169067 -0.025146 0.343506
0.142334 -0.429810 0.888184 0.168335 -0.042725 0.324585
0.137207 -0.428833 0.881348 0.190918 -0.058594 0.307617
0.122192 -0.453735 0.859741 0.193237 -0.087158 0.300781
0.134766 -0.444336 0.877808 0.203369 -0.116089 0.302002
0.150146 -0.424072 0.900635 0.211914 -0.127197 0.318115
0.163208 -0.397583 0.906250 0.181885 -0.113525 0.340454
0.167969 -0.373657 0.897583 0.140381 -0.090942 0.355713
0.168335 -0.352417 0.890747 0.088867 -0.074585 0.364258
0.160522 -0.353760 0.892090 0.036743 -0.067139 0.364990
0.159424 -0.356323 0.912842 0.017456 -0.076050 0.352173
0.163574 -0.348389 0.935547 0.023193 -0.094360 0.328125
0.173706 -0.337158 0.955200 0.059082 -0.116211 0.304932
0.177124 -0.326660 0.961060 0.075928 -0.129028 0.279663
0.191040 -0.304565 0.992676 0.100952 -0.130249 0.258423
0.185425 -0.292480 1.007690 0.098267 -0.114746 0.246704
0.192505 -0.262939 1.018188 0.079590 -0.084229 0.248901
0.180908 -0.243530 1.006470 0.016724 -0.043579 0.245605
0.177124 -0.229492 1.000366 -0.017578 -0.014526 0.239746
0.174438 -0.210815 1.011108 -0.033325 0.002075 0.226929
0.167725 -0.200439 1.007935 -0.060181 0.020630 0.214111
0.163452 -0.186035 1.017700 -0.076294 0.034912 0.198853
0.163330 -0.170898 1.020264 -0.127319 0.050415 0.179321
0.144287 -0.155396 0.991089 -0.192139 0.066406 0.152466
0.127075 -0.137939 0.969116 -0.206299 0.060669 0.118408
0.116455 -0.130737 0.964111 -0.207642 0.047607 0.082642
0.103882 -0.125610 0.965576 -0.205566 0.038574 0.056030
0.095337 -0.128540 0.978638 -0.183716 0.029541 0.046997
0.099121 -0.111938 1.000488 -0.173218 0.026367 0.036987
0.104980 -0.103638 1.017090 -0.166992 0.035522 0.026489
0.117065 -0.072510 1.017822 -0.132690 0.043091 0.003052
0.098755 -0.083984 1.020020 -0.128174 0.056885 -0.033203
0.083618 -0.096802 1.038330 -0.130493 0.063477 -0.071411
0.076782 -0.093506 1.045654 -0.150269 0.072144 -0.093994
0.066040 -0.101685 1.050293 -0.166748 0.080811 -0.107300
0.053223 -0.093750 1.048584 -0.178833 0.081909 -0.127930
0.048218 -0.092651 1.046875 -0.174072 0.071045 -0.153809
0.042847 -0.095581 1.078491 -0.167847 0.062134 -0.185669
0.031494 -0.100708 1.090454 -0.159180 0.057983 -0.217529
0.022095 -0.103760 1.087769 -0.145508 0.054932 -0.242432
0.017944 -0.108276 1.104004 -0.134888 0.053955 -0.258667
0.016968 -0.122070 1.118408 -0.143921 0.060791 -0.269531
0.005859 -0.130127 1.123901 -0.168701 0.080078 -0.281372
-0.017822 -0.145508 1.114502 -0.189575 0.104858 -0.290283
-0.029907 -0.151978 1.125854 -0.187500 0.124146 -0.298218
-0.051514 -0.179321 1.132324 -0.197754 0.149048 -0.300049
-0.072998 -0.218262 1.121826 -0.208252 0.167480 -0.301514
-0.081665 -0.232300 1.109619 -0.205811 0.168823 -0.306396
-0.090454 -0.252808 1.097412 -0.183228 0.160278 -0.313477
-0.093140 -0.250854 1.063110 -0.139526 0.135132 -0.327637
-0.092041 -0.241577 1.030029 -0.079468 0.085815 -0.357178
-0.077148 -0.224854 1.016724 -0.011108 0.017822 -0.402832
-0.050537 -0.223022 1.024658 0.020386 -0.035034 -0.446655
-0.023071 -0.216309 1.051880 0.019043 -0.047241 -0.467041
0.008911 -0.216675 1.079102 0.005493 -0.002197 -0.454346
0.010132 -0.237549 1.068848 -0.117432 0.086426 -0.427124
-0.015625 -0.293945 1.017212 -0.275024 0.175781 -0.394531
-0.039673 -0.340698 0.988037 -0.377075 0.241455 -0.355835
-0.096802 -0.431396 0.925903 -0.445801 0.281006 -0.312622
-0.121094 -0.464722 0.896240 -0.420410 0.259888 -0.290283
-0.142090 -0.489746 0.865356 -0.322144 0.186768 -0.289551
-0.138184 -0.515625 0.869873 -0.172607 0.092041 -0.300537
-0.082764 -0.489136 0.924194 -0.023315 0.005493 -0.310181
-0.052124 -0.474731 0.946289 0.045776 -0.026001 -0.306274
-0.037109 -0.478760 0.960815 0.020996 -0.011108 -0.287964
-0.048706 -0.511108 0.963379 -0.063110 0.022705 -0.262817
-0.057129 -0.539307 0.952271 -0.126221 0.051880 -0.225464
-0.065918 -0.572632 0.944336 -0.174927 0.073608 -0.182617
-0.072266 -0.605713 0.932739 -0.207764 0.081299 -0.139648
-0.056763 -0.613770 0.943481 -0.186890 0.069702 -0.106445
-0.056274 -0.622925 0.934937 -0.165283 0.054810 -0.081665
-0.041870 -0.612793 0.920654 -0.121704 0.025513 -0.063721
-0.010132 -0.588989 0.930542 -0.055786 -0.021118 -0.065308
0.034058 -0.557373 0.939941 0.027466 -0.065063 -0.094971
0.053711 -0.561646 0.957275 0.101196 -0.077759 -0.124146
0.046631 -0.592529 0.957031 0.088989 -0.048218 -0.119751
0.041992 -0.605591 0.943726 0.044556 -0.005127 -0.079590
0.034790 -0.617676 0.916626 -0.017090 0.020142 -0.030029
0.043701 -0.623047 0.902344 -0.045410 0.019531 0.011353
0.050903 -0.644897 0.910889 -0.071533 0.021606 0.044922
0.054443 -0.655273 0.925293 -0.108276 0.026978 0.061157
0.042236 -0.659546 0.900269 -0.108643 0.034668 0.061279
0.024414 -0.678711 0.870239 -0.050293 0.025513 0.060791
0.024414 -0.668091 0.871460 0.017578 -0.006958 0.061279
0.040039 -0.654053 0.893799 0.054321 -0.033203 0.072388
0.045166 -0.633423 0.898560 0.039551 -0.028931 0.091064
0.028809 -0.620117 0.882446 -0.002563 -0.017578 0.112305
0.012207 -0.619141 0.872192 -0.027832 -0.017700 0.130981
-0.001221 -0.615723 0.866211 -0.020386 -0.036987 0.139160
-0.001221 -0.588989 0.878174 0.004639 -0.068115 0.140015
0.004883 -0.570557 0.891846 0.036255 -0.096436 0.143433
0.009399 -0.554565 0.908936 0.057739 -0.115967 0.142456
0.009155 -0.544800 0.925903 0.069824 -0.128662 0.139893
0.010742 -0.517334 0.936157 0.075562 -0.138428 0.140625
0.006592 -0.498413 0.926636 0.070313 -0.143921 0.144897
-0.010742 -0.505371 0.906006 0.077759 -0.154663 0.143311
-0.016602 -0.478149 0.919678 0.108276 -0.167725 0.145752
-0.018921 -0.469238 0.920288 0.106201 -0.161133 0.165894
-0.020386 -0.473633 0.934326 0.069458 -0.154297 0.175659
-0.020630 -0.467773 0.951538 0.026001 -0.146118 0.187622
-0.002930 -0.446533 0.967041 0.043945 -0.133423 0.212402
0.012939 -0.420410 0.974121 0.016479 -0.114502 0.230957
0.036987 -0.373291 0.986572 -0.042114 -0.088623 0.235596
0.039307 -0.365112 0.992554 -0.092773 -0.057373 0.234863
0.036255 -0.370605 0.984497 -0.112671 -0.029663 0.227539
0.016846 -0.390259 0.979614 -0.112305 -0.012207 0.213867
-0.001831 -0.416016 0.962402 -0.093628 -0.001709 0.210083
-0.007568 -0.398926 0.956299 -0.074463 -0.003784 0.211914
-0.023682 -0.403809 0.943970 -0.055664 -0.001099 0.223267
-0.031372 -0.391968 0.919678 -0.027832 -0.006836 0.229858
