0.049438 -0.380493 0.976685 -0.030029 -0.022095 -0.055542
0.052124 -0.381104 0.989136 0.011963 -0.020020 -0.062012
0.055786 -0.377075 1.005493 0.037354 -0.012085 -0.062500
0.060059 -0.374512 1.004761 0.046265 0.002197 -0.061646
0.059692 -0.366333 0.992676 0.009766 0.020386 -0.072266
0.045288 -0.378296 0.974609 -0.040039 0.030151 -0.087891
0.037354 -0.377808 0.956909 -0.051392 0.022339 -0.103882
0.037109 -0.369507 0.961426 -0.062988 0.012329 -0.117554
0.032837 -0.370605 0.961426 -0.065063 0.009888 -0.129150
0.022705 -0.388550 0.976318 -0.037354 0.007690 -0.140381
0.020264 -0.387329 0.981567 -0.038696 0.003784 -0.145020
0.004395 -0.411987 0.973755 -0.039551 0.003418 -0.138428
-0.005371 -0.426025 0.978271 -0.048340 -0.003906 -0.129028
-0.006104 -0.413574 0.990234 -0.055420 -0.010986 -0.118896
-0.008179 -0.414551 0.985718 -0.035522 -0.015869 -0.114624
-0.010010 -0.408813 0.989990 0.002563 -0.022705 -0.117554
-0.016235 -0.411011 0.990112 0.018921 -0.031616 -0.122070
-0.013062 -0.432617 1.006836 -0.000122 -0.038574 -0.129150
-0.014771 -0.432861 1.021118 -0.027832 -0.030396 -0.134766
-0.023926 -0.442139 1.024292 -0.051758 0.000732 -0.126953
-0.047607 -0.467041 0.983765 -0.092041 0.026611 -0.112183
-0.058228 -0.478149 0.982788 -0.104980 0.024780 -0.103516
-0.071777 -0.500366 0.981445 -0.097168 0.007568 -0.090332
-0.086670 -0.523438 0.972046 -0.059326 -0.013306 -0.074097
-0.075562 -0.530151 0.998047 0.018677 -0.048096 -0.056030
-0.055054 -0.514160 1.020996 0.052979 -0.073486 -0.041260
-0.047729 -0.516724 1.015259 0.060791 -0.073364 -0.020996
-0.042358 -0.524048 1.021240 0.085327 -0.064941 -0.001831
-0.038940 -0.523560 1.015015 0.091919 -0.049927 0.019409
-0.044189 -0.546631 1.002808 0.080688 -0.031372 0.045410
-0.029785 -0.541016 1.013550 0.077271 -0.014893 0.067627
-0.034058 -0.567749 1.014404 0.067749 0.007813 0.086670
-0.051880 -0.599976 0.998779 0.065674 0.027832 0.107666
-0.069824 -0.636108 0.973755 0.046021 0.030884 0.131836
-0.049438 -0.626465 0.942627 0.059326 0.012695 0.154297
-0.010498 -0.607788 0.972900 0.152344 -0.015015 0.166260
0.036011 -0.578491 1.013916 0.276245 -0.024414 0.170166
0.062256 -0.559326 1.033325 0.424927 -0.006714 0.181763
0.052246 -0.551392 0.975342 0.552124 0.047119 0.206299
0.010498 -0.584351 0.897705 0.633545 0.083008 0.233032
-0.000610 -0.579956 0.858887 0.692139 0.061890 0.264404
0.020874 -0.535278 0.859619 0.696655 0.025879 0.314941
0.041626 -0.524780 0.876465 0.633789 0.000122 0.373657
0.061890 -0.486084 0.895752 0.574097 -0.003662 0.402710
0.096313 -0.446289 0.920044 0.544556 0.000244 0.420410
0.119995 -0.414551 0.945313 0.467041 0.010986 0.424927
0.123169 -0.397827 0.950439 0.334839 0.030884 0.420288
0.110229 -0.408936 0.957642 0.202393 0.050659 0.421021
0.118286 -0.386230 0.940552 0.096558 0.053345 0.426025
0.130005 -0.347290 0.937744 0.007813 0.050049 0.434082
0.151123 -0.313477 0.941040 -0.064087 0.053101 0.449951
0.140503 -0.317139 0.948364 -0.151855 0.059448 0.457153
0.138306 -0.313843 0.916138 -0.203613 0.043213 0.456055
0.148682 -0.295288 0.908447 -0.214111 0.012451 0.454102
0.164673 -0.291504 0.925049 -0.198486 -0.016235 0.445435
0.169189 -0.273682 0.918335 -0.270996 -0.030640 0.421021
0.162842 -0.281982 0.913940 -0.336548 -0.043457 0.401123
0.159546 -0.287231 0.908081 -0.345459 -0.060669 0.384521
0.150391 -0.290649 0.909302 -0.274780 -0.079590 0.373901
0.165771 -0.261963 0.925903 -0.178955 -0.103149 0.363892
0.169312 -0.237915 0.919556 -0.167480 -0.111084 0.347046
0.166626 -0.220825 0.909424 -0.170532 -0.119873 0.325439
0.170044 -0.217529 0.912476 -0.136719 -0.133423 0.303955
0.176758 -0.197388 0.913330 -0.131348 -0.138794 0.278564
0.183228 -0.187988 0.918335 -0.159058 -0.136597 0.247070
0.199341 -0.172363 0.959839 -0.191650 -0.131226 0.205200
0.208496 -0.165039 0.990845 -0.244141 -0.104736 0.158569
0.192993 -0.167603 1.005981 -0.302612 -0.058594 0.123047
0.169922 -0.178589 1.003784 -0.321167 -0.012939 0.098633
0.157227 -0.161865 1.010864 -0.307373 0.005981 0.070557
0.136353 -0.153198 0.997925 -0.278931 0.015747 0.036743
0.121216 -0.141968 1.011719 -0.220703 0.004639 0.003540
0.123657 -0.117065 1.036377 -0.159424 -0.015137 -0.025391
0.126953 -0.093262 1.072388 -0.133545 -0.025269 -0.059570
0.131958 -0.065063 1.101685 -0.107666 -0.031006 -0.103882
0.130127 -0.041504 1.124023 -0.085449 -0.023438 -0.155396
0.115967 -0.035278 1.139404 -0.107300 -0.003418 -0.205933
0.090698 -0.044067 1.130005 -0.159058 0.024902 -0.246582
0.071899 -0.056152 1.143677 -0.186279 0.052490 -0.273071
0.046021 -0.083618 1.132935 -0.211426 0.081543 -0.296143
0.013550 -0.097046 1.124146 -0.203003 0.092529 -0.324341
-0.009033 -0.109863 1.104614 -0.154175 0.085571 -0.355469
-0.037476 -0.125122 1.082275 -0.119141 0.077637 -0.385498
-0.074341 -0.161987 1.066162 -0.088135 0.074097 -0.400269
-0.093262 -0.198853 1.074097 -0.066772 0.075439 -0.397095
-0.101196 -0.218262 1.102905 -0.087402 0.086548 -0.382446
-0.103760 -0.240234 1.117188 -0.121704 0.107300 -0.361816
-0.103516 -0.236694 1.121582 -0.172974 0.139404 -0.349976
-0.130249 -0.253784 1.089111 -0.249878 0.179199 -0.352173
-0.164063 -0.293213 1.047241 -0.275269 0.193848 -0.361450
-0.185913 -0.322632 1.035889 -0.255005 0.171753 -0.370483
-0.188110 -0.351685 1.032959 -0.202637 0.132324 -0.368530
-0.182251 -0.352051 1.029663 -0.128540 0.092773 -0.361816
-0.171997 -0.348633 1.019043 -0.047363 0.048706 -0.355347
-0.151123 -0.333374 1.021729 0.016968 0.014404 -0.344238
-0.126587 -0.329712 1.021362 0.032715 0.000854 -0.322266
-0.102539 -0.324219 1.013428 0.003052 0.006470 -0.301758
-0.071655 -0.324585 1.024902 -0.017090 0.022705 -0.283691
-0.059570 -0.359131 1.022705 -0.075928 0.067505 -0.258545
-0.057495 -0.375366 1.006714 -0.170898 0.127930 -0.231812
-0.075684 -0.419434 0.961182 -0.240845 0.175293 -0.210571
-0.093750 -0.453735 0.912964 -0.264282 0.186157 -0.199097
-0.122070 -0.515869 0.888306 -0.248657 0.159668 -0.192627
-0.129639 -0.552856 0.875122 -0.182495 0.096191 -0.197998
-0.112427 -0.562744 0.874023 -0.083740 0.007568 -0.211792
-0.063232 -0.534912 0.899536 0.031250 -0.081421 -0.234009
-0.002930 -0.490356 0.929199 0.112061 -0.143066 -0.262451
0.031860 -0.467285 0.944458 0.144531 -0.159058 -0.285522
0.057617 -0.458984 0.942017 0.130005 -0.139282 -0.286865
0.069946 -0.461548 0.932129 0.059570 -0.105713 -0.280518
0.083740 -0.473877 0.916992 -0.023804 -0.076172 -0.270630
0.083374 -0.487549 0.885010 -0.081055 -0.047241 -0.266235
0.051147 -0.555176 0.877563 -0.070923 -0.037231 -0.257813
0.024292 -0.589478 0.856079 0.005859 -0.061279 -0.262695
0.015259 -0.608276 0.846802 0.128540 -0.108521 -0.249512
0.029541 -0.638794 0.845459 0.213989 -0.182373 -0.224976
0.077515 -0.629639 0.909912 0.285278 -0.247803 -0.221802
0.138550 -0.604736 1.005127 0.320435 -0.264526 -0.198364
0.153564 -0.613770 1.043579 0.247314 -0.208496 -0.144287
0.140015 -0.634766 1.046021 0.112061 -0.114136 -0.078735
0.107788 -0.675049 1.005005 -0.058105 -0.016113 -0.011108
0.075928 -0.698730 0.961914 -0.188721 0.048340 0.040771
0.055664 -0.720825 0.937256 -0.240234 0.068481 0.072144
0.037109 -0.737793 0.909668 -0.208374 0.067383 0.081299
0.016968 -0.742798 0.875732 -0.133057 0.024902 0.076904
0.011108 -0.747437 0.874023 -0.037476 -0.037231 0.070313
0.033813 -0.713745 0.899902 0.043335 -0.091187 0.074341
0.051392 -0.669800 0.910889 0.066284 -0.109497 0.088135
0.058472 -0.628540 0.900757 0.093140 -0.105103 0.108765
0.063721 -0.608643 0.901855 0.108032 -0.104248 0.132446
0.067139 -0.579468 0.895630 0.093018 -0.101563 0.150635
0.075928 -0.560913 0.904053 0.079956 -0.092041 0.167603
0.081177 -0.542480 0.912598 0.036743 -0.081787 0.181519
0.076172 -0.531372 0.904907 -0.002686 -0.069580 0.192627
0.071045 -0.531128 0.917725 -0.015503 -0.060059 0.205811
0.059204 -0.534546 0.916870 -0.019409 -0.062988 0.216675
0.066406 -0.510498 0.925781 -0.009521 -0.073730 0.223022
0.066528 -0.497070 0.938232 -0.020142 -0.080933 0.223389
0.076172 -0.472412 0.953857 -0.022461 -0.077026 0.223267
0.086792 -0.433960 0.959473 -0.022949 -0.069580 0.222534
0.069702 -0.442383 0.956421 -0.037720 -0.050171 0.228027
0.059814 -0.445190 0.957520 -0.064331 -0.034546 0.232544
0.060181 -0.431396 0.954956 -0.090942 -0.024292 0.235352
0.046021 -0.422119 0.927002 -0.114868 -0.018188 0.233643
0.031860 -0.406494 0.884155 -0.103516 -0.026367 0.232422
0.032104 -0.390991 0.878540 -0.063965 -0.049438 0.224121
0.035645 -0.375366 0.879150 -0.050781 -0.067749 0.212769
0.033447 -0.367554 0.882813 -0.062500 -0.083862 0.198853
0.041138 -0.346802 0.907959 -0.083008 -0.091431 0.185913
0.037964 -0.350098 0.904419 -0.120605 -0.084839 0.183228
