0.077637 -0.284424 1.010132 -0.020752 -0.004028 -0.042847
0.067993 -0.292847 1.006836 -0.022827 0.007690 -0.051270
0.062256 -0.281372 1.002808 -0.032593 0.017700 -0.053711
0.052124 -0.284180 0.985596 -0.056641 0.026367 -0.044312
0.043701 -0.278687 0.977417 -0.064819 0.026489 -0.042725
0.036255 -0.287476 0.969727 -0.055908 0.015137 -0.049561
0.038940 -0.287964 0.974243 -0.042847 -0.005615 -0.061646
0.045288 -0.290405 0.989624 -0.034668 -0.018433 -0.069458
0.049438 -0.291504 0.998657 -0.046509 -0.022827 -0.066406
0.045776 -0.298096 0.995483 -0.067261 -0.015991 -0.057739
0.033325 -0.295654 0.998047 -0.070801 -0.010864 -0.057739
0.032227 -0.302490 0.995239 -0.071655 -0.013794 -0.057739
0.032593 -0.295410 0.999146 -0.067383 -0.022705 -0.063599
0.031250 -0.286133 0.999390 -0.061523 -0.028442 -0.075317
0.024414 -0.292603 0.988892 -0.054810 -0.032104 -0.085205
0.016602 -0.293823 0.984619 -0.039429 -0.041992 -0.099854
0.018311 -0.297363 0.988892 -0.019287 -0.051270 -0.107544
0.016602 -0.299194 0.992920 -0.025757 -0.064087 -0.108398
0.021606 -0.302124 1.010498 -0.030029 -0.074463 -0.102783
0.021729 -0.302612 1.012573 -0.047729 -0.078491 -0.092285
0.020386 -0.289917 1.013306 -0.068970 -0.082764 -0.087402
0.019043 -0.282593 1.009033 -0.080688 -0.086182 -0.091797
0.016235 -0.282227 1.005493 -0.087891 -0.093506 -0.100708
0.016357 -0.302002 1.009277 -0.094849 -0.102661 -0.107910
0.023682 -0.324829 1.025757 -0.092041 -0.110474 -0.111450
0.033936 -0.328003 1.059326 -0.076904 -0.112549 -0.111572
0.036377 -0.338623 1.072021 -0.071167 -0.106201 -0.114990
0.033081 -0.356689 1.075317 -0.070679 -0.094849 -0.115234
0.027222 -0.406494 1.096924 -0.069580 -0.084351 -0.109619
0.028320 -0.419678 1.131836 -0.037354 -0.076782 -0.097168
0.018433 -0.421021 1.127319 -0.006592 -0.063232 -0.074219
0.005249 -0.392944 1.113281 0.000488 -0.047363 -0.038574
-0.016846 -0.372681 1.076904 -0.008911 -0.030762 0.000488
-0.026978 -0.354004 1.049316 -0.024048 -0.025879 0.022095
-0.032227 -0.341309 1.037354 -0.013062 -0.039429 0.018311
-0.027222 -0.354370 1.047119 0.009033 -0.060181 -0.000732
-0.019165 -0.383789 1.069580 0.051758 -0.079590 -0.021973
-0.022217 -0.403564 1.064453 0.086914 -0.086060 -0.027466
-0.026367 -0.412354 1.051880 0.098145 -0.087036 -0.007690
-0.015869 -0.415527 1.057617 0.127930 -0.089600 0.016235
0.001099 -0.414673 1.067261 0.135132 -0.089111 0.045898
0.008911 -0.406982 1.075928 0.141357 -0.074585 0.078125
0.009766 -0.382202 1.056763 0.149048 -0.048462 0.112427
0.006958 -0.373901 1.027344 0.144531 -0.018555 0.137817
0.004761 -0.367432 1.001953 0.138550 -0.002319 0.154419
0.010620 -0.370483 0.993530 0.137329 -0.000122 0.170410
0.017700 -0.376831 0.983643 0.142212 -0.004883 0.182983
0.027222 -0.370850 0.965820 0.161987 -0.015503 0.189819
0.042725 -0.368408 0.959839 0.194458 -0.026733 0.195557
0.062622 -0.384155 0.968628 0.286987 -0.030762 0.208740
0.078613 -0.402100 0.982666 0.295166 -0.035645 0.225830
0.109253 -0.397217 0.999634 0.251587 -0.037842 0.251587
0.134888 -0.399048 1.005615 0.230591 -0.017456 0.279541
0.145386 -0.395630 0.991821 0.207886 0.013794 0.311646
0.146729 -0.390137 0.963867 0.186768 0.040771 0.339600
0.151855 -0.385132 0.946899 0.161743 0.054810 0.359619
0.157715 -0.372070 0.930176 0.149414 0.051514 0.362671
0.167969 -0.354736 0.917969 0.174316 0.036255 0.355469
0.176025 -0.331299 0.923828 0.207397 0.018188 0.337524
0.182739 -0.330566 0.927612 0.193359 -0.001221 0.326660
0.194702 -0.326294 0.949219 0.197754 -0.010376 0.317871
0.188354 -0.324951 0.942749 0.190063 -0.006470 0.325073
0.193359 -0.297363 0.933594 0.180176 -0.004639 0.333740
0.189941 -0.273560 0.907349 0.156006 -0.009644 0.340820
0.211182 -0.225952 0.942871 0.164551 -0.020142 0.342529
0.209839 -0.231079 0.939819 0.119019 -0.028076 0.338745
0.207886 -0.222656 0.921631 0.093262 -0.037964 0.329468
0.208984 -0.217896 0.919678 0.079346 -0.058350 0.311768
0.203247 -0.226440 0.929688 0.074951 -0.091919 0.289551
0.214111 -0.228882 0.952881 0.098022 -0.125122 0.272583
0.227661 -0.216064 0.987671 0.112915 -0.145996 0.264404
0.248657 -0.186646 1.007690 0.093628 -0.138062 0.255127
0.247803 -0.184692 1.012329 0.028320 -0.104858 0.245361
0.231323 -0.202393 1.008179 -0.033203 -0.065918 0.240845
0.220337 -0.185791 0.997925 -0.066406 -0.039429 0.244629
0.205322 -0.183594 0.977905 -0.085571 -0.022827 0.244019
0.198975 -0.161987 0.972900 -0.087891 -0.021484 0.229004
0.186646 -0.158691 0.967041 -0.085083 -0.022705 0.206787
0.169922 -0.158203 0.964111 -0.086914 -0.034302 0.177612
0.165894 -0.135864 0.966431 -0.084351 -0.054688 0.148438
0.168457 -0.113892 0.977783 -0.080688 -0.075439 0.125244
0.174194 -0.094360 0.999756 -0.081787 -0.093262 0.102295
0.189697 -0.075806 1.018555 -0.087524 -0.096191 0.078003
0.193726 -0.065552 1.032349 -0.102173 -0.085083 0.052002
0.196777 -0.052368 1.044556 -0.116821 -0.073730 0.019409
0.191162 -0.041504 1.051880 -0.136108 -0.057495 -0.015381
0.177124 -0.053711 1.049316 -0.160645 -0.037842 -0.041504
0.160767 -0.073853 1.048340 -0.187012 -0.024048 -0.054932
0.146362 -0.064087 1.054810 -0.199097 -0.019409 -0.067993
0.143188 -0.053223 1.067017 -0.186035 -0.021851 -0.089844
0.146973 -0.029785 1.075684 -0.167847 -0.029663 -0.119873
0.140991 -0.020020 1.091797 -0.157471 -0.030762 -0.148193
0.134888 -0.013550 1.094360 -0.160034 -0.020386 -0.172363
0.120117 -0.016113 1.082153 -0.178345 -0.003418 -0.191406
0.112793 -0.012207 1.082764 -0.197632 0.009277 -0.201294
0.104126 -0.020142 1.103149 -0.217529 0.019653 -0.210327
0.104492 -0.018799 1.119141 -0.234863 0.031738 -0.222412
0.089478 -0.026245 1.129395 -0.241821 0.050171 -0.233643
0.066650 -0.037354 1.130493 -0.243408 0.071655 -0.249878
0.039185 -0.054810 1.131592 -0.244019 0.087891 -0.267090
0.014648 -0.073608 1.134155 -0.226929 0.095581 -0.277100
-0.000732 -0.092407 1.139526 -0.194702 0.092896 -0.283691
-0.005859 -0.093262 1.161255 -0.169922 0.089233 -0.289063
-0.021851 -0.116333 1.160034 -0.165894 0.096313 -0.283447
-0.032593 -0.128662 1.159790 -0.171631 0.107788 -0.268311
-0.032593 -0.131470 1.157593 -0.179810 0.121704 -0.251221
-0.034912 -0.122437 1.142334 -0.182861 0.133301 -0.243896
-0.049072 -0.134888 1.110474 -0.168823 0.140625 -0.250000
-0.062622 -0.162842 1.077271 -0.137573 0.135376 -0.260376
-0.059448 -0.175659 1.077637 -0.103760 0.121094 -0.268066
-0.058350 -0.193237 1.065063 -0.093628 0.111084 -0.268799
-0.055908 -0.207153 1.053589 -0.079834 0.109497 -0.261841
-0.058228 -0.221924 1.036011 -0.073608 0.111938 -0.256714
-0.059937 -0.236572 1.018799 -0.065918 0.105103 -0.252686
-0.064209 -0.272217 1.004883 -0.048950 0.090698 -0.244873
-0.063843 -0.291992 1.001343 -0.036743 0.065552 -0.238525
-0.048828 -0.304321 1.012207 -0.023804 0.045654 -0.230347
-0.033325 -0.304199 1.016235 -0.018433 0.037354 -0.219238
-0.020264 -0.313477 1.038452 -0.013794 0.043579 -0.203857
-0.006714 -0.318970 1.049561 -0.022949 0.060791 -0.177246
-0.016357 -0.356812 1.033569 -0.053833 0.086548 -0.138672
-0.021729 -0.367065 1.003296 -0.077271 0.090820 -0.113281
-0.018921 -0.364380 0.986938 -0.082764 0.072021 -0.104004
-0.010376 -0.354126 0.976929 -0.062988 0.035156 -0.116455
0.007935 -0.352051 0.979614 -0.011230 -0.010498 -0.148682
0.028320 -0.364136 1.012207 0.048584 -0.041260 -0.180908
0.041504 -0.384033 1.022705 0.059082 -0.044312 -0.187744
0.033936 -0.411865 0.997559 0.026123 -0.024536 -0.158447
0.038574 -0.420654 0.991211 0.005859 -0.001953 -0.117065
0.049194 -0.426392 0.985840 -0.044189 0.014893 -0.090088
0.054565 -0.439087 0.985962 -0.083252 0.031250 -0.076172
0.036255 -0.466187 0.959351 -0.098999 0.045654 -0.062378
0.028687 -0.469971 0.925293 -0.090210 0.030518 -0.046509
0.029541 -0.458252 0.915161 -0.060791 -0.010498 -0.039673
0.046021 -0.446655 0.931030 -0.007935 -0.059326 -0.049683
0.071411 -0.438843 0.970459 0.027344 -0.089722 -0.059448
0.091431 -0.438354 0.986206 0.027710 -0.089600 -0.058716
0.104248 -0.424561 0.990356 0.013306 -0.073364 -0.046265
0.113892 -0.418579 0.985352 -0.008545 -0.052979 -0.028809
0.112305 -0.417236 0.976440 -0.024170 -0.035400 -0.018433
0.124023 -0.420776 0.969849 -0.033569 -0.021729 -0.013550
0.083618 -0.393311 0.950562 -0.057007 -0.007935 -0.018311
0.087769 -0.421997 0.941040 -0.044800 0.000366 0.007446
0.084839 -0.421387 0.936157 -0.026978 -0.010254 -0.002197
0.086182 -0.420288 0.952026 -0.003174 -0.024902 -0.012085
0.088257 -0.426514 0.958740 0.017212 -0.035522 -0.018555
0.094971 -0.420898 0.979858 0.018188 -0.036743 -0.018433
0.089844 -0.426636 0.986328 0.007080 -0.027588 -0.008545
0.076172 -0.435913 0.976807 -0.009155 -0.013794 0.003662
0.062622 -0.437988 0.960083 -0.017456 -0.004639 0.017700
