0.053467 -0.305908 1.020508 -0.052002 0.000122 -0.033081
0.062134 -0.298950 1.019775 -0.036377 -0.003662 -0.046387
0.069824 -0.293091 1.021729 -0.032104 -0.000366 -0.056152
0.070190 -0.290405 1.020264 -0.038452 0.013550 -0.056885
0.065796 -0.292725 1.010010 -0.065552 0.032104 -0.049316
0.053101 -0.302856 0.994141 -0.075684 0.051514 -0.037354
0.037476 -0.298584 0.998657 -0.067871 0.060181 -0.036255
0.027954 -0.288208 0.987061 -0.073730 0.061890 -0.042847
0.014038 -0.273315 0.984253 -0.072144 0.063477 -0.054565
0.016357 -0.251221 0.984253 -0.098267 0.047729 -0.066650
0.013794 -0.266846 0.993530 -0.148682 0.030762 -0.077759
0.013916 -0.272827 1.011475 -0.142578 0.017212 -0.111328
0.015747 -0.282837 1.014282 -0.140259 0.006226 -0.141357
0.007690 -0.283813 1.024902 -0.149536 -0.002686 -0.176392
-0.002686 -0.316772 1.027100 -0.194824 -0.005371 -0.195068
-0.026978 -0.378052 1.013550 -0.216431 -0.000854 -0.187622
-0.044067 -0.396729 0.992310 -0.189941 -0.007568 -0.161011
-0.049927 -0.381958 0.985840 -0.163452 -0.034668 -0.140991
-0.049316 -0.364746 0.996216 -0.149658 -0.069458 -0.133789
-0.046875 -0.358154 1.009155 -0.136230 -0.100952 -0.141113
-0.037842 -0.359863 1.040039 -0.132935 -0.124023 -0.156494
-0.027344 -0.369263 1.055054 -0.126465 -0.135376 -0.166260
-0.015381 -0.355103 1.060059 -0.110596 -0.133789 -0.172485
-0.006104 -0.364014 1.066406 -0.117065 -0.120361 -0.168335
-0.002563 -0.373535 1.075928 -0.136841 -0.100220 -0.163330
-0.000122 -0.390503 1.069946 -0.155396 -0.076416 -0.162964
-0.025024 -0.456177 1.044800 -0.136719 -0.055908 -0.142090
-0.048584 -0.496460 1.015137 -0.067505 -0.056763 -0.108643
-0.043091 -0.492432 1.018921 0.015747 -0.078857 -0.060913
-0.022705 -0.467896 1.026855 0.078003 -0.102661 -0.014771
0.010376 -0.431763 1.046753 0.101318 -0.110962 0.014771
0.034424 -0.409058 1.071655 0.101074 -0.090942 0.026367
0.044434 -0.398682 1.051758 0.109375 -0.051025 0.026123
0.018555 -0.432861 1.009399 0.099121 -0.013428 0.031372
0.000610 -0.453247 0.971191 0.107910 -0.004639 0.041626
-0.010010 -0.476685 0.949707 0.160156 -0.016724 0.063721
-0.006104 -0.490845 0.948608 0.188843 -0.036987 0.094849
0.013428 -0.482056 0.966797 0.204590 -0.063721 0.121338
0.035278 -0.479370 0.975952 0.226563 -0.081543 0.143066
0.055908 -0.453491 0.970947 0.251099 -0.090576 0.161987
0.074463 -0.452148 0.977295 0.262817 -0.098877 0.176636
0.098145 -0.447144 0.988403 0.283325 -0.103027 0.188721
0.121094 -0.439453 1.007813 0.298218 -0.088501 0.205688
0.137085 -0.444580 1.008179 0.295532 -0.064453 0.222900
0.151978 -0.440552 1.006348 0.290649 -0.038574 0.232422
0.152100 -0.434204 0.983398 0.272461 -0.018311 0.239502
0.154175 -0.442017 0.966064 0.257324 -0.013428 0.254761
0.158691 -0.431519 0.961914 0.251465 -0.020874 0.262451
0.179199 -0.410156 0.978638 0.247803 -0.032471 0.269897
0.190552 -0.383423 0.980469 0.247803 -0.034790 0.279785
0.198608 -0.358032 0.984741 0.246338 -0.030396 0.285889
0.202026 -0.348999 0.982300 0.221436 -0.022461 0.287109
0.198486 -0.339600 0.978638 0.179565 -0.008789 0.296021
0.191895 -0.338989 0.976685 0.149048 0.006348 0.303101
0.180298 -0.329956 0.945190 0.163330 0.014404 0.310181
0.166016 -0.335938 0.944702 0.180664 0.006714 0.319702
0.162720 -0.338867 0.936523 0.208618 -0.011597 0.328491
0.168091 -0.336182 0.943237 0.218628 -0.020386 0.346069
0.168579 -0.333374 0.958496 0.225342 -0.015991 0.380493
0.168701 -0.324707 0.971802 0.211304 -0.011963 0.401367
0.166260 -0.339966 0.958496 0.189941 -0.016968 0.409180
0.172852 -0.288086 0.978516 0.236328 0.007202 0.398071
0.152710 -0.296387 0.943115 0.242676 0.039063 0.410522
0.151367 -0.274658 0.945190 0.279907 0.041870 0.417969
0.143799 -0.252075 0.941284 0.302246 0.042358 0.432495
0.126343 -0.230835 0.929321 0.327026 0.038208 0.456055
0.159424 -0.188965 0.922119 0.349121 0.023438 0.472290
0.168091 -0.129761 0.936523 0.326660 0.013428 0.454102
0.163452 -0.089478 0.932739 0.249023 0.005249 0.418579
0.154053 -0.085938 0.924072 0.166870 0.000854 0.385010
0.154907 -0.061646 0.922363 0.101440 -0.008301 0.343628
0.146484 -0.081055 0.914795 0.017578 -0.022461 0.304688
0.148926 -0.076660 0.931396 -0.029419 -0.055908 0.268555
0.159546 -0.058105 0.956299 -0.052734 -0.096680 0.231812
0.182373 -0.015381 0.982788 -0.078369 -0.123169 0.198608
0.200073 0.022583 1.008423 -0.124146 -0.120972 0.161621
0.198608 0.047241 1.016113 -0.202393 -0.094238 0.129883
0.197021 0.054932 1.003174 -0.277588 -0.067383 0.098511
0.189453 0.064209 1.004272 -0.310669 -0.061401 0.060913
0.194946 0.083008 1.014282 -0.311890 -0.069092 0.014771
0.195923 0.088135 1.027466 -0.324463 -0.077026 -0.037231
0.182495 0.083252 1.021851 -0.327393 -0.082642 -0.089600
0.169678 0.064209 1.038940 -0.327759 -0.082764 -0.133301
0.163452 0.065430 1.043579 -0.299194 -0.083984 -0.167480
0.150513 0.060791 1.048584 -0.287354 -0.074951 -0.189331
0.138794 0.058472 1.053711 -0.293945 -0.065063 -0.213013
0.126343 0.036743 1.077637 -0.287231 -0.056641 -0.240723
0.114624 0.031494 1.093018 -0.264526 -0.056519 -0.270630
0.099609 0.014038 1.105469 -0.237061 -0.055908 -0.297485
0.080444 -0.012695 1.128662 -0.216309 -0.051758 -0.311035
0.066406 -0.026123 1.157349 -0.210693 -0.042969 -0.313599
0.049561 -0.057739 1.172119 -0.216675 -0.021729 -0.312378
0.040771 -0.059448 1.179688 -0.215332 -0.002808 -0.317261
0.028076 -0.065552 1.180176 -0.214722 0.013428 -0.322266
0.018555 -0.067261 1.185059 -0.215454 0.030518 -0.327759
0.007813 -0.054932 1.146606 -0.212036 0.039429 -0.346802
-0.006226 -0.056396 1.125977 -0.177490 0.019775 -0.397949
-0.013550 -0.103271 1.127930 -0.097534 -0.016968 -0.457031
-0.008911 -0.156128 1.166016 -0.025269 -0.040039 -0.482178
-0.006470 -0.206787 1.205200 -0.001099 -0.017578 -0.457642
-0.002441 -0.222046 1.223877 -0.043335 0.036377 -0.403564
-0.010376 -0.219116 1.194458 -0.120239 0.113403 -0.325806
-0.008545 -0.194946 1.140747 -0.189087 0.176880 -0.265625
-0.016235 -0.182007 1.091797 -0.243164 0.194214 -0.244873
-0.011597 -0.160278 1.062256 -0.233398 0.173584 -0.263550
-0.000610 -0.159302 1.034912 -0.179688 0.127319 -0.314209
0.014526 -0.192139 1.064087 -0.113159 0.075439 -0.379761
0.038208 -0.231445 1.115967 -0.054443 0.048096 -0.432983
0.041748 -0.287354 1.129761 -0.086792 0.067139 -0.453003
0.027466 -0.343994 1.120117 -0.173096 0.113647 -0.433105
-0.005737 -0.410400 1.078613 -0.234497 0.171021 -0.376099
-0.028198 -0.442871 1.020142 -0.251343 0.204956 -0.291504
-0.028198 -0.422607 0.972778 -0.223877 0.192383 -0.211426
-0.034180 -0.382813 0.912720 -0.157593 0.142334 -0.165405
-0.026978 -0.343384 0.878540 -0.033447 0.054321 -0.172363
0.018555 -0.339233 0.936157 0.101563 -0.039307 -0.210815
0.060181 -0.344116 1.002686 0.171265 -0.086060 -0.251831
0.083008 -0.354370 1.030640 0.166504 -0.062134 -0.262695
0.093384 -0.374023 1.033813 0.054688 -0.002319 -0.245239
0.102539 -0.371582 1.042358 -0.040527 0.057983 -0.225708
0.093994 -0.398682 1.006226 -0.136719 0.124268 -0.206177
0.064453 -0.449219 0.973022 -0.203491 0.175537 -0.173218
0.034302 -0.501953 0.953613 -0.188232 0.193237 -0.122070
0.029175 -0.485718 0.927856 -0.163940 0.175903 -0.079834
0.032471 -0.461426 0.910034 -0.150635 0.138672 -0.043701
0.056152 -0.435303 0.928833 -0.087891 0.095093 -0.026489
0.073364 -0.415771 0.945190 -0.070679 0.061279 -0.024780
0.086792 -0.414307 0.950806 -0.079102 0.044800 -0.031738
0.083374 -0.447632 0.937256 -0.062988 0.040283 -0.051025
0.070923 -0.487305 0.936523 -0.070313 0.036133 -0.059204
0.062012 -0.525269 0.935913 -0.090454 0.035034 -0.046875
0.051147 -0.559692 0.929199 -0.119995 0.037842 -0.023682
0.031006 -0.579956 0.907837 -0.143433 0.033081 0.002930
0.019897 -0.589600 0.891602 -0.144531 0.010010 0.020630
0.015869 -0.583496 0.884033 -0.112671 -0.036743 0.023438
0.030518 -0.559448 0.884521 -0.057739 -0.091431 0.026123
0.046997 -0.542114 0.901367 -0.012451 -0.133301 0.029541
0.059937 -0.511230 0.917725 0.030151 -0.158447 0.029419
0.071899 -0.486328 0.919678 0.056519 -0.172241 0.031860
0.078125 -0.469971 0.915527 0.066650 -0.174683 0.036987
0.083252 -0.460571 0.924072 0.064087 -0.176025 0.041016
0.091797 -0.456543 0.930054 0.060791 -0.176636 0.044922
0.091553 -0.439453 0.935425 0.053345 -0.175293 0.059570
0.088379 -0.445679 0.947876 0.039551 -0.168091 0.087524
0.085938 -0.448364 0.945435 0.030640 -0.166382 0.108276
0.085571 -0.436768 0.953369 0.036865 -0.173218 0.117188
0.095825 -0.418701 0.958008 0.050293 -0.187134 0.117554
0.109497 -0.392944 0.980713 0.059692 -0.191895 0.117065
0.114502 -0.390015 0.993042 0.045898 -0.184814 0.119995
0.133667 -0.369873 1.025513 0.029297 -0.162842 0.134644
