0.070068 -0.255249 0.987549 -0.010010 0.010132 0.057861
0.073486 -0.254761 0.995972 -0.027344 -0.001099 0.022339
0.074585 -0.287109 1.015747 -0.038452 -0.012329 -0.015503
0.074951 -0.295776 1.026855 -0.046265 -0.014038 -0.044922
0.073120 -0.295044 1.019287 -0.055420 -0.008667 -0.063354
0.062500 -0.310913 1.014771 -0.063477 0.000977 -0.065674
0.051147 -0.327393 1.018677 -0.054077 0.003784 -0.076782
0.043945 -0.332886 1.016602 -0.070068 -0.002930 -0.090698
0.035034 -0.335815 1.016113 -0.091919 -0.014282 -0.102417
0.035278 -0.334961 1.015015 -0.111572 -0.027100 -0.112671
0.041260 -0.320435 1.021973 -0.129150 -0.039429 -0.128662
0.050659 -0.306519 1.031616 -0.154785 -0.043579 -0.145264
0.050537 -0.307495 1.022095 -0.200806 -0.038452 -0.170044
0.040405 -0.313477 1.001343 -0.247681 -0.047241 -0.210449
0.031006 -0.344604 1.003662 -0.304565 -0.069092 -0.261841
0.027222 -0.356689 1.014526 -0.355591 -0.088623 -0.308105
0.033081 -0.385742 1.027954 -0.369019 -0.108643 -0.335083
0.039551 -0.403809 1.039673 -0.363525 -0.112671 -0.338867
0.036377 -0.415527 1.050293 -0.355713 -0.099243 -0.321899
0.021240 -0.461060 1.035400 -0.327148 -0.072510 -0.283325
-0.002075 -0.485718 1.009277 -0.259277 -0.049561 -0.240112
-0.030884 -0.496460 0.981812 -0.181396 -0.041260 -0.189331
-0.044434 -0.487061 0.956177 -0.106445 -0.060547 -0.151123
-0.037231 -0.474243 0.955078 -0.055054 -0.103638 -0.133301
-0.032349 -0.494019 0.963867 -0.021118 -0.124756 -0.121704
-0.021606 -0.504395 0.961548 0.030396 -0.135986 -0.101563
-0.005493 -0.485352 0.976807 0.083984 -0.149292 -0.086792
0.018799 -0.477051 0.979370 0.111328 -0.149780 -0.074707
0.032593 -0.477661 0.992188 0.115479 -0.144775 -0.068359
0.054932 -0.464478 1.021118 0.146729 -0.133667 -0.062134
0.067261 -0.483765 1.009277 0.137207 -0.118286 -0.034058
0.060791 -0.497437 0.990845 0.099854 -0.075195 0.006836
0.051270 -0.508057 0.974243 0.121826 -0.052246 0.042847
0.057861 -0.508911 0.959961 0.185303 -0.045044 0.073120
0.069946 -0.502563 0.953369 0.224243 -0.041748 0.102905
0.080200 -0.508545 0.956665 0.253174 -0.040161 0.138550
0.100952 -0.488892 0.969604 0.294312 -0.040405 0.164063
0.113403 -0.488525 0.976563 0.319336 -0.033691 0.187378
0.137939 -0.482056 0.977905 0.339111 -0.019287 0.203979
0.155273 -0.470337 0.998047 0.382935 -0.002441 0.202393
0.175171 -0.476196 0.995972 0.370361 0.019165 0.204956
0.172974 -0.485229 0.974121 0.325439 0.039551 0.215576
0.181763 -0.501587 0.980225 0.314331 0.053345 0.227783
0.187012 -0.509888 0.973877 0.277832 0.057251 0.245239
0.202026 -0.507935 0.967529 0.258423 0.061157 0.268433
0.209595 -0.506592 0.959351 0.259888 0.067017 0.285278
0.202393 -0.501343 0.937866 0.267212 0.063843 0.288818
0.199585 -0.495483 0.920898 0.289917 0.047485 0.298340
0.205200 -0.466309 0.921997 0.315063 0.025757 0.314575
0.222534 -0.433594 0.925781 0.333008 0.011841 0.345947
0.228516 -0.401733 0.924561 0.329346 0.001343 0.373535
0.247192 -0.362183 0.933960 0.317505 -0.004028 0.385376
0.262573 -0.323608 0.948730 0.277100 0.001221 0.396362
0.262939 -0.307495 0.942261 0.230469 0.013306 0.411621
0.262451 -0.311401 0.937134 0.195313 0.021118 0.415039
0.256104 -0.303467 0.935181 0.177612 0.013550 0.410400
0.254517 -0.284546 0.937866 0.166138 0.004517 0.413574
0.250366 -0.256592 0.937134 0.146240 -0.004272 0.412964
0.237549 -0.229858 0.934570 0.115234 -0.014771 0.405029
0.232300 -0.229248 0.915405 0.080933 -0.045532 0.396484
0.224243 -0.235474 0.924683 0.072144 -0.037964 0.367432
0.222412 -0.206909 0.928833 0.087646 -0.035889 0.349731
0.207153 -0.192505 0.925171 0.071045 -0.021851 0.352905
0.190186 -0.163330 0.908936 0.043579 -0.003906 0.350342
0.175293 -0.155151 0.906860 -0.004517 0.012695 0.336548
0.161255 -0.153564 0.901855 -0.054199 0.020264 0.306396
0.143066 -0.138062 0.894287 -0.081665 0.013550 0.266235
0.132690 -0.137695 0.892944 -0.086304 -0.004150 0.228516
0.135254 -0.133179 0.907715 -0.090942 -0.026489 0.197998
0.140991 -0.175537 0.958130 -0.066284 -0.043457 0.180542
0.137207 -0.180420 0.980591 -0.032471 -0.048340 0.168213
0.133301 -0.159668 1.026367 -0.009399 -0.039063 0.167725
0.109253 -0.124146 1.021606 -0.031372 -0.001465 0.151245
0.095337 -0.123657 0.974609 -0.073853 0.038818 0.110229
0.084229 -0.097534 0.956665 -0.114746 0.039185 0.080322
0.084595 -0.098755 0.956177 -0.150879 0.016479 0.038696
0.087646 -0.087036 0.969727 -0.154663 -0.012329 -0.015991
0.081787 -0.094849 0.974243 -0.180054 -0.038818 -0.067383
0.087158 -0.088013 1.001343 -0.160889 -0.078369 -0.122070
0.103760 -0.061401 1.041382 -0.141968 -0.117920 -0.156250
0.119019 -0.056519 1.075684 -0.127319 -0.140625 -0.170166
0.142090 -0.052612 1.115112 -0.131470 -0.144653 -0.187988
0.150024 -0.036133 1.151245 -0.144531 -0.126831 -0.191284
0.152466 -0.020386 1.168823 -0.175049 -0.084595 -0.193115
0.141235 -0.012207 1.177490 -0.232422 -0.041626 -0.203247
0.118164 -0.024170 1.171265 -0.274292 -0.003662 -0.219482
0.103638 -0.044556 1.172241 -0.296143 0.013550 -0.253296
0.087891 -0.063721 1.177246 -0.286743 0.018433 -0.285522
0.070679 -0.093750 1.183594 -0.263062 0.016479 -0.309204
0.057373 -0.118530 1.192139 -0.231323 0.014404 -0.331909
0.043457 -0.139526 1.188965 -0.218384 0.011475 -0.344360
0.039063 -0.155640 1.205444 -0.200806 0.014404 -0.343262
0.033691 -0.175781 1.208618 -0.201416 0.029297 -0.340576
0.026733 -0.189453 1.198486 -0.226929 0.059448 -0.333008
0.008179 -0.198486 1.166992 -0.248291 0.090698 -0.313965
-0.008179 -0.209717 1.125366 -0.242065 0.118896 -0.288208
-0.016479 -0.200562 1.092529 -0.222778 0.134277 -0.274292
-0.032837 -0.202148 1.053467 -0.219482 0.135254 -0.274902
-0.041626 -0.224243 1.025146 -0.204224 0.122925 -0.285767
-0.046021 -0.245239 1.001221 -0.186157 0.097290 -0.298218
-0.035156 -0.255371 0.987915 -0.160278 0.059082 -0.309937
-0.013794 -0.249512 0.986450 -0.129272 0.021118 -0.323242
0.000366 -0.247314 0.976807 -0.099487 -0.002686 -0.333862
0.009644 -0.237183 0.960327 -0.069092 -0.017700 -0.341919
0.020386 -0.220825 0.936401 -0.046753 -0.027222 -0.336670
0.047363 -0.224609 0.944092 -0.035889 -0.026733 -0.315918
0.058960 -0.211792 0.959717 -0.039185 0.002197 -0.284546
0.081543 -0.268188 0.985840 -0.042358 0.070801 -0.214722
0.080078 -0.342651 1.006104 -0.086548 0.156982 -0.129517
0.063843 -0.404419 1.019653 -0.177856 0.228394 -0.069946
0.027100 -0.487427 1.002319 -0.223389 0.266357 -0.046509
-0.008179 -0.519775 0.986694 -0.194458 0.244263 -0.058594
-0.035645 -0.567505 0.950195 -0.123169 0.166870 -0.082520
-0.043457 -0.567871 0.966431 -0.014038 0.052490 -0.121094
-0.007446 -0.541382 1.022705 0.087891 -0.062378 -0.151978
0.043945 -0.506836 1.103760 0.141846 -0.132935 -0.166870
0.089844 -0.469849 1.156006 0.106323 -0.140747 -0.161987
0.102905 -0.483032 1.143677 -0.090698 -0.121826 -0.120361
0.085205 -0.446289 1.104248 -0.154419 -0.027832 -0.100098
0.078247 -0.453735 1.068970 -0.060669 0.016113 -0.075317
0.057495 -0.464722 1.022827 -0.033813 0.049927 -0.054321
0.057983 -0.450928 1.025391 0.035889 0.047607 -0.029541
0.064087 -0.451416 1.013672 0.040527 0.015015 0.000122
0.067749 -0.416992 0.970581 0.077393 0.004395 0.006836
0.076660 -0.397949 0.964600 0.127686 0.007813 0.006836
0.092041 -0.380737 0.960571 0.142090 0.011230 0.003540
0.085571 -0.381958 0.957886 0.113525 0.017334 0.008179
0.086182 -0.403931 0.947998 0.066772 0.028320 0.027222
0.088623 -0.403076 0.956055 -0.012085 0.039795 0.035645
0.089111 -0.388550 0.936157 -0.071533 0.054565 0.046509
0.084106 -0.389893 0.930420 -0.090088 0.063354 0.043457
0.072754 -0.409058 0.906616 -0.081055 0.054810 0.032715
0.052856 -0.452148 0.884155 -0.056030 0.028687 0.022583
0.048218 -0.491211 0.897339 -0.025024 -0.012451 0.018677
0.070068 -0.495605 0.924683 0.000244 -0.046997 0.020752
0.085938 -0.478394 0.955200 0.026978 -0.056396 0.027710
0.095947 -0.474365 0.953491 0.031372 -0.043701 0.039185
0.091309 -0.469604 0.944702 0.019531 -0.026733 0.046143
0.088989 -0.483032 0.931152 0.006470 -0.015503 0.054077
0.082397 -0.500610 0.920410 -0.008057 -0.017578 0.056030
0.074097 -0.516357 0.914185 -0.012939 -0.025879 0.061523
0.071777 -0.530151 0.914551 -0.013916 -0.033936 0.072998
0.076416 -0.509277 0.910156 -0.013062 -0.040405 0.089966
0.081909 -0.491943 0.911377 -0.007935 -0.044189 0.101807
0.083496 -0.484375 0.914307 -0.000488 -0.053833 0.095581
0.080322 -0.487183 0.911255 0.007690 -0.068604 0.089478
0.081787 -0.471558 0.924561 0.021484 -0.086060 0.086548
0.088867 -0.463501 0.930176 0.033325 -0.100830 0.096802
0.093750 -0.465698 0.932007 0.042236 -0.108643 0.106934
0.101074 -0.444458 0.943726 0.047852 -0.109741 0.113037
