0.041626 -0.398682 0.951538 -0.080444 -0.008301 -0.049805
0.051392 -0.390137 0.965332 -0.073120 -0.018555 -0.063843
0.063721 -0.376831 0.981812 -0.078613 -0.018311 -0.077515
0.064209 -0.371826 0.990479 -0.092407 -0.003662 -0.081665
0.055542 -0.363281 0.986694 -0.107666 0.013916 -0.091187
0.039307 -0.367554 0.977173 -0.143921 0.025146 -0.110229
0.030640 -0.368530 0.970093 -0.169434 0.021484 -0.127930
0.015015 -0.351074 0.957275 -0.192383 0.007568 -0.149170
0.010132 -0.351929 0.954712 -0.214844 -0.016113 -0.180420
-0.010864 -0.376343 0.971313 -0.222046 -0.052124 -0.216309
-0.007202 -0.409912 0.982544 -0.203613 -0.071411 -0.221436
-0.011230 -0.447632 0.995972 -0.164551 -0.087036 -0.225708
-0.010498 -0.473877 1.021240 -0.151611 -0.104858 -0.222046
-0.007202 -0.480347 1.040527 -0.149292 -0.115967 -0.199463
-0.000854 -0.492065 1.058960 -0.153687 -0.114014 -0.161987
-0.006348 -0.475830 1.068237 -0.138672 -0.104248 -0.139771
-0.013794 -0.485840 1.041504 -0.097168 -0.093506 -0.116211
-0.017456 -0.488525 1.040161 -0.060669 -0.090942 -0.114136
-0.015747 -0.489990 1.040039 -0.038818 -0.098999 -0.120728
-0.018921 -0.482178 1.040161 -0.021606 -0.105347 -0.126587
-0.025879 -0.498779 1.029907 -0.005249 -0.110107 -0.131470
-0.034302 -0.532471 1.020020 0.029663 -0.113770 -0.122925
-0.039673 -0.562866 1.010864 0.060669 -0.118530 -0.096558
-0.043579 -0.591309 0.996338 0.079102 -0.121216 -0.070313
-0.038452 -0.598877 0.973267 0.074951 -0.093384 -0.053833
-0.030518 -0.593018 0.972046 0.100464 -0.089600 -0.017822
-0.027100 -0.610107 0.948730 0.128174 -0.103760 0.027222
-0.006714 -0.620361 0.947876 0.139771 -0.101318 0.074341
0.025513 -0.606567 0.964478 0.156616 -0.099487 0.115356
0.042847 -0.590088 0.944336 0.172241 -0.083618 0.140381
0.050903 -0.583740 0.915894 0.181885 -0.069580 0.158447
0.057129 -0.594971 0.889404 0.204346 -0.064941 0.178589
0.072388 -0.600830 0.879150 0.233887 -0.072021 0.196533
0.097778 -0.585083 0.871216 0.249390 -0.088135 0.208252
0.117065 -0.573975 0.868896 0.252808 -0.102295 0.229370
0.145386 -0.571167 0.879517 0.270386 -0.104858 0.247070
0.170288 -0.574219 0.889282 0.291138 -0.100220 0.258667
0.194702 -0.558350 0.882324 0.300293 -0.091797 0.272339
0.212036 -0.530640 0.890625 0.336304 -0.078125 0.292480
0.226807 -0.514160 0.880859 0.345459 -0.050049 0.299316
0.230957 -0.499634 0.850586 0.310059 -0.028809 0.305176
0.234741 -0.490967 0.856567 0.269531 -0.020996 0.311768
0.242310 -0.479980 0.843384 0.226318 -0.015503 0.327637
0.253418 -0.457520 0.848999 0.210693 -0.008789 0.358154
0.257080 -0.434570 0.846802 0.182983 -0.006348 0.378540
0.256470 -0.407104 0.829102 0.154419 -0.008789 0.382568
0.263672 -0.383301 0.829224 0.125732 -0.025024 0.370605
0.268311 -0.375977 0.843140 0.131958 -0.058228 0.349854
0.282715 -0.350830 0.864746 0.160767 -0.097900 0.313843
0.302856 -0.326294 0.900024 0.172852 -0.132813 0.281738
0.322021 -0.313232 0.930054 0.167358 -0.145874 0.264160
0.321777 -0.307251 0.940308 0.145996 -0.139526 0.248901
0.322388 -0.280396 0.966309 0.116699 -0.119751 0.232544
0.296631 -0.301147 0.952271 0.061768 -0.091797 0.224487
0.271118 -0.322754 0.933838 0.055176 -0.071655 0.221191
0.255005 -0.320801 0.935303 0.057739 -0.070923 0.219971
0.240967 -0.316040 0.936157 0.038452 -0.069336 0.221802
0.224121 -0.296509 0.916626 0.023071 -0.060303 0.232056
0.209595 -0.285156 0.910522 0.001465 -0.053955 0.244019
0.194092 -0.257690 0.907471 -0.038086 -0.057251 0.244751
0.183960 -0.255493 0.913940 -0.067505 -0.066284 0.236450
0.183350 -0.253296 0.929321 -0.092773 -0.085083 0.204346
0.181396 -0.246582 0.956543 -0.091919 -0.098389 0.163452
0.186890 -0.241089 0.982788 -0.094604 -0.105103 0.114136
0.182129 -0.237305 1.011841 -0.083862 -0.114746 0.060547
0.175171 -0.227905 1.028320 -0.069702 -0.120972 0.016968
0.162109 -0.231201 1.032104 -0.054443 -0.125366 -0.005615
0.148071 -0.215088 1.042358 -0.049316 -0.126221 -0.019043
0.142578 -0.198486 1.068481 -0.060425 -0.119263 -0.017212
0.144287 -0.166626 1.080444 -0.090576 -0.104492 -0.008911
0.143066 -0.123169 1.098999 -0.136475 -0.086182 -0.015259
0.136719 -0.093872 1.094360 -0.148804 -0.072998 -0.045288
0.127808 -0.075073 1.089722 -0.148804 -0.063110 -0.088867
0.119507 -0.082275 1.098877 -0.134888 -0.055420 -0.136841
0.112549 -0.085083 1.108032 -0.115234 -0.055298 -0.179443
0.107178 -0.081787 1.130737 -0.097656 -0.052734 -0.207275
0.099121 -0.076416 1.134521 -0.102539 -0.050659 -0.222656
0.096069 -0.070923 1.150513 -0.117065 -0.041626 -0.237671
0.087891 -0.086548 1.173462 -0.137207 -0.028442 -0.255371
0.084961 -0.097168 1.186523 -0.151733 -0.006714 -0.268433
0.076050 -0.119995 1.185791 -0.162109 0.015625 -0.277100
0.068604 -0.133423 1.179077 -0.162354 0.041748 -0.291016
0.065796 -0.138062 1.174438 -0.161743 0.072021 -0.303101
0.069458 -0.155762 1.168213 -0.177490 0.106445 -0.313721
0.060913 -0.165649 1.148682 -0.211914 0.132324 -0.329346
0.070313 -0.191040 1.142456 -0.224854 0.155640 -0.345093
0.065308 -0.231445 1.131470 -0.227539 0.176758 -0.363647
0.045898 -0.272461 1.095459 -0.217896 0.193726 -0.369385
0.029663 -0.297485 1.055542 -0.174805 0.201416 -0.343262
0.035645 -0.300171 1.033813 -0.121338 0.197144 -0.315308
0.046875 -0.314209 1.030518 -0.090698 0.193604 -0.277466
0.057983 -0.316040 1.036865 -0.082153 0.201294 -0.241455
0.055054 -0.320557 1.029175 -0.104614 0.218750 -0.218140
0.046753 -0.333252 0.985352 -0.138794 0.232910 -0.192993
0.042969 -0.346069 0.939697 -0.160522 0.229004 -0.179077
0.056030 -0.362793 0.954590 -0.154541 0.205688 -0.185425
0.086182 -0.348633 0.966919 -0.138794 0.179077 -0.214355
0.104004 -0.363037 0.985840 -0.132568 0.168457 -0.260376
0.096680 -0.399780 0.980835 -0.127075 0.177856 -0.302979
0.073364 -0.452271 0.960205 -0.155518 0.189697 -0.331543
0.049561 -0.520874 0.949463 -0.168701 0.191040 -0.333130
0.027344 -0.573853 0.943237 -0.174805 0.187378 -0.303589
0.006836 -0.616577 0.926392 -0.165039 0.177246 -0.251343
0.003906 -0.613037 0.907471 -0.137695 0.154785 -0.192383
-0.005615 -0.601929 0.886963 -0.103027 0.121460 -0.130859
0.008667 -0.585205 0.895264 -0.068115 0.077759 -0.095825
0.037476 -0.570068 0.937866 -0.052490 0.037598 -0.085083
0.063965 -0.548218 0.971191 -0.021240 0.023804 -0.083496
0.076660 -0.533203 0.968140 -0.009521 0.039185 -0.081787
0.075684 -0.536621 0.953003 -0.015381 0.062134 -0.079834
0.079956 -0.553833 0.954102 -0.026367 0.079224 -0.065674
0.077759 -0.558350 0.937012 -0.057373 0.094116 -0.041748
0.065308 -0.559448 0.911133 -0.084595 0.101563 -0.016602
0.052490 -0.558838 0.876343 -0.090698 0.091187 0.004883
0.039429 -0.555298 0.855835 -0.066528 0.062378 0.018677
0.040894 -0.548584 0.838135 -0.020630 0.015869 0.021729
0.067505 -0.520874 0.858032 0.026733 -0.039063 0.012817
0.097046 -0.493774 0.894653 0.053345 -0.076294 -0.006348
0.117798 -0.475220 0.916626 0.062256 -0.076660 -0.027710
0.116455 -0.485107 0.921875 0.045410 -0.054199 -0.032593
0.098755 -0.500000 0.895386 0.010742 -0.028931 -0.021606
0.071167 -0.519531 0.877075 -0.014282 -0.018066 -0.005005
0.058716 -0.531494 0.859009 -0.015869 -0.028198 0.016235
0.052856 -0.537720 0.876099 0.000488 -0.048584 0.030273
0.059692 -0.527588 0.879761 0.009521 -0.074585 0.040161
0.071289 -0.511963 0.891479 -0.010376 -0.094604 0.057983
0.079346 -0.500610 0.885986 -0.029541 -0.109741 0.070923
0.083130 -0.495117 0.880981 -0.031128 -0.119751 0.071533
0.080078 -0.499268 0.883789 -0.017822 -0.127808 0.067261
0.085938 -0.502563 0.891968 0.005127 -0.137329 0.060425
0.096558 -0.491943 0.904663 0.028198 -0.140015 0.054077
0.111572 -0.500122 0.930420 0.062378 -0.122437 0.056396
0.109253 -0.494263 0.922729 0.035034 -0.108276 0.051270
0.095581 -0.506470 0.905151 0.005981 -0.096191 0.055176
0.078369 -0.507813 0.889038 0.003784 -0.096802 0.056396
0.078979 -0.509033 0.881592 -0.002563 -0.105835 0.063599
0.088623 -0.506470 0.887573 0.014526 -0.123047 0.060181
0.100586 -0.498535 0.912842 0.036255 -0.137207 0.052979
0.118164 -0.507324 0.930054 0.052490 -0.148560 0.054077
0.137573 -0.512329 0.958008 0.061157 -0.150635 0.066040
0.162964 -0.489624 0.994629 0.058228 -0.134644 0.075684
0.163940 -0.488159 1.000122 0.034912 -0.101563 0.088013
0.154419 -0.487427 1.000122 0.020386 -0.072021 0.092163
0.142700 -0.481812 0.984741 0.003662 -0.045410 0.094604
0.125977 -0.491577 0.971069 -0.003418 -0.020142 0.093384
0.113525 -0.482544 0.955078 0.000122 -0.004883 0.093384
0.103638 -0.480957 0.948853 0.003174 -0.001587 0.092163
0.095337 -0.477417 0.935303 0.000977 -0.008911 0.082764
0.079102 -0.501099 0.930664 0.015015 -0.015625 0.083740
0.062378 -0.518921 0.914551 0.028320 -0.028442 0.097290
