0.013428 -0.258911 0.953491 -0.111572 -0.070190 -0.141724
0.021118 -0.225464 0.928711 -0.138062 -0.084961 -0.184082
0.031616 -0.219727 0.928101 -0.128418 -0.097534 -0.215698
0.029541 -0.234253 0.955078 -0.108276 -0.107910 -0.238281
0.011230 -0.272339 0.944824 -0.105103 -0.100342 -0.247803
-0.002808 -0.279785 0.942871 -0.129761 -0.114868 -0.275513
0.008179 -0.284058 0.987793 -0.140625 -0.143311 -0.308105
0.009644 -0.300537 1.012695 -0.135986 -0.145142 -0.304565
-0.001465 -0.323730 0.998169 -0.138916 -0.120850 -0.266357
-0.000244 -0.332153 1.013062 -0.143555 -0.093262 -0.235474
-0.009644 -0.336182 1.005859 -0.169312 -0.065918 -0.218872
-0.027222 -0.339722 0.989746 -0.193726 -0.058838 -0.224609
-0.043945 -0.348389 0.967896 -0.207642 -0.076050 -0.238037
-0.057739 -0.360962 0.976440 -0.222778 -0.109253 -0.252930
-0.059814 -0.357910 0.977783 -0.214600 -0.137329 -0.274170
-0.055664 -0.370483 1.022583 -0.181763 -0.163086 -0.290649
-0.058716 -0.397217 1.053589 -0.173462 -0.170166 -0.269409
-0.059448 -0.396851 1.078979 -0.171143 -0.156128 -0.236084
-0.078003 -0.425171 1.075439 -0.142700 -0.136475 -0.197632
-0.083618 -0.430786 1.090576 -0.106689 -0.125488 -0.175293
-0.105591 -0.473389 1.128052 -0.107422 -0.125244 -0.133179
-0.129272 -0.525024 1.125366 -0.107544 -0.131470 -0.079468
-0.145874 -0.552246 1.107788 -0.056641 -0.130005 -0.044922
-0.160522 -0.603271 1.113281 0.027954 -0.140259 -0.010132
-0.154419 -0.614502 1.113037 0.167725 -0.171631 0.012207
-0.116943 -0.604736 1.143799 0.233765 -0.189819 0.036133
-0.090820 -0.587646 1.149414 0.264038 -0.163696 0.063843
-0.096191 -0.587402 1.115112 0.258057 -0.111084 0.107544
-0.112549 -0.595703 1.068970 0.238403 -0.068115 0.157959
-0.120361 -0.593872 1.017578 0.229248 -0.042114 0.211426
-0.111084 -0.605591 0.990479 0.257813 -0.037476 0.254395
-0.079102 -0.578125 0.980469 0.305786 -0.050293 0.274292
-0.059448 -0.555786 0.967773 0.388184 -0.060547 0.282593
-0.046387 -0.553711 0.952271 0.473877 -0.069824 0.291748
-0.016724 -0.533325 0.952271 0.534058 -0.082642 0.300049
0.027100 -0.514038 0.980225 0.565186 -0.081421 0.329834
0.075562 -0.473999 0.981323 0.550659 -0.060669 0.385620
0.098999 -0.457886 0.976929 0.463013 -0.037964 0.447998
0.142578 -0.404907 0.962891 0.442017 0.000732 0.496460
0.166870 -0.384644 0.941406 0.435547 0.045654 0.529785
0.192139 -0.360229 0.920776 0.408325 0.056396 0.540161
0.195435 -0.334961 0.878662 0.373169 0.055664 0.541382
0.197021 -0.344360 0.853760 0.365234 0.057617 0.542480
0.204956 -0.349976 0.836304 0.357178 0.048584 0.528809
0.227783 -0.347290 0.860229 0.346191 0.027100 0.498047
0.258545 -0.332886 0.889526 0.327759 0.015991 0.469238
0.276733 -0.330811 0.915894 0.278442 0.043457 0.462036
0.277466 -0.317627 0.906982 0.192139 0.081909 0.465332
0.271851 -0.271118 0.888062 0.110352 0.109863 0.464355
0.264648 -0.267456 0.878052 0.069092 0.118286 0.458740
0.260620 -0.243530 0.891846 0.043823 0.105713 0.437988
0.222778 -0.262939 0.871948 0.020874 0.092407 0.418213
0.203613 -0.277344 0.888428 0.012207 0.067993 0.399414
0.193848 -0.268555 0.904175 0.025024 0.045044 0.384399
0.182861 -0.251831 0.896240 0.008179 0.027100 0.379883
0.174805 -0.237183 0.891602 0.009155 0.014282 0.378662
0.184814 -0.207764 0.891235 -0.002808 0.001465 0.372437
0.180908 -0.180298 0.873535 -0.019043 -0.003540 0.345825
0.169189 -0.142944 0.829712 -0.017944 -0.011475 0.300781
0.156494 -0.114258 0.787598 -0.045410 -0.029541 0.244019
0.157837 -0.074341 0.814697 -0.095337 -0.046875 0.194946
0.163452 -0.077515 0.879272 -0.167236 -0.047607 0.167480
0.166382 -0.100342 0.944458 -0.251099 -0.042358 0.151245
0.159668 -0.124512 0.995850 -0.323242 -0.043457 0.133911
0.147339 -0.139404 1.038574 -0.342896 -0.055420 0.109375
0.168823 -0.114380 1.090820 -0.301270 -0.075439 0.083130
0.190674 -0.065186 1.116577 -0.255005 -0.078369 0.061768
0.201538 -0.019775 1.114380 -0.219360 -0.054077 0.036133
0.196167 0.023193 1.088013 -0.198242 -0.021606 0.007080
0.190796 0.049805 1.069214 -0.206177 -0.004517 -0.025757
0.194336 0.071899 1.088135 -0.230469 0.003418 -0.072876
0.176147 0.058716 1.114136 -0.271729 0.011719 -0.129395
0.141724 0.013672 1.131714 -0.308350 0.018188 -0.171753
0.120117 0.002197 1.126099 -0.298096 0.012085 -0.211792
0.117310 0.017822 1.128174 -0.242188 -0.003296 -0.249390
0.109497 0.017578 1.122192 -0.173950 -0.021362 -0.279175
0.115234 0.046997 1.112915 -0.109619 -0.030640 -0.303345
0.092651 0.036987 1.101807 -0.101196 -0.027466 -0.305542
0.087891 0.037598 1.116577 -0.136353 -0.023682 -0.297241
0.088867 0.025391 1.146484 -0.177246 -0.011108 -0.295044
0.079468 0.014771 1.156982 -0.195557 0.000488 -0.306030
0.065430 0.016113 1.182251 -0.203857 0.006714 -0.333496
0.038818 -0.003052 1.185059 -0.176270 0.009888 -0.363403
0.019287 -0.017822 1.197754 -0.140747 0.024536 -0.383179
-0.011230 -0.055908 1.216919 -0.127075 0.043945 -0.385132
-0.044556 -0.108887 1.215454 -0.129517 0.056274 -0.370850
-0.067993 -0.124023 1.206909 -0.133301 0.059448 -0.355103
-0.073364 -0.133545 1.217896 -0.114380 0.072144 -0.334229
-0.081177 -0.123291 1.192505 -0.120239 0.091064 -0.310059
-0.092041 -0.131226 1.171631 -0.141357 0.106079 -0.292725
-0.102051 -0.143677 1.165527 -0.132935 0.114746 -0.288940
-0.131592 -0.182373 1.124023 -0.098755 0.111206 -0.288696
-0.130981 -0.217773 1.122192 -0.030273 0.074219 -0.302002
-0.109253 -0.227905 1.136475 0.108521 0.030029 -0.330322
-0.089966 -0.214478 1.101563 0.220093 0.009521 -0.349609
-0.071167 -0.204468 1.088257 0.254761 0.026611 -0.354126
-0.061279 -0.218872 1.062134 0.200073 0.066284 -0.331543
-0.072021 -0.246826 1.027588 0.080322 0.111938 -0.293457
-0.088135 -0.293335 1.002563 -0.031494 0.144653 -0.258057
-0.095703 -0.330078 0.978149 -0.096069 0.167358 -0.226074
-0.100220 -0.359131 0.968018 -0.112427 0.184326 -0.200073
-0.124634 -0.404541 0.933716 -0.089233 0.175537 -0.175903
-0.152344 -0.462158 0.899536 0.000488 0.120239 -0.171631
-0.137939 -0.485229 0.900024 0.143433 0.006470 -0.187500
-0.062744 -0.452026 0.962402 0.298218 -0.102051 -0.207397
-0.001221 -0.395386 0.982056 0.367798 -0.140015 -0.200806
0.018677 -0.369507 0.970459 0.339722 -0.112305 -0.172485
0.018799 -0.364258 0.943481 0.270752 -0.072632 -0.140015
0.016724 -0.370117 0.922729 0.166260 -0.056885 -0.106079
0.023193 -0.390503 0.923340 0.060181 -0.052246 -0.071045
0.052246 -0.396973 0.947021 -0.026367 -0.050049 -0.044312
0.084473 -0.381470 0.946777 -0.075562 -0.045288 -0.035278
0.110596 -0.348145 0.940918 -0.088135 -0.040161 -0.051514
0.118652 -0.352417 0.932495 -0.065430 -0.048828 -0.095215
0.104370 -0.415649 0.948242 -0.002319 -0.067139 -0.148804
0.089233 -0.459839 0.962769 0.059570 -0.086304 -0.174683
0.109009 -0.464722 0.973511 0.089844 -0.083374 -0.150635
0.109497 -0.458130 0.962524 0.041382 -0.041260 -0.105225
0.074097 -0.481079 0.922852 -0.037354 0.008179 -0.057739
0.030762 -0.527588 0.912231 -0.082031 0.029419 -0.018677
0.007813 -0.551758 0.887207 -0.084961 0.026367 0.018433
-0.010132 -0.575562 0.885620 -0.077271 0.003784 0.048828
0.010498 -0.565430 0.912476 -0.055420 -0.041016 0.061035
0.007690 -0.555542 0.919678 -0.027100 -0.086670 0.061035
0.019775 -0.540161 0.933838 0.016235 -0.128418 0.062378
0.040894 -0.507446 0.956177 0.038086 -0.145630 0.071167
0.044678 -0.496704 0.957764 0.031738 -0.129395 0.093140
0.021362 -0.498047 0.928223 0.001953 -0.110718 0.119385
0.004395 -0.482056 0.908081 -0.012207 -0.107544 0.144043
0.007446 -0.461304 0.895508 -0.003174 -0.121094 0.167114
0.020386 -0.444336 0.920166 0.002441 -0.138306 0.179688
0.008667 -0.459595 0.925537 0.001099 -0.145752 0.196899
0.021973 -0.430298 0.933105 0.005005 -0.159790 0.210815
0.041016 -0.400146 0.953247 0.004883 -0.172852 0.219238
0.038574 -0.369751 0.940430 0.013062 -0.177734 0.221924
0.033447 -0.329468 0.922485 0.017212 -0.180908 0.229980
0.047119 -0.287964 0.920654 0.008179 -0.180908 0.245483
0.062256 -0.263916 0.942749 -0.023682 -0.173584 0.249390
0.052979 -0.252563 0.937744 -0.064697 -0.161377 0.247314
0.042847 -0.258789 0.944580 -0.110962 -0.165161 0.239136
0.041016 -0.269775 0.966064 -0.147461 -0.190796 0.230591
0.070313 -0.255371 1.013184 -0.127686 -0.217285 0.220337
0.102783 -0.239014 1.058594 -0.090210 -0.218628 0.216064
0.109741 -0.238770 1.083008 -0.073486 -0.188721 0.216675
0.102417 -0.230469 1.072144 -0.064941 -0.143799 0.226685
0.074219 -0.226074 1.024292 -0.060059 -0.098145 0.237549
0.053589 -0.203369 0.994873 -0.051147 -0.078613 0.229004
0.040161 -0.210083 0.996338 -0.044312 -0.083862 0.214722
0.055176 -0.201172 1.023804 -0.056274 -0.101440 0.205933
0.076904 -0.173218 1.059326 -0.086060 -0.109619 0.191772
