-0.007324 -0.381470 0.901367 -0.218872 -0.048706 -0.195679
-0.015381 -0.383789 0.892700 -0.254883 -0.050171 -0.198364
0.005493 -0.372192 0.913696 -0.303101 -0.057495 -0.211060
0.013794 -0.390381 0.938599 -0.360229 -0.063721 -0.238770
0.011108 -0.409790 0.969971 -0.391846 -0.068970 -0.264526
-0.005371 -0.413574 0.972168 -0.396729 -0.070435 -0.285156
-0.002319 -0.391357 0.978271 -0.394653 -0.076294 -0.309326
0.006714 -0.394287 1.003296 -0.403076 -0.072876 -0.321655
-0.018433 -0.423340 1.016602 -0.452026 -0.053955 -0.315186
-0.044189 -0.462280 1.024658 -0.526611 -0.035156 -0.287354
-0.062256 -0.492065 1.031738 -0.559204 -0.026611 -0.249512
-0.079956 -0.522583 1.029175 -0.523804 -0.030029 -0.215698
-0.090210 -0.549194 1.011597 -0.421875 -0.050049 -0.200317
-0.067139 -0.533569 1.049194 -0.296631 -0.080811 -0.218872
-0.070313 -0.512817 1.036011 -0.192871 -0.089111 -0.243286
-0.115356 -0.531982 1.010376 -0.117676 -0.094849 -0.265991
-0.153564 -0.581909 1.002930 -0.052246 -0.122803 -0.278076
-0.161133 -0.635010 1.022583 0.022461 -0.151733 -0.266235
-0.165283 -0.681396 1.041870 0.081421 -0.162598 -0.225708
-0.174683 -0.714600 1.021973 0.118530 -0.161499 -0.161743
-0.168823 -0.721069 1.003540 0.152344 -0.162476 -0.095825
-0.114380 -0.692261 1.016113 0.181763 -0.161743 -0.029785
-0.091309 -0.679810 1.003296 0.154297 -0.146973 0.034180
-0.088623 -0.694458 1.001221 0.125732 -0.109497 0.065552
-0.106812 -0.755615 0.984985 0.183350 -0.080933 0.079102
-0.127197 -0.822021 0.969604 0.323975 -0.072632 0.082764
-0.124146 -0.857666 0.962402 0.474243 -0.093750 0.099854
-0.092529 -0.857056 0.961914 0.585693 -0.117798 0.138306
-0.057129 -0.841919 0.946411 0.651245 -0.126709 0.198608
-0.009033 -0.792969 0.955322 0.675171 -0.115112 0.264771
0.034302 -0.764648 0.960083 0.666382 -0.072754 0.348389
0.062622 -0.737915 0.932739 0.625122 -0.021484 0.428589
0.070068 -0.701538 0.888184 0.534790 0.000854 0.484497
0.074219 -0.691162 0.859009 0.525757 0.015869 0.522705
0.108887 -0.643066 0.869141 0.640991 0.016479 0.544922
0.161133 -0.595337 0.855225 0.781982 0.003540 0.560425
0.205200 -0.527832 0.873779 0.850952 -0.004761 0.552002
0.226563 -0.471069 0.827393 0.839478 -0.003418 0.551025
0.218262 -0.434326 0.795410 0.720825 -0.005859 0.546509
0.217285 -0.385986 0.777344 0.625610 0.000000 0.553589
0.226440 -0.349121 0.772583 0.567505 0.015747 0.570313
0.233276 -0.322754 0.764404 0.500610 0.018066 0.586914
0.245850 -0.318359 0.782959 0.443848 0.005249 0.590088
0.272949 -0.283691 0.792236 0.354004 -0.021362 0.576294
0.287354 -0.236084 0.799438 0.221191 -0.045776 0.551880
0.303833 -0.203979 0.819092 0.136353 -0.058350 0.516724
0.282959 -0.210938 0.828491 0.110107 -0.064453 0.475830
0.267212 -0.236816 0.858276 0.083008 -0.077637 0.442505
0.253418 -0.244141 0.879028 0.057739 -0.088013 0.416992
0.245972 -0.224854 0.878418 0.009521 -0.095093 0.398804
0.245117 -0.213135 0.910645 -0.026733 -0.110107 0.385620
0.257446 -0.165283 0.929443 -0.054810 -0.123413 0.364014
0.250732 -0.162964 0.952515 -0.098877 -0.118530 0.347290
0.230835 -0.155762 0.964478 -0.146240 -0.104370 0.333618
0.207520 -0.139771 0.962036 -0.183960 -0.086548 0.315674
0.182983 -0.162231 0.964600 -0.218750 -0.092163 0.293457
0.177734 -0.160889 0.972534 -0.227661 -0.122192 0.260254
0.182373 -0.156860 1.000977 -0.220337 -0.154297 0.233521
0.198242 -0.133545 1.017700 -0.224487 -0.179443 0.206421
0.211670 -0.102295 1.038330 -0.233032 -0.189331 0.175415
0.199097 -0.098022 1.019043 -0.237915 -0.182373 0.147461
0.183716 -0.074219 1.008179 -0.257446 -0.195190 0.108643
0.202759 -0.066284 1.047729 -0.287598 -0.214600 0.073975
0.222046 -0.075073 1.105347 -0.315552 -0.209961 0.047607
0.220825 -0.076416 1.121704 -0.357178 -0.183228 0.026001
0.191650 -0.102539 1.127808 -0.384766 -0.142700 0.010254
0.160767 -0.121948 1.125366 -0.348145 -0.108887 -0.010620
0.139038 -0.115112 1.115601 -0.270996 -0.097534 -0.046021
0.139648 -0.088989 1.120239 -0.205566 -0.106079 -0.082886
0.134888 -0.072998 1.143066 -0.154663 -0.108521 -0.121826
0.125732 -0.058594 1.167725 -0.102783 -0.096069 -0.152222
0.109131 -0.044922 1.168213 -0.097046 -0.079102 -0.170532
0.093506 -0.037598 1.167603 -0.113770 -0.065430 -0.187012
0.087524 -0.033569 1.188232 -0.113037 -0.048706 -0.211548
0.078247 -0.037354 1.203003 -0.107178 -0.030151 -0.234741
0.053833 -0.061768 1.201172 -0.086548 -0.003784 -0.253174
0.023315 -0.087036 1.209351 -0.053101 0.019531 -0.263184
0.007080 -0.097168 1.204346 -0.022583 0.022949 -0.264160
0.008057 -0.093506 1.207397 -0.001831 0.026001 -0.267578
0.012695 -0.080200 1.196899 0.017700 0.050903 -0.273804
0.000610 -0.074951 1.170532 0.021851 0.096313 -0.279297
-0.022095 -0.096558 1.156860 -0.013916 0.142212 -0.271851
-0.050171 -0.136597 1.125610 -0.071899 0.178711 -0.248901
-0.092651 -0.192139 1.097168 -0.099731 0.202026 -0.220337
-0.114136 -0.238281 1.066650 -0.056152 0.197021 -0.200562
-0.116455 -0.245605 1.047241 -0.000122 0.164917 -0.200806
-0.090454 -0.233887 1.053223 0.039429 0.127563 -0.211304
-0.067993 -0.212891 1.039307 0.045288 0.111084 -0.220581
-0.077393 -0.226685 1.014648 0.032837 0.107056 -0.228271
-0.076294 -0.257202 1.001221 0.045166 0.080200 -0.224487
-0.059937 -0.291504 1.016113 0.053833 0.005127 -0.216064
-0.027832 -0.285156 0.978271 0.169556 -0.048218 -0.230103
0.006348 -0.277954 0.974365 0.238647 -0.034058 -0.255005
0.072266 -0.237061 0.998535 0.231201 -0.015503 -0.256836
0.086060 -0.266968 1.012451 0.030640 0.069580 -0.216064
0.051025 -0.326294 0.995483 -0.209229 0.193726 -0.145630
-0.017456 -0.425903 0.948364 -0.382324 0.277954 -0.076782
-0.059937 -0.507080 0.924438 -0.410156 0.283203 -0.039185
-0.091675 -0.546875 0.903442 -0.329834 0.230835 -0.041626
-0.096680 -0.557861 0.882202 -0.181519 0.138184 -0.064575
-0.069458 -0.517578 0.873169 -0.010498 0.030029 -0.107666
-0.029785 -0.466431 0.882568 0.113525 -0.088989 -0.165161
0.025391 -0.429932 0.919189 0.206787 -0.175659 -0.211060
0.087891 -0.395996 0.959839 0.252441 -0.200317 -0.230591
0.144165 -0.366943 0.987793 0.208008 -0.160034 -0.213257
0.150024 -0.369263 0.981689 0.060791 -0.056519 -0.160278
0.097778 -0.435181 0.948853 -0.126221 0.058105 -0.093994
0.062134 -0.493164 0.931641 -0.252197 0.120605 -0.032593
0.040771 -0.546021 0.925293 -0.296021 0.136108 0.015259
0.019531 -0.571655 0.893433 -0.282837 0.109863 0.032227
0.001587 -0.568237 0.869385 -0.200439 0.052124 0.015137
-0.004395 -0.564453 0.849976 -0.071655 -0.022827 -0.015381
0.019775 -0.549316 0.876221 0.045288 -0.094482 -0.049194
0.048218 -0.537598 0.921631 0.103882 -0.135132 -0.063354
0.062134 -0.531128 0.947021 0.090332 -0.128174 -0.043579
0.065186 -0.518066 0.937012 0.043335 -0.102417 -0.009888
0.065796 -0.512695 0.925903 0.006226 -0.082764 0.018433
0.047485 -0.521851 0.915527 -0.013550 -0.072021 0.029175
0.041382 -0.536255 0.913818 -0.012329 -0.078369 0.032837
0.048828 -0.515991 0.908691 -0.003662 -0.092163 0.038086
0.039917 -0.519653 0.901367 -0.005005 -0.103882 0.046265
0.034790 -0.505005 0.894531 0.009277 -0.116333 0.057007
0.038940 -0.490601 0.889282 0.029663 -0.127441 0.068970
0.051758 -0.477539 0.908203 0.038818 -0.133789 0.073486
0.050415 -0.481567 0.911987 0.030273 -0.128662 0.087402
0.051758 -0.478394 0.913696 0.007813 -0.120361 0.112671
0.054810 -0.469727 0.919067 -0.026123 -0.109375 0.139160
0.051514 -0.473267 0.911987 -0.059692 -0.093628 0.168213
0.051270 -0.467773 0.906128 -0.091553 -0.088135 0.186646
0.045776 -0.473511 0.908325 -0.103638 -0.091431 0.194336
0.043091 -0.475586 0.901978 -0.088379 -0.106567 0.199585
0.059448 -0.441528 0.897705 -0.068970 -0.132813 0.196777
0.072021 -0.405884 0.902710 -0.066528 -0.165771 0.180908
0.096924 -0.398560 0.946289 -0.056030 -0.193359 0.163940
0.125977 -0.384277 0.994995 -0.030029 -0.203979 0.146973
0.130127 -0.391724 1.034424 -0.022461 -0.185303 0.143677
0.128052 -0.378662 1.032959 -0.030640 -0.153076 0.161499
0.127808 -0.365967 1.037964 -0.053955 -0.115234 0.192383
0.130737 -0.333618 1.025757 -0.087036 -0.083252 0.213013
0.118530 -0.322388 0.998657 -0.099243 -0.053223 0.224487
0.085083 -0.330688 0.961182 -0.097778 -0.035400 0.224365
0.075317 -0.300415 0.943359 -0.083374 -0.035767 0.208740
0.063965 -0.292725 0.932617 -0.071899 -0.058838 0.177124
0.071289 -0.300903 0.972290 -0.042358 -0.087769 0.141968
0.099976 -0.281616 1.020142 -0.023926 -0.099609 0.123779
0.101196 -0.269531 1.034912 -0.039551 -0.072021 0.125488
0.079956 -0.274292 1.028320 -0.073242 -0.030884 0.145874
0.062866 -0.267212 1.008789 -0.105347 -0.005127 0.169922
0.075439 -0.230347 1.004761 -0.125732 0.001221 0.176514
0.105103 -0.167969 1.015137 -0.124268 0.014282 0.158813
