0.014771 -0.532959 0.883667 -0.236084 -0.096680 -0.259399
0.021729 -0.537842 0.883057 -0.255371 -0.069702 -0.265381
0.014893 -0.519653 0.873901 -0.266235 -0.034424 -0.289063
0.019287 -0.517944 0.885864 -0.208130 -0.002808 -0.311768
0.006348 -0.526978 0.880493 -0.213745 -0.015015 -0.322876
0.000122 -0.538452 0.879639 -0.250610 -0.033203 -0.334595
-0.015015 -0.560059 0.895752 -0.287354 -0.039063 -0.331909
-0.022705 -0.575317 0.913696 -0.309448 -0.033081 -0.309692
-0.047119 -0.603271 0.918091 -0.316650 -0.007202 -0.259888
-0.103027 -0.652832 0.904785 -0.289185 -0.000366 -0.199829
-0.122925 -0.706665 0.860474 -0.226685 -0.035889 -0.143311
-0.059448 -0.644409 0.942871 -0.210083 -0.084839 -0.126099
0.008057 -0.624268 1.002319 -0.130249 -0.123169 -0.129761
-0.002930 -0.609131 0.999268 -0.089844 -0.097900 -0.156372
-0.053223 -0.626709 0.975098 -0.077515 -0.060913 -0.167236
-0.102783 -0.686401 0.972290 -0.075806 -0.039917 -0.151367
-0.153076 -0.746338 0.971436 -0.081909 -0.029053 -0.114136
-0.191162 -0.799072 0.965210 -0.034302 -0.037354 -0.068481
-0.205811 -0.820435 0.946655 0.061646 -0.067505 -0.029297
-0.210693 -0.821045 0.934448 0.174683 -0.105347 0.003052
-0.200317 -0.833008 0.928711 0.286987 -0.141235 0.044556
-0.128052 -0.786133 0.971680 0.373779 -0.144165 0.097412
-0.116455 -0.744507 0.939697 0.386841 -0.124756 0.141724
-0.137329 -0.752808 0.903320 0.371216 -0.109863 0.168701
-0.154907 -0.772339 0.878418 0.389282 -0.126221 0.191406
-0.125610 -0.758911 0.904663 0.454468 -0.147095 0.223267
-0.085449 -0.721069 0.899902 0.511719 -0.153320 0.265747
-0.061768 -0.694214 0.892578 0.549072 -0.141479 0.301270
-0.040649 -0.670532 0.883179 0.572388 -0.140015 0.328125
0.004639 -0.658813 0.969604 0.590454 -0.140991 0.356079
0.050415 -0.608398 0.881226 0.691284 -0.124268 0.387085
0.069580 -0.572021 0.872437 0.720581 -0.098145 0.391968
0.096069 -0.533325 0.840454 0.696899 -0.084717 0.399292
0.114746 -0.535156 0.875977 0.644287 -0.081299 0.415039
0.167847 -0.501587 0.867432 0.707642 -0.050415 0.438110
0.213379 -0.477539 0.926147 0.731934 -0.014526 0.455688
0.240112 -0.451050 0.909058 0.708252 0.035645 0.481567
0.238525 -0.411499 0.882690 0.644653 0.076294 0.493042
0.230469 -0.395386 0.849976 0.510010 0.071167 0.499268
0.237305 -0.373413 0.841675 0.424072 0.050415 0.493530
0.242310 -0.359741 0.842285 0.374023 0.028687 0.482300
0.251709 -0.341797 0.858643 0.285034 0.000610 0.469238
0.256470 -0.336914 0.861084 0.177979 -0.018555 0.460205
0.255981 -0.319092 0.859253 0.100098 -0.036255 0.449219
0.249634 -0.292236 0.851318 0.041748 -0.065552 0.428833
0.242920 -0.300049 0.855835 0.003296 -0.103394 0.404419
0.248657 -0.310303 0.902832 0.002319 -0.144531 0.380493
0.246094 -0.318970 0.920410 0.006348 -0.174438 0.370239
0.250854 -0.294556 0.949829 0.003662 -0.178711 0.360840
0.246582 -0.274658 0.960938 -0.010620 -0.169678 0.363159
0.253540 -0.226318 0.970947 -0.034180 -0.148804 0.363403
0.263184 -0.185913 0.981567 -0.094727 -0.123779 0.365601
0.250977 -0.158813 0.976685 -0.142700 -0.092896 0.354492
0.235962 -0.149414 0.977661 -0.167358 -0.077393 0.321411
0.214722 -0.145996 0.990967 -0.181519 -0.084595 0.273438
0.207764 -0.117798 0.991943 -0.197998 -0.096802 0.229736
0.189697 -0.100098 0.997803 -0.224121 -0.092407 0.195923
0.175049 -0.073242 0.989502 -0.248657 -0.081055 0.170166
0.151001 -0.072021 1.000244 -0.261963 -0.072998 0.145874
0.141724 -0.043213 1.019043 -0.259644 -0.077515 0.117676
0.133423 -0.025269 1.036743 -0.267456 -0.076660 0.094849
0.129517 0.001953 1.050903 -0.279663 -0.068359 0.067871
0.125000 0.028320 1.073853 -0.294434 -0.065308 0.035767
0.115479 0.043579 1.092285 -0.315063 -0.062378 -0.006958
0.101807 0.046265 1.095825 -0.317139 -0.061768 -0.058594
0.077026 0.039307 1.088623 -0.313477 -0.067871 -0.108276
0.074097 0.052368 1.092285 -0.312744 -0.081543 -0.158081
0.068726 0.051147 1.105591 -0.324219 -0.097412 -0.205688
0.085327 0.061035 1.118164 -0.302490 -0.110474 -0.255249
0.104004 0.072632 1.141357 -0.282104 -0.109253 -0.302612
0.123413 0.078125 1.146729 -0.305420 -0.096069 -0.338989
0.133423 0.068604 1.167480 -0.381714 -0.060059 -0.373169
0.129517 0.023926 1.194092 -0.481934 0.000610 -0.404419
0.090210 -0.057007 1.190430 -0.541504 0.056396 -0.428955
0.026001 -0.181763 1.181641 -0.498047 0.101685 -0.439331
-0.018311 -0.274902 1.191895 -0.408325 0.127563 -0.425049
-0.031006 -0.315063 1.173218 -0.281250 0.131348 -0.398071
-0.040283 -0.329956 1.158447 -0.192017 0.138306 -0.382202
-0.036621 -0.301392 1.131836 -0.086548 0.128906 -0.384399
-0.026245 -0.291626 1.112427 -0.047485 0.122559 -0.389282
-0.040894 -0.298584 1.092163 -0.059204 0.132080 -0.395508
-0.060547 -0.317749 1.062134 -0.058472 0.138916 -0.393555
-0.069214 -0.347534 1.042236 -0.080444 0.131470 -0.390869
-0.063354 -0.381592 1.045898 -0.100586 0.130981 -0.385010
-0.070435 -0.411499 1.042480 -0.103516 0.150024 -0.363159
-0.098022 -0.478638 1.011597 -0.119751 0.170044 -0.323975
-0.100586 -0.501709 1.004517 -0.127197 0.174683 -0.266235
-0.080322 -0.497437 0.995483 -0.148926 0.189209 -0.196411
-0.053711 -0.477173 0.966187 -0.190674 0.207275 -0.141235
-0.015625 -0.454468 0.974365 -0.251221 0.227051 -0.119507
-0.060913 -0.495605 0.944702 -0.367310 0.243164 -0.105103
-0.088379 -0.543213 0.912231 -0.306763 0.251465 -0.102905
-0.118164 -0.582886 0.879761 -0.270752 0.225098 -0.106567
-0.116455 -0.592773 0.855225 -0.151123 0.172729 -0.121094
-0.099609 -0.587769 0.843018 -0.075317 0.097046 -0.141113
-0.086304 -0.622681 0.875732 -0.025757 0.031616 -0.152832
-0.075195 -0.652588 0.897217 0.033936 -0.027100 -0.150879
-0.030884 -0.641479 0.918823 0.123413 -0.075684 -0.132568
0.036011 -0.601196 0.948853 0.148804 -0.090942 -0.098755
0.078491 -0.568970 0.968018 0.085449 -0.055786 -0.065674
0.074463 -0.564453 0.952393 -0.018311 0.004395 -0.037354
0.046143 -0.576294 0.911621 -0.095703 0.052002 -0.024902
0.026123 -0.603638 0.879272 -0.106323 0.057129 -0.025391
0.019653 -0.644897 0.896484 -0.067139 0.029297 -0.032959
0.012573 -0.685425 0.894531 0.007690 -0.002563 -0.027466
0.021240 -0.680054 0.880981 0.078735 -0.041504 -0.019653
0.046997 -0.656250 0.875610 0.118408 -0.080933 -0.007202
0.089600 -0.633911 0.890137 0.125732 -0.098511 0.007935
0.116821 -0.611084 0.919678 0.083618 -0.082397 0.028198
0.104980 -0.622437 0.905884 0.016846 -0.042603 0.059692
0.078125 -0.622070 0.862915 -0.020996 -0.008911 0.080933
0.053955 -0.634888 0.837402 -0.020996 0.006226 0.094482
0.042603 -0.650146 0.831665 0.011475 -0.006836 0.088135
0.037598 -0.660156 0.825317 0.061646 -0.034058 0.075562
0.026611 -0.668945 0.840088 0.107788 -0.065186 0.064941
0.044556 -0.632813 0.851440 0.146118 -0.095581 0.068970
0.046631 -0.617920 0.855469 0.144775 -0.107422 0.096558
0.049194 -0.602783 0.845947 0.123047 -0.109741 0.125977
0.048828 -0.594116 0.841187 0.099609 -0.109375 0.151367
0.037109 -0.592407 0.838745 0.072510 -0.108154 0.165894
0.024536 -0.597656 0.838989 0.066650 -0.112549 0.171509
0.030029 -0.570923 0.843140 0.083862 -0.132568 0.171631
0.042603 -0.555298 0.861084 0.097656 -0.152832 0.179077
0.054443 -0.536987 0.884399 0.110596 -0.171875 0.180908
0.070068 -0.505249 0.904175 0.122681 -0.187256 0.181763
0.086548 -0.480713 0.924316 0.118286 -0.186646 0.189209
0.097412 -0.466187 0.942261 0.104980 -0.170410 0.198364
0.104248 -0.440308 0.947510 0.084229 -0.150024 0.208130
0.101318 -0.445068 0.951904 0.066406 -0.125854 0.218262
0.092651 -0.433594 0.940063 0.062744 -0.107544 0.217041
0.078979 -0.414307 0.933228 0.066528 -0.097168 0.215454
0.071533 -0.393677 0.919800 0.069214 -0.078857 0.225098
0.053833 -0.361084 0.900513 0.039795 -0.058838 0.229614
0.013916 -0.368042 0.871460 0.015137 -0.054443 0.231323
0.015381 -0.350830 0.874634 0.028809 -0.079102 0.220703
0.016479 -0.342163 0.897217 0.051392 -0.118164 0.201050
0.030273 -0.325317 0.931519 0.084595 -0.158447 0.182495
0.057983 -0.312012 0.980957 0.132568 -0.187866 0.166138
0.095703 -0.273315 1.027588 0.164429 -0.187500 0.160034
0.109619 -0.255493 1.040527 0.139648 -0.143188 0.177856
0.103516 -0.245850 1.036743 0.071167 -0.078735 0.202637
0.084351 -0.223633 1.021118 -0.006836 -0.017578 0.219238
0.020142 -0.265747 0.980469 -0.078735 0.032715 0.222534
-0.043945 -0.315430 0.953003 -0.093262 0.038696 0.214966
-0.066406 -0.313721 0.934448 -0.041870 0.000610 0.199463
-0.062134 -0.305176 0.921387 0.026978 -0.056030 0.188477
-0.014893 -0.264160 0.952881 0.082886 -0.105713 0.168579
0.033936 -0.229858 0.971802 0.086426 -0.109741 0.155762
0.055176 -0.215698 0.984131 0.017578 -0.066406 0.159912
0.048584 -0.215698 0.978394 -0.095093 -0.010620 0.173828
