-0.103882 -0.630371 0.854980 -0.303467 -0.031982 -0.201538
-0.092285 -0.605103 0.865234 -0.198730 -0.060791 -0.222778
-0.089722 -0.600098 0.865601 -0.139771 -0.086792 -0.222900
-0.081665 -0.600464 0.888062 -0.134033 -0.106323 -0.207275
-0.072754 -0.590454 0.911865 -0.158081 -0.116211 -0.177124
-0.076904 -0.585327 0.904663 -0.193970 -0.106201 -0.142090
-0.082642 -0.568970 0.873657 -0.203369 -0.105835 -0.115967
-0.060181 -0.525024 0.868774 -0.208008 -0.119385 -0.122925
-0.056396 -0.532715 0.884521 -0.221313 -0.137939 -0.161255
-0.078979 -0.610107 0.911743 -0.182373 -0.165039 -0.199951
-0.097656 -0.666504 0.932861 -0.080933 -0.186401 -0.216675
-0.101685 -0.684082 0.926147 0.010254 -0.201660 -0.188110
-0.080078 -0.702026 0.947632 0.068726 -0.204590 -0.128052
-0.028320 -0.628174 0.954346 0.074585 -0.205444 -0.080933
-0.015015 -0.605713 0.931519 0.044556 -0.179932 -0.049927
-0.023438 -0.607788 0.912109 0.027954 -0.155762 -0.047974
-0.029663 -0.628906 0.913086 0.029297 -0.142578 -0.058472
-0.018921 -0.654785 0.930908 0.049072 -0.131836 -0.072144
-0.038696 -0.676880 0.928467 0.074707 -0.116821 -0.085083
-0.089233 -0.729614 0.893188 0.125977 -0.109619 -0.086182
-0.113281 -0.749756 0.880127 0.198120 -0.125977 -0.083496
-0.119385 -0.769165 0.885742 0.268433 -0.148804 -0.064331
-0.119507 -0.774292 0.882446 0.333740 -0.174194 -0.038574
-0.108032 -0.763672 0.887573 0.400635 -0.195801 -0.002197
-0.071289 -0.744141 0.910522 0.424805 -0.198975 0.049683
-0.028198 -0.705444 0.943481 0.395508 -0.178345 0.097046
-0.006592 -0.694214 0.961182 0.368042 -0.146118 0.132080
-0.009399 -0.701172 0.927979 0.380737 -0.119873 0.155029
-0.022217 -0.727295 0.929810 0.351074 -0.102661 0.166626
-0.018799 -0.746216 0.932129 0.378784 -0.099243 0.183838
-0.010254 -0.760254 0.941406 0.452759 -0.098755 0.204834
0.004028 -0.739014 0.931396 0.543335 -0.099121 0.228882
0.004883 -0.742065 0.930420 0.582397 -0.099609 0.261230
0.020386 -0.723999 0.927612 0.631714 -0.106689 0.294800
0.050049 -0.683350 0.907959 0.692749 -0.118530 0.326782
0.090088 -0.613770 0.898926 0.734741 -0.109497 0.359619
0.119263 -0.554443 0.881470 0.719360 -0.082275 0.390869
0.123047 -0.524658 0.855591 0.610474 -0.059570 0.412109
0.099365 -0.520264 0.820923 0.513306 -0.058716 0.421753
0.135986 -0.479370 0.883423 0.594604 -0.054321 0.420654
0.146729 -0.471069 0.874023 0.678101 -0.042725 0.434082
0.151611 -0.440308 0.853394 0.732300 -0.031860 0.430664
0.136963 -0.435791 0.842529 0.622925 -0.053345 0.430786
0.107544 -0.451782 0.811157 0.501709 -0.097046 0.428833
0.125854 -0.420776 0.823486 0.499390 -0.138916 0.417725
0.162231 -0.366333 0.846924 0.476440 -0.170532 0.421509
0.207520 -0.316406 0.879028 0.427246 -0.165161 0.430908
0.231201 -0.274658 0.908569 0.348389 -0.132202 0.441162
0.225586 -0.248413 0.911987 0.229614 -0.079712 0.455566
0.209595 -0.255493 0.907104 0.098755 -0.034546 0.470581
0.190186 -0.254761 0.905151 0.012573 -0.016724 0.469971
0.167358 -0.270142 0.895630 -0.015137 -0.021362 0.456543
0.160767 -0.276123 0.901123 -0.003784 -0.051880 0.432007
0.161133 -0.264771 0.921509 0.025635 -0.083740 0.395752
0.164551 -0.250977 0.931519 0.046753 -0.109375 0.363647
0.176758 -0.210449 0.939331 0.060547 -0.116943 0.336060
0.166382 -0.212036 0.925659 0.036865 -0.114258 0.321045
0.159790 -0.201904 0.925659 0.005371 -0.109619 0.315186
0.164673 -0.192993 0.940674 -0.040894 -0.096558 0.315430
0.178833 -0.186890 0.963013 -0.108643 -0.080811 0.312988
0.184692 -0.174683 0.976563 -0.157471 -0.069702 0.302612
0.189331 -0.171021 0.979004 -0.180908 -0.057129 0.283813
0.188110 -0.168091 0.992676 -0.196167 -0.049683 0.245483
0.189331 -0.158569 1.000488 -0.210938 -0.045410 0.209229
0.181763 -0.147827 0.981445 -0.222778 -0.036499 0.179688
0.177979 -0.133789 0.981323 -0.243652 -0.025635 0.147095
0.165161 -0.145752 0.993652 -0.275879 -0.016357 0.123413
0.157471 -0.143188 0.999023 -0.300171 -0.011475 0.107666
0.158813 -0.128784 1.018188 -0.312988 -0.005005 0.091064
0.167725 -0.100220 1.033203 -0.327759 0.000610 0.073364
0.164673 -0.096069 1.047607 -0.336914 0.010010 0.052734
0.167236 -0.083496 1.052490 -0.326050 0.017090 0.020020
0.168945 -0.078369 1.063721 -0.311401 0.025024 -0.018921
0.177612 -0.071777 1.080811 -0.316528 0.033813 -0.060181
0.180908 -0.071777 1.095703 -0.336426 0.044067 -0.107788
0.175293 -0.074341 1.117798 -0.345947 0.059937 -0.159424
0.143677 -0.118408 1.126953 -0.349976 0.083496 -0.201172
0.106567 -0.170044 1.135376 -0.346436 0.104248 -0.219360
0.077148 -0.184937 1.123169 -0.325317 0.117065 -0.221069
0.051636 -0.179321 1.096924 -0.283203 0.117676 -0.224487
0.029541 -0.183838 1.068848 -0.231201 0.098999 -0.239258
0.044556 -0.152832 1.080078 -0.165649 0.060181 -0.269409
0.052979 -0.134033 1.117432 -0.129761 0.045044 -0.303955
0.056030 -0.127808 1.116699 -0.127197 0.048462 -0.333740
0.034790 -0.143311 1.112671 -0.154297 0.076660 -0.362061
0.005371 -0.159058 1.102173 -0.188354 0.106812 -0.379150
-0.038818 -0.211426 1.095825 -0.231934 0.141968 -0.381836
-0.081543 -0.264648 1.084351 -0.270874 0.161011 -0.369507
-0.114624 -0.301880 1.069214 -0.274780 0.168945 -0.348389
-0.125244 -0.332031 1.078735 -0.262573 0.164185 -0.328491
-0.126099 -0.341797 1.084595 -0.240356 0.158325 -0.311401
-0.114502 -0.328735 1.077271 -0.223511 0.159424 -0.291870
-0.120972 -0.325073 1.058472 -0.207764 0.167847 -0.284790
-0.136841 -0.347046 1.041870 -0.198242 0.173340 -0.285522
-0.137817 -0.366821 1.044556 -0.173462 0.160767 -0.291138
-0.126099 -0.372559 1.047729 -0.130371 0.148560 -0.293945
-0.134399 -0.398071 1.036621 -0.113159 0.154663 -0.281738
-0.131836 -0.395508 1.015747 -0.101685 0.167358 -0.258301
-0.121460 -0.385864 0.992798 -0.114502 0.173462 -0.230591
-0.113403 -0.399536 0.988159 -0.128662 0.170898 -0.214966
-0.114990 -0.423584 0.972656 -0.119751 0.159058 -0.203735
-0.114624 -0.456787 0.992065 -0.098999 0.145020 -0.194580
-0.103271 -0.459595 0.981445 -0.072388 0.126587 -0.180420
-0.095581 -0.474243 0.981567 -0.041260 0.119873 -0.171143
-0.080811 -0.475464 0.981323 -0.027344 0.113403 -0.169189
-0.071167 -0.479736 0.979492 -0.035889 0.127441 -0.159058
-0.052856 -0.464966 0.972656 -0.068726 0.156738 -0.135620
-0.057007 -0.476440 0.955322 -0.144775 0.193726 -0.104492
-0.076538 -0.518921 0.941040 -0.224731 0.221802 -0.065552
-0.093750 -0.546265 0.917725 -0.269653 0.226929 -0.041626
-0.110840 -0.570068 0.897217 -0.274414 0.209717 -0.023193
-0.112305 -0.600220 0.892334 -0.235840 0.175171 -0.022949
-0.088135 -0.585327 0.898071 -0.141724 0.120972 -0.049438
-0.084839 -0.579590 0.872803 -0.033081 0.073364 -0.079834
-0.090454 -0.611328 0.856079 0.060669 0.024414 -0.101685
-0.074951 -0.628906 0.873901 0.128540 -0.020996 -0.109375
-0.046387 -0.622925 0.889771 0.142090 -0.029419 -0.088501
-0.039917 -0.618774 0.867310 0.113037 -0.009766 -0.052979
-0.033936 -0.614014 0.854736 0.067017 0.009155 -0.023315
-0.034790 -0.627441 0.847046 0.020020 0.018555 -0.007446
-0.049805 -0.661865 0.837646 -0.013550 0.018311 0.001953
-0.057007 -0.695313 0.831787 -0.016113 0.001831 0.006470
-0.048828 -0.705322 0.844849 0.011841 -0.029541 0.005737
-0.028687 -0.707153 0.850586 0.053589 -0.058228 0.016479
-0.009766 -0.677368 0.854126 0.070557 -0.072998 0.026978
0.003296 -0.660889 0.856445 0.073120 -0.077515 0.035889
0.003540 -0.654175 0.843140 0.072388 -0.081177 0.044434
-0.006958 -0.655884 0.821777 0.075439 -0.087402 0.056274
-0.016235 -0.658936 0.817749 0.077393 -0.099121 0.068115
-0.011230 -0.645630 0.805054 0.088379 -0.120728 0.081055
0.004272 -0.611816 0.815674 0.103516 -0.146851 0.085083
0.015259 -0.588989 0.813599 0.102905 -0.165771 0.091187
0.012451 -0.593018 0.818726 0.089722 -0.176147 0.094849
0.000488 -0.608887 0.828979 0.079102 -0.184937 0.092896
0.010254 -0.581787 0.840088 0.082031 -0.198486 0.094482
0.005249 -0.581177 0.834961 0.075562 -0.203003 0.110107
0.005249 -0.583252 0.853516 0.073730 -0.215820 0.115112
0.023438 -0.580933 0.885376 0.080078 -0.242920 0.111450
0.038574 -0.578857 0.934692 0.092407 -0.265503 0.107056
0.052002 -0.566284 0.967285 0.119263 -0.277832 0.104126
0.046265 -0.558350 0.971313 0.159668 -0.282715 0.105713
0.043823 -0.540771 0.962646 0.214600 -0.294067 0.088867
0.022705 -0.515625 0.930420 0.282104 -0.324341 0.051270
0.008057 -0.509521 0.901245 0.381714 -0.377686 0.000732
0.030640 -0.483276 0.925903 0.482422 -0.434692 -0.039307
0.074585 -0.432739 0.972046 0.510986 -0.431641 -0.020386
0.108887 -0.356934 1.007080 0.416748 -0.345215 0.068848
0.106445 -0.299316 0.982666 0.230713 -0.206787 0.179932
0.079468 -0.262573 0.944092 0.041260 -0.095825 0.255859
0.052368 -0.248779 0.912231 -0.077148 -0.036499 0.285522
