-0.007446 -0.543701 0.845337 -0.608398 0.077759 -0.420410
-0.004150 -0.533447 0.807983 -0.692993 0.101440 -0.372437
-0.003174 -0.522095 0.804932 -0.739380 0.113281 -0.359497
-0.026855 -0.553223 0.786865 -0.723267 0.107300 -0.380005
-0.058105 -0.629761 0.779175 -0.659058 0.075195 -0.419556
-0.081177 -0.727295 0.825562 -0.527344 0.017700 -0.447388
-0.077637 -0.739258 0.866211 -0.407837 -0.026733 -0.437622
-0.095703 -0.752319 0.852173 -0.364624 -0.036743 -0.385010
-0.107056 -0.723267 0.835449 -0.355347 -0.069824 -0.333374
-0.102539 -0.704712 0.825562 -0.337524 -0.111450 -0.301636
-0.093262 -0.695068 0.826050 -0.306641 -0.148926 -0.291626
-0.069702 -0.688965 0.847778 -0.273804 -0.181885 -0.290894
-0.038940 -0.690674 0.885010 -0.260376 -0.207397 -0.286499
-0.000122 -0.680786 0.946045 -0.262573 -0.200684 -0.270752
-0.002319 -0.693481 0.947876 -0.300415 -0.159546 -0.234131
-0.005859 -0.694458 0.974731 -0.309692 -0.113647 -0.188477
-0.009766 -0.670654 0.957275 -0.327637 -0.056519 -0.132813
-0.037842 -0.661133 0.932983 -0.324097 -0.016113 -0.092285
-0.078369 -0.714722 0.913818 -0.279175 -0.008667 -0.071777
-0.112915 -0.790527 0.924805 -0.195435 -0.028076 -0.066528
-0.111816 -0.838135 0.949829 -0.072266 -0.085938 -0.068359
-0.093506 -0.853516 0.984375 0.080688 -0.142090 -0.065796
-0.057617 -0.799683 0.999268 0.199585 -0.172607 -0.058228
-0.044434 -0.745361 0.984131 0.268555 -0.166748 -0.041504
-0.052490 -0.739990 0.987061 0.310913 -0.153442 -0.018921
-0.055786 -0.743896 0.992676 0.327271 -0.129150 0.012695
-0.065308 -0.748169 0.978760 0.334473 -0.105103 0.052612
-0.072510 -0.775146 0.973389 0.382080 -0.094116 0.082397
-0.072876 -0.812744 0.981812 0.448486 -0.093628 0.112305
-0.070190 -0.830444 0.984253 0.524780 -0.085449 0.153687
-0.069702 -0.838257 0.964233 0.615845 -0.074219 0.202515
-0.050781 -0.820557 0.944092 0.729370 -0.066040 0.243042
-0.032593 -0.789185 0.932617 0.848389 -0.047485 0.278198
-0.010498 -0.733032 0.912231 0.939575 -0.021729 0.311035
-0.008057 -0.695313 0.875244 0.989502 0.001953 0.336182
-0.019043 -0.687622 0.844360 0.992432 0.026123 0.360596
-0.008057 -0.652832 0.848389 0.946655 0.013062 0.393066
-0.005249 -0.639404 0.830933 0.837036 -0.006958 0.443848
0.022705 -0.605347 0.836426 0.721802 -0.031616 0.487427
0.060669 -0.546265 0.828735 0.596069 -0.049927 0.527832
0.089600 -0.488037 0.804565 0.461670 -0.059814 0.564697
0.114136 -0.432129 0.784912 0.383423 -0.064697 0.583740
0.141724 -0.366089 0.758179 0.325073 -0.087402 0.567627
0.160156 -0.361816 0.770874 0.296387 -0.134521 0.526123
0.175171 -0.377319 0.808716 0.312500 -0.187988 0.485229
0.199097 -0.384155 0.851074 0.295532 -0.213867 0.473511
0.216064 -0.385498 0.882080 0.255005 -0.200562 0.493896
0.222534 -0.379639 0.872681 0.208496 -0.170166 0.518433
0.230591 -0.370361 0.853516 0.176758 -0.141479 0.533325
0.228271 -0.368042 0.854370 0.152222 -0.124268 0.543457
0.225342 -0.375854 0.851440 0.135742 -0.100708 0.562500
0.228271 -0.367676 0.844116 0.097778 -0.080811 0.573853
0.231689 -0.339233 0.862061 0.063110 -0.059692 0.574219
0.218750 -0.325806 0.838135 0.050171 -0.047485 0.557495
0.206055 -0.308228 0.811523 0.031250 -0.059326 0.523071
0.208008 -0.287476 0.812012 -0.014282 -0.102173 0.478149
0.208740 -0.294067 0.845337 -0.043945 -0.137329 0.430298
0.208130 -0.313477 0.882446 -0.081055 -0.152344 0.401978
0.213623 -0.297974 0.913818 -0.108521 -0.139160 0.392212
0.208984 -0.290771 0.931763 -0.127319 -0.117188 0.392334
0.212524 -0.291504 0.946045 -0.140747 -0.105469 0.388794
0.229126 -0.282837 0.964233 -0.141113 -0.108521 0.373535
0.234985 -0.257080 0.982788 -0.139282 -0.111694 0.343384
0.217041 -0.251465 0.979858 -0.104858 -0.105835 0.305176
0.202148 -0.236084 0.978271 -0.073853 -0.106812 0.270142
0.196289 -0.218140 0.979004 -0.084351 -0.105103 0.247437
0.190674 -0.201050 0.977905 -0.128662 -0.095703 0.237915
0.197266 -0.177002 0.988403 -0.184204 -0.086792 0.225586
0.196167 -0.172485 1.007080 -0.229736 -0.078125 0.202148
0.188354 -0.170044 1.007446 -0.240479 -0.079102 0.159668
0.183716 -0.168457 1.015503 -0.252808 -0.092407 0.110229
0.185913 -0.171631 1.037476 -0.265869 -0.102051 0.062866
0.194092 -0.158691 1.064453 -0.259033 -0.097534 0.020630
0.199585 -0.148071 1.083984 -0.257568 -0.085205 -0.018188
0.198242 -0.145996 1.108643 -0.273071 -0.067017 -0.050903
0.178833 -0.156006 1.110718 -0.280396 -0.047607 -0.081665
0.155518 -0.156860 1.101440 -0.252441 -0.032837 -0.115845
0.145020 -0.131958 1.091553 -0.209717 -0.024292 -0.150513
0.145508 -0.109375 1.099243 -0.180176 -0.021362 -0.185791
0.151855 -0.100952 1.122559 -0.161743 -0.010864 -0.219849
0.156128 -0.084961 1.146851 -0.180786 0.000854 -0.246094
0.145142 -0.098755 1.156982 -0.200317 0.028687 -0.275269
0.118042 -0.130249 1.164673 -0.197144 0.047852 -0.308228
0.091064 -0.166992 1.194458 -0.169678 0.059448 -0.340332
0.069214 -0.198975 1.213745 -0.127319 0.068604 -0.366333
0.042969 -0.202271 1.203735 -0.065796 0.082153 -0.387207
0.013306 -0.186646 1.173584 -0.018066 0.097290 -0.405762
-0.006470 -0.185547 1.144409 -0.015137 0.095825 -0.420166
-0.029175 -0.197510 1.133057 -0.032959 0.093750 -0.428589
-0.067505 -0.239136 1.112549 -0.070557 0.101440 -0.424805
-0.105835 -0.279541 1.089966 -0.076782 0.110840 -0.411621
-0.120117 -0.286377 1.071167 -0.074341 0.108765 -0.387085
-0.121948 -0.278687 1.055664 -0.076904 0.100342 -0.357422
-0.113525 -0.280273 1.056274 -0.085083 0.097412 -0.329102
-0.107178 -0.277222 1.042236 -0.092285 0.096436 -0.313477
-0.111084 -0.298462 1.037964 -0.082031 0.094482 -0.305542
-0.097046 -0.303833 1.027344 -0.058105 0.083984 -0.298096
-0.076050 -0.289063 1.018066 -0.039673 0.065063 -0.310059
-0.059326 -0.288696 1.018677 0.011597 0.043823 -0.342285
-0.054443 -0.332642 1.032227 0.058472 0.032837 -0.371338
-0.051147 -0.375244 1.043579 0.065063 0.042114 -0.379150
-0.057251 -0.421509 1.045410 0.035889 0.075317 -0.350464
-0.072388 -0.446167 1.016724 -0.022339 0.122192 -0.296021
-0.089600 -0.464478 0.983154 -0.084717 0.161377 -0.237549
-0.109741 -0.497070 0.947266 -0.132202 0.175659 -0.178833
-0.101929 -0.513794 0.926758 -0.140503 0.161133 -0.138916
-0.075317 -0.500732 0.932983 -0.111206 0.125610 -0.136475
-0.076416 -0.504395 0.905273 -0.024780 0.065063 -0.177368
-0.077393 -0.528931 0.886475 0.109253 -0.024414 -0.237427
-0.031982 -0.532593 0.920166 0.240479 -0.107910 -0.273315
0.030029 -0.503906 0.940063 0.283569 -0.130859 -0.259155
0.059570 -0.494019 0.952759 0.185547 -0.076660 -0.206421
0.044678 -0.533325 0.930908 0.036377 0.009644 -0.132080
-0.005249 -0.600342 0.875854 -0.082764 0.067871 -0.058350
-0.031860 -0.641602 0.851074 -0.123169 0.070801 -0.000732
-0.035522 -0.674438 0.837646 -0.100830 0.033569 0.040283
-0.038940 -0.692993 0.823364 -0.039795 -0.020386 0.069214
-0.041748 -0.696045 0.799438 0.032593 -0.084717 0.090088
0.021973 -0.640991 0.797974 0.109253 -0.151978 0.099976
0.150146 -0.521118 0.889526 0.150391 -0.209473 0.054321
0.205322 -0.477783 0.927979 0.163940 -0.225952 -0.036499
0.199341 -0.504028 0.945679 0.193726 -0.192871 -0.121460
0.157593 -0.578125 0.937256 0.167969 -0.131470 -0.147461
0.117920 -0.622681 0.918945 0.097656 -0.058472 -0.109009
0.092896 -0.635986 0.888428 0.022583 -0.002319 -0.035400
0.079834 -0.640503 0.861572 -0.043335 0.020508 0.036499
0.078613 -0.639771 0.857788 -0.066895 0.013672 0.078125
0.087158 -0.625977 0.858398 -0.055786 -0.007446 0.095581
0.090576 -0.605957 0.892822 -0.024658 -0.033203 0.096680
0.102051 -0.593018 0.886108 0.009155 -0.051758 0.102295
0.079712 -0.584717 0.879272 0.019287 -0.056274 0.105469
0.071045 -0.553833 0.871216 0.021973 -0.072632 0.118042
0.060425 -0.543945 0.877930 0.022949 -0.091797 0.135254
0.067749 -0.517334 0.885376 0.019287 -0.112671 0.151733
0.096191 -0.483643 0.918457 0.002686 -0.124390 0.163818
0.117188 -0.453735 0.960571 -0.025757 -0.116089 0.161377
0.106689 -0.442749 0.957397 -0.027832 -0.096680 0.141724
0.091309 -0.435791 0.947998 0.005859 -0.086182 0.114624
0.074585 -0.408081 0.926514 0.046631 -0.084717 0.092407
0.058960 -0.418335 0.917480 0.085815 -0.085327 0.073608
0.047119 -0.416504 0.920654 0.099609 -0.094482 0.053223
0.022461 -0.429810 0.916504 0.104492 -0.093140 0.056030
0.008667 -0.421509 0.892090 0.098022 -0.089478 0.080322
0.002563 -0.384399 0.858398 0.072754 -0.087769 0.117432
0.039429 -0.348022 0.941040 0.057373 -0.085693 0.140991
0.032471 -0.357788 0.935303 -0.021729 -0.072876 0.173706
0.057495 -0.337036 0.984131 -0.063599 -0.074463 0.190186
0.071777 -0.314087 1.013916 -0.071289 -0.062500 0.192627
0.064819 -0.304199 1.005615 -0.097900 -0.035400 0.201050
0.053711 -0.289551 0.988037 -0.109863 -0.014771 0.212769
