0.103271 -0.222778 0.950562 0.203125 -0.136597 0.031494
0.116455 -0.224243 0.959473 0.153687 -0.118530 0.022583
0.126709 -0.207642 0.950195 0.093628 -0.109131 -0.005493
0.114380 -0.243652 0.937012 0.006714 -0.109253 -0.037354
0.110962 -0.285889 0.940552 -0.031006 -0.118652 -0.057373
0.113037 -0.291138 0.934814 -0.065796 -0.140381 -0.049805
0.116943 -0.274902 0.949951 -0.097168 -0.159180 -0.038696
0.125366 -0.271362 0.948120 -0.135620 -0.139893 -0.026733
0.140259 -0.248657 0.964355 -0.192505 -0.131592 -0.035522
0.134155 -0.257813 0.983032 -0.211792 -0.119141 -0.054565
0.126099 -0.264893 0.958130 -0.193481 -0.099243 -0.069946
0.118774 -0.265991 0.951538 -0.169800 -0.082031 -0.077271
0.107300 -0.264404 0.953247 -0.182739 -0.079102 -0.082153
0.094482 -0.269653 0.942139 -0.207520 -0.085571 -0.095825
0.075806 -0.301636 0.940186 -0.198120 -0.095215 -0.111816
0.057007 -0.322632 0.931641 -0.189209 -0.105225 -0.108276
0.053589 -0.311279 0.924072 -0.175049 -0.121704 -0.098389
0.071289 -0.268677 0.927490 -0.190430 -0.154663 -0.102539
0.088867 -0.245728 0.965942 -0.228027 -0.187866 -0.118164
0.107910 -0.260376 1.008057 -0.223267 -0.198364 -0.132690
0.113281 -0.267456 1.027588 -0.199463 -0.184570 -0.144653
0.113403 -0.253906 1.037842 -0.178711 -0.157593 -0.143311
0.113281 -0.242798 1.047607 -0.196533 -0.130737 -0.140625
0.106079 -0.241455 1.072754 -0.228394 -0.104248 -0.144043
0.093018 -0.250854 1.081055 -0.251953 -0.069336 -0.139526
0.072876 -0.253906 1.066650 -0.273560 -0.033203 -0.124268
0.042236 -0.289307 1.043823 -0.275269 -0.004028 -0.103149
0.015503 -0.310791 1.035278 -0.258911 -0.001343 -0.088501
-0.003296 -0.314209 1.028931 -0.230347 -0.026855 -0.083984
-0.007202 -0.301636 1.039307 -0.179321 -0.067505 -0.095581
-0.000244 -0.293579 1.062988 -0.133301 -0.109497 -0.113037
0.014771 -0.308594 1.111450 -0.098389 -0.135498 -0.121216
0.017456 -0.335205 1.130249 -0.085938 -0.137207 -0.112671
0.004272 -0.367310 1.134644 -0.074707 -0.125122 -0.096069
0.004761 -0.366699 1.112305 -0.060791 -0.116577 -0.071899
0.007813 -0.362427 1.100952 -0.047974 -0.111206 -0.041260
0.010742 -0.375488 1.088501 -0.027344 -0.101685 -0.026978
0.012695 -0.399414 1.082153 -0.020630 -0.091187 -0.038330
0.007568 -0.460571 1.073364 0.004028 -0.097290 -0.051514
0.010742 -0.508301 1.077637 0.042358 -0.104980 -0.048218
0.012451 -0.540283 1.066040 0.077759 -0.109253 -0.026367
0.027466 -0.561035 1.072876 0.109253 -0.106934 0.013184
0.057983 -0.569580 1.092041 0.133301 -0.094116 0.059814
0.080688 -0.568604 1.102173 0.142212 -0.067871 0.110229
0.088867 -0.558838 1.078979 0.141357 -0.036255 0.150879
0.089722 -0.552002 1.051147 0.152588 -0.012085 0.179565
0.098633 -0.536987 1.023926 0.185913 -0.008179 0.195313
0.113281 -0.523682 1.008911 0.221191 -0.022095 0.203613
0.136475 -0.496216 1.002808 0.253174 -0.039307 0.207275
0.160645 -0.485962 0.994263 0.314453 -0.066162 0.216553
0.173584 -0.490845 0.979248 0.374756 -0.047607 0.226929
0.186646 -0.475586 0.963623 0.395264 -0.044800 0.249390
0.210815 -0.455566 0.959351 0.402710 -0.040771 0.278564
0.226807 -0.427124 0.945068 0.379517 -0.036621 0.303467
0.246582 -0.403076 0.938232 0.339111 -0.041870 0.316772
0.253540 -0.383057 0.927734 0.285767 -0.043579 0.325317
0.271851 -0.367554 0.926392 0.249634 -0.050537 0.335327
0.274536 -0.334229 0.924927 0.221313 -0.070190 0.326416
0.266357 -0.336914 0.898682 0.218384 -0.069214 0.327881
0.251465 -0.328125 0.885742 0.248047 -0.064697 0.330811
0.243652 -0.309326 0.861328 0.272949 -0.101807 0.340942
0.238892 -0.323975 0.880981 0.349243 -0.083496 0.348389
0.253662 -0.300171 0.905884 0.367065 -0.075195 0.364502
0.254883 -0.283447 0.933960 0.358398 -0.045898 0.386353
0.258301 -0.261841 0.931519 0.323120 -0.008057 0.408813
0.249634 -0.228149 0.923462 0.284424 0.017700 0.415527
0.227905 -0.222412 0.899414 0.266602 0.031860 0.414917
0.214600 -0.219116 0.880981 0.282715 0.014160 0.401245
0.205811 -0.201660 0.872925 0.315063 -0.022827 0.378418
0.207642 -0.195068 0.881714 0.319092 -0.063721 0.347656
0.232300 -0.157837 0.906128 0.291748 -0.107056 0.315186
0.246216 -0.139282 0.926880 0.246826 -0.118042 0.308350
0.260132 -0.122803 0.943848 0.188110 -0.111328 0.311157
0.267456 -0.109009 0.942139 0.128296 -0.078857 0.307495
0.261108 -0.131104 0.933838 0.083740 -0.054688 0.312988
0.273682 -0.095337 0.935669 0.062500 -0.044189 0.309814
0.270386 -0.082153 0.930908 0.026367 -0.033691 0.298096
0.265747 -0.062866 0.928833 -0.010620 -0.040649 0.267944
0.263306 -0.066772 0.921387 -0.041504 -0.045654 0.238403
0.259521 -0.063232 0.935913 -0.059204 -0.053589 0.213013
0.265381 -0.070313 0.940552 -0.050781 -0.066040 0.185059
0.272461 -0.048950 0.953857 -0.027954 -0.076782 0.158081
0.270996 -0.049683 0.952148 -0.050537 -0.073730 0.140503
0.263672 -0.040527 0.937988 -0.085815 -0.057739 0.129517
0.259277 -0.018311 0.933716 -0.125366 -0.038330 0.119507
0.248901 -0.000732 0.932007 -0.178345 -0.026733 0.097412
0.238647 0.001587 0.930298 -0.219849 -0.025879 0.070190
0.229980 0.005249 0.923218 -0.247314 -0.034790 0.038696
0.228394 0.023682 0.941650 -0.253540 -0.052979 0.000732
0.228882 0.009399 0.972290 -0.255981 -0.061890 -0.027466
0.233765 0.005737 1.002197 -0.260498 -0.067017 -0.050903
0.240234 0.021362 1.025757 -0.264282 -0.075562 -0.070679
0.244263 0.030273 1.057861 -0.265747 -0.076294 -0.093628
0.247925 0.049316 1.094604 -0.262085 -0.081421 -0.126099
0.251465 0.074463 1.124634 -0.261719 -0.079468 -0.162109
0.247681 0.070557 1.157104 -0.287231 -0.070679 -0.196045
0.236206 0.052124 1.180786 -0.312622 -0.054443 -0.235718
0.215088 0.037842 1.183228 -0.321777 -0.030762 -0.269531
0.205444 0.032715 1.235840 -0.318237 0.005371 -0.291504
0.187744 0.019043 1.247559 -0.355469 0.037476 -0.301392
0.172363 0.008301 1.258911 -0.402710 0.073120 -0.304443
0.152222 -0.013794 1.255371 -0.434326 0.103271 -0.314331
0.127930 -0.050049 1.241577 -0.441406 0.115234 -0.329712
0.100342 -0.097656 1.218750 -0.399292 0.118530 -0.334106
0.086060 -0.120972 1.206665 -0.333130 0.113159 -0.327393
0.091919 -0.118164 1.199219 -0.276245 0.103027 -0.317871
0.102539 -0.095825 1.193237 -0.238647 0.102051 -0.315552
0.092529 -0.092651 1.161133 -0.222900 0.122925 -0.313477
0.086060 -0.095703 1.110718 -0.224243 0.136475 -0.315186
0.069702 -0.116943 1.067383 -0.238159 0.153076 -0.315918
0.062744 -0.142456 1.034302 -0.254150 0.150269 -0.305908
0.062012 -0.178589 1.020142 -0.255249 0.128174 -0.300293
0.052856 -0.213257 1.000122 -0.253418 0.101196 -0.292603
0.043579 -0.258789 0.978271 -0.227417 0.066650 -0.287598
0.053711 -0.277954 0.995605 -0.190308 0.032593 -0.278931
0.076172 -0.261230 1.021973 -0.159912 0.011719 -0.272949
0.114624 -0.245361 1.081665 -0.164185 0.018066 -0.279907
0.123535 -0.274170 1.077881 -0.193970 0.051636 -0.289429
0.104980 -0.319092 1.055786 -0.220825 0.085449 -0.285400
0.090454 -0.357422 1.039307 -0.229858 0.100220 -0.279419
0.072144 -0.390991 1.014160 -0.217407 0.092407 -0.268555
0.074463 -0.402222 1.022949 -0.184326 0.070801 -0.253540
0.086914 -0.424561 1.041748 -0.145020 0.052856 -0.231934
0.099854 -0.436523 1.063721 -0.101196 0.053833 -0.198730
0.114868 -0.437012 1.077026 -0.099487 0.079102 -0.157104
0.112915 -0.428833 1.055298 -0.160767 0.118652 -0.118530
0.107544 -0.406250 1.014648 -0.223999 0.153320 -0.097534
0.074951 -0.432739 0.949341 -0.213867 0.161255 -0.084473
0.054932 -0.432251 0.911011 -0.149658 0.125610 -0.097290
0.058472 -0.447266 0.919312 -0.082886 0.063477 -0.125854
0.075439 -0.451050 0.947632 -0.016968 0.004517 -0.156250
0.094116 -0.481445 1.009399 0.013916 -0.024902 -0.172485
0.099976 -0.518555 1.026245 0.002075 -0.009521 -0.159058
0.096924 -0.536865 1.013306 -0.039063 0.035400 -0.112915
0.088745 -0.524658 0.972900 -0.091919 0.077026 -0.057251
0.090698 -0.500854 0.939087 -0.120728 0.095459 -0.012085
0.090576 -0.486816 0.909912 -0.111206 0.091187 0.012695
0.085327 -0.477661 0.887695 -0.078857 0.070313 0.022827
0.089844 -0.468018 0.887451 -0.041992 0.033569 0.007813
0.092407 -0.487915 0.891602 0.006348 -0.007446 -0.024902
0.109497 -0.494263 0.926392 0.059448 -0.044312 -0.055664
0.124634 -0.510498 0.945679 0.074951 -0.052490 -0.060791
0.138184 -0.514893 0.953491 0.069336 -0.035034 -0.044434
0.139526 -0.526978 0.956787 0.044067 -0.006958 -0.014526
0.135986 -0.522583 0.940674 0.024780 0.018311 0.009888
0.127930 -0.523193 0.930664 0.017822 0.032349 0.024170
0.119019 -0.537964 0.915283 0.023193 0.035278 0.039185
0.108765 -0.539307 0.903687 0.027710 0.031250 0.052490
0.106567 -0.529785 0.901978 0.033081 0.023926 0.066040
0.107910 -0.513550 0.900879 0.037354 0.013794 0.073975
