-0.131714 -0.611816 1.034302 -0.369751 -0.080444 -0.110229
-0.180298 -0.677246 1.030273 -0.294800 -0.109131 -0.082642
-0.182251 -0.687866 1.048828 -0.159546 -0.169189 -0.067993
-0.151733 -0.652222 1.071167 -0.013184 -0.231567 -0.060181
-0.103882 -0.587646 1.083618 0.104736 -0.258423 -0.048706
-0.080444 -0.545288 1.082642 0.147217 -0.240356 -0.021729
-0.083252 -0.545288 1.073853 0.122681 -0.197998 0.024048
-0.061035 -0.563477 1.091553 0.105591 -0.162476 0.075073
-0.056519 -0.550903 1.066284 0.083984 -0.133057 0.108887
-0.064453 -0.585083 1.083984 0.044922 -0.103027 0.128174
-0.059204 -0.592773 1.073486 0.099487 -0.091797 0.153931
-0.034790 -0.579590 1.062744 0.181885 -0.077759 0.177124
-0.020874 -0.569214 1.036621 0.203613 -0.065796 0.206299
-0.026245 -0.585693 0.986206 0.209717 -0.043701 0.241699
-0.029053 -0.566528 0.959717 0.255615 -0.034668 0.249634
-0.016235 -0.566040 0.938110 0.307495 -0.037720 0.262451
-0.006836 -0.567993 0.905762 0.308472 -0.056030 0.269165
0.009033 -0.586182 0.892456 0.274780 -0.081787 0.285156
0.037231 -0.578979 0.894653 0.291992 -0.104858 0.294678
0.061279 -0.575073 0.876099 0.289429 -0.109619 0.311890
0.084351 -0.572266 0.868408 0.261230 -0.117188 0.322021
0.098389 -0.577026 0.867676 0.265747 -0.132690 0.329712
0.126587 -0.573364 0.885620 0.276733 -0.143433 0.336548
0.146362 -0.573975 0.878662 0.290405 -0.149170 0.355469
0.185303 -0.549927 0.889160 0.313843 -0.138794 0.372314
0.212769 -0.520996 0.889526 0.308350 -0.122192 0.391968
0.224976 -0.487549 0.873657 0.297607 -0.097290 0.406006
0.223511 -0.475830 0.858643 0.286133 -0.072998 0.417114
0.214722 -0.463867 0.836670 0.290161 -0.062866 0.420166
0.202393 -0.452515 0.805176 0.281372 -0.069336 0.416626
0.202393 -0.427490 0.791626 0.273804 -0.089966 0.409058
0.196533 -0.421387 0.798462 0.252441 -0.113525 0.405884
0.201050 -0.386353 0.798096 0.236694 -0.140503 0.400513
0.195435 -0.371826 0.797974 0.221069 -0.157715 0.397827
0.212524 -0.341919 0.832397 0.239014 -0.186035 0.382324
0.244751 -0.309692 0.867798 0.255493 -0.212280 0.359985
0.281006 -0.262451 0.913330 0.245361 -0.222900 0.336426
0.296387 -0.240601 0.950562 0.205322 -0.201050 0.321899
0.297119 -0.211914 0.957275 0.142944 -0.161865 0.316284
0.298340 -0.184570 0.966431 0.102661 -0.113525 0.314209
0.288086 -0.171143 0.956299 0.054321 -0.072144 0.309204
0.263428 -0.167114 0.941772 0.005859 -0.053223 0.284180
0.241821 -0.164185 0.940063 -0.015625 -0.054688 0.250122
0.231812 -0.165771 0.954590 -0.019653 -0.063721 0.220703
0.240356 -0.141357 0.973633 -0.015381 -0.072021 0.188721
0.237305 -0.116821 0.974487 -0.033203 -0.069214 0.155273
0.231812 -0.098511 0.971313 -0.059326 -0.057617 0.125854
0.230103 -0.078125 0.980469 -0.097290 -0.041382 0.097412
0.224609 -0.065186 0.975220 -0.140869 -0.021362 0.067139
0.220825 -0.056519 0.973877 -0.192139 -0.006592 0.028687
0.210815 -0.077271 0.993286 -0.225342 -0.000244 -0.012817
0.206787 -0.102295 1.036865 -0.270996 0.003906 -0.053589
0.190430 -0.112427 1.040527 -0.277344 0.014771 -0.086426
0.176392 -0.119507 1.038208 -0.244873 0.012817 -0.120483
0.175781 -0.106323 1.056763 -0.205688 -0.001099 -0.157959
0.173218 -0.094238 1.062866 -0.192139 -0.006958 -0.193604
0.170532 -0.078125 1.070190 -0.199829 0.005371 -0.221558
0.155029 -0.072388 1.069946 -0.233276 0.026001 -0.246216
0.121094 -0.102539 1.078613 -0.274536 0.041626 -0.266724
0.087891 -0.124634 1.074097 -0.288696 0.050049 -0.281494
0.073730 -0.135254 1.091431 -0.288330 0.052734 -0.292480
0.059448 -0.136108 1.085693 -0.284790 0.059692 -0.307129
0.048584 -0.132813 1.105957 -0.318359 0.075806 -0.330200
0.042114 -0.152954 1.119141 -0.303711 0.066528 -0.340698
0.024780 -0.167725 1.130737 -0.299805 0.077881 -0.351074
-0.007446 -0.207886 1.141113 -0.338135 0.105835 -0.347900
-0.022339 -0.237305 1.143799 -0.338501 0.129395 -0.335815
-0.056396 -0.289307 1.146851 -0.364746 0.150391 -0.318115
-0.062256 -0.298584 1.138184 -0.330566 0.149902 -0.303467
-0.066406 -0.320435 1.122437 -0.339355 0.152710 -0.289307
-0.054077 -0.297119 1.084229 -0.282715 0.125366 -0.294189
-0.056763 -0.305664 1.081909 -0.257446 0.106079 -0.325684
-0.020630 -0.289551 1.088623 -0.197876 0.058594 -0.359375
0.017334 -0.268677 1.099487 -0.165161 0.054077 -0.379272
0.043335 -0.250122 1.108887 -0.233398 0.112915 -0.371948
0.046143 -0.233887 1.083252 -0.337769 0.193115 -0.340942
-0.019775 -0.327759 1.030884 -0.484009 0.278320 -0.294189
-0.110596 -0.476440 1.021851 -0.565063 0.338135 -0.236328
-0.134155 -0.504517 0.967529 -0.503052 0.313965 -0.186768
-0.124512 -0.492676 0.934692 -0.381836 0.245972 -0.181763
-0.101685 -0.478394 0.929688 -0.237549 0.163452 -0.223877
-0.065552 -0.462280 0.956665 -0.096436 0.093384 -0.280762
-0.025269 -0.430542 0.978516 -0.026489 0.061401 -0.315552
-0.016724 -0.428101 0.973389 -0.053345 0.088257 -0.316162
-0.036255 -0.457397 0.949707 -0.130737 0.135376 -0.288696
-0.070801 -0.527588 0.936890 -0.217407 0.176880 -0.245483
-0.109497 -0.588745 0.923096 -0.242310 0.186523 -0.202393
-0.130493 -0.622070 0.908813 -0.204468 0.161743 -0.177124
-0.125244 -0.619385 0.901123 -0.137573 0.116089 -0.167114
-0.113525 -0.612915 0.892212 -0.074463 0.065918 -0.163208
-0.093262 -0.592529 0.896240 -0.012207 0.017090 -0.166748
-0.067627 -0.589111 0.903564 0.043701 -0.023315 -0.171143
-0.054932 -0.593262 0.912231 0.090820 -0.047119 -0.171143
-0.045166 -0.604126 0.915161 0.117676 -0.054565 -0.158203
-0.034302 -0.614746 0.927002 0.107422 -0.049194 -0.129517
-0.023682 -0.613525 0.929321 0.071533 -0.032104 -0.091797
-0.025024 -0.639282 0.926636 0.027954 -0.008545 -0.044434
-0.028076 -0.643311 0.904419 -0.000366 0.007935 -0.002319
-0.027710 -0.637207 0.879150 -0.007080 0.005127 0.022827
-0.027954 -0.640259 0.868652 0.024780 -0.023193 0.017456
-0.015747 -0.645264 0.880615 0.087280 -0.071655 -0.008789
0.018677 -0.638672 0.920898 0.151123 -0.114624 -0.026611
0.043701 -0.632690 0.943604 0.174683 -0.126099 -0.014771
0.050293 -0.625854 0.931641 0.167603 -0.113037 0.010376
0.059814 -0.612793 0.926636 0.155029 -0.100586 0.035400
0.057983 -0.610718 0.917358 0.141235 -0.091553 0.053589
0.062744 -0.596558 0.906250 0.139648 -0.086914 0.062500
0.074707 -0.588745 0.912842 0.139160 -0.082642 0.072021
0.082886 -0.568848 0.909912 0.135986 -0.073975 0.088623
0.079712 -0.558350 0.895752 0.125366 -0.062744 0.100708
0.074829 -0.553101 0.888916 0.129761 -0.066406 0.101074
0.081177 -0.534302 0.887939 0.153564 -0.081665 0.094727
0.081665 -0.529785 0.889038 0.168457 -0.097900 0.091187
0.091064 -0.516846 0.884033 0.185303 -0.113892 0.093384
0.104248 -0.489624 0.880005 0.193604 -0.125488 0.095947
0.112183 -0.468262 0.880493 0.198608 -0.125977 0.095581
0.123047 -0.445190 0.875610 0.194824 -0.128052 0.090576
0.123535 -0.443848 0.868408 0.193604 -0.131714 0.079712
0.117188 -0.438354 0.859863 0.200928 -0.142090 0.062012
0.101074 -0.451782 0.860352 0.222900 -0.164795 0.036621
0.102783 -0.465088 0.877441 0.269409 -0.207031 -0.001343
0.127686 -0.451904 0.908691 0.332275 -0.246704 -0.036865
0.137085 -0.437012 0.920044 0.347900 -0.253296 -0.050049
0.123657 -0.431152 0.913940 0.324951 -0.236206 -0.039917
0.106812 -0.444580 0.910767 0.308594 -0.219727 -0.007446
0.106201 -0.429443 0.909668 0.301636 -0.215698 0.022705
0.119263 -0.400391 0.907715 0.291382 -0.221558 0.039795
0.132568 -0.373413 0.914307 0.291504 -0.230347 0.040161
0.168335 -0.331055 0.906250 0.313110 -0.227295 0.034302
0.162964 -0.295776 0.964478 0.308350 -0.202515 0.034790
0.154175 -0.295288 0.941772 0.237549 -0.165405 0.060425
0.135864 -0.312378 0.944824 0.181519 -0.139648 0.085449
0.129761 -0.312500 0.948364 0.157715 -0.132202 0.107666
0.151367 -0.277588 0.968506 0.145264 -0.133057 0.127319
0.171387 -0.243164 0.971924 0.116943 -0.119141 0.143188
0.166992 -0.232422 0.968018 0.079346 -0.089478 0.149414
0.144531 -0.236206 0.939087 0.061401 -0.067749 0.145020
0.127930 -0.222412 0.903564 0.059326 -0.072388 0.127075
0.136475 -0.221558 0.919800 0.068115 -0.099609 0.094604
0.158691 -0.218018 0.970337 0.085205 -0.121460 0.062378
0.178345 -0.205322 1.010376 0.077271 -0.112915 0.049072
0.183838 -0.203369 1.024048 0.037598 -0.080566 0.054688
0.177490 -0.185059 1.021118 -0.007813 -0.046387 0.061279
0.163452 -0.197144 1.014771 -0.039429 -0.020874 0.067017
0.156128 -0.189575 1.008057 -0.047363 -0.007324 0.066528
0.148315 -0.178955 0.996704 -0.053589 -0.002808 0.056641
0.151489 -0.171875 1.015625 -0.050903 -0.007690 0.040771
0.151245 -0.182251 1.005615 -0.052002 -0.009521 0.025146
0.144409 -0.184204 0.997437 -0.039917 -0.010864 0.002319
0.149048 -0.170898 1.007080 -0.016235 -0.015137 -0.020020
