0.029053 -0.265381 1.067993 -0.187134 0.027710 -0.210693
-0.011841 -0.300293 1.070801 -0.184448 0.042480 -0.202881
-0.040771 -0.321533 1.067017 -0.189331 0.057983 -0.175171
-0.063232 -0.328247 1.039307 -0.201050 0.062622 -0.144775
-0.073975 -0.330566 1.013794 -0.214355 0.051880 -0.126465
-0.087402 -0.357788 1.001831 -0.188232 0.010010 -0.128174
-0.099243 -0.375977 1.019409 -0.105347 -0.052368 -0.147461
-0.106323 -0.407227 1.065063 -0.031616 -0.107300 -0.174927
-0.088379 -0.411987 1.110962 -0.005005 -0.129761 -0.193115
-0.088623 -0.422852 1.121216 -0.026123 -0.105713 -0.180420
-0.103760 -0.430786 1.108643 -0.080444 -0.067749 -0.143311
-0.112793 -0.432983 1.089478 -0.137085 -0.045898 -0.119873
-0.135742 -0.470459 1.054565 -0.111206 -0.061646 -0.122437
-0.161377 -0.528687 1.032227 0.011475 -0.115601 -0.138062
-0.149780 -0.555298 1.048096 0.142334 -0.176636 -0.128052
-0.122803 -0.560425 1.041382 0.230591 -0.205688 -0.086670
-0.086792 -0.541504 1.046265 0.282593 -0.206299 -0.029907
-0.080200 -0.554565 1.027344 0.302856 -0.189087 0.028442
-0.065063 -0.564209 1.022949 0.304077 -0.176392 0.081543
-0.014771 -0.522705 1.034058 0.304199 -0.164429 0.133301
0.005737 -0.508057 1.017578 0.294312 -0.157715 0.166626
0.015869 -0.504028 0.983398 0.284424 -0.151978 0.179932
0.029907 -0.492432 0.973633 0.298584 -0.159302 0.189087
0.059692 -0.479004 0.984009 0.324219 -0.168457 0.207886
0.070190 -0.474854 0.979736 0.325317 -0.159546 0.230957
0.096436 -0.451660 0.965576 0.324463 -0.144043 0.260864
0.124146 -0.409180 0.945068 0.337036 -0.133545 0.291870
0.157715 -0.384277 0.942139 0.343994 -0.115356 0.319336
0.186401 -0.377930 0.947510 0.309448 -0.081543 0.343750
0.203247 -0.365723 0.956177 0.265259 -0.037354 0.357544
0.203857 -0.357178 0.905273 0.252808 -0.005127 0.359375
0.212769 -0.328979 0.865479 0.267212 -0.000732 0.352051
0.226318 -0.332275 0.856079 0.289551 -0.020142 0.336060
0.237915 -0.348755 0.866577 0.305054 -0.043091 0.315918
0.241089 -0.366699 0.883423 0.292114 -0.050293 0.308350
0.250122 -0.380737 0.890625 0.247681 -0.033813 0.321533
0.245605 -0.392578 0.896484 0.179932 -0.000610 0.347290
0.233765 -0.406006 0.883423 0.131226 0.029053 0.377197
0.235962 -0.389038 0.852905 0.082031 0.042847 0.402100
0.243286 -0.377808 0.849243 0.072754 0.034790 0.422363
0.255737 -0.349731 0.866211 0.082153 0.019897 0.431396
0.250000 -0.323853 0.850830 0.088867 0.004272 0.427368
0.246948 -0.290405 0.845215 0.122681 -0.028198 0.410400
0.252075 -0.269775 0.854858 0.144287 -0.069336 0.386108
0.268799 -0.240601 0.909180 0.129517 -0.101807 0.357178
0.284546 -0.214722 0.944092 0.100952 -0.105103 0.336304
0.301147 -0.177979 0.974731 0.066772 -0.089478 0.317139
0.299072 -0.159912 0.984375 0.018555 -0.060059 0.298218
0.287476 -0.144165 0.978027 -0.014038 -0.036499 0.275391
0.286621 -0.132202 0.992554 -0.004883 -0.020630 0.250977
0.270020 -0.117798 0.986206 -0.029663 0.000488 0.225220
0.241455 -0.107666 0.969116 -0.059204 0.029907 0.205444
0.223022 -0.084473 0.950073 -0.092285 0.040161 0.183472
0.212036 -0.056152 0.936890 -0.111816 0.031738 0.156494
0.195923 -0.049927 0.927246 -0.141602 0.020142 0.128052
0.182373 -0.038208 0.925537 -0.182251 0.009766 0.107422
0.193237 -0.024048 0.966309 -0.201782 -0.004150 0.091919
0.210815 -0.007690 1.024048 -0.221436 -0.007202 0.072632
0.234619 0.026245 1.046265 -0.240845 -0.001343 0.041382
0.235352 0.032715 1.071411 -0.213379 0.008301 -0.006226
0.235962 0.043091 1.106934 -0.186401 0.010864 -0.062012
0.220825 0.045532 1.124756 -0.160156 0.021973 -0.108765
0.210938 0.057983 1.135376 -0.133667 0.035889 -0.151367
0.197510 0.086670 1.157349 -0.132690 0.047607 -0.198242
0.176392 0.090088 1.170654 -0.141479 0.058105 -0.248779
0.157715 0.098633 1.176270 -0.146606 0.063965 -0.292236
0.134644 0.067139 1.195190 -0.169678 0.079956 -0.310913
0.122192 0.056274 1.206421 -0.188354 0.097534 -0.315308
0.109009 0.042969 1.219482 -0.181152 0.113525 -0.315308
0.099365 0.030151 1.211548 -0.180176 0.128418 -0.313599
0.083374 0.018921 1.199097 -0.203735 0.156616 -0.319702
0.047729 -0.009277 1.178711 -0.245483 0.179688 -0.332642
0.017578 -0.037720 1.166870 -0.252930 0.191040 -0.343506
-0.007202 -0.072144 1.154907 -0.247314 0.195313 -0.351196
-0.041870 -0.113647 1.116333 -0.240479 0.196289 -0.353394
-0.064697 -0.135376 1.091431 -0.234009 0.195801 -0.347412
-0.082764 -0.146240 1.036011 -0.252686 0.194092 -0.332764
-0.085449 -0.142822 1.008179 -0.255127 0.175781 -0.323730
-0.075195 -0.142334 0.993286 -0.250000 0.147217 -0.324829
-0.051147 -0.131836 0.996826 -0.245728 0.119995 -0.335083
-0.031006 -0.149048 1.010620 -0.238525 0.112915 -0.347168
-0.026001 -0.177246 1.019775 -0.269653 0.143311 -0.351563
-0.060059 -0.241455 0.981567 -0.369751 0.201660 -0.341431
-0.102783 -0.306274 0.953491 -0.403809 0.230347 -0.319580
-0.118042 -0.348267 0.945190 -0.362549 0.216675 -0.298340
-0.129883 -0.397949 0.940674 -0.331421 0.189453 -0.279053
-0.120117 -0.405518 0.953979 -0.277710 0.150635 -0.265381
-0.097046 -0.409424 0.971558 -0.230103 0.109131 -0.257690
-0.066040 -0.413208 1.009155 -0.188965 0.075928 -0.258789
-0.047241 -0.436035 1.032593 -0.146118 0.056152 -0.261230
-0.046509 -0.483887 1.039307 -0.093994 0.053223 -0.250488
-0.063477 -0.538574 1.024536 -0.089966 0.069458 -0.221069
-0.076416 -0.575195 1.003662 -0.120361 0.088501 -0.170898
-0.075317 -0.588867 0.977661 -0.141602 0.105225 -0.109009
-0.073853 -0.600586 0.936035 -0.156128 0.108643 -0.042969
-0.061401 -0.616943 0.914551 -0.195557 0.099487 0.005981
-0.051270 -0.622559 0.920654 -0.211548 0.084595 0.025269
-0.028931 -0.626709 0.907104 -0.155273 0.036621 0.013306
0.004028 -0.627686 0.962646 -0.047119 -0.035278 -0.027222
0.022095 -0.642822 0.992432 0.092896 -0.078857 -0.073486
0.023682 -0.650513 0.971802 0.207520 -0.092407 -0.101318
0.031738 -0.653687 0.976929 0.259399 -0.081543 -0.092651
0.036011 -0.641846 0.970581 0.214355 -0.041870 -0.055298
0.020142 -0.637939 0.936279 0.105835 0.021362 -0.002441
0.002319 -0.633179 0.901855 0.015869 0.053955 0.055054
-0.010010 -0.630371 0.866333 -0.011719 0.049438 0.098999
-0.002075 -0.605713 0.852295 0.018311 0.016479 0.119751
0.011597 -0.569824 0.847778 0.057373 -0.023438 0.117920
0.027832 -0.534424 0.850586 0.090210 -0.062012 0.106445
0.017090 -0.526855 0.831909 0.097778 -0.099609 0.084961
0.018433 -0.516602 0.835205 0.132690 -0.140015 0.072266
0.032959 -0.511108 0.863159 0.150269 -0.165161 0.078491
0.036621 -0.504883 0.875488 0.149902 -0.168213 0.099365
0.029175 -0.515137 0.863770 0.140381 -0.160767 0.129517
0.029663 -0.509521 0.872681 0.112427 -0.170288 0.155396
0.042480 -0.485718 0.886108 0.091309 -0.186035 0.176147
0.049316 -0.483276 0.905640 0.080688 -0.199951 0.193726
0.066528 -0.462158 0.933228 0.098389 -0.223267 0.202759
0.078979 -0.447021 0.950806 0.115967 -0.239868 0.214478
0.109985 -0.416870 0.974609 0.142822 -0.258301 0.222900
0.160889 -0.354858 1.019897 0.169434 -0.266235 0.220581
0.191895 -0.327393 1.056763 0.167114 -0.238403 0.214233
0.210449 -0.306396 1.068970 0.149414 -0.188843 0.195068
0.223755 -0.295166 1.068848 0.145142 -0.131104 0.169556
0.189209 -0.305542 1.014771 0.132080 -0.072266 0.136230
0.135498 -0.325928 0.960083 0.124756 -0.038818 0.107300
0.093384 -0.348267 0.920166 0.129883 -0.030396 0.099976
0.093994 -0.303955 0.914429 0.130005 -0.036255 0.107788
0.104858 -0.255859 0.935547 0.111450 -0.041748 0.118652
0.130615 -0.210083 0.971680 0.133179 -0.046875 0.116455
0.162354 -0.151001 1.027588 0.130859 -0.049683 0.087891
0.177002 -0.121948 1.064087 0.091797 -0.031616 0.052490
0.158936 -0.117554 1.078125 0.056152 -0.005615 0.004883
0.147827 -0.086914 1.072632 0.045776 0.013672 -0.041870
0.154785 -0.042480 1.081543 0.024170 0.039429 -0.070679
0.150391 -0.045532 1.099976 -0.037109 0.089111 -0.081055
0.131348 -0.049438 1.085449 -0.095825 0.143311 -0.097656
0.103882 -0.077026 1.051636 -0.138306 0.180542 -0.118774
0.080811 -0.080566 1.030518 -0.151001 0.193359 -0.150757
0.039551 -0.093018 0.986328 -0.119751 0.183472 -0.188354
-0.003906 -0.115845 0.952148 -0.060425 0.150513 -0.220947
-0.043457 -0.144409 0.965820 -0.003906 0.099487 -0.246216
-0.048950 -0.138672 1.005737 0.037964 0.058228 -0.241699
-0.036133 -0.114990 1.053467 0.029907 0.069092 -0.213623
-0.012085 -0.078003 1.097778 -0.027222 0.088989 -0.183472
0.004028 -0.071777 1.121704 -0.117065 0.118774 -0.166138
0.022461 -0.060181 1.163208 -0.143433 0.170044 -0.177612
0.024048 -0.083374 1.174805 -0.098022 0.207764 -0.204346
0.024658 -0.086792 1.186890 -0.043335 0.220825 -0.247314
-0.002197 -0.091675 1.149048 -0.055786 0.245239 -0.285400
