0.068848 -0.260620 1.006714 -0.143433 0.011963 -0.058350
0.069580 -0.258667 1.004028 -0.138550 0.000610 -0.082031
0.069336 -0.266846 1.009277 -0.104980 -0.019165 -0.111572
0.065186 -0.270264 1.024170 -0.067017 -0.037231 -0.135742
0.062012 -0.277710 1.023682 -0.049194 -0.044556 -0.151001
0.068970 -0.259155 1.042358 -0.037231 -0.049072 -0.159790
0.055542 -0.267700 1.051880 -0.055054 -0.034668 -0.162476
0.038452 -0.278442 1.048706 -0.103516 -0.009277 -0.158691
0.018433 -0.304688 1.057495 -0.152832 0.010986 -0.148804
-0.005981 -0.339111 1.061401 -0.192261 0.023560 -0.133667
-0.023193 -0.373901 1.067383 -0.224243 0.030762 -0.112305
-0.038208 -0.397827 1.070801 -0.247803 0.030884 -0.096313
-0.047852 -0.418701 1.074097 -0.227661 0.021606 -0.084717
-0.048706 -0.431396 1.060181 -0.132446 0.004761 -0.078003
-0.055664 -0.457275 1.055542 -0.053955 -0.012695 -0.080688
-0.053833 -0.484131 1.061768 0.025879 -0.032104 -0.084351
-0.053101 -0.507568 1.079712 0.085571 -0.044678 -0.078125
-0.060181 -0.532593 1.062988 0.115112 -0.039551 -0.058105
-0.059448 -0.546631 1.065552 0.138672 -0.040527 -0.036255
-0.060791 -0.565063 1.057373 0.168945 -0.050049 -0.015381
-0.053955 -0.582153 1.046143 0.205322 -0.048340 0.010620
-0.041016 -0.593018 1.055908 0.233765 -0.037842 0.049683
-0.022583 -0.596313 1.051514 0.247803 -0.017456 0.093262
-0.011597 -0.591553 1.018066 0.252197 0.003662 0.127441
-0.002686 -0.591064 0.986938 0.280884 0.006592 0.151855
0.013184 -0.583008 0.975586 0.309692 -0.002563 0.174072
0.027344 -0.576172 0.955933 0.318970 0.001221 0.205078
0.045776 -0.550415 0.932983 0.318481 0.011719 0.244507
0.070923 -0.515625 0.909546 0.295776 0.017700 0.284424
0.090576 -0.475464 0.874512 0.265015 0.023315 0.318604
0.109253 -0.454468 0.850586 0.237549 0.013062 0.336060
0.134399 -0.432129 0.865967 0.220459 -0.008179 0.336182
0.144409 -0.423706 0.858032 0.220825 -0.017822 0.335327
0.145020 -0.418091 0.845337 0.234619 -0.029175 0.338379
0.153931 -0.393188 0.823608 0.241699 -0.043335 0.347168
0.163452 -0.384766 0.821045 0.227905 -0.049805 0.360229
0.180542 -0.344360 0.815063 0.196289 -0.045898 0.375610
0.192749 -0.297485 0.786011 0.146973 -0.035645 0.394531
0.191284 -0.287720 0.791504 0.098022 -0.041138 0.401245
0.201660 -0.292480 0.844604 0.066895 -0.073120 0.394409
0.229858 -0.268311 0.898682 0.091797 -0.111084 0.382446
0.249878 -0.253540 0.941528 0.123901 -0.139771 0.364014
0.255981 -0.239502 0.962280 0.150635 -0.166260 0.341309
0.272583 -0.227661 0.984009 0.192627 -0.186035 0.327759
0.293701 -0.200439 1.033447 0.242432 -0.193848 0.315063
0.307373 -0.185547 1.070435 0.237305 -0.169678 0.307373
0.324219 -0.147217 1.081665 0.193848 -0.132202 0.304199
0.308594 -0.128662 1.065430 0.155762 -0.074585 0.293945
0.307251 -0.085449 1.023560 0.111328 -0.033569 0.276611
0.313599 -0.029175 1.021973 0.080444 -0.002686 0.249390
0.300049 -0.009888 0.991821 -0.008789 0.023193 0.211548
0.279663 -0.003052 0.965454 -0.053955 0.039551 0.172241
0.280518 -0.000122 0.987793 -0.084351 0.030640 0.134644
0.261475 -0.024048 0.985229 -0.164307 0.030396 0.105713
0.253052 -0.030762 0.988037 -0.218872 0.047974 0.087280
0.240845 -0.010742 0.994873 -0.214111 0.059570 0.060669
0.240845 0.010986 0.986328 -0.197632 0.060425 0.024902
0.229858 0.017944 1.004883 -0.161987 0.050171 -0.013672
0.231934 0.038696 1.026001 -0.174683 0.046875 -0.051636
0.220459 0.039795 1.005859 -0.194336 0.062134 -0.085571
0.201904 0.040894 1.009399 -0.198608 0.069336 -0.127319
0.191895 0.047607 1.011841 -0.199707 0.064209 -0.174805
0.176636 0.044067 1.030273 -0.212769 0.057861 -0.226440
0.152344 0.033691 1.034058 -0.221313 0.051880 -0.271729
0.143921 0.024902 1.057373 -0.225952 0.049927 -0.302490
0.132446 0.024292 1.068970 -0.234375 0.052979 -0.324097
0.116455 0.026489 1.067749 -0.254517 0.063354 -0.334351
0.095337 0.035278 1.074097 -0.286011 0.072510 -0.344116
0.081787 0.030640 1.113159 -0.314941 0.083984 -0.358154
0.065063 0.025391 1.143799 -0.366577 0.114258 -0.372681
0.028564 -0.013672 1.162964 -0.412964 0.149902 -0.389038
-0.014404 -0.058716 1.156250 -0.423462 0.171021 -0.408691
-0.052368 -0.117554 1.145142 -0.396118 0.173706 -0.423950
-0.077881 -0.160400 1.144043 -0.363159 0.164185 -0.435547
-0.113403 -0.207397 1.138672 -0.342163 0.151489 -0.430542
-0.128174 -0.227905 1.135498 -0.315308 0.145142 -0.413086
-0.135864 -0.230469 1.139648 -0.306274 0.145386 -0.387573
-0.169800 -0.285034 1.106567 -0.346069 0.154663 -0.354248
-0.158936 -0.286743 1.109619 -0.305908 0.161743 -0.325317
-0.150391 -0.303955 1.097290 -0.298584 0.149292 -0.298218
-0.149292 -0.324219 1.092163 -0.295532 0.157471 -0.284912
-0.160767 -0.362793 1.072144 -0.254150 0.156982 -0.279175
-0.170044 -0.386719 1.043579 -0.200439 0.135254 -0.271240
-0.183838 -0.427490 1.021729 -0.176392 0.108154 -0.252808
-0.174927 -0.442749 1.029053 -0.126099 0.069580 -0.225586
-0.138428 -0.428955 1.045166 -0.067383 0.031006 -0.201050
-0.086060 -0.401001 1.071533 -0.009766 0.009155 -0.187256
-0.060547 -0.404419 1.092529 0.005981 0.022339 -0.182983
-0.065063 -0.444702 1.082520 -0.024170 0.054810 -0.170898
-0.072021 -0.466675 1.045410 -0.019653 0.071167 -0.152588
-0.059692 -0.471680 1.025269 0.015747 0.053589 -0.131958
-0.030884 -0.463867 1.023071 0.058838 0.021729 -0.119751
-0.013306 -0.494019 1.011597 0.114746 -0.006226 -0.110229
0.010498 -0.519287 1.023071 0.133423 -0.013062 -0.102051
0.030151 -0.524658 1.018921 0.133545 0.013794 -0.086914
0.027222 -0.540039 0.971558 0.087158 0.058228 -0.063599
0.025269 -0.543091 0.925659 0.005859 0.082642 -0.038086
0.027710 -0.553467 0.887695 -0.057251 0.092285 -0.012451
0.012329 -0.588989 0.858398 -0.101318 0.089355 0.012329
0.007446 -0.625610 0.854736 -0.111938 0.059814 0.032104
0.033203 -0.623901 0.863525 -0.061035 0.003784 0.033569
0.090820 -0.596069 0.913208 0.039551 -0.054565 0.017212
0.111328 -0.583984 0.925049 0.104858 -0.069702 -0.005127
0.090820 -0.591553 0.887207 0.111328 -0.045166 -0.008057
0.088135 -0.580811 0.869873 0.090698 -0.037842 0.005493
0.092773 -0.559448 0.867676 0.081055 -0.046997 0.019653
0.098999 -0.547974 0.866943 0.084961 -0.056274 0.030518
0.100952 -0.538574 0.871338 0.096436 -0.066162 0.041748
0.094849 -0.548706 0.868652 0.104370 -0.077637 0.058350
0.102051 -0.539063 0.881836 0.108643 -0.091553 0.071289
0.113159 -0.509766 0.896362 0.103760 -0.094238 0.083862
0.113281 -0.480225 0.884399 0.091187 -0.085815 0.094238
0.104614 -0.469971 0.864746 0.092407 -0.082153 0.098389
0.102661 -0.462646 0.874878 0.092163 -0.089233 0.090942
0.088501 -0.469727 0.878418 0.086792 -0.096802 0.084351
0.082397 -0.470825 0.892456 0.083252 -0.106079 0.079224
0.084717 -0.455322 0.912964 0.084961 -0.118164 0.080811
0.078003 -0.451294 0.925293 0.095581 -0.128906 0.089478
0.077759 -0.432495 0.946777 0.116699 -0.130493 0.109009
0.069336 -0.418701 0.935425 0.103149 -0.121338 0.129883
0.077393 -0.381836 0.943359 0.090698 -0.119751 0.145508
0.087524 -0.355591 0.959839 0.077515 -0.124023 0.150391
0.093750 -0.335327 0.971924 0.082031 -0.124146 0.142822
0.098389 -0.320801 0.988403 0.088989 -0.120850 0.131836
0.101440 -0.306274 0.997437 0.102295 -0.116333 0.122559
0.104370 -0.288330 1.010742 0.119263 -0.116211 0.108643
0.099976 -0.283203 1.008301 0.145386 -0.118530 0.092407
0.087280 -0.291870 0.999512 0.176025 -0.121582 0.080444
0.110596 -0.254028 1.023315 0.200684 -0.115845 0.080200
0.121704 -0.222046 1.021606 0.153320 -0.070068 0.094116
0.122559 -0.178101 1.002808 0.051636 -0.004272 0.111572
0.117432 -0.153076 0.984253 -0.052490 0.050903 0.118042
0.109863 -0.148315 0.975830 -0.136475 0.078491 0.106079
0.096191 -0.164795 1.003662 -0.161865 0.078125 0.079712
0.087280 -0.183105 1.038452 -0.106934 0.061890 0.050049
0.091309 -0.168457 1.054443 -0.047729 0.046509 0.023071
0.103516 -0.137329 1.054321 -0.005859 0.037231 -0.004028
0.123291 -0.099365 1.063232 0.018188 0.034912 -0.033203
0.132202 -0.080688 1.059448 0.004395 0.049194 -0.062622
0.122070 -0.089844 1.053589 -0.024902 0.073853 -0.088623
0.115723 -0.072266 1.047119 -0.057251 0.117188 -0.107300
0.076904 -0.083862 1.010742 -0.114624 0.177002 -0.113525
0.022949 -0.117065 0.948975 -0.182007 0.227051 -0.111450
-0.013794 -0.132202 0.902588 -0.226807 0.239136 -0.115601
-0.050903 -0.168579 0.907227 -0.224365 0.211548 -0.130371
-0.055054 -0.216064 0.942749 -0.215088 0.159668 -0.140625
-0.071289 -0.197998 0.987671 -0.154663 0.181641 -0.167847
-0.041260 -0.179810 1.051880 -0.059937 0.123779 -0.166504
-0.015381 -0.156372 1.103760 -0.106201 0.079468 -0.164185
-0.006226 -0.144409 1.135986 -0.125732 0.101440 -0.168091
