0.040527 -0.295288 1.017456 -0.067383 -0.028931 -0.073486
0.044922 -0.286011 1.023926 -0.061646 -0.028320 -0.070801
0.046997 -0.272461 1.015991 -0.073486 -0.029053 -0.069458
0.049438 -0.258423 0.995361 -0.084717 -0.039795 -0.082031
0.049316 -0.255127 0.994751 -0.072266 -0.062012 -0.107544
0.059326 -0.256226 1.019043 -0.063354 -0.077759 -0.131592
0.063599 -0.253784 1.043335 -0.071411 -0.074219 -0.145264
0.046265 -0.275879 1.031616 -0.091919 -0.050049 -0.146362
0.019043 -0.302368 1.009521 -0.118042 -0.033569 -0.144409
0.003906 -0.302734 1.013916 -0.129272 -0.042114 -0.139404
0.001709 -0.299072 1.031128 -0.131714 -0.055054 -0.135376
0.004639 -0.291382 1.050537 -0.128784 -0.057495 -0.140625
-0.005127 -0.314087 1.063110 -0.128174 -0.051392 -0.150757
-0.004639 -0.332275 1.077148 -0.127075 -0.038696 -0.157227
-0.019653 -0.359863 1.072876 -0.140259 -0.022217 -0.158203
-0.031494 -0.383423 1.051270 -0.143555 -0.011719 -0.160156
-0.043823 -0.401489 1.048706 -0.127197 -0.015991 -0.165161
-0.052002 -0.422119 1.046753 -0.082275 -0.035156 -0.174438
-0.060547 -0.448242 1.063843 -0.046021 -0.061768 -0.188843
-0.070435 -0.481079 1.079712 -0.030151 -0.079834 -0.200073
-0.093506 -0.497803 1.062988 -0.054688 -0.080078 -0.193115
-0.110229 -0.526855 1.048828 -0.023926 -0.069458 -0.148926
-0.108765 -0.533569 1.049927 0.042480 -0.066406 -0.091675
-0.095581 -0.534912 1.050781 0.091675 -0.074829 -0.051636
-0.074829 -0.531250 1.049072 0.146851 -0.083130 -0.020142
-0.052734 -0.517456 1.048584 0.217896 -0.088623 0.004395
-0.023926 -0.523926 1.068604 0.281494 -0.083862 0.028442
0.020508 -0.519287 1.113403 0.297729 -0.048462 0.053223
0.051147 -0.518188 1.114258 0.253662 0.036743 0.083496
0.046387 -0.537598 1.074341 0.197144 0.142090 0.120117
0.020752 -0.548584 0.993286 0.123413 0.221802 0.153564
-0.001221 -0.548462 0.893799 0.065186 0.248901 0.183838
0.004517 -0.530762 0.865601 0.107422 0.221191 0.205933
0.012207 -0.517700 0.866211 0.168213 0.172363 0.221069
0.013794 -0.516479 0.843750 0.165161 0.129517 0.243774
0.029419 -0.497437 0.844482 0.162720 0.082764 0.269165
0.061768 -0.470093 0.859253 0.181274 0.034424 0.292969
0.095703 -0.443237 0.885376 0.186401 -0.000732 0.308228
0.107178 -0.421387 0.874634 0.188232 -0.011353 0.321777
0.110107 -0.416992 0.877075 0.157104 -0.003662 0.340332
0.129517 -0.402954 0.879761 0.114746 -0.001099 0.367188
0.151001 -0.376831 0.873291 0.077637 -0.001343 0.390137
0.154175 -0.370728 0.860352 0.082764 -0.015747 0.391235
0.164307 -0.387207 0.887695 0.127563 -0.053833 0.378418
0.185669 -0.379150 0.933105 0.168457 -0.081909 0.370605
0.197144 -0.364624 0.930664 0.201050 -0.085938 0.375488
0.209595 -0.338257 0.933105 0.253662 -0.088745 0.375366
0.213013 -0.311523 0.933838 0.290527 -0.094971 0.363159
0.212769 -0.296753 0.941284 0.307983 -0.095459 0.358154
0.224609 -0.275024 0.949097 0.292847 -0.085327 0.365967
0.224243 -0.256226 0.954590 0.225830 -0.065430 0.382813
0.210693 -0.248047 0.928467 0.175171 -0.030151 0.404663
0.206543 -0.232422 0.902954 0.107910 -0.016357 0.415527
0.210083 -0.211182 0.899414 0.045288 -0.020874 0.420044
0.231567 -0.174316 0.913452 0.025757 -0.031860 0.418091
0.251709 -0.137573 0.933472 -0.028931 -0.034790 0.398071
0.273071 -0.090332 0.968506 -0.074341 -0.027222 0.356323
0.270996 -0.063232 0.983276 -0.100586 -0.014160 0.296387
0.241211 -0.068237 1.005615 -0.105347 -0.009155 0.224731
0.208374 -0.082031 0.993530 -0.092163 -0.016846 0.167236
0.190430 -0.084106 1.005859 -0.064453 -0.036499 0.130005
0.191040 -0.068970 1.012207 -0.071289 -0.061523 0.104736
0.205688 -0.036987 1.031982 -0.109375 -0.070190 0.087158
0.219482 0.012573 1.029053 -0.157593 -0.053345 0.064209
0.206787 0.019531 1.039551 -0.186646 -0.026001 0.031372
0.195923 0.023193 1.046387 -0.211548 -0.009766 -0.022827
0.160400 0.005859 1.057495 -0.222168 0.006470 -0.076782
0.123779 -0.014771 1.056763 -0.254883 0.021851 -0.122681
0.092041 -0.022461 1.059326 -0.295532 0.032349 -0.151001
0.062988 -0.035156 1.044067 -0.321045 0.039063 -0.169189
0.038696 -0.042236 1.057617 -0.293457 0.027588 -0.189087
0.021729 -0.053101 1.073730 -0.267456 0.009399 -0.212769
0.012329 -0.054077 1.105103 -0.250488 -0.008789 -0.236816
0.013550 -0.036621 1.147217 -0.230957 -0.018555 -0.260742
0.007813 -0.025391 1.168579 -0.230591 -0.003052 -0.284790
-0.023071 -0.040039 1.173096 -0.254028 0.021973 -0.298706
-0.062012 -0.090942 1.165283 -0.286743 0.049316 -0.296143
-0.077881 -0.111084 1.181519 -0.281860 0.071167 -0.293335
-0.083374 -0.136475 1.178711 -0.289551 0.088501 -0.288208
-0.107422 -0.170288 1.150024 -0.290283 0.108154 -0.286133
-0.148438 -0.221558 1.113525 -0.279419 0.112549 -0.281128
-0.156616 -0.247681 1.100830 -0.240356 0.089600 -0.274292
-0.143188 -0.242554 1.100464 -0.186401 0.056885 -0.269409
-0.124268 -0.234131 1.097778 -0.107788 0.022095 -0.276367
-0.113281 -0.232178 1.086548 -0.027710 -0.002197 -0.289673
-0.102417 -0.227417 1.073486 0.026489 -0.019287 -0.298828
-0.080200 -0.224731 1.066284 0.055420 -0.022461 -0.302002
-0.081787 -0.255005 1.054688 0.024902 -0.002075 -0.291138
-0.080322 -0.277466 1.033203 -0.053589 0.032471 -0.261963
-0.059692 -0.264160 1.022949 -0.122803 0.060547 -0.232056
-0.060303 -0.296631 1.005127 -0.187134 0.076416 -0.211426
-0.080566 -0.360229 0.975830 -0.190430 0.069702 -0.213257
-0.078125 -0.392090 0.978149 -0.101685 0.022095 -0.233398
-0.049438 -0.394653 0.991577 0.008057 -0.036377 -0.252930
-0.031006 -0.396606 0.995483 0.080933 -0.066772 -0.260254
-0.021362 -0.404663 1.005859 0.089844 -0.067261 -0.244385
-0.005371 -0.404053 1.008667 0.045410 -0.040283 -0.205444
0.006958 -0.407104 0.991699 -0.026611 0.005127 -0.162476
0.009521 -0.423218 0.971191 -0.099243 0.031860 -0.134033
0.016724 -0.446533 0.960693 -0.149170 0.034058 -0.126587
0.018311 -0.475464 0.957031 -0.160767 0.025513 -0.136597
0.012451 -0.504028 0.934448 -0.107056 -0.007080 -0.155396
0.027222 -0.515015 0.921265 -0.002075 -0.057495 -0.182495
0.060181 -0.501099 0.947388 0.117432 -0.105957 -0.205933
0.080566 -0.508179 0.977173 0.155029 -0.108154 -0.200073
0.082031 -0.517700 0.981079 0.114014 -0.064331 -0.163574
0.062256 -0.536621 0.944458 0.052002 -0.014282 -0.114624
0.046997 -0.556274 0.937622 -0.005737 0.002686 -0.074219
0.067749 -0.553711 0.952393 -0.035278 -0.000366 -0.043335
0.067627 -0.567017 0.949219 -0.052490 0.003418 -0.021973
0.062866 -0.570557 0.947876 -0.030518 -0.000977 -0.011475
0.066040 -0.583252 0.957520 0.010620 -0.020508 -0.007935
0.075195 -0.572510 0.963623 0.055908 -0.036865 -0.005249
0.079102 -0.561768 0.957764 0.094116 -0.037109 0.006958
0.082764 -0.546509 0.940552 0.103149 -0.031860 0.022583
0.095459 -0.534790 0.936646 0.096191 -0.023315 0.041626
0.093506 -0.530396 0.944458 0.079346 -0.012695 0.061890
0.096802 -0.516357 0.946289 0.061768 -0.002197 0.078247
0.090698 -0.517090 0.941040 0.043091 0.006348 0.096558
0.082886 -0.502441 0.923340 0.043091 0.005249 0.113403
0.089844 -0.483765 0.919678 0.067749 -0.006836 0.124023
0.096313 -0.467163 0.911743 0.091797 -0.019775 0.124756
0.092773 -0.442993 0.903687 0.124146 -0.033203 0.121826
0.095459 -0.433716 0.909058 0.136108 -0.042969 0.125610
0.102783 -0.414185 0.930298 0.123413 -0.046875 0.132202
0.102783 -0.403931 0.937256 0.106812 -0.043701 0.140869
0.102417 -0.385986 0.947388 0.101929 -0.044800 0.143311
0.106812 -0.365723 0.948608 0.108765 -0.050781 0.140259
0.117432 -0.336182 0.967407 0.122070 -0.056763 0.136841
0.122192 -0.326416 0.978516 0.108521 -0.052124 0.134033
0.121948 -0.305420 0.983643 0.097900 -0.045410 0.123413
0.120361 -0.293457 0.993652 0.096436 -0.038940 0.112549
0.107666 -0.290405 0.979736 0.087769 -0.028076 0.106201
0.104370 -0.270020 0.972046 0.085938 -0.024048 0.099121
0.101807 -0.275513 0.977539 0.079956 -0.021851 0.096191
0.108643 -0.256470 0.992065 0.080322 -0.018311 0.090454
0.111694 -0.243652 1.004028 0.070313 -0.002319 0.087891
0.109741 -0.216309 0.998779 0.034790 0.021729 0.082153
0.092163 -0.218872 0.975586 0.002441 0.043335 0.075684
0.075806 -0.207642 0.976318 -0.005493 0.050293 0.068848
0.060791 -0.210083 0.977417 -0.019165 0.061890 0.057373
0.062012 -0.195068 0.980713 -0.023682 0.060547 0.043091
0.058838 -0.181885 0.984375 -0.015259 0.052612 0.020630
0.050659 -0.170166 0.987793 0.000244 0.041748 -0.011841
0.042725 -0.175293 1.005615 0.045166 0.028076 -0.040039
0.046631 -0.145020 1.025879 0.074585 0.029175 -0.057007
0.029175 -0.152832 1.018311 0.050659 0.055908 -0.054443
0.009644 -0.147461 0.986328 0.002686 0.085327 -0.044678
-0.002563 -0.140381 0.975586 -0.041748 0.089722 -0.040649
0.005127 -0.128418 0.994751 -0.062622 0.073364 -0.051392
