-0.002441 -0.305054 1.000854 -0.110107 0.036011 -0.110107
-0.007446 -0.307983 1.004761 -0.125488 0.035767 -0.106323
-0.010132 -0.291138 0.995117 -0.140381 0.035156 -0.103882
-0.024414 -0.279175 0.984131 -0.158203 0.029907 -0.102905
-0.048828 -0.295166 0.981445 -0.192993 0.021973 -0.101807
-0.050049 -0.286865 0.999390 -0.188477 -0.001099 -0.107056
-0.054565 -0.284058 1.014038 -0.177368 -0.020508 -0.117676
-0.065430 -0.305786 1.023071 -0.171143 -0.028320 -0.126587
-0.079346 -0.332153 1.036255 -0.177490 -0.034302 -0.130981
-0.078491 -0.358032 1.055786 -0.169678 -0.037231 -0.128418
-0.084473 -0.372192 1.069092 -0.142944 -0.030273 -0.122070
-0.081055 -0.365479 1.088135 -0.124023 -0.021240 -0.113525
-0.075562 -0.338379 1.100220 -0.148438 0.002075 -0.104980
-0.085693 -0.348145 1.084839 -0.183472 0.042725 -0.094971
-0.116943 -0.403198 1.069824 -0.195190 0.079224 -0.086914
-0.145630 -0.468872 1.040405 -0.152344 0.091675 -0.080688
-0.161743 -0.515381 1.050659 -0.096558 0.083496 -0.065063
-0.170776 -0.559326 1.035767 -0.034912 0.073364 -0.029541
-0.169800 -0.574585 1.021606 0.041260 0.059204 0.019409
-0.172241 -0.601074 1.005737 0.114502 0.032349 0.054077
-0.166382 -0.609375 0.981201 0.205078 -0.013672 0.083008
-0.153687 -0.598145 0.972900 0.277832 -0.043823 0.100464
-0.126099 -0.590088 0.983887 0.320190 -0.065308 0.115234
-0.105469 -0.574341 0.974976 0.312744 -0.066650 0.137329
-0.088989 -0.565796 0.950562 0.281860 -0.055542 0.158447
-0.083984 -0.573853 0.931519 0.235352 -0.050415 0.166870
-0.067627 -0.569702 0.927002 0.220947 -0.069946 0.168823
-0.039673 -0.567871 0.938477 0.222778 -0.101929 0.168823
-0.005859 -0.547607 0.945801 0.243164 -0.124390 0.179932
0.010864 -0.556885 0.949707 0.268311 -0.122803 0.209717
0.043335 -0.526489 0.950195 0.291138 -0.116089 0.242920
0.065796 -0.506958 0.928467 0.282593 -0.095825 0.280396
0.088257 -0.481323 0.909058 0.278687 -0.080688 0.309326
0.110718 -0.456177 0.907104 0.274536 -0.072144 0.331177
0.103516 -0.462280 0.879150 0.225952 -0.061768 0.350830
0.116455 -0.439087 0.876709 0.245483 -0.063477 0.372437
0.122314 -0.428223 0.877808 0.215820 -0.072021 0.392456
0.133545 -0.410156 0.885620 0.228882 -0.083130 0.404419
0.141357 -0.394043 0.883911 0.258301 -0.106079 0.406494
0.154541 -0.370239 0.889526 0.297852 -0.132446 0.404419
0.172363 -0.349487 0.892090 0.331665 -0.163452 0.401367
0.203613 -0.299316 0.931396 0.330322 -0.177490 0.391602
0.221802 -0.275024 0.935303 0.281616 -0.169189 0.389282
0.233643 -0.244019 0.938354 0.267212 -0.150635 0.379150
0.234863 -0.216553 0.940430 0.247681 -0.128662 0.367310
0.229370 -0.198975 0.941528 0.202026 -0.109009 0.349243
0.226318 -0.188721 0.955688 0.161377 -0.092041 0.330200
0.212036 -0.184814 0.956909 0.105469 -0.080811 0.313110
0.212402 -0.151489 0.955322 0.093384 -0.076904 0.300659
0.207153 -0.139526 0.957886 0.122559 -0.075195 0.287720
0.202637 -0.129272 0.955200 0.146240 -0.080933 0.266968
0.201660 -0.107910 0.956421 0.157227 -0.086548 0.239868
0.199219 -0.085693 0.956421 0.150513 -0.087524 0.212769
0.201172 -0.063965 0.973755 0.151001 -0.087524 0.186646
0.204224 -0.028320 1.008789 0.151733 -0.079468 0.161621
0.212769 0.000244 1.027466 0.132080 -0.060181 0.136841
0.199463 0.001099 1.028320 0.024658 -0.041504 0.110229
0.197266 0.022949 1.017090 -0.047119 -0.023193 0.081299
0.185913 0.031372 1.024170 -0.075317 -0.023682 0.051880
0.191284 0.058594 1.067627 -0.131104 -0.017456 0.016479
0.165161 0.055908 1.060181 -0.225586 0.003052 -0.017700
0.135254 0.034912 1.060059 -0.255249 0.033936 -0.056885
0.116577 0.027344 1.065063 -0.241699 0.045166 -0.099487
0.100708 0.018799 1.078613 -0.233887 0.049072 -0.130005
0.083496 0.023560 1.065796 -0.243164 0.053345 -0.149048
0.073853 0.033936 1.060791 -0.254761 0.053955 -0.163818
0.059937 0.042847 1.054688 -0.269897 0.052246 -0.183838
0.047607 0.047852 1.042603 -0.293701 0.045166 -0.207764
0.034180 0.053589 1.050537 -0.278809 0.045776 -0.235718
0.015137 0.056274 1.028076 -0.262817 0.062134 -0.262695
-0.019653 0.018188 1.037476 -0.252563 0.066284 -0.286743
-0.029785 0.037109 1.082886 -0.258301 0.053223 -0.316650
-0.043945 0.021851 1.105957 -0.295776 0.065308 -0.308472
-0.058960 -0.026245 1.122070 -0.353638 0.097046 -0.284668
-0.070190 -0.028320 1.142578 -0.438965 0.128418 -0.282715
-0.070435 -0.067017 1.154907 -0.521484 0.151123 -0.282715
-0.093872 -0.115112 1.158203 -0.529053 0.176758 -0.281250
-0.127930 -0.168579 1.137939 -0.512207 0.181763 -0.287354
-0.131348 -0.207642 1.128540 -0.501831 0.164429 -0.293945
-0.129150 -0.229614 1.133423 -0.499512 0.144653 -0.305908
-0.120850 -0.256226 1.144531 -0.456787 0.124756 -0.309326
-0.105469 -0.258423 1.127319 -0.409424 0.114380 -0.301270
-0.092163 -0.259033 1.087769 -0.353271 0.113403 -0.290894
-0.079712 -0.263916 1.048706 -0.271240 0.099487 -0.287720
-0.060303 -0.269043 1.038452 -0.159424 0.064087 -0.301514
-0.006958 -0.269409 1.085693 -0.091919 0.038818 -0.328125
-0.000122 -0.295776 1.091309 -0.087646 0.064087 -0.349731
-0.024292 -0.333984 1.054321 -0.114502 0.130005 -0.347534
-0.066772 -0.393311 0.992920 -0.224854 0.205933 -0.315308
-0.116577 -0.444824 0.920654 -0.349609 0.247559 -0.269775
-0.142212 -0.502686 0.887573 -0.394653 0.236328 -0.218994
-0.177002 -0.571533 0.854492 -0.390625 0.183838 -0.173828
-0.185303 -0.623047 0.855103 -0.328247 0.088745 -0.129883
-0.091187 -0.620117 0.986694 -0.232544 -0.011841 -0.104370
-0.023193 -0.583252 1.057251 -0.128662 -0.047485 -0.122803
-0.047241 -0.570313 0.972778 -0.009644 -0.016724 -0.155762
-0.086914 -0.599854 0.900513 0.029907 0.001709 -0.176636
-0.093628 -0.627808 0.899780 0.004395 -0.000122 -0.165039
-0.089844 -0.638428 0.904541 -0.024658 0.001221 -0.127441
-0.106323 -0.665405 0.907837 -0.059570 0.002319 -0.082642
-0.103271 -0.675293 0.899780 -0.062866 -0.015869 -0.037720
-0.094482 -0.684692 0.888062 -0.024048 -0.053833 -0.002075
-0.060181 -0.669434 0.914185 0.054199 -0.109253 0.017578
-0.012451 -0.633423 0.948853 0.122437 -0.150024 0.024902
0.023560 -0.587524 0.949951 0.162842 -0.160522 0.023315
0.042236 -0.577271 0.940552 0.171753 -0.144531 0.025024
0.044067 -0.577393 0.927368 0.162109 -0.135010 0.026855
0.051147 -0.580688 0.932129 0.150879 -0.129395 0.031494
0.052612 -0.594360 0.934814 0.149902 -0.121582 0.043579
0.066406 -0.591675 0.952271 0.162109 -0.109497 0.061035
0.080566 -0.578857 0.950073 0.178589 -0.099731 0.074341
0.080688 -0.570190 0.946533 0.193970 -0.092041 0.080566
0.086914 -0.541870 0.921265 0.212402 -0.089966 0.081665
0.100708 -0.514893 0.917236 0.243408 -0.091675 0.084717
0.115845 -0.488403 0.920898 0.249756 -0.091309 0.078369
0.115234 -0.458374 0.898804 0.248413 -0.080322 0.069458
0.098389 -0.459961 0.874390 0.256836 -0.068726 0.068726
0.075439 -0.468506 0.855591 0.264526 -0.071045 0.062866
0.075195 -0.456909 0.851807 0.294800 -0.084229 0.061890
0.086670 -0.421387 0.872559 0.279053 -0.079834 0.074829
0.095093 -0.390869 0.877319 0.219971 -0.060791 0.099731
0.093872 -0.375854 0.890259 0.169800 -0.038696 0.114624
0.090942 -0.376709 0.900879 0.130249 -0.027100 0.119019
0.096191 -0.344604 0.928345 0.116821 -0.023926 0.116821
0.095093 -0.318848 0.934937 0.098389 -0.019287 0.114502
0.089844 -0.303223 0.932617 0.084839 -0.015015 0.108643
0.089111 -0.280640 0.946411 0.082520 -0.023560 0.091431
0.089478 -0.264160 0.982056 0.097412 -0.030029 0.079224
0.087158 -0.253174 1.003052 0.090088 -0.023438 0.075317
0.088989 -0.239258 1.014282 0.080078 -0.015137 0.065552
0.076782 -0.222778 1.026855 0.076416 -0.010132 0.048584
0.059448 -0.223389 1.019775 0.079590 -0.011230 0.028564
0.062256 -0.204102 1.018555 0.111694 -0.022949 0.008057
0.064697 -0.183716 1.030396 0.126343 -0.025146 -0.004517
0.063232 -0.163330 1.024536 0.106812 -0.007690 -0.015381
0.052734 -0.154663 1.009644 0.052856 0.021606 -0.027832
0.033325 -0.165283 0.996460 -0.010376 0.043945 -0.040039
0.029663 -0.171021 1.018188 -0.041138 0.047119 -0.054077
0.020264 -0.183838 1.028442 -0.050903 0.046265 -0.065430
0.029785 -0.169312 1.031982 -0.031616 0.037476 -0.078735
0.036377 -0.154907 1.050171 0.000854 0.019409 -0.104248
0.033569 -0.133789 1.061157 0.045166 0.000244 -0.140381
0.016357 -0.126465 1.043091 0.068481 -0.005493 -0.173462
-0.025146 -0.131958 1.006470 0.038696 -0.003784 -0.195313
-0.047485 -0.128174 0.992065 0.004272 -0.003662 -0.190308
-0.054199 -0.101440 0.968140 -0.060181 0.002197 -0.170898
-0.057617 -0.075806 0.928223 -0.150879 0.009888 -0.148804
-0.048584 -0.058228 0.920410 -0.197021 -0.007080 -0.142944
-0.029907 -0.055908 0.972046 -0.206299 -0.040649 -0.163818
-0.031128 -0.093018 1.028076 -0.198120 -0.068848 -0.192017
