-0.006714 -0.336182 0.969482 -0.238525 0.087646 -0.079956
-0.008911 -0.330322 0.964722 -0.211304 0.063599 -0.104858
-0.012207 -0.324707 0.959717 -0.174805 0.034180 -0.135620
-0.020996 -0.342041 0.964966 -0.130493 0.010986 -0.157959
-0.029907 -0.349487 0.988525 -0.093506 -0.007324 -0.171265
-0.020386 -0.330444 0.994629 -0.100220 -0.015991 -0.179565
-0.027588 -0.338379 0.998779 -0.143188 -0.014404 -0.186279
-0.028931 -0.345093 1.005737 -0.187988 -0.007813 -0.186523
-0.033936 -0.347046 1.008057 -0.235352 0.007202 -0.179932
-0.049805 -0.357666 1.001221 -0.270386 0.023315 -0.166016
-0.063843 -0.377563 0.987061 -0.288452 0.025146 -0.158203
-0.072632 -0.396973 1.000610 -0.294189 0.017090 -0.159180
-0.074097 -0.420044 1.008301 -0.296387 0.010742 -0.159058
-0.079712 -0.451660 1.004150 -0.283325 0.014160 -0.157959
-0.092041 -0.451172 0.989136 -0.221436 0.007446 -0.163452
-0.088013 -0.449829 0.994873 -0.116821 0.001587 -0.162231
-0.095825 -0.451294 0.982788 -0.064453 0.008789 -0.157104
-0.130981 -0.489868 0.955200 -0.052856 0.022217 -0.157959
-0.161011 -0.535522 0.967285 -0.032593 0.015015 -0.157715
-0.170044 -0.549072 0.977295 0.001587 -0.014771 -0.144409
-0.184326 -0.596558 0.999268 0.057983 -0.044312 -0.116577
-0.192627 -0.635864 1.016602 0.099609 -0.085327 -0.085815
-0.168091 -0.639526 1.059692 0.124390 -0.133057 -0.046387
-0.135986 -0.631958 1.090576 0.155762 -0.135986 -0.004028
-0.103882 -0.606323 1.097412 0.173340 -0.110352 0.040283
-0.084473 -0.610474 1.098022 0.167236 -0.066406 0.069824
-0.094116 -0.632446 1.065186 0.154053 -0.018311 0.089600
-0.094238 -0.631348 1.022095 0.181763 0.007568 0.114502
-0.093384 -0.646118 0.978271 0.215210 0.013916 0.139771
-0.086670 -0.656738 0.958740 0.261475 -0.000122 0.164551
-0.075928 -0.664185 0.951172 0.320679 -0.023315 0.194214
-0.064819 -0.663330 0.932739 0.380859 -0.047974 0.231812
-0.030640 -0.623901 0.915283 0.424072 -0.073730 0.274780
-0.002686 -0.594727 0.888794 0.436768 -0.092163 0.313110
0.023682 -0.562988 0.875244 0.431030 -0.104492 0.342407
0.056763 -0.536621 0.891357 0.424072 -0.109619 0.359863
0.081909 -0.525757 0.885254 0.387329 -0.104248 0.366211
0.097046 -0.521118 0.870239 0.321045 -0.097290 0.368286
0.126465 -0.482300 0.852783 0.271240 -0.092896 0.375122
0.141357 -0.444214 0.828003 0.166626 -0.075562 0.396484
0.157715 -0.433594 0.816528 0.100342 -0.052002 0.431519
0.189941 -0.414063 0.827759 0.020752 -0.033325 0.447388
0.176147 -0.404297 0.794067 -0.017212 -0.026733 0.449219
0.176147 -0.399902 0.788086 0.056641 -0.048584 0.444092
0.192993 -0.380859 0.809814 0.105347 -0.089355 0.429565
0.203613 -0.358154 0.837646 0.136108 -0.125244 0.421387
0.230835 -0.337280 0.857178 0.155273 -0.161621 0.420044
0.255737 -0.307617 0.872314 0.176636 -0.180664 0.418823
0.265381 -0.292847 0.905762 0.179565 -0.197388 0.415039
0.285889 -0.268066 0.937012 0.168457 -0.207275 0.405029
0.307983 -0.239258 0.962036 0.148926 -0.206055 0.379395
0.320557 -0.201660 0.975220 0.127197 -0.202637 0.338745
0.322144 -0.191772 0.999756 0.123779 -0.189575 0.296875
0.327637 -0.155029 1.007324 0.111084 -0.166870 0.259399
0.329468 -0.114136 1.013184 0.078613 -0.129272 0.235474
0.305786 -0.120361 1.030518 0.033325 -0.068359 0.230469
0.296387 -0.109619 1.036621 -0.020264 -0.013672 0.205444
0.281372 -0.092041 1.029541 -0.041748 0.021973 0.164063
0.263672 -0.066406 1.030273 -0.019653 0.039429 0.118774
0.257202 -0.047241 1.059937 -0.033569 0.029541 0.070313
0.244141 -0.031982 1.064941 -0.144653 0.027100 0.022705
0.241211 -0.003418 1.071899 -0.187866 0.024048 -0.009766
0.211548 -0.005127 1.075195 -0.280518 0.045410 -0.043945
0.181885 0.004395 1.059814 -0.369751 0.074829 -0.084717
0.141113 -0.000977 1.046265 -0.410645 0.091675 -0.133057
0.107422 -0.001099 1.052856 -0.398682 0.093872 -0.179443
0.078613 -0.000610 1.053223 -0.363892 0.090698 -0.218018
0.039429 -0.015137 1.053955 -0.319458 0.094360 -0.244385
0.009888 -0.020020 1.053467 -0.274414 0.083130 -0.266357
-0.007935 -0.021484 1.064697 -0.224731 0.050659 -0.280396
-0.001953 -0.003662 1.089111 -0.175415 0.025635 -0.297852
-0.007568 -0.004028 1.129395 -0.154297 0.031860 -0.327881
-0.010498 -0.001465 1.163696 -0.176880 0.051636 -0.363647
-0.036377 -0.023193 1.156982 -0.195190 0.091187 -0.401489
-0.086426 -0.066528 1.105347 -0.227539 0.139038 -0.432373
-0.122070 -0.116455 1.092407 -0.275513 0.176636 -0.449951
-0.153931 -0.172363 1.065796 -0.357422 0.191284 -0.446045
-0.174805 -0.218018 1.064453 -0.397705 0.204834 -0.430054
-0.207764 -0.278687 1.051758 -0.432007 0.212646 -0.394287
-0.217285 -0.307129 1.045044 -0.399536 0.200439 -0.366699
-0.212769 -0.329224 1.045044 -0.351440 0.175659 -0.348877
-0.195679 -0.356567 1.074951 -0.301025 0.148438 -0.336304
-0.174927 -0.367920 1.108154 -0.251221 0.129883 -0.330688
-0.173218 -0.386963 1.090210 -0.184814 0.130981 -0.324951
-0.182129 -0.410400 1.056519 -0.118774 0.124146 -0.320435
-0.174316 -0.417236 1.043945 -0.042725 0.096436 -0.311279
-0.168945 -0.434204 1.050171 -0.020752 0.080078 -0.295532
-0.154785 -0.431641 1.037476 -0.022949 0.066650 -0.270874
-0.136353 -0.418091 1.018921 -0.038330 0.057739 -0.247559
-0.106323 -0.398926 0.999023 -0.041504 0.044556 -0.230103
-0.073364 -0.402954 0.994141 -0.037720 0.031372 -0.222534
-0.043457 -0.433105 0.993896 -0.031006 0.029053 -0.227661
-0.018433 -0.458618 1.028076 -0.005493 0.049561 -0.241089
-0.026489 -0.486572 0.995483 0.000000 0.090698 -0.236084
-0.054932 -0.538818 0.942017 -0.038696 0.137085 -0.200073
-0.069702 -0.578857 0.919922 -0.094971 0.163696 -0.153809
-0.068359 -0.595459 0.904297 -0.148315 0.171387 -0.109253
-0.084595 -0.640259 0.864624 -0.198853 0.158081 -0.071289
-0.082031 -0.674194 0.853760 -0.212402 0.111572 -0.050049
-0.060913 -0.682617 0.873535 -0.163330 0.048950 -0.051514
-0.023804 -0.669678 0.891113 -0.041016 -0.026367 -0.064941
0.005249 -0.658325 0.909302 0.096436 -0.087036 -0.085449
0.016846 -0.652100 0.894165 0.189819 -0.118896 -0.099609
0.036987 -0.635742 0.888184 0.223877 -0.136719 -0.090942
0.049316 -0.634155 0.892212 0.193237 -0.128906 -0.063843
0.052490 -0.631348 0.881958 0.156250 -0.113037 -0.030029
0.077148 -0.622192 0.885010 0.119995 -0.109131 0.004761
0.101074 -0.615234 0.903931 0.053345 -0.088135 0.039429
0.106323 -0.626465 0.901001 -0.010986 -0.050171 0.073486
0.081665 -0.656616 0.871704 -0.046387 -0.029175 0.103149
0.074219 -0.663208 0.850464 -0.053101 -0.038696 0.128418
0.082764 -0.647827 0.840698 -0.027222 -0.061401 0.147339
0.090454 -0.640503 0.844849 0.011475 -0.092285 0.156860
0.096069 -0.619995 0.841187 0.080688 -0.130005 0.150757
0.107544 -0.594116 0.830688 0.165649 -0.163208 0.131104
0.109619 -0.566528 0.833862 0.218140 -0.196167 0.101440
0.126587 -0.512207 0.845459 0.266113 -0.218140 0.080444
0.134888 -0.476807 0.861206 0.287109 -0.226074 0.071655
0.130981 -0.440918 0.872803 0.258667 -0.209473 0.096069
0.098633 -0.494995 0.863281 0.215454 -0.185425 0.144409
0.103394 -0.471436 0.869873 0.189331 -0.189819 0.157959
0.114014 -0.438477 0.906372 0.151123 -0.187012 0.178833
0.120605 -0.417847 0.921021 0.087891 -0.161011 0.213257
0.127930 -0.397217 0.945435 0.036499 -0.132324 0.238037
0.117188 -0.375854 0.932007 0.000122 -0.108765 0.246582
0.119873 -0.343628 0.939819 0.014282 -0.115112 0.226807
0.121704 -0.325195 0.956055 0.054688 -0.140869 0.181396
0.130249 -0.313477 1.002075 0.111816 -0.165894 0.131714
0.135620 -0.306274 1.043335 0.136353 -0.163940 0.098389
0.142212 -0.277954 1.081055 0.125610 -0.134155 0.092163
0.126709 -0.291992 1.078491 0.093750 -0.083984 0.109131
0.107910 -0.276855 1.081177 0.058472 -0.046143 0.115723
0.095215 -0.259644 1.072388 0.031372 -0.026123 0.121704
0.076538 -0.237671 1.052734 0.011353 -0.013062 0.125488
0.070801 -0.200928 1.035156 -0.001099 -0.005493 0.129150
0.059204 -0.182129 1.015991 -0.004395 -0.003418 0.132935
0.050781 -0.170532 1.001099 0.012207 -0.012939 0.124390
0.045044 -0.164795 0.995361 0.059204 -0.040527 0.102783
0.060913 -0.150024 1.013794 0.113770 -0.075806 0.068970
0.086548 -0.131226 1.077026 0.149048 -0.094727 0.023560
0.084961 -0.121216 1.100464 0.153809 -0.075684 -0.009277
0.059204 -0.131104 1.075439 0.135376 -0.028809 -0.021729
0.022949 -0.139282 1.030396 0.082275 0.005249 -0.020996
0.022217 -0.113159 1.002930 0.032471 0.019043 -0.017212
0.012939 -0.115356 0.995605 0.013428 0.017090 -0.026489
0.000000 -0.127319 0.996094 0.015259 0.006592 -0.056763
-0.005981 -0.135132 1.011475 0.011475 0.007080 -0.086426
-0.002441 -0.147949 1.038330 -0.004517 0.029175 -0.096313
0.003784 -0.131592 1.054932 -0.059448 0.069458 -0.102295
-0.010376 -0.123291 1.011597 -0.126221 0.115234 -0.111328
