-0.025269 -0.327637 0.988770 -0.207520 0.024780 -0.121460
-0.028809 -0.327515 0.967896 -0.229980 0.026001 -0.129150
-0.035278 -0.348999 0.975342 -0.229614 0.017944 -0.141357
-0.036865 -0.369385 0.995850 -0.222168 0.007446 -0.152344
-0.034912 -0.374023 1.013794 -0.203247 0.004517 -0.157104
-0.037720 -0.374268 1.021729 -0.189331 0.010986 -0.164551
-0.049194 -0.379395 1.001099 -0.184448 0.021362 -0.173706
-0.072144 -0.383179 0.979370 -0.179077 0.024780 -0.181152
-0.088867 -0.408569 0.968750 -0.165283 0.014404 -0.182617
-0.099976 -0.421753 0.969604 -0.160889 -0.000977 -0.177734
-0.108032 -0.433228 0.972290 -0.141357 -0.020508 -0.166992
-0.111694 -0.442261 0.994263 -0.112549 -0.040771 -0.158081
-0.119507 -0.464355 1.006836 -0.106812 -0.055908 -0.152100
-0.115601 -0.480957 1.042603 -0.104614 -0.065674 -0.147705
-0.124146 -0.510132 1.066284 -0.131104 -0.064087 -0.141479
-0.133667 -0.531128 1.063232 -0.087036 -0.058838 -0.124390
-0.138672 -0.535645 1.061768 0.000854 -0.058960 -0.108521
-0.149170 -0.552856 1.035522 0.040894 -0.059814 -0.097290
-0.157959 -0.569336 1.024780 0.074341 -0.068970 -0.083984
-0.157227 -0.590698 1.027222 0.099609 -0.082153 -0.058716
-0.147339 -0.606567 1.033813 0.108765 -0.083252 -0.020630
-0.152466 -0.617310 1.014648 0.103149 -0.079224 0.023804
-0.150513 -0.628052 0.991211 0.096802 -0.082886 0.063110
-0.149292 -0.628296 0.964111 0.109619 -0.078125 0.095947
-0.142578 -0.626465 0.946533 0.158325 -0.079956 0.124634
-0.138428 -0.635986 0.934082 0.226440 -0.098633 0.147217
-0.118530 -0.648560 0.922852 0.270142 -0.129761 0.165039
-0.102539 -0.643188 0.922119 0.321167 -0.149170 0.177979
-0.073730 -0.622803 0.920898 0.354004 -0.167114 0.195801
-0.043213 -0.609985 0.917236 0.356323 -0.177612 0.214233
-0.028809 -0.589478 0.889282 0.379639 -0.179688 0.229370
-0.028198 -0.580200 0.866821 0.431885 -0.192505 0.245117
-0.006836 -0.557373 0.850708 0.499390 -0.224731 0.277222
0.008545 -0.566284 0.842529 0.514404 -0.247070 0.324951
0.028198 -0.548096 0.839478 0.475952 -0.256836 0.374146
0.068481 -0.504883 0.857300 0.452026 -0.263428 0.431763
0.104614 -0.448486 0.850952 0.376099 -0.247803 0.491211
0.132202 -0.419800 0.826416 0.293579 -0.222412 0.539551
0.176514 -0.365601 0.827148 0.227661 -0.211060 0.555542
0.206787 -0.346680 0.837158 0.187256 -0.204956 0.542480
0.231689 -0.338745 0.851440 0.171509 -0.195679 0.511230
0.243286 -0.342773 0.869629 0.137207 -0.188721 0.475098
0.268311 -0.334473 0.888428 0.108521 -0.179321 0.447388
0.278198 -0.345947 0.892578 0.075684 -0.172607 0.426270
0.279419 -0.346436 0.904663 0.077881 -0.165283 0.408203
0.293701 -0.343628 0.933228 0.077393 -0.161011 0.397949
0.309692 -0.331177 0.941895 0.059814 -0.153320 0.392822
0.323364 -0.294434 0.949951 0.056396 -0.137085 0.387329
0.328491 -0.274048 0.938232 0.027954 -0.119141 0.379761
0.318970 -0.250000 0.918091 0.022217 -0.103516 0.363892
0.328613 -0.216309 0.913208 0.035156 -0.117065 0.341675
0.331299 -0.194946 0.922485 0.012817 -0.112671 0.306396
0.334106 -0.185425 0.943970 0.002563 -0.103638 0.267700
0.334351 -0.173584 0.964111 -0.040161 -0.095093 0.233765
0.322998 -0.165161 0.982300 -0.074097 -0.070313 0.206177
0.306763 -0.159302 0.990234 -0.093872 -0.035400 0.178833
0.286987 -0.156372 0.994751 -0.114502 -0.005005 0.143555
0.264038 -0.150024 1.008301 -0.112915 0.013916 0.101563
0.246216 -0.146118 1.018921 -0.094971 0.024902 0.062866
0.225708 -0.137329 1.031860 -0.087646 0.039185 0.023926
0.204346 -0.127319 1.027588 -0.104004 0.057495 -0.011963
0.192261 -0.109131 1.028931 -0.114258 0.067627 -0.046143
0.183228 -0.092407 1.040649 -0.114990 0.072998 -0.084717
0.156738 -0.094849 1.038208 -0.115845 0.079956 -0.129028
0.129150 -0.094727 1.044678 -0.112793 0.083496 -0.172241
0.115601 -0.094727 1.075317 -0.145630 0.070679 -0.198975
0.106567 -0.082275 1.088379 -0.206787 0.063477 -0.212891
0.077148 -0.099243 1.082153 -0.270996 0.083130 -0.225708
0.055542 -0.115845 1.065186 -0.314941 0.090942 -0.237793
0.035400 -0.127930 1.072754 -0.319946 0.082031 -0.249023
0.020508 -0.136841 1.073486 -0.317993 0.074951 -0.261963
0.007080 -0.151733 1.069580 -0.308350 0.081299 -0.274902
0.006226 -0.150757 1.083862 -0.298950 0.085083 -0.287109
0.004395 -0.144775 1.107544 -0.313965 0.092529 -0.302002
-0.014404 -0.156616 1.105225 -0.344604 0.108887 -0.313843
-0.031982 -0.177612 1.109009 -0.356323 0.131592 -0.320435
-0.059814 -0.211914 1.102417 -0.360474 0.146484 -0.328003
-0.082520 -0.244995 1.099976 -0.359863 0.143921 -0.337280
-0.088379 -0.277832 1.114380 -0.352051 0.135254 -0.340332
-0.083618 -0.296753 1.126709 -0.351074 0.139893 -0.333374
-0.091919 -0.319092 1.114502 -0.352905 0.148560 -0.326294
-0.097656 -0.329346 1.108276 -0.350952 0.145142 -0.324829
-0.100342 -0.330688 1.092041 -0.327393 0.140381 -0.325562
-0.093872 -0.346191 1.084839 -0.271729 0.134277 -0.319336
-0.083130 -0.343018 1.073730 -0.192383 0.121094 -0.318848
-0.061279 -0.326294 1.075928 -0.117065 0.107788 -0.328125
-0.040894 -0.314575 1.075684 -0.088257 0.111572 -0.339111
-0.036621 -0.330566 1.054443 -0.113892 0.142456 -0.345825
-0.039551 -0.340576 1.047241 -0.146240 0.177734 -0.348389
-0.040649 -0.357666 1.033813 -0.203369 0.218628 -0.340088
-0.060181 -0.404541 1.004517 -0.271118 0.253296 -0.326050
-0.091187 -0.457764 0.959717 -0.316895 0.266113 -0.309814
-0.100708 -0.477539 0.926025 -0.294067 0.245483 -0.301025
-0.107788 -0.489014 0.920898 -0.245605 0.207153 -0.292236
-0.123291 -0.553467 0.914917 -0.204102 0.166382 -0.274536
-0.102539 -0.568115 0.944214 -0.131836 0.111084 -0.263306
-0.073364 -0.562378 0.969482 -0.071289 0.081543 -0.243774
-0.066040 -0.561401 0.943359 -0.084229 0.090698 -0.220581
-0.055908 -0.556763 0.930542 -0.093994 0.113647 -0.195068
-0.059204 -0.570557 0.918213 -0.157471 0.139771 -0.166626
-0.087646 -0.618530 0.880615 -0.228516 0.160889 -0.130371
-0.102417 -0.663086 0.862183 -0.243164 0.149536 -0.098511
-0.097046 -0.691284 0.866455 -0.211304 0.106079 -0.076294
-0.068237 -0.699463 0.903687 -0.131470 0.057373 -0.065186
-0.057007 -0.711670 0.911987 -0.030273 0.011841 -0.072510
-0.056519 -0.712769 0.898193 0.098511 -0.024780 -0.080933
-0.042358 -0.703003 0.890991 0.194580 -0.060547 -0.080200
-0.027588 -0.694458 0.885498 0.222046 -0.078003 -0.061768
-0.001099 -0.654785 0.879150 0.205811 -0.074951 -0.030396
0.009277 -0.650513 0.863281 0.151611 -0.063354 0.005493
0.020142 -0.635498 0.861328 0.125854 -0.068726 0.025879
0.036255 -0.641113 0.865356 0.135742 -0.080078 0.038452
0.056641 -0.630615 0.874878 0.136475 -0.085083 0.051270
0.079224 -0.624390 0.889038 0.114990 -0.076416 0.069580
0.080322 -0.614258 0.874512 0.098633 -0.065308 0.084595
0.067505 -0.619019 0.851196 0.105713 -0.064087 0.091675
0.063354 -0.629395 0.844116 0.134399 -0.076660 0.096802
0.052979 -0.632324 0.828857 0.170044 -0.098022 0.104248
0.062378 -0.612305 0.825317 0.208740 -0.121094 0.116455
0.075195 -0.584473 0.838501 0.226563 -0.141357 0.129517
0.073242 -0.572998 0.828979 0.225952 -0.155640 0.138672
0.086182 -0.544189 0.845093 0.245850 -0.173584 0.143677
0.096558 -0.520752 0.862061 0.251709 -0.179810 0.158813
0.097168 -0.502075 0.861084 0.230347 -0.164307 0.181763
0.093506 -0.479126 0.853271 0.190796 -0.142334 0.201050
0.081055 -0.464478 0.840210 0.156860 -0.130615 0.212769
0.082642 -0.458984 0.845947 0.135742 -0.128784 0.216187
0.077515 -0.445679 0.852051 0.127441 -0.135620 0.213135
0.069092 -0.441528 0.855713 0.138550 -0.155029 0.196045
0.060059 -0.445801 0.861694 0.175781 -0.195679 0.165283
0.068481 -0.431396 0.878174 0.249390 -0.251831 0.127930
0.069458 -0.435791 0.888550 0.349365 -0.312256 0.086914
0.093018 -0.410889 0.913696 0.489014 -0.379272 0.042847
0.103271 -0.420288 0.943970 0.635742 -0.434082 0.012207
0.120483 -0.417480 1.013916 0.765381 -0.460327 0.000488
0.128906 -0.374268 1.038696 0.797119 -0.447876 0.007813
0.122192 -0.351807 1.041504 0.763428 -0.410278 0.035767
0.143799 -0.286987 1.080322 0.681274 -0.343750 0.093140
0.168457 -0.231323 1.095947 0.473877 -0.234497 0.176270
0.192871 -0.171631 1.091675 0.209839 -0.103271 0.240601
0.199097 -0.149414 1.083374 -0.008545 0.003052 0.270996
0.178833 -0.163696 1.052734 -0.140503 0.074585 0.264038
0.157104 -0.175415 1.019653 -0.170410 0.104126 0.228394
0.156616 -0.184814 1.008301 -0.152588 0.097290 0.179810
0.143311 -0.198486 0.995239 -0.103882 0.088623 0.127441
0.115356 -0.226563 0.975342 -0.065308 0.080688 0.087280
0.098633 -0.240234 0.982910 -0.011230 0.077881 0.065918
0.095459 -0.226318 0.988403 -0.015625 0.095947 0.070190
0.089355 -0.207642 0.979126 -0.057617 0.134644 0.088013
0.094604 -0.177734 0.982178 -0.104614 0.164429 0.093994
