0.045410 -0.291870 1.020874 -0.059082 -0.018311 -0.029175
0.045044 -0.292358 1.011353 -0.061890 -0.007813 -0.026733
0.045898 -0.287109 1.013672 -0.049194 -0.003418 -0.029541
0.041382 -0.279297 1.015381 -0.040649 -0.006958 -0.037231
0.030273 -0.294800 1.006348 -0.047363 -0.010376 -0.042847
0.029785 -0.287964 0.999634 -0.051147 -0.016235 -0.044067
0.035400 -0.273193 1.001953 -0.052979 -0.022583 -0.045044
0.051270 -0.253052 1.010010 -0.057129 -0.023560 -0.051636
0.055176 -0.246948 1.004028 -0.068726 -0.012939 -0.057251
0.044678 -0.253174 0.991943 -0.091187 0.005859 -0.066284
0.034546 -0.268677 0.980957 -0.112671 0.019653 -0.075073
0.031860 -0.272705 0.985474 -0.125977 0.025269 -0.077881
0.020996 -0.289429 0.979736 -0.139648 0.027222 -0.078613
0.005737 -0.313599 0.957031 -0.117554 0.008545 -0.093262
-0.020874 -0.352661 0.939087 -0.051270 -0.041260 -0.122437
-0.024536 -0.376221 0.941162 0.039429 -0.112671 -0.153442
-0.022095 -0.408081 0.984131 0.123535 -0.170044 -0.171875
0.003052 -0.398315 1.048706 0.160278 -0.180908 -0.162720
-0.002441 -0.387817 1.054199 0.081055 -0.126099 -0.118774
-0.018921 -0.377686 1.037598 -0.034668 -0.053955 -0.061279
-0.043579 -0.373779 1.003296 -0.144897 -0.005615 -0.022217
-0.060669 -0.377075 0.994141 -0.192749 -0.001709 -0.010986
-0.048096 -0.353882 1.010010 -0.206909 -0.015625 -0.023804
-0.072266 -0.380249 1.030151 -0.211182 -0.035156 -0.050049
-0.075073 -0.390381 1.057617 -0.096680 -0.038208 -0.054443
-0.087769 -0.387573 1.053711 -0.046143 -0.050781 -0.056519
-0.095825 -0.395874 1.064819 -0.000854 -0.074463 -0.055664
-0.070068 -0.378052 1.077759 0.051880 -0.093384 -0.047485
-0.055176 -0.378418 1.111694 0.073608 -0.087524 -0.029907
-0.049683 -0.379028 1.101318 0.054199 -0.061890 0.001709
-0.048218 -0.374390 1.090088 -0.002075 -0.023071 0.029541
-0.065063 -0.379639 1.067505 -0.044556 0.019409 0.049316
-0.074829 -0.395630 1.036133 -0.058228 0.036865 0.058472
-0.079468 -0.410767 1.030396 -0.047363 0.024902 0.054199
-0.072388 -0.427856 1.031616 0.008667 -0.003784 0.047729
-0.052002 -0.433960 1.047729 0.093018 -0.024658 0.045776
-0.042358 -0.424805 1.038086 0.110474 -0.020264 0.053833
-0.056152 -0.447021 0.989624 0.085205 -0.010742 0.069824
-0.052979 -0.448120 0.984863 0.082520 -0.005493 0.095337
-0.047363 -0.459473 0.961060 0.097778 0.001709 0.135132
-0.032837 -0.455811 0.955200 0.116577 0.001221 0.161865
-0.025146 -0.470337 0.957031 0.128662 0.002808 0.190186
-0.016479 -0.491699 0.941406 0.140015 0.000000 0.219727
-0.002441 -0.489136 0.927246 0.151489 -0.016602 0.242188
0.022095 -0.490112 0.940430 0.171631 -0.038208 0.260498
0.055542 -0.471680 0.956299 0.190918 -0.058350 0.267944
0.065308 -0.470459 0.947510 0.200073 -0.065796 0.275879
0.076050 -0.472656 0.943604 0.222290 -0.076538 0.281494
0.097412 -0.458740 0.949707 0.244507 -0.098022 0.284912
0.115845 -0.442017 0.953369 0.243530 -0.110352 0.296265
0.137817 -0.427124 0.948364 0.230713 -0.113281 0.311157
0.173828 -0.387939 0.944336 0.221680 -0.113525 0.325195
0.183716 -0.380127 0.945435 0.185669 -0.101563 0.335815
0.190063 -0.373779 0.946167 0.141357 -0.085083 0.349121
0.194458 -0.372192 0.936646 0.098755 -0.057251 0.368286
0.192505 -0.374512 0.925171 0.046753 -0.038208 0.377563
0.180908 -0.373535 0.891724 0.027710 -0.042725 0.375244
0.187256 -0.354370 0.875610 0.073608 -0.063599 0.369507
0.188965 -0.334839 0.851196 0.107788 -0.088623 0.366821
0.196899 -0.318481 0.868286 0.170654 -0.112183 0.372681
0.200684 -0.283569 0.866455 0.182617 -0.119873 0.384155
0.213379 -0.254639 0.855225 0.179932 -0.129272 0.392578
0.220825 -0.234375 0.864380 0.131226 -0.126953 0.380249
0.232666 -0.205078 0.892090 0.055786 -0.126587 0.357178
0.242432 -0.200195 0.932739 0.012451 -0.120972 0.340332
0.248291 -0.195435 0.963745 -0.005249 -0.105591 0.331543
0.257446 -0.166138 0.989624 -0.020142 -0.082275 0.323364
0.271362 -0.130493 1.015015 -0.043457 -0.055542 0.303223
0.274902 -0.088501 1.018066 -0.062134 -0.026001 0.267212
0.256592 -0.078247 1.001953 -0.045532 0.001343 0.223999
0.237427 -0.072144 0.992798 -0.027710 0.012085 0.177368
0.232788 -0.067139 1.002808 0.004761 0.016357 0.135864
0.228394 -0.058228 1.007935 0.046753 0.024170 0.102539
0.224487 -0.054443 1.018311 0.076294 0.038086 0.073730
0.214233 -0.033691 1.034302 0.053467 0.060059 0.042725
0.195068 -0.042725 1.035645 -0.072510 0.065186 0.015503
0.182251 -0.033447 1.025513 -0.165039 0.065063 -0.011475
0.182129 -0.021362 1.029907 -0.161987 0.058105 -0.037231
0.182983 -0.005859 1.057983 -0.167358 0.048096 -0.072754
0.185181 0.011475 1.076660 -0.154785 0.048706 -0.112915
0.174683 0.005371 1.087402 -0.180664 0.063721 -0.152954
0.148560 0.000366 1.063843 -0.219116 0.085571 -0.188110
0.136108 0.011597 1.045654 -0.228638 0.096924 -0.222412
0.127319 0.020874 1.045288 -0.227051 0.098511 -0.264526
0.075317 0.003540 1.030762 -0.233398 0.094971 -0.311646
0.059814 0.001099 1.047241 -0.230469 0.078003 -0.348877
0.039307 -0.016846 1.066162 -0.270142 0.070190 -0.369873
0.025757 -0.015015 1.084106 -0.309570 0.070801 -0.385254
0.005249 -0.038208 1.091309 -0.343384 0.065918 -0.391357
-0.014771 -0.052368 1.116211 -0.371460 0.083496 -0.399536
-0.035156 -0.070190 1.131226 -0.434082 0.113037 -0.404541
-0.040405 -0.082397 1.188965 -0.521851 0.137329 -0.415649
-0.070557 -0.152222 1.204956 -0.624634 0.167358 -0.426758
-0.109985 -0.221802 1.214233 -0.665649 0.189209 -0.435303
-0.145752 -0.285278 1.219727 -0.658813 0.214478 -0.424194
-0.180786 -0.332397 1.184570 -0.637207 0.226929 -0.392822
-0.204956 -0.369019 1.140991 -0.590576 0.213989 -0.354004
-0.200684 -0.365723 1.104614 -0.484009 0.176147 -0.319214
-0.186890 -0.354370 1.091187 -0.353271 0.120605 -0.303101
-0.159790 -0.331299 1.091797 -0.223999 0.060913 -0.306519
-0.126709 -0.328003 1.112305 -0.114502 0.020142 -0.318848
-0.098145 -0.332886 1.109619 -0.056274 0.011841 -0.330688
-0.087769 -0.338989 1.095459 -0.044312 0.056641 -0.338135
-0.111572 -0.389771 1.058105 -0.099976 0.112183 -0.322754
-0.131714 -0.421875 1.017700 -0.155884 0.170654 -0.294434
-0.141968 -0.445557 0.978271 -0.222412 0.203735 -0.255005
-0.152466 -0.476318 0.942139 -0.281616 0.212280 -0.217407
-0.162354 -0.504639 0.911987 -0.284180 0.188599 -0.196289
-0.147583 -0.519653 0.904541 -0.211670 0.128540 -0.194336
-0.123047 -0.514282 0.909668 -0.087646 0.051147 -0.209229
-0.094238 -0.504883 0.914795 0.074219 -0.029785 -0.244141
-0.064575 -0.499146 0.937134 0.209351 -0.087646 -0.272705
-0.042603 -0.496826 0.948608 0.243652 -0.088257 -0.269409
-0.038330 -0.499634 0.939209 0.176880 -0.045288 -0.232178
-0.043335 -0.514771 0.922974 0.086060 -0.004150 -0.183838
-0.029541 -0.527710 0.931763 0.010254 0.014038 -0.144653
-0.007813 -0.511108 0.939087 -0.026855 0.031006 -0.112305
0.001221 -0.525146 0.931274 -0.054565 0.049194 -0.088745
0.017212 -0.528931 0.931885 -0.045044 0.053223 -0.083862
0.028442 -0.553345 0.933105 -0.018921 0.040161 -0.095581
0.027222 -0.583130 0.920532 0.037598 0.015381 -0.113281
0.011230 -0.626343 0.895752 0.083130 -0.014282 -0.125977
0.017090 -0.641846 0.899048 0.099365 -0.044922 -0.127686
0.022095 -0.648193 0.894531 0.102173 -0.056641 -0.103516
0.031860 -0.645142 0.900757 0.094116 -0.053955 -0.065063
0.044067 -0.660400 0.895630 0.066528 -0.051880 -0.020508
0.064575 -0.654907 0.894409 0.050537 -0.054199 0.019287
0.087036 -0.641357 0.916016 0.066528 -0.062500 0.041748
0.100342 -0.632446 0.920166 0.080811 -0.064819 0.052002
0.100952 -0.629272 0.912842 0.097900 -0.060547 0.064209
0.109497 -0.615356 0.909546 0.119507 -0.061890 0.075806
0.114380 -0.601807 0.904907 0.129395 -0.065430 0.087280
0.117432 -0.577515 0.905518 0.143188 -0.066162 0.097534
0.114380 -0.565430 0.898682 0.151733 -0.066406 0.112671
0.114502 -0.536743 0.882935 0.169434 -0.072021 0.127808
0.116577 -0.513916 0.882935 0.188354 -0.078247 0.138184
0.119629 -0.491333 0.887451 0.204834 -0.084839 0.144043
0.119019 -0.462891 0.876587 0.220947 -0.090820 0.147583
0.124023 -0.439819 0.891479 0.236206 -0.106445 0.135132
0.119141 -0.434204 0.908325 0.247803 -0.125366 0.115601
0.115356 -0.420776 0.922485 0.271484 -0.140869 0.103394
0.110840 -0.408081 0.948730 0.291870 -0.153198 0.094482
0.106079 -0.402710 0.961060 0.307617 -0.167847 0.088623
0.104248 -0.369629 0.971069 0.321899 -0.185913 0.089111
0.102905 -0.352661 0.962769 0.315796 -0.187378 0.103638
0.104858 -0.331909 0.976929 0.298218 -0.181030 0.126343
0.117188 -0.305908 1.000854 0.262085 -0.160400 0.159668
0.143311 -0.260010 1.012939 0.200195 -0.119629 0.196655
0.157227 -0.215576 1.023193 0.120117 -0.058228 0.222778
0.146973 -0.194214 1.012695 0.046753 0.002441 0.220825
