0.055054 -0.307129 1.032959 -0.047241 -0.039429 -0.026489
0.060791 -0.298828 1.023193 -0.046631 -0.027710 -0.034546
0.054688 -0.297119 0.999756 -0.030151 -0.017944 -0.043579
0.054321 -0.294067 1.005493 -0.009033 -0.019775 -0.052246
0.060913 -0.290405 1.011963 -0.010376 -0.011108 -0.050415
0.059937 -0.266357 1.005493 -0.045044 0.007324 -0.044434
0.057617 -0.252075 1.000366 -0.045166 0.022705 -0.041260
0.055542 -0.233276 0.989502 -0.062622 0.023682 -0.058472
0.050293 -0.222290 0.977295 -0.051880 0.016724 -0.087158
0.047241 -0.215332 0.983276 -0.018677 -0.005005 -0.117554
0.054565 -0.208252 1.007935 -0.001953 -0.024536 -0.145996
0.048340 -0.214233 1.018799 -0.011841 -0.030029 -0.173462
0.038330 -0.212158 1.013184 -0.011475 -0.029907 -0.198120
0.021362 -0.211426 1.028320 -0.025513 -0.026245 -0.217529
0.001465 -0.230225 1.045532 -0.087891 -0.010132 -0.221924
-0.034790 -0.275757 1.060059 -0.170044 0.022827 -0.206421
-0.069092 -0.321655 1.047119 -0.241943 0.053467 -0.181763
-0.092407 -0.358032 1.043701 -0.291992 0.063599 -0.156616
-0.104980 -0.390137 1.048828 -0.294800 0.054810 -0.141724
-0.121094 -0.438965 1.053955 -0.258911 0.036743 -0.131470
-0.126709 -0.463623 1.062134 -0.191284 0.012329 -0.128052
-0.131348 -0.489380 1.057617 -0.118042 -0.005615 -0.119263
-0.124634 -0.497559 1.062500 -0.064453 -0.019653 -0.104614
-0.120239 -0.493408 1.059937 -0.085938 -0.029663 -0.086792
-0.131470 -0.530884 1.056763 -0.100586 -0.029541 -0.061279
-0.129150 -0.534424 1.028687 -0.034302 -0.029907 -0.032349
-0.134888 -0.542725 0.992065 0.018066 -0.035400 -0.004883
-0.124390 -0.530273 1.000977 0.050049 -0.050659 0.021118
-0.101196 -0.508667 0.991211 0.057983 -0.061401 0.042236
-0.099731 -0.515259 0.972412 0.097900 -0.070313 0.060669
-0.084839 -0.509277 0.966797 0.165405 -0.089966 0.070557
-0.081787 -0.519165 0.957275 0.222534 -0.113159 0.088257
-0.062988 -0.514648 0.975098 0.268188 -0.118652 0.111816
-0.037720 -0.494141 0.982300 0.283569 -0.129150 0.143433
-0.005615 -0.453247 0.981323 0.265625 -0.128784 0.170044
0.028320 -0.420288 0.997803 0.257935 -0.118042 0.187378
0.045654 -0.402466 0.990967 0.231812 -0.101563 0.197388
0.050049 -0.398560 0.973633 0.217163 -0.087646 0.205200
0.048584 -0.400635 0.963013 0.225952 -0.079590 0.215210
0.064087 -0.380981 0.965698 0.236450 -0.084961 0.227905
0.097412 -0.348022 0.980713 0.242188 -0.094727 0.237671
0.127930 -0.313232 0.982788 0.245728 -0.089355 0.245239
0.127686 -0.312012 0.962036 0.258911 -0.072144 0.245850
0.130859 -0.315430 0.952148 0.262085 -0.064575 0.234009
0.139526 -0.322510 0.950073 0.274048 -0.067139 0.219604
0.141968 -0.329468 0.953857 0.247803 -0.057617 0.207153
0.137451 -0.331055 0.930298 0.198608 -0.046631 0.206543
0.133789 -0.331787 0.909912 0.162598 -0.032837 0.219116
0.131348 -0.343018 0.902710 0.126465 -0.039185 0.233398
0.135498 -0.345337 0.906982 0.125732 -0.054565 0.246948
0.156372 -0.332397 0.916260 0.157959 -0.080444 0.258789
0.169556 -0.301392 0.906982 0.168457 -0.096313 0.262207
0.193481 -0.286499 0.919067 0.206299 -0.106079 0.270874
0.202881 -0.266479 0.930664 0.209229 -0.103882 0.268188
0.211792 -0.255249 0.936523 0.203369 -0.092896 0.263062
0.227051 -0.229980 0.951416 0.163086 -0.080688 0.255127
0.229980 -0.223999 0.961792 0.097412 -0.059082 0.247192
0.223511 -0.226929 0.967285 0.039917 -0.034668 0.236328
0.215820 -0.233643 0.981079 -0.007568 -0.019775 0.224609
0.219604 -0.220581 0.996582 -0.031250 -0.010376 0.219238
0.212158 -0.217041 0.989258 -0.042847 0.001099 0.211914
0.211426 -0.201050 0.979980 -0.030396 -0.000366 0.194824
0.222412 -0.168457 0.984375 0.008545 -0.009521 0.170654
0.223877 -0.144287 0.976196 0.030151 -0.015503 0.136719
0.226196 -0.131470 0.976807 0.062012 -0.015503 0.100098
0.222656 -0.119141 0.985107 0.067505 -0.004395 0.067383
0.213257 -0.121460 0.997437 0.055542 0.014893 0.042114
0.216309 -0.108032 1.020630 0.037231 0.039673 0.021973
0.205078 -0.104248 1.029785 -0.006714 0.077026 0.009155
0.184937 -0.101196 1.016113 -0.053467 0.110840 -0.003784
0.180542 -0.091797 1.039795 -0.091309 0.119629 -0.014038
0.166626 -0.096313 1.043579 -0.193726 0.100708 -0.021362
0.160034 -0.081787 1.042725 -0.234131 0.085815 -0.020386
0.148682 -0.065186 1.010498 -0.249268 0.080444 -0.031982
0.138916 -0.026733 1.001587 -0.228271 0.073853 -0.063721
0.127319 0.000610 1.005615 -0.193848 0.057007 -0.102905
0.134644 0.035278 1.006958 -0.195435 0.048950 -0.148438
0.117676 0.050415 1.010864 -0.222168 0.064941 -0.201904
0.090820 0.048218 1.021851 -0.253296 0.082642 -0.251465
0.049316 0.025757 1.012207 -0.292236 0.091187 -0.296753
-0.004761 -0.021484 1.002686 -0.317505 0.092285 -0.330566
-0.034058 -0.055786 1.018433 -0.299683 0.087769 -0.345337
-0.066650 -0.085815 1.030151 -0.321899 0.088989 -0.343628
-0.094482 -0.111938 1.048462 -0.350708 0.083496 -0.336670
-0.106201 -0.123169 1.081665 -0.367432 0.081055 -0.329834
-0.131836 -0.150391 1.082031 -0.372925 0.089355 -0.331055
-0.160889 -0.184937 1.071777 -0.355347 0.078125 -0.337891
-0.175293 -0.233276 1.088989 -0.319336 0.054565 -0.338989
-0.175659 -0.270386 1.130493 -0.287354 0.033936 -0.332642
-0.181641 -0.303711 1.133301 -0.265991 0.026001 -0.317139
-0.192993 -0.322144 1.125366 -0.260376 0.023438 -0.293823
-0.177368 -0.322266 1.133911 -0.252075 0.015137 -0.263794
-0.147095 -0.301025 1.132935 -0.256348 0.015015 -0.236206
-0.123413 -0.279175 1.128174 -0.263184 0.029907 -0.221191
-0.108398 -0.275024 1.109863 -0.268066 0.047974 -0.215332
-0.102539 -0.293579 1.099365 -0.268066 0.069336 -0.211548
-0.085571 -0.294434 1.086792 -0.228149 0.083740 -0.204346
-0.084473 -0.311890 1.057739 -0.185913 0.086426 -0.205322
-0.075684 -0.343384 1.046265 -0.147949 0.069824 -0.213135
-0.067871 -0.378784 1.049927 -0.134644 0.050537 -0.217651
-0.050537 -0.388916 1.055786 -0.118652 0.051270 -0.210205
-0.043457 -0.401001 1.024048 -0.150757 0.065796 -0.194702
-0.045288 -0.427368 1.004395 -0.186157 0.082275 -0.174683
-0.038452 -0.437012 0.985474 -0.224854 0.094849 -0.154785
-0.038208 -0.456543 0.960938 -0.245728 0.102539 -0.139038
-0.040039 -0.481934 0.938965 -0.249268 0.089233 -0.130615
-0.045532 -0.514282 0.920288 -0.214111 0.060059 -0.131348
-0.026978 -0.533936 0.926392 -0.132202 0.011108 -0.136230
0.005981 -0.520508 0.959961 -0.080322 -0.027710 -0.141357
0.019775 -0.520264 0.965820 -0.070313 -0.026733 -0.137329
0.022095 -0.524414 0.963257 -0.094971 0.003296 -0.116699
0.013428 -0.538452 0.923828 -0.128052 0.031860 -0.083130
0.020386 -0.517822 0.911987 -0.134888 0.038452 -0.057495
0.022461 -0.509888 0.878784 -0.120361 0.024292 -0.046021
0.040405 -0.515503 0.903076 -0.057495 -0.010742 -0.052612
0.050049 -0.533569 0.920776 0.018433 -0.032837 -0.062744
0.039551 -0.584473 0.921875 0.063599 -0.033203 -0.062134
0.018921 -0.654053 0.916870 0.072021 -0.023926 -0.052490
0.002441 -0.686890 0.929321 0.019775 -0.015991 -0.037231
-0.008057 -0.708252 0.917969 -0.023560 -0.010010 0.004395
0.016479 -0.667480 0.918457 -0.012573 -0.013672 0.051270
0.057739 -0.611938 0.933228 0.007324 -0.016235 0.085693
0.076172 -0.598755 0.941162 0.016846 -0.002319 0.104736
0.076538 -0.592896 0.921997 0.028931 0.012451 0.112671
0.076050 -0.569824 0.884277 0.036865 0.011108 0.113770
0.079346 -0.543457 0.870972 0.068115 -0.009888 0.113159
0.099365 -0.502441 0.882690 0.102661 -0.040405 0.107300
0.114014 -0.487061 0.910767 0.129272 -0.056152 0.105103
0.116699 -0.474609 0.914917 0.139648 -0.062256 0.101685
0.112671 -0.456055 0.915039 0.160645 -0.066406 0.093018
0.100952 -0.444458 0.903931 0.176392 -0.073242 0.080200
0.088867 -0.442139 0.901245 0.197266 -0.092773 0.069580
0.098511 -0.411255 0.927734 0.211914 -0.109741 0.060425
0.097778 -0.404297 0.943115 0.189087 -0.105469 0.060181
0.085327 -0.397217 0.946045 0.152100 -0.089355 0.062378
0.060425 -0.419434 0.947510 0.110229 -0.067383 0.071655
0.052979 -0.406128 0.950195 0.074585 -0.058838 0.081299
0.042480 -0.401611 0.940674 0.055542 -0.063110 0.092773
0.046021 -0.382080 0.953857 0.056641 -0.078979 0.097778
0.063232 -0.344482 0.977905 0.064697 -0.089844 0.096191
0.078613 -0.314331 0.998535 0.058472 -0.079468 0.095581
0.072510 -0.304077 0.985474 0.034058 -0.054565 0.097778
0.060913 -0.298340 0.969360 0.013184 -0.032227 0.093506
0.060913 -0.295044 0.960449 -0.002808 -0.016113 0.086914
0.061279 -0.283691 0.949463 -0.024658 0.005859 0.078491
0.052490 -0.286011 0.932983 -0.057739 0.034668 0.066040
0.038086 -0.302124 0.941528 -0.102661 0.058105 0.056396
0.015747 -0.317261 0.948242 -0.132324 0.074829 0.058960
0.002686 -0.316040 0.955444 -0.142212 0.074341 0.061646
0.004150 -0.299194 0.974365 -0.128784 0.062378 0.060547
