-0.036987 -0.410645 1.006470 -0.143188 -0.030640 -0.075684
-0.027100 -0.410156 1.029053 -0.155029 -0.038574 -0.073853
-0.041992 -0.411133 1.042725 -0.254028 -0.039063 -0.079956
-0.039063 -0.405884 1.064819 -0.177979 -0.033203 -0.065796
-0.046875 -0.407349 1.048828 -0.066650 -0.021606 -0.058716
-0.050415 -0.394165 1.053345 -0.011597 -0.015625 -0.067261
-0.064209 -0.404907 1.038086 0.020874 -0.008667 -0.070679
-0.074829 -0.412842 1.020508 0.026123 -0.005371 -0.069458
-0.070923 -0.418701 1.022583 0.025635 0.004028 -0.062012
-0.084106 -0.422852 0.988159 -0.023560 0.026367 -0.050903
-0.104492 -0.449341 0.957397 -0.032593 0.033813 -0.047363
-0.116699 -0.472168 0.940918 0.005859 0.012939 -0.061646
-0.119873 -0.496704 0.939209 0.046997 -0.020386 -0.076050
-0.123779 -0.537231 0.943970 0.090820 -0.045044 -0.078857
-0.126343 -0.553345 0.927368 0.114746 -0.057617 -0.062744
-0.115356 -0.570679 0.927246 0.108765 -0.064575 -0.029175
-0.101440 -0.575562 0.923584 0.084961 -0.060303 0.009155
-0.091675 -0.584595 0.912476 0.072876 -0.044434 0.049438
-0.087158 -0.603027 0.910767 0.085205 -0.044434 0.082275
-0.080444 -0.614136 0.911499 0.111816 -0.048340 0.107422
-0.065552 -0.622192 0.913696 0.139160 -0.057861 0.128540
-0.047607 -0.629028 0.918457 0.174927 -0.071045 0.151001
-0.041016 -0.644653 0.913940 0.211792 -0.082642 0.176270
-0.023071 -0.650024 0.904419 0.247314 -0.099609 0.198730
0.003418 -0.616211 0.911377 0.293091 -0.114014 0.220581
0.023193 -0.596069 0.909546 0.313599 -0.113525 0.252808
0.054199 -0.566162 0.909912 0.322632 -0.117676 0.277588
0.090332 -0.528687 0.906982 0.324585 -0.127930 0.281738
0.110596 -0.509033 0.903564 0.314209 -0.130249 0.276123
0.118042 -0.515015 0.909180 0.304810 -0.129761 0.272217
0.123169 -0.519531 0.914673 0.285400 -0.134033 0.273560
0.136719 -0.500854 0.917603 0.286987 -0.130615 0.280151
0.151855 -0.488403 0.925537 0.287109 -0.120605 0.289917
0.156860 -0.443848 0.900757 0.285156 -0.095947 0.297241
0.142212 -0.432495 0.872681 0.277588 -0.079468 0.321899
0.149292 -0.409058 0.858887 0.275513 -0.094727 0.359863
0.159302 -0.390869 0.860474 0.291626 -0.111694 0.374634
0.184082 -0.362305 0.885376 0.307739 -0.131714 0.372559
0.207520 -0.320068 0.909912 0.290161 -0.146240 0.356689
0.204224 -0.312012 0.915771 0.246460 -0.138672 0.338745
0.210571 -0.289185 0.915894 0.236206 -0.138184 0.325195
0.217285 -0.270020 0.920776 0.262817 -0.142578 0.316528
0.217529 -0.267578 0.926147 0.311523 -0.134644 0.311157
0.223633 -0.257690 0.950073 0.304077 -0.125732 0.298462
0.231323 -0.233887 0.972900 0.236328 -0.114258 0.283569
0.231445 -0.231079 0.986572 0.143555 -0.088745 0.271851
0.228394 -0.224731 0.995972 0.080078 -0.064697 0.259277
0.228638 -0.214722 1.016235 0.049316 -0.048584 0.242554
0.211792 -0.212891 1.005249 0.010010 -0.030518 0.221313
0.209351 -0.194580 1.011353 0.007935 -0.026611 0.195068
0.209229 -0.160034 1.018799 0.009766 -0.027832 0.157959
0.200317 -0.142334 1.021973 0.022217 -0.025146 0.125488
0.184814 -0.137085 1.018066 0.038940 -0.019043 0.099121
0.181274 -0.107544 1.022705 0.044312 -0.014282 0.069824
0.176514 -0.073364 1.018677 0.032837 -0.000854 0.041260
0.159058 -0.055420 1.022217 0.007935 0.021606 0.011597
0.142700 -0.043335 1.017090 -0.010132 0.039429 -0.012695
0.126831 -0.031250 1.022339 -0.029663 0.058716 -0.038086
0.110352 -0.025513 1.027100 -0.071411 0.080811 -0.071289
0.093872 -0.014282 1.020508 -0.105713 0.091309 -0.106567
0.057251 -0.017212 0.991333 -0.116943 0.089966 -0.145020
0.032104 -0.022949 0.985229 -0.092651 0.070923 -0.178711
0.022095 -0.014160 0.990234 -0.080688 0.043335 -0.213379
0.019897 -0.004883 0.975586 -0.072510 0.020386 -0.241699
0.027222 0.015869 0.969360 -0.063721 -0.004517 -0.274170
0.035034 0.035645 0.988159 -0.066040 -0.020508 -0.315918
0.018311 0.015259 1.005005 -0.097778 -0.020386 -0.354858
0.008667 0.008057 1.031982 -0.146362 -0.010132 -0.371460
-0.019043 -0.023560 1.060303 -0.266113 0.016113 -0.378296
-0.036743 -0.046509 1.079834 -0.415649 0.050659 -0.378906
-0.044312 -0.068481 1.128540 -0.523315 0.075439 -0.371948
-0.047974 -0.116333 1.172485 -0.592529 0.101440 -0.363403
-0.054199 -0.177612 1.205322 -0.651978 0.135254 -0.359497
-0.058838 -0.218506 1.237671 -0.698853 0.176636 -0.354248
-0.070068 -0.252686 1.231323 -0.760742 0.227173 -0.343750
-0.093994 -0.307129 1.222656 -0.808228 0.253052 -0.330688
-0.092407 -0.325806 1.208374 -0.758179 0.212402 -0.312500
-0.115356 -0.369141 1.169556 -0.673462 0.185547 -0.315674
-0.122925 -0.391602 1.119629 -0.493408 0.137573 -0.323486
-0.090454 -0.371338 1.113037 -0.282471 0.069214 -0.331665
-0.047241 -0.341187 1.116333 -0.191772 0.053467 -0.333984
-0.042480 -0.362305 1.100708 -0.252319 0.105347 -0.326172
-0.066162 -0.406738 1.052002 -0.346436 0.181885 -0.311646
-0.097168 -0.464111 0.992310 -0.403687 0.242798 -0.296631
-0.116455 -0.504883 0.952515 -0.423828 0.270508 -0.284912
-0.127197 -0.544189 0.923706 -0.354736 0.255981 -0.272461
-0.145630 -0.583374 0.898438 -0.241089 0.220093 -0.267212
-0.153442 -0.608643 0.891113 -0.133179 0.162354 -0.255737
-0.149414 -0.620483 0.889648 -0.048828 0.093140 -0.237183
-0.126953 -0.611084 0.879272 0.027100 0.033813 -0.214600
-0.081909 -0.571777 0.888550 0.112915 -0.014893 -0.196289
-0.053345 -0.537964 0.872681 0.151245 -0.041382 -0.186890
-0.021851 -0.513428 0.872559 0.150024 -0.048218 -0.178345
-0.018555 -0.511719 0.871338 0.098022 -0.037109 -0.167358
-0.011230 -0.510742 0.866211 0.042236 -0.026978 -0.156982
0.000854 -0.505371 0.867920 0.019775 -0.025513 -0.149780
0.003906 -0.541138 0.871216 -0.000122 -0.022583 -0.139771
0.003418 -0.589844 0.870605 -0.013672 -0.015625 -0.126343
-0.000122 -0.647827 0.870361 -0.020996 0.000732 -0.102295
-0.020020 -0.696899 0.854858 -0.056396 0.014771 -0.064453
-0.017334 -0.725342 0.855591 -0.094727 0.020630 -0.010010
-0.001099 -0.748169 0.875610 -0.123047 0.027588 0.047974
0.004395 -0.776978 0.877197 -0.126587 0.022095 0.087891
0.005981 -0.791382 0.864380 -0.055054 -0.004761 0.104126
0.025635 -0.776001 0.872925 0.047729 -0.043701 0.107788
0.036499 -0.765991 0.888306 0.135132 -0.074585 0.111694
0.042358 -0.750854 0.900269 0.191895 -0.094482 0.120972
0.052368 -0.721313 0.897461 0.210693 -0.101685 0.137817
0.050049 -0.692017 0.885620 0.220459 -0.105591 0.158447
0.047729 -0.672607 0.884155 0.226563 -0.116577 0.176636
0.055054 -0.638794 0.885864 0.236328 -0.139526 0.188110
0.065308 -0.607422 0.877441 0.238892 -0.159912 0.199463
0.076904 -0.565308 0.876221 0.246094 -0.173340 0.206909
0.097412 -0.513916 0.890625 0.258545 -0.179199 0.207520
0.103271 -0.486816 0.907104 0.230835 -0.169312 0.212280
0.093750 -0.483032 0.915283 0.186646 -0.155762 0.213379
0.083984 -0.465576 0.911865 0.169067 -0.151855 0.211670
0.078369 -0.446045 0.894897 0.187744 -0.161133 0.209473
0.096924 -0.398071 0.914063 0.242798 -0.176392 0.202759
0.108765 -0.383545 0.947510 0.253174 -0.169678 0.204346
0.097778 -0.376221 0.949829 0.201050 -0.143677 0.207520
0.097656 -0.364746 0.955322 0.162109 -0.127441 0.205688
0.095825 -0.353271 0.970459 0.137817 -0.121460 0.194092
0.080200 -0.341797 0.953735 0.143921 -0.129150 0.176270
0.075073 -0.332764 0.952393 0.198486 -0.157837 0.145996
0.075562 -0.320679 0.969116 0.269653 -0.188599 0.117188
0.078003 -0.317139 1.002441 0.318604 -0.206299 0.099976
0.093506 -0.281006 1.033203 0.336914 -0.203369 0.103760
0.107422 -0.251465 1.036255 0.293579 -0.168823 0.122681
0.126831 -0.202271 1.059570 0.228516 -0.116455 0.138916
0.133545 -0.174072 1.075195 0.126953 -0.048706 0.147827
0.136475 -0.151733 1.075562 0.009155 0.020508 0.148560
0.117676 -0.152954 1.065063 -0.075928 0.083618 0.145264
0.096558 -0.153687 1.020142 -0.121948 0.124878 0.130371
0.070801 -0.173462 0.997192 -0.115479 0.142212 0.111084
0.047729 -0.184570 0.979736 -0.068848 0.129883 0.085693
0.044434 -0.172974 0.976807 -0.005981 0.100220 0.055176
0.052490 -0.154297 0.983521 0.046509 0.076538 0.025635
0.060913 -0.130127 0.997681 0.068726 0.064819 -0.000977
0.066895 -0.108276 0.991089 0.032349 0.075562 -0.025879
0.052124 -0.128418 0.977661 -0.022217 0.091919 -0.046509
0.072266 -0.095581 1.004883 -0.006592 0.097046 -0.067871
0.059570 -0.105835 1.012451 -0.056641 0.115723 -0.094116
0.040039 -0.115967 1.000366 -0.130371 0.143066 -0.124756
0.016968 -0.138184 0.989502 -0.190796 0.165039 -0.146729
0.013916 -0.153076 0.994019 -0.250244 0.178833 -0.155151
0.005981 -0.162598 0.998779 -0.278076 0.187988 -0.157959
0.005859 -0.193359 1.007446 -0.260376 0.183960 -0.169434
0.008789 -0.218872 1.025269 -0.214844 0.165405 -0.192017
0.022949 -0.228638 1.063599 -0.161621 0.152100 -0.208984
