0.043213 -0.307861 1.007202 -0.064697 0.005249 -0.044922
0.038696 -0.310669 1.006958 -0.061035 0.005249 -0.050293
0.040161 -0.311401 1.011963 -0.055908 0.000977 -0.059204
0.037354 -0.304565 0.999634 -0.049072 -0.002930 -0.068481
0.036865 -0.306641 1.000244 -0.047363 -0.008301 -0.074463
0.027222 -0.308838 0.980469 -0.049805 -0.012573 -0.077515
0.047485 -0.283447 1.017334 -0.033936 -0.010498 -0.081055
0.045410 -0.288330 1.008545 -0.055786 -0.007813 -0.077637
0.046265 -0.279785 1.011963 -0.061646 0.001221 -0.078125
0.047119 -0.298462 1.009766 -0.085938 0.012207 -0.074585
0.039307 -0.309692 1.003174 -0.124634 0.026001 -0.066528
0.027344 -0.323364 0.989990 -0.165283 0.037109 -0.056885
0.024048 -0.316772 0.979004 -0.189819 0.038696 -0.057739
0.022095 -0.311768 0.973999 -0.195313 0.030273 -0.062256
0.016846 -0.309204 0.967041 -0.186646 0.012085 -0.075439
0.010010 -0.319580 0.957153 -0.165405 -0.015015 -0.101074
0.010376 -0.313721 0.968872 -0.144897 -0.050049 -0.131836
0.022583 -0.308350 0.989624 -0.124390 -0.077515 -0.158203
0.023682 -0.319824 1.013428 -0.114380 -0.088623 -0.181519
0.021606 -0.336304 1.019409 -0.121826 -0.084839 -0.189087
0.018311 -0.332642 1.022705 -0.137695 -0.073853 -0.181763
0.004883 -0.364990 1.012573 -0.159302 -0.057495 -0.166504
-0.009277 -0.394897 0.997070 -0.160156 -0.049683 -0.155884
-0.009155 -0.409180 1.005615 -0.112793 -0.060425 -0.151367
-0.018066 -0.413940 1.000610 -0.078857 -0.079468 -0.153931
-0.020996 -0.402466 0.998779 -0.078735 -0.109863 -0.160889
-0.016602 -0.421143 1.025879 -0.067383 -0.134644 -0.171509
-0.009766 -0.443359 1.054077 -0.052856 -0.146118 -0.176758
-0.003540 -0.444824 1.069702 -0.032593 -0.139160 -0.169678
-0.006958 -0.458374 1.061523 -0.014038 -0.116333 -0.151855
0.011719 -0.453735 1.090210 0.041748 -0.086304 -0.125366
-0.000244 -0.449463 1.070313 0.006592 -0.052856 -0.090332
-0.009644 -0.450562 1.046753 0.003296 -0.029175 -0.058594
-0.016724 -0.427002 1.025269 0.022705 -0.018188 -0.026367
-0.002808 -0.438721 1.042236 0.064453 -0.016357 0.017334
0.013184 -0.416504 1.032227 0.096069 -0.029663 0.036133
0.010254 -0.446411 1.035767 0.144043 -0.016113 0.063232
0.009521 -0.454224 1.030518 0.221558 -0.007202 0.082153
0.008911 -0.442627 1.031982 0.265869 -0.005981 0.094238
0.014893 -0.429321 1.040161 0.311035 0.021362 0.117798
0.022095 -0.413452 1.046387 0.359741 0.057495 0.143066
0.021362 -0.433350 1.029907 0.366699 0.080200 0.158569
-0.032227 -0.494141 0.926025 0.352905 0.083252 0.166382
0.021606 -0.448364 1.051636 0.450928 0.086670 0.172241
0.013672 -0.490356 1.007324 0.387085 0.082397 0.194336
0.024658 -0.487427 0.984009 0.322144 0.065308 0.216919
0.024658 -0.505737 0.972534 0.268799 0.052856 0.251831
0.033813 -0.511475 0.958984 0.217651 0.037231 0.288574
0.052856 -0.506470 0.964600 0.186279 0.016357 0.322144
0.077393 -0.498291 0.969849 0.169556 0.000122 0.359497
0.103882 -0.482422 0.986572 0.169312 -0.002930 0.400024
0.123413 -0.444336 1.013672 0.187622 0.009644 0.428589
0.139648 -0.388306 1.001099 0.212402 0.033569 0.431763
0.126221 -0.386353 0.969971 0.244507 0.049683 0.434448
0.112549 -0.383423 0.941650 0.316406 0.042114 0.433350
0.114502 -0.368530 0.927734 0.382568 0.009033 0.426392
0.143311 -0.327515 0.951538 0.404175 -0.033936 0.419678
0.168823 -0.293945 0.979858 0.384888 -0.054565 0.414185
0.186401 -0.278076 0.996582 0.339600 -0.048828 0.409180
0.187134 -0.258545 0.994873 0.269409 -0.037109 0.401367
0.186646 -0.247681 0.986328 0.211548 -0.031616 0.398315
0.186279 -0.226318 0.984497 0.196899 -0.032593 0.396118
0.190674 -0.197754 0.993652 0.206421 -0.033813 0.382935
0.181396 -0.186523 0.980103 0.201416 -0.033325 0.355347
0.159790 -0.193726 0.963623 0.186035 -0.041504 0.322998
0.147217 -0.191162 0.947510 0.171631 -0.058960 0.302368
0.135986 -0.194214 0.941650 0.159546 -0.079834 0.296143
0.141846 -0.167603 0.933716 0.135498 -0.093262 0.297607
0.143433 -0.149414 0.931641 0.096069 -0.101929 0.292969
0.147217 -0.137329 0.932007 0.059448 -0.104004 0.297119
0.148560 -0.131104 0.928467 0.028320 -0.099487 0.293457
0.129150 -0.143921 0.906738 -0.007324 -0.096069 0.285889
0.113159 -0.142456 0.891113 -0.018433 -0.105835 0.273193
0.099731 -0.140503 0.867676 -0.025757 -0.135620 0.261841
0.093262 -0.115356 0.830933 -0.009399 -0.187744 0.234497
0.078247 -0.113525 0.816650 0.066895 -0.268188 0.187134
0.089233 -0.095825 0.836670 0.201660 -0.384766 0.108643
0.130859 -0.075684 0.911865 0.321411 -0.483398 0.038696
0.178101 -0.060791 1.008301 0.327148 -0.506836 0.011841
0.209106 -0.046509 1.079346 0.222412 -0.439453 0.035889
0.226563 -0.019531 1.098145 0.055786 -0.312378 0.088379
0.220459 0.014648 1.071899 -0.114990 -0.180420 0.137085
0.202271 0.038818 1.026489 -0.238037 -0.090332 0.156372
0.179688 0.039063 0.989746 -0.276001 -0.054077 0.142090
0.173828 0.054077 0.966553 -0.262939 -0.069702 0.103394
0.177734 0.069946 0.988892 -0.228516 -0.104248 0.050537
0.186890 0.062134 1.013672 -0.203247 -0.129639 0.001465
0.193115 0.059570 1.051147 -0.195557 -0.135742 -0.044678
0.202026 0.064941 1.071655 -0.217041 -0.121582 -0.078003
0.200928 0.071655 1.064575 -0.281006 -0.084473 -0.099854
0.185059 0.058105 1.060303 -0.329712 -0.047607 -0.119019
0.175537 0.050659 1.085571 -0.363525 -0.019043 -0.139160
0.166992 0.053955 1.093018 -0.402344 0.011475 -0.159790
0.154297 0.028198 1.095215 -0.450195 0.047729 -0.180786
0.127563 0.005005 1.088013 -0.517700 0.083252 -0.199585
0.100830 -0.026611 1.077881 -0.571167 0.113770 -0.211304
0.088379 -0.032837 1.071533 -0.614136 0.127686 -0.229370
0.061035 0.004883 1.084106 -0.640869 0.127686 -0.284668
0.083252 -0.024536 1.111572 -0.671387 0.117676 -0.325195
0.078857 -0.057007 1.137207 -0.695923 0.123291 -0.371582
0.060303 -0.120361 1.145508 -0.716309 0.133301 -0.410400
0.049683 -0.152344 1.142944 -0.708740 0.136230 -0.431152
0.024048 -0.219360 1.138184 -0.679199 0.132690 -0.435181
0.003174 -0.323975 1.171265 -0.560669 0.126221 -0.410522
-0.003296 -0.395142 1.203247 -0.444458 0.084961 -0.372559
0.002563 -0.420532 1.226196 -0.377319 0.058228 -0.326782
0.029785 -0.392456 1.267822 -0.276245 0.049927 -0.291626
0.053955 -0.348389 1.264648 -0.209717 0.062988 -0.272461
0.064331 -0.312134 1.236694 -0.156860 0.102173 -0.264404
0.067505 -0.283569 1.197876 -0.154053 0.142212 -0.267212
0.066162 -0.254517 1.153198 -0.177002 0.178345 -0.283325
0.068359 -0.236206 1.092285 -0.222046 0.197998 -0.305542
0.068848 -0.210693 1.052246 -0.295532 0.198975 -0.341431
0.020752 -0.321655 0.994019 -0.347168 0.196899 -0.364502
-0.035278 -0.437134 0.932251 -0.285889 0.176147 -0.352051
-0.045166 -0.445313 0.917114 -0.163330 0.109009 -0.316284
-0.014282 -0.437378 0.950684 -0.053711 0.039063 -0.268677
0.023560 -0.383301 0.985718 -0.042114 -0.004761 -0.245728
0.056519 -0.364868 1.012817 -0.078613 -0.004639 -0.224731
0.067017 -0.360718 1.032104 -0.113647 0.027954 -0.215576
0.063843 -0.346680 0.991089 -0.133179 0.074463 -0.217896
0.031372 -0.411011 0.951172 -0.150269 0.106689 -0.215332
0.000000 -0.476807 0.933838 -0.148560 0.108398 -0.192627
-0.012329 -0.509155 0.929077 -0.129639 0.081787 -0.155884
0.011841 -0.504517 0.944458 -0.072632 0.046631 -0.131104
0.015381 -0.487183 0.932861 -0.058228 0.006470 -0.132690
0.037964 -0.463745 0.927246 -0.017090 -0.034668 -0.147217
0.048340 -0.432251 0.936157 0.017212 -0.062378 -0.158325
0.051636 -0.458618 0.951294 0.029907 -0.062988 -0.148560
0.041138 -0.483154 0.943481 0.028564 -0.045410 -0.124390
0.047729 -0.496216 0.955078 0.037109 -0.022827 -0.094971
0.055786 -0.497314 0.938354 -0.028809 -0.008057 -0.065918
0.066772 -0.489746 0.948975 -0.044922 0.004028 -0.041382
0.073975 -0.496460 0.949951 -0.041992 0.010132 -0.025146
0.080933 -0.491699 0.953003 -0.011719 -0.000732 -0.029297
0.095337 -0.482544 0.962524 0.030884 -0.016113 -0.042358
0.105347 -0.492554 0.957153 0.050537 -0.019653 -0.058350
0.107666 -0.508423 0.959595 0.053101 -0.012817 -0.066284
0.111816 -0.520508 0.957642 0.040161 0.002441 -0.061646
0.107300 -0.515503 0.931396 0.019531 0.022949 -0.047607
0.098755 -0.510376 0.903564 0.006958 0.036621 -0.026978
0.096069 -0.514526 0.890137 0.006226 0.031494 -0.012573
0.102539 -0.511719 0.880005 0.022095 0.012085 -0.008667
0.110962 -0.513916 0.885498 0.044556 -0.008423 -0.004150
0.118042 -0.519043 0.897217 0.051270 -0.019897 -0.003784
0.115356 -0.518433 0.894531 0.046875 -0.019287 0.005249
0.116211 -0.517090 0.891602 0.038330 -0.015625 0.022949
0.117065 -0.516357 0.882080 0.023071 -0.011475 0.034790
0.111572 -0.515991 0.872925 0.007568 -0.015259 0.045044
0.107300 -0.520874 0.873779 0.006348 -0.025146 0.053223
