0.050659 -0.339478 0.980347 -0.024292 0.035156 -0.052734
0.050659 -0.337158 0.989990 -0.017090 0.034912 -0.044434
0.056030 -0.314087 0.984985 0.037964 0.021362 -0.043091
0.064087 -0.301270 0.985718 0.098145 0.003052 -0.051270
0.060303 -0.289551 0.980103 0.092896 0.001465 -0.073486
0.055176 -0.277588 0.976929 0.100708 0.002563 -0.086670
0.047974 -0.275269 0.979614 0.074097 0.006348 -0.092163
0.037231 -0.277954 0.958740 0.036743 0.010254 -0.097168
0.026611 -0.283325 0.955444 0.032593 0.004639 -0.100708
0.030884 -0.270142 0.960449 0.055542 -0.010620 -0.105713
0.031494 -0.260742 0.956177 0.056763 -0.029785 -0.115723
0.021973 -0.262451 0.951660 0.052002 -0.050781 -0.133545
0.012451 -0.265869 0.971802 0.060059 -0.077759 -0.158081
0.009888 -0.254761 0.995483 0.084351 -0.106079 -0.184204
-0.003540 -0.250244 0.993042 0.123535 -0.134888 -0.207275
-0.027710 -0.265381 0.999023 0.165405 -0.167847 -0.228149
-0.037964 -0.267578 1.015137 0.234375 -0.204956 -0.243164
-0.041016 -0.271362 1.012695 0.327026 -0.244141 -0.256348
-0.031372 -0.259155 1.030396 0.421021 -0.275879 -0.271729
-0.023560 -0.298950 1.070923 0.441895 -0.276978 -0.270874
-0.022095 -0.340454 1.108398 0.368896 -0.240601 -0.250244
-0.020020 -0.365723 1.131104 0.234985 -0.164185 -0.201904
-0.017090 -0.393066 1.137451 0.024414 -0.052734 -0.128784
-0.051147 -0.459595 1.111206 -0.247925 0.070435 -0.056885
-0.082764 -0.507690 1.089355 -0.419189 0.144287 0.000244
-0.098877 -0.554321 1.078491 -0.450562 0.159790 0.037476
-0.119507 -0.577759 1.072998 -0.418945 0.144531 0.049927
-0.122681 -0.590942 1.064819 -0.304077 0.101929 0.058350
-0.124146 -0.594238 1.055664 -0.136108 0.031982 0.059326
-0.109497 -0.604248 1.070435 0.052979 -0.049438 0.056274
-0.089233 -0.599121 1.082153 0.222656 -0.109009 0.058960
-0.065308 -0.580566 1.095215 0.320801 -0.130615 0.084106
-0.062134 -0.567383 1.078491 0.343750 -0.117065 0.138306
-0.061768 -0.550171 1.061035 0.309570 -0.098267 0.204468
-0.022461 -0.507080 1.051392 0.297852 -0.083984 0.268066
0.020752 -0.453613 1.047485 0.277222 -0.071777 0.310791
0.032104 -0.440674 1.042114 0.219971 -0.041138 0.334839
0.026733 -0.450317 1.007690 0.167603 -0.014648 0.351807
0.045776 -0.413208 0.989136 0.168091 -0.016846 0.365356
0.070068 -0.397827 0.985718 0.195557 -0.025757 0.379150
0.086060 -0.380493 0.978394 0.222900 -0.028442 0.373047
0.088623 -0.387207 0.967285 0.255981 -0.022583 0.365479
0.097412 -0.385010 0.947388 0.273315 -0.021240 0.362061
0.102539 -0.381348 0.931030 0.256226 -0.013428 0.368896
0.108032 -0.360229 0.914795 0.221924 -0.005859 0.384888
0.114868 -0.358154 0.891968 0.175903 0.005493 0.408203
0.122070 -0.360962 0.892334 0.140991 -0.003296 0.425049
0.147461 -0.340820 0.883301 0.115845 -0.016724 0.436279
0.166016 -0.317749 0.867676 0.096924 -0.032593 0.433960
0.191895 -0.288574 0.876831 0.115356 -0.048096 0.427490
0.208496 -0.289307 0.882080 0.100586 -0.060547 0.424438
0.218872 -0.280884 0.889404 0.103271 -0.066895 0.415405
0.220459 -0.273804 0.870117 0.099487 -0.075195 0.406738
0.229126 -0.263672 0.867310 0.119263 -0.092407 0.404785
0.252808 -0.234619 0.885132 0.133789 -0.098267 0.398682
0.266235 -0.213379 0.884155 0.093140 -0.093506 0.396484
0.281006 -0.185425 0.872559 0.076782 -0.080322 0.391968
0.281982 -0.170654 0.883545 0.031128 -0.062988 0.380859
0.297485 -0.144287 0.897827 -0.005127 -0.043701 0.371826
0.315063 -0.102295 0.913940 -0.047485 -0.017456 0.359375
0.313232 -0.086548 0.904785 -0.113770 0.015747 0.335938
0.298340 -0.085327 0.897827 -0.144043 0.031982 0.296509
0.292480 -0.076660 0.906494 -0.132935 0.025024 0.249268
0.292969 -0.055908 0.937256 -0.127686 0.014893 0.200073
0.289307 -0.042603 0.949463 -0.137695 0.018677 0.158447
0.287720 -0.025146 0.954102 -0.117676 0.024414 0.122803
0.284058 -0.008911 0.998779 -0.109375 0.025513 0.082031
0.288818 0.013062 1.041016 -0.123657 0.038330 0.045410
0.283936 0.032715 1.055786 -0.153687 0.067261 0.007202
0.259033 0.046021 1.068604 -0.185669 0.090454 -0.040894
0.243530 0.056030 1.094727 -0.182739 0.102783 -0.093018
0.218628 0.062256 1.119141 -0.201904 0.111206 -0.153076
0.193359 0.077148 1.135864 -0.193848 0.105835 -0.208740
0.177612 0.090088 1.153809 -0.181641 0.097778 -0.264771
0.168213 0.095825 1.170654 -0.202759 0.108032 -0.322144
0.146973 0.080811 1.164185 -0.224487 0.137817 -0.372925
0.116943 0.051392 1.157715 -0.252441 0.181152 -0.418457
0.074341 0.013916 1.136963 -0.319946 0.239990 -0.446045
0.020874 -0.025635 1.128052 -0.422852 0.303955 -0.448242
-0.019165 -0.063843 1.107300 -0.555054 0.364258 -0.437500
-0.066162 -0.105835 1.106934 -0.700562 0.411987 -0.434326
-0.111084 -0.153442 1.065063 -0.787476 0.433228 -0.443481
-0.168091 -0.203735 1.041870 -0.791748 0.406982 -0.462769
-0.216309 -0.267700 1.039185 -0.701294 0.348877 -0.485840
-0.235962 -0.287598 1.025635 -0.529785 0.272949 -0.506104
-0.251099 -0.312500 1.025024 -0.350098 0.198730 -0.513916
-0.251343 -0.330566 1.039551 -0.225830 0.139160 -0.503540
-0.231201 -0.327759 1.052979 -0.150879 0.105957 -0.473389
-0.213989 -0.327026 1.066162 -0.115723 0.110596 -0.433960
-0.206665 -0.332764 1.027222 -0.155762 0.128052 -0.395996
-0.210938 -0.350952 1.008057 -0.207275 0.140381 -0.366699
-0.207764 -0.374878 0.978271 -0.243042 0.135010 -0.345215
-0.197998 -0.400391 0.970459 -0.224243 0.111694 -0.334229
-0.188477 -0.412598 0.980469 -0.170410 0.074219 -0.329224
-0.160522 -0.428955 0.979736 -0.106812 0.035767 -0.324707
-0.126099 -0.434692 1.011108 -0.071045 0.015015 -0.320923
-0.101929 -0.438354 1.002075 -0.123657 0.041016 -0.304199
-0.083374 -0.444702 0.997070 -0.173584 0.087769 -0.275024
-0.063232 -0.440308 0.991577 -0.214966 0.132690 -0.252686
-0.067993 -0.467529 0.967163 -0.262573 0.172607 -0.240967
-0.075928 -0.507080 0.952148 -0.257446 0.186523 -0.241577
-0.088013 -0.550903 0.948120 -0.245728 0.177368 -0.243530
-0.122070 -0.629150 0.912598 -0.238037 0.156250 -0.233643
-0.142456 -0.678833 0.921753 -0.212280 0.106201 -0.218384
-0.146484 -0.712646 0.920410 -0.142578 0.038452 -0.190063
-0.104492 -0.691284 0.952271 -0.038452 -0.027588 -0.163086
-0.057373 -0.630493 0.950562 0.015381 -0.062256 -0.139771
-0.037964 -0.612183 0.913574 0.034668 -0.064087 -0.113037
-0.015015 -0.606567 0.915161 0.043213 -0.062622 -0.100708
-0.006226 -0.620239 0.913940 0.026611 -0.049561 -0.087646
-0.005005 -0.641479 0.907104 0.001831 -0.028564 -0.071533
-0.011719 -0.676514 0.872925 -0.023193 -0.017334 -0.052002
-0.019409 -0.710449 0.863647 -0.015625 -0.023193 -0.026611
-0.012451 -0.731201 0.853882 0.014038 -0.044556 -0.000854
0.004150 -0.732666 0.873535 0.052612 -0.077637 0.019775
0.023804 -0.721924 0.880859 0.106812 -0.106079 0.042847
0.039795 -0.703003 0.890503 0.157959 -0.117432 0.066406
0.054688 -0.679932 0.886230 0.186523 -0.121216 0.091431
0.075928 -0.631348 0.877197 0.204102 -0.123047 0.113525
0.084961 -0.612183 0.872314 0.193604 -0.117920 0.138306
0.094116 -0.584106 0.875244 0.183838 -0.116333 0.150391
0.101074 -0.557861 0.871460 0.173584 -0.119385 0.155640
0.087524 -0.544189 0.860474 0.174805 -0.126099 0.155396
0.097046 -0.517700 0.856323 0.204224 -0.143188 0.149536
0.092651 -0.502686 0.852173 0.214600 -0.158203 0.142578
0.093506 -0.483765 0.854614 0.237305 -0.173950 0.131958
0.088745 -0.486206 0.869995 0.249512 -0.188965 0.125854
0.087891 -0.464722 0.890625 0.275391 -0.199829 0.128784
0.087036 -0.452515 0.907104 0.260620 -0.196411 0.146851
0.089600 -0.418335 0.913208 0.241211 -0.191284 0.160767
0.097412 -0.377563 0.917358 0.234131 -0.193237 0.163330
0.103638 -0.356689 0.936401 0.240723 -0.200928 0.149536
0.098755 -0.343262 0.948120 0.241089 -0.209351 0.130249
0.106445 -0.333984 0.978394 0.232544 -0.211182 0.117432
0.121582 -0.310059 0.994263 0.205444 -0.201660 0.105103
0.127197 -0.286743 0.995361 0.177124 -0.178345 0.089355
0.136353 -0.265503 1.018188 0.145020 -0.142212 0.077026
0.127197 -0.277100 1.041382 0.067139 -0.090210 0.074097
0.117432 -0.275757 1.055664 -0.043701 -0.024048 0.091431
0.107178 -0.276978 1.046387 -0.165771 0.051270 0.127686
0.085205 -0.268433 1.034912 -0.271362 0.108032 0.150269
0.066162 -0.280396 0.991211 -0.328247 0.125000 0.149414
0.044678 -0.309448 1.008911 -0.286133 0.095337 0.121094
0.043579 -0.294067 1.025391 -0.150757 0.047607 0.083374
0.035767 -0.280762 1.013306 -0.034180 0.010986 0.054810
0.040649 -0.261719 1.008545 0.069702 -0.028687 0.023926
0.077148 -0.209351 1.047485 0.155884 -0.059448 -0.006348
0.091919 -0.177979 1.074097 0.166748 -0.044678 -0.026733
0.093506 -0.152954 1.070557 0.124390 -0.003784 -0.040405
0.084839 -0.131348 1.070435 0.057983 0.037476 -0.057129
