0.067017 -0.281616 1.007446 -0.046509 -0.019531 -0.056274
0.077393 -0.276733 1.014404 -0.047485 -0.023682 -0.065430
0.080444 -0.276855 1.018066 -0.055542 -0.021240 -0.068848
0.078003 -0.281616 1.016113 -0.064453 -0.014893 -0.064697
0.077026 -0.282349 1.017578 -0.074463 -0.009033 -0.060181
0.072266 -0.292725 1.017334 -0.079102 -0.011353 -0.065186
0.069702 -0.293213 1.013672 -0.077637 -0.013550 -0.067627
0.064453 -0.302490 1.019043 -0.078857 -0.014282 -0.060791
0.061523 -0.299561 1.019653 -0.086182 -0.013794 -0.049561
0.059570 -0.290039 1.010864 -0.089844 -0.014282 -0.046265
0.057373 -0.279419 1.006470 -0.089355 -0.023438 -0.054565
0.058472 -0.278442 0.995728 -0.089478 -0.040894 -0.070679
0.059692 -0.271118 1.001831 -0.078003 -0.059692 -0.093628
0.067505 -0.286987 1.021973 -0.065796 -0.064941 -0.108032
0.066040 -0.294556 1.026978 -0.069214 -0.058228 -0.112427
0.058350 -0.300049 1.031372 -0.083496 -0.045410 -0.104126
0.050659 -0.321167 1.031250 -0.099121 -0.028809 -0.087036
0.039551 -0.321777 1.007935 -0.105713 -0.018677 -0.067871
0.035034 -0.305176 0.994995 -0.098511 -0.019531 -0.054810
0.042480 -0.265015 0.975952 -0.090942 -0.029419 -0.053833
0.052002 -0.211182 0.976563 -0.087891 -0.038208 -0.072144
0.063354 -0.179810 1.014648 -0.015747 -0.052856 -0.098022
0.049683 -0.198120 1.034302 -0.038208 -0.050903 -0.137817
0.029663 -0.233887 1.033936 -0.088501 -0.045410 -0.166748
-0.007446 -0.281494 1.028809 -0.081787 -0.053467 -0.183472
-0.036743 -0.344116 1.023560 -0.056274 -0.069092 -0.187134
-0.052368 -0.394287 1.021118 -0.051270 -0.088989 -0.185669
-0.050781 -0.423950 1.051758 -0.054443 -0.094360 -0.180054
-0.040283 -0.415161 1.075562 -0.062500 -0.125244 -0.156860
-0.022461 -0.418091 1.099365 -0.048950 -0.120850 -0.120117
-0.020264 -0.426758 1.102417 -0.042114 -0.101685 -0.091431
-0.013672 -0.424194 1.105713 -0.035156 -0.085449 -0.068237
-0.020874 -0.435425 1.102661 -0.017212 -0.070679 -0.051514
-0.019165 -0.446289 1.101318 0.009766 -0.058105 -0.031860
-0.013062 -0.452271 1.094238 0.023560 -0.052246 -0.007813
-0.008667 -0.464355 1.083130 0.023315 -0.040161 0.022827
0.004883 -0.448120 1.080322 0.047363 -0.040894 0.035767
0.017212 -0.446655 1.082031 0.064575 -0.039917 0.040771
0.027588 -0.457886 1.091553 0.071533 -0.037476 0.049805
0.029663 -0.461670 1.077881 0.095093 -0.023438 0.065796
0.034180 -0.465576 1.048096 0.121704 -0.005981 0.087524
0.026489 -0.463867 1.001343 0.122314 0.000244 0.120239
0.034912 -0.448730 0.985229 0.127197 -0.006470 0.149170
0.058105 -0.436157 0.983521 0.154053 -0.020508 0.169312
0.090332 -0.402588 0.993042 0.183105 -0.031738 0.180176
0.110229 -0.383179 0.996094 0.199585 -0.035522 0.189453
0.119507 -0.396606 1.001221 0.193481 -0.021729 0.205688
0.114380 -0.404663 0.974976 0.176636 0.005005 0.220215
0.109253 -0.408813 0.926758 0.167480 0.013306 0.237793
0.105469 -0.418701 0.913086 0.174927 0.007446 0.247559
0.114258 -0.412231 0.908569 0.178833 -0.004883 0.261719
0.133301 -0.379150 0.904663 0.179932 -0.020264 0.272339
0.141479 -0.394043 0.912231 0.189453 -0.020874 0.279541
0.157715 -0.385620 0.911133 0.192993 -0.030029 0.291992
0.175415 -0.379395 0.911987 0.193359 -0.034058 0.312134
0.190796 -0.377075 0.920776 0.177368 -0.040405 0.322510
0.209473 -0.358643 0.937866 0.180298 -0.046997 0.324585
0.225586 -0.333130 0.949463 0.179321 -0.046875 0.326660
0.232422 -0.298340 0.948242 0.176514 -0.046509 0.323242
0.240112 -0.279785 0.948730 0.180054 -0.046753 0.324219
0.250854 -0.251709 0.962524 0.185059 -0.055542 0.316162
0.252197 -0.243896 0.956055 0.188721 -0.051270 0.310913
0.247925 -0.259766 0.970093 0.173462 -0.041870 0.299438
0.234863 -0.276978 0.973999 0.162842 -0.033081 0.290161
0.220459 -0.295654 0.974243 0.164917 -0.029297 0.296509
0.211670 -0.300537 0.987427 0.182129 -0.025635 0.301880
0.202271 -0.314819 0.997437 0.185669 -0.035034 0.316040
0.189331 -0.318115 1.003540 0.189453 -0.003906 0.330566
0.174194 -0.312012 0.996704 0.176025 0.014160 0.346680
0.166992 -0.302246 0.993774 0.151611 0.019409 0.363647
0.161621 -0.272583 0.979980 0.141479 0.014404 0.365356
0.151611 -0.253540 0.965332 0.174316 0.007690 0.358521
0.145752 -0.220459 0.935059 0.177979 -0.008545 0.343872
0.139893 -0.205200 0.927979 0.164551 -0.025269 0.325806
0.140015 -0.201172 0.925415 0.160522 -0.039429 0.322021
0.138306 -0.187988 0.921631 0.133545 -0.043701 0.318359
0.133545 -0.195801 0.914429 0.093750 -0.044800 0.323120
0.133423 -0.163208 0.915527 0.086182 -0.063110 0.323364
0.159668 -0.110596 0.923462 0.075317 -0.091431 0.320313
0.185059 -0.041992 0.939819 0.051270 -0.109863 0.296387
0.210938 0.004150 0.959473 0.018677 -0.115234 0.255615
0.210449 0.018799 0.954956 -0.013672 -0.113037 0.215088
0.209717 0.027222 0.939575 -0.049683 -0.115845 0.169067
0.212036 0.031494 0.942993 -0.074951 -0.122192 0.126831
0.212524 0.036133 0.965210 -0.102295 -0.122559 0.088745
0.210571 0.026367 0.973633 -0.140747 -0.114990 0.057251
0.205322 0.012329 0.993408 -0.166870 -0.110596 0.028076
0.204468 0.010864 0.996460 -0.171631 -0.118164 0.001221
0.219971 0.032104 1.024536 -0.151611 -0.131592 -0.029053
0.229492 0.052734 1.053589 -0.141968 -0.135620 -0.063599
0.249634 0.085938 1.090942 -0.145264 -0.120728 -0.107300
0.245483 0.097412 1.099609 -0.182739 -0.087524 -0.148804
0.217163 0.081177 1.076538 -0.231567 -0.043457 -0.175293
0.182983 0.036011 1.058960 -0.278320 -0.010498 -0.196167
0.157471 -0.019775 1.052490 -0.308228 -0.001831 -0.216675
0.135864 -0.055542 1.066284 -0.308228 -0.009033 -0.226318
0.126465 -0.071655 1.086060 -0.308350 -0.015137 -0.228394
0.125610 -0.077515 1.121704 -0.315796 -0.011353 -0.226929
0.115234 -0.108643 1.149902 -0.315063 0.008789 -0.230103
0.103149 -0.115967 1.154785 -0.318359 0.031372 -0.237427
0.088867 -0.135864 1.153687 -0.327759 0.056763 -0.237183
0.070435 -0.154175 1.152710 -0.330811 0.081787 -0.237183
0.062622 -0.167603 1.152344 -0.326660 0.095459 -0.240601
0.050171 -0.183716 1.150391 -0.307373 0.104004 -0.240845
0.042725 -0.190918 1.148193 -0.287598 0.110352 -0.233154
0.035400 -0.188232 1.149658 -0.273804 0.111572 -0.222778
0.030273 -0.175903 1.144409 -0.249023 0.106323 -0.223877
0.027100 -0.163086 1.134644 -0.218994 0.097412 -0.236084
0.026001 -0.157227 1.134033 -0.183716 0.091431 -0.256714
0.027222 -0.155396 1.122559 -0.158691 0.089478 -0.277222
0.013306 -0.196899 1.118774 -0.137329 0.095581 -0.276855
0.000366 -0.216553 1.117798 -0.120728 0.102539 -0.256714
-0.000122 -0.243774 1.108154 -0.127808 0.110962 -0.223022
-0.008789 -0.251709 1.099487 -0.142212 0.117065 -0.213257
-0.018066 -0.278320 1.086914 -0.147217 0.107422 -0.207275
-0.012695 -0.284668 1.071777 -0.124634 0.091797 -0.205200
-0.003784 -0.285767 1.063232 -0.100952 0.075806 -0.206055
0.003052 -0.286255 1.060669 -0.089722 0.062256 -0.208740
0.017212 -0.246094 1.042358 -0.084106 0.049316 -0.219849
0.027344 -0.224976 1.025635 -0.093384 0.036255 -0.241943
0.041138 -0.217651 1.036987 -0.112427 0.030518 -0.279053
0.044556 -0.272949 1.061523 -0.139526 0.051880 -0.304321
0.031128 -0.353149 1.070801 -0.175537 0.091309 -0.285278
0.020386 -0.384155 1.064331 -0.214966 0.139160 -0.228027
0.010010 -0.367432 1.022095 -0.250977 0.174072 -0.165894
-0.005127 -0.377808 1.005127 -0.239502 0.188599 -0.114014
-0.025024 -0.401855 0.968628 -0.194946 0.168701 -0.087402
-0.028320 -0.417236 0.963501 -0.128052 0.117920 -0.104980
-0.016602 -0.417480 0.983765 -0.058594 0.053955 -0.134766
-0.004272 -0.428223 0.998535 -0.004761 0.005127 -0.156250
0.011475 -0.435669 1.017944 0.028198 -0.023438 -0.170410
0.033813 -0.428589 1.045288 0.028076 -0.022461 -0.172485
0.052002 -0.440552 1.050781 -0.005249 0.007935 -0.154297
0.040771 -0.424316 1.045776 -0.063110 0.058228 -0.127808
0.039795 -0.451172 1.014282 -0.122192 0.112671 -0.061401
0.026489 -0.440186 0.971313 -0.163452 0.152466 -0.009033
0.015625 -0.452026 0.934326 -0.169556 0.155029 0.028076
0.005981 -0.441772 0.905518 -0.124390 0.112549 0.020630
0.011719 -0.425781 0.889893 -0.018677 0.035034 -0.022217
0.031738 -0.428955 0.911743 0.102173 -0.048828 -0.071411
0.059570 -0.435425 0.943604 0.178955 -0.103638 -0.098145
0.089844 -0.420410 0.980591 0.188477 -0.110352 -0.089478
0.123657 -0.392090 0.999756 0.137207 -0.077637 -0.055908
0.131226 -0.383911 0.996460 0.058472 -0.021240 -0.018311
0.130615 -0.391724 0.976929 -0.008911 0.029175 0.005615
0.116699 -0.408569 0.934326 -0.036987 0.046387 0.012451
0.117798 -0.389404 0.930420 -0.023438 0.045166 0.003906
0.113525 -0.402954 0.933716 0.002197 0.039551 -0.005005
0.111572 -0.414917 0.928955 0.018066 0.036011 -0.015747
0.097900 -0.425293 0.917480 0.011230 0.037842 -0.021118
