0.106689 -0.359497 0.980591 -0.004395 -0.077637 -0.046631
0.106934 -0.352783 0.984741 -0.010742 -0.070923 -0.041138
0.103516 -0.349365 0.985962 -0.020264 -0.060425 -0.034302
0.097656 -0.345093 0.984497 -0.032959 -0.047607 -0.029663
0.094238 -0.339722 0.982788 -0.046021 -0.035889 -0.023560
0.092163 -0.349243 0.986450 -0.054199 -0.027832 -0.024048
0.084229 -0.343384 0.982056 -0.051514 -0.026855 -0.031006
0.085449 -0.337891 0.979858 -0.042847 -0.031860 -0.038940
0.082642 -0.341309 0.982544 -0.040894 -0.035522 -0.047852
0.079712 -0.334229 0.980469 -0.041260 -0.037598 -0.053467
0.076294 -0.338623 0.982788 -0.043823 -0.038818 -0.051636
0.074341 -0.344360 0.983032 -0.046875 -0.036377 -0.056396
0.064453 -0.357910 0.975464 -0.054565 -0.034424 -0.058716
0.064209 -0.352539 0.976196 -0.057617 -0.039917 -0.058594
0.072266 -0.343384 0.982788 -0.051880 -0.047852 -0.057495
0.071777 -0.342041 0.996826 -0.044922 -0.056152 -0.056519
0.079834 -0.339722 1.005005 -0.044800 -0.061401 -0.057861
0.084595 -0.339844 1.025146 -0.047974 -0.057495 -0.063721
0.080566 -0.351318 1.029907 -0.054077 -0.040649 -0.070313
0.071899 -0.353271 1.022339 -0.063477 -0.021240 -0.071777
0.063354 -0.364380 1.014648 -0.071167 -0.007935 -0.066528
0.051758 -0.372314 1.008667 -0.078857 -0.003052 -0.067871
0.032593 -0.394409 0.994385 -0.075562 -0.008179 -0.067993
0.023926 -0.411133 0.989868 -0.063110 -0.024414 -0.063354
0.023560 -0.400146 0.993530 -0.045410 -0.043457 -0.057739
0.038574 -0.366577 0.998901 -0.037598 -0.053345 -0.051758
0.052246 -0.332764 1.007813 -0.059814 -0.054688 -0.054932
0.059570 -0.343872 1.042480 -0.092773 -0.022217 -0.060913
0.028809 -0.410400 1.012207 -0.127563 0.004883 -0.057373
0.032471 -0.405884 1.068848 -0.043213 0.024170 -0.055664
0.004150 -0.434692 1.061401 -0.026733 0.035767 -0.049194
-0.018066 -0.447510 1.047607 -0.029175 0.029419 -0.035645
-0.025513 -0.449951 1.063721 0.007813 0.029175 -0.020020
-0.023560 -0.456421 1.063599 0.000977 -0.002808 0.005249
-0.020874 -0.447632 1.064331 0.004639 -0.017456 0.022217
-0.020142 -0.429443 1.045044 0.030884 -0.027588 0.032471
-0.019409 -0.413818 1.028198 0.071045 -0.041504 0.038330
-0.015137 -0.408203 1.026489 0.110962 -0.054443 0.037476
-0.010742 -0.417358 1.032227 0.142090 -0.060181 0.030151
-0.001953 -0.400635 1.034668 0.164063 -0.065186 0.028564
-0.010254 -0.427368 1.020264 0.159180 -0.055786 0.040283
-0.009155 -0.426636 1.019165 0.165161 -0.058716 0.046509
-0.006958 -0.437866 1.020630 0.192749 -0.067749 0.057373
0.004517 -0.424927 1.011475 0.198975 -0.078247 0.071411
0.012817 -0.440430 1.011841 0.204224 -0.080322 0.092529
0.021118 -0.443481 1.016968 0.220093 -0.077148 0.111450
0.036255 -0.441040 1.011719 0.219482 -0.075806 0.135620
0.046631 -0.451416 0.998901 0.216309 -0.069580 0.160400
0.064697 -0.451172 0.984741 0.222046 -0.077881 0.179810
0.087402 -0.443359 0.983032 0.231812 -0.086060 0.195557
0.113403 -0.423828 0.976440 0.248657 -0.090576 0.203735
0.127563 -0.427490 0.974976 0.262573 -0.087402 0.215088
0.143677 -0.421387 0.967407 0.280273 -0.084717 0.220825
0.156372 -0.429565 0.968262 0.311401 -0.073364 0.235840
0.157837 -0.434326 0.943848 0.305420 -0.069458 0.247925
0.167114 -0.425781 0.928223 0.293457 -0.071167 0.259033
0.181763 -0.405151 0.921875 0.296021 -0.074219 0.268066
0.186401 -0.404907 0.910767 0.289673 -0.071655 0.282227
0.189209 -0.411133 0.899902 0.276367 -0.064575 0.290039
0.195313 -0.404785 0.886475 0.255127 -0.058594 0.298828
0.206299 -0.391724 0.885864 0.213623 -0.067383 0.315186
0.227051 -0.382813 0.913452 0.179810 -0.075684 0.327148
0.255859 -0.348999 0.929443 0.148804 -0.081787 0.336060
0.274170 -0.320923 0.948975 0.135986 -0.078247 0.348511
0.278076 -0.300903 0.947510 0.148926 -0.075073 0.350586
0.282227 -0.284546 0.955933 0.165771 -0.081665 0.339966
0.283203 -0.271362 0.951782 0.183838 -0.088623 0.322388
0.280151 -0.262085 0.939697 0.177368 -0.102539 0.306030
0.280762 -0.240845 0.936768 0.179688 -0.115234 0.289185
0.268555 -0.215698 0.942505 0.158081 -0.116821 0.277832
0.268555 -0.208008 0.943970 0.119873 -0.097046 0.284302
0.257202 -0.185059 0.935181 0.065552 -0.067383 0.296753
0.246826 -0.173218 0.913940 0.011353 -0.046509 0.307861
0.234253 -0.163574 0.915771 -0.018433 -0.044922 0.309692
0.231201 -0.145020 0.914551 -0.027100 -0.058594 0.300537
0.220947 -0.137573 0.915649 -0.025635 -0.077637 0.277954
0.213989 -0.128052 0.924561 -0.021851 -0.103760 0.250366
0.220703 -0.108887 0.935669 -0.027954 -0.127197 0.222534
0.234985 -0.081055 0.959595 -0.038208 -0.135864 0.190186
0.246216 -0.048828 0.989868 -0.053345 -0.124512 0.149780
0.253784 -0.023193 1.029297 -0.088989 -0.095093 0.106689
0.244141 -0.025024 1.040649 -0.160400 -0.046631 0.080566
0.220337 -0.037354 1.020020 -0.202148 0.004883 0.066895
0.194824 -0.048828 0.986450 -0.215698 0.027588 0.053833
0.191406 -0.042480 0.997314 -0.176025 0.017456 0.031372
0.186279 -0.056763 1.006226 -0.141968 -0.025024 0.000488
0.198242 -0.038696 1.024048 -0.105713 -0.061401 -0.046875
0.210327 -0.023438 1.047729 -0.093018 -0.081787 -0.091431
0.194824 -0.030273 1.043579 -0.109375 -0.070435 -0.121826
0.171875 -0.043213 1.022095 -0.141113 -0.053589 -0.137695
0.153320 -0.052002 1.017212 -0.182983 -0.038330 -0.146484
0.134399 -0.071899 1.034058 -0.211182 -0.030396 -0.153198
0.143066 -0.055054 1.056152 -0.209717 -0.044922 -0.163940
0.161621 -0.036865 1.075684 -0.194702 -0.047852 -0.177979
0.164429 -0.046997 1.113281 -0.199829 -0.032227 -0.196289
0.155396 -0.065796 1.148438 -0.230591 -0.006836 -0.218750
0.141113 -0.098633 1.164673 -0.262939 0.034912 -0.231567
0.109741 -0.127563 1.166626 -0.294312 0.082886 -0.231812
0.082886 -0.153931 1.146851 -0.328613 0.121948 -0.222900
0.054810 -0.182495 1.131958 -0.330444 0.146118 -0.217896
0.020752 -0.208984 1.109131 -0.303345 0.148804 -0.213379
0.005493 -0.202393 1.095947 -0.267456 0.129150 -0.205322
0.010864 -0.174805 1.091553 -0.230957 0.099487 -0.207764
0.006104 -0.170410 1.094116 -0.190552 0.073975 -0.217285
-0.000977 -0.174683 1.073730 -0.154297 0.046143 -0.235718
0.001709 -0.168091 1.063232 -0.108276 0.009155 -0.262451
0.011230 -0.149048 1.046143 -0.054443 -0.029907 -0.292114
0.030273 -0.135864 1.051758 -0.013306 -0.062622 -0.319336
0.065308 -0.140869 1.117798 -0.014404 -0.061646 -0.335571
0.088745 -0.164551 1.182617 -0.096558 0.000610 -0.319946
0.079834 -0.185425 1.184570 -0.242798 0.117310 -0.275879
0.059326 -0.213989 1.148315 -0.408691 0.237061 -0.217773
0.042236 -0.257690 1.100220 -0.552734 0.337158 -0.156494
0.021606 -0.319702 1.051147 -0.639038 0.398926 -0.123169
-0.017578 -0.400024 1.024536 -0.598145 0.386353 -0.144897
-0.083862 -0.516235 0.966553 -0.402466 0.306641 -0.176392
-0.100098 -0.558594 0.923462 -0.110474 0.160278 -0.212036
-0.053711 -0.493774 0.951172 0.112305 -0.002686 -0.258301
0.024048 -0.433228 1.047485 0.169922 -0.106323 -0.277344
0.064697 -0.429443 1.108398 0.105957 -0.096680 -0.244751
0.071411 -0.435669 1.100830 -0.006348 -0.020508 -0.185059
0.061035 -0.441895 1.056885 -0.104736 0.054443 -0.130981
0.070435 -0.415405 1.030151 -0.148193 0.093750 -0.100342
0.072388 -0.384766 0.983765 -0.176392 0.110107 -0.088989
0.072388 -0.375488 0.976807 -0.191040 0.110107 -0.096313
0.064697 -0.411743 0.969604 -0.170898 0.097290 -0.101807
0.065674 -0.437866 1.003174 -0.151245 0.062134 -0.105103
0.042969 -0.496460 0.934692 -0.253540 0.021484 -0.074463
0.068359 -0.465332 0.960327 -0.088013 0.019897 -0.091553
0.072632 -0.460693 0.959229 -0.035034 0.012085 -0.094482
0.084961 -0.442139 0.963379 -0.027588 -0.000366 -0.089600
0.093872 -0.448608 0.980225 -0.073853 -0.012085 -0.072876
0.104004 -0.452515 0.996460 -0.118286 -0.016235 -0.062134
0.095337 -0.451416 0.957397 -0.122070 -0.001587 -0.063599
0.089478 -0.470703 0.963135 -0.037476 0.006592 -0.081177
0.089111 -0.508179 0.971436 -0.028687 0.015259 -0.080200
0.081909 -0.527588 0.985229 -0.043945 0.035400 -0.052246
0.068848 -0.522583 0.959717 -0.073608 0.059814 -0.008179
0.048584 -0.522339 0.932251 -0.065918 0.069824 0.032837
0.040283 -0.516113 0.899414 -0.025635 0.050171 0.056519
0.059204 -0.490967 0.908203 0.024170 0.005249 0.047363
0.081421 -0.455322 0.917847 0.073730 -0.038208 0.017212
0.095337 -0.450195 0.925537 0.101563 -0.058716 -0.012451
0.095093 -0.469360 0.927612 0.107910 -0.061646 -0.027588
0.096924 -0.498535 0.938354 0.100586 -0.051758 -0.019775
0.092651 -0.511108 0.927246 0.069092 -0.035400 0.005127
0.090088 -0.537231 0.916626 0.028931 -0.021973 0.042603
0.088379 -0.531860 0.914185 0.020630 -0.019531 0.072266
0.094727 -0.520996 0.899902 0.027954 -0.027832 0.092041
0.113037 -0.479370 0.907959 0.033081 -0.041016 0.095947
