0.127441 -0.301025 1.016479 -0.049683 -0.021240 -0.058472
0.119873 -0.302124 1.004761 -0.074707 -0.001831 -0.048950
0.115234 -0.294189 0.992065 -0.092041 0.007202 -0.050293
0.117554 -0.284058 0.987793 -0.094116 0.006348 -0.060791
0.110107 -0.282593 0.978638 -0.089355 0.003662 -0.070801
0.109253 -0.271484 0.976074 -0.080444 -0.003296 -0.094116
0.111084 -0.271973 0.983765 -0.092407 -0.006958 -0.116821
0.105347 -0.285156 1.005981 -0.113647 -0.001343 -0.134644
0.100220 -0.300537 1.012695 -0.141846 0.010742 -0.139648
0.094238 -0.297852 1.006470 -0.171997 0.026123 -0.135010
0.084106 -0.290771 0.987061 -0.210815 0.038574 -0.134277
0.075928 -0.287964 0.983398 -0.235107 0.042114 -0.140137
0.063599 -0.312134 0.984863 -0.234985 0.028687 -0.155762
0.054199 -0.335571 0.989746 -0.205933 0.000854 -0.186035
0.051880 -0.343018 0.995972 -0.164307 -0.025146 -0.217041
0.047852 -0.354858 1.026611 -0.144531 -0.038696 -0.234253
0.053223 -0.358887 1.036377 -0.161621 -0.033936 -0.234253
0.045166 -0.358765 1.040039 -0.204834 -0.006836 -0.222900
0.035400 -0.367554 1.021362 -0.261841 0.021606 -0.197876
0.017334 -0.384277 1.003540 -0.312256 0.042480 -0.177612
0.002197 -0.415405 0.992676 -0.331299 0.037964 -0.170776
-0.012085 -0.452759 1.000854 -0.288818 0.019653 -0.165405
-0.028442 -0.490845 0.991211 -0.205811 -0.003418 -0.150635
-0.027100 -0.486816 1.002319 -0.150635 -0.040649 -0.141968
-0.016357 -0.494995 1.038330 -0.118042 -0.062378 -0.130371
-0.009521 -0.496948 1.050659 -0.085449 -0.063110 -0.116943
-0.011719 -0.525635 1.048218 -0.067871 -0.048950 -0.096924
-0.016602 -0.545044 1.036987 -0.021240 -0.039185 -0.075439
-0.015747 -0.586914 1.045654 -0.065552 -0.047363 -0.019287
-0.030029 -0.611206 1.014526 -0.171875 -0.060913 0.043579
-0.018311 -0.593140 1.001221 -0.110107 -0.045898 0.086670
-0.005493 -0.578613 1.002563 -0.038574 -0.031982 0.105957
0.008423 -0.578613 0.999512 0.026733 -0.032837 0.112793
0.011841 -0.577881 1.002075 0.093872 -0.043701 0.113770
0.013550 -0.587646 0.983276 0.164307 -0.051147 0.123291
0.024536 -0.574463 0.977051 0.230469 -0.059082 0.131958
0.041504 -0.557251 0.978516 0.288574 -0.070190 0.139404
0.054199 -0.548462 0.988037 0.337158 -0.071289 0.153687
0.072510 -0.546021 0.986328 0.331299 -0.065430 0.179199
0.083496 -0.549683 0.980957 0.285400 -0.057251 0.204102
0.090088 -0.557495 0.968140 0.260498 -0.047607 0.230835
0.090210 -0.559082 0.950439 0.250854 -0.038574 0.265503
0.095947 -0.561035 0.930542 0.250000 -0.025024 0.301147
0.110718 -0.546021 0.921753 0.242310 -0.015381 0.330322
0.122681 -0.533325 0.911255 0.218628 -0.017334 0.358276
0.145386 -0.521973 0.894531 0.208252 -0.023804 0.382080
0.159302 -0.500244 0.901245 0.222046 -0.036133 0.403931
0.182251 -0.465698 0.890503 0.235596 -0.055908 0.419678
0.209351 -0.418213 0.881592 0.262817 -0.080688 0.419189
0.235352 -0.366455 0.895630 0.296143 -0.106812 0.408936
0.267090 -0.342651 0.904785 0.312256 -0.129883 0.401123
0.302612 -0.317139 0.948853 0.293091 -0.139160 0.382202
0.327515 -0.293823 0.978271 0.260498 -0.122070 0.355591
0.329468 -0.289551 0.973999 0.214722 -0.076538 0.344604
0.316895 -0.286499 0.963135 0.176025 -0.027588 0.333252
0.295288 -0.296143 0.941040 0.147583 0.004761 0.324463
0.266235 -0.312622 0.914917 0.130737 0.018433 0.332764
0.245972 -0.301392 0.905273 0.128174 0.014771 0.329834
0.230835 -0.289429 0.892944 0.140503 -0.000366 0.318359
0.217041 -0.276123 0.883545 0.153198 -0.021484 0.300415
0.210815 -0.260620 0.890869 0.153198 -0.045776 0.284546
0.206665 -0.253662 0.887695 0.146240 -0.063965 0.276367
0.198853 -0.242432 0.900635 0.130737 -0.078247 0.270142
0.200806 -0.227905 0.910400 0.104370 -0.090576 0.260254
0.198608 -0.220581 0.923706 0.079346 -0.095093 0.237793
0.179688 -0.221802 0.914063 0.060425 -0.097046 0.213501
0.160034 -0.222412 0.902222 0.057983 -0.103882 0.188721
0.143921 -0.208740 0.895142 0.046875 -0.114746 0.167969
0.125732 -0.217529 0.890747 0.024048 -0.125488 0.165039
0.117554 -0.198608 0.887573 0.017578 -0.139771 0.160278
0.112061 -0.195068 0.890991 -0.000488 -0.153320 0.153687
0.102783 -0.207764 0.879517 -0.023926 -0.172607 0.152100
0.097778 -0.200073 0.873901 -0.000122 -0.198242 0.154907
0.094849 -0.208374 0.888306 0.026245 -0.243286 0.146606
0.111572 -0.171509 0.908325 0.067871 -0.298096 0.119141
0.139893 -0.121704 0.964600 0.079834 -0.342285 0.091919
0.170654 -0.083130 0.999634 0.090942 -0.357788 0.061646
0.197021 -0.049683 1.047729 0.075928 -0.349243 0.024414
0.214600 -0.025879 1.087280 0.024170 -0.316895 -0.001465
0.227783 -0.025513 1.114258 -0.055908 -0.263916 -0.015625
0.229248 -0.018677 1.121704 -0.118042 -0.206299 -0.036011
0.228882 -0.014893 1.132568 -0.154175 -0.156738 -0.064087
0.231445 -0.004517 1.154419 -0.183105 -0.116943 -0.098389
0.227173 -0.002075 1.169312 -0.208984 -0.084961 -0.133179
0.217285 -0.014893 1.178955 -0.234375 -0.049683 -0.162231
0.204590 -0.039917 1.192139 -0.253906 -0.016602 -0.196533
0.190063 -0.059692 1.189209 -0.267456 0.014526 -0.235107
0.169312 -0.100586 1.191895 -0.275391 0.045654 -0.263916
0.147339 -0.137573 1.195435 -0.269531 0.074097 -0.275879
0.138672 -0.153442 1.203735 -0.260498 0.102295 -0.280029
0.129028 -0.144287 1.182007 -0.258545 0.133911 -0.273682
0.124390 -0.140259 1.174805 -0.272583 0.163574 -0.269287
0.121216 -0.128052 1.159668 -0.291748 0.186523 -0.281128
0.106079 -0.139648 1.140747 -0.299683 0.206909 -0.301270
0.091553 -0.158325 1.114502 -0.288452 0.216187 -0.325317
0.078491 -0.177124 1.095337 -0.260010 0.215210 -0.344238
0.080078 -0.172729 1.088501 -0.240845 0.207397 -0.361328
0.093506 -0.170898 1.100098 -0.254395 0.210327 -0.379150
0.098877 -0.187256 1.105713 -0.304688 0.234009 -0.397095
0.095093 -0.225708 1.106812 -0.372314 0.277832 -0.410645
0.070557 -0.290771 1.088501 -0.436279 0.327881 -0.411987
0.028809 -0.366089 1.036377 -0.463135 0.367065 -0.397095
-0.011353 -0.408447 0.993774 -0.430054 0.367676 -0.387695
-0.050049 -0.462524 0.939087 -0.362671 0.324951 -0.380615
-0.080566 -0.504639 0.911011 -0.266357 0.257080 -0.369507
-0.088379 -0.521729 0.915894 -0.148193 0.180542 -0.345947
-0.060791 -0.507446 0.953735 -0.098145 0.114258 -0.320313
-0.029053 -0.484863 0.994263 -0.100586 0.084839 -0.290894
-0.017822 -0.492188 1.007813 -0.139893 0.093872 -0.253906
-0.015259 -0.500122 0.995117 -0.179321 0.112061 -0.210571
-0.006104 -0.491211 0.988525 -0.208740 0.110596 -0.168335
0.010742 -0.475342 0.991821 -0.218384 0.101685 -0.145630
0.026245 -0.456909 1.000244 -0.215088 0.090088 -0.136353
0.042236 -0.468018 1.006592 -0.279663 0.075317 -0.107422
0.035156 -0.474731 0.995361 -0.271240 0.073853 -0.104492
0.057739 -0.463257 1.009521 -0.120972 0.079590 -0.114380
0.055176 -0.486084 0.998413 -0.033447 0.078613 -0.102051
0.062500 -0.479980 1.006836 0.029541 0.070313 -0.089966
0.057983 -0.476807 0.990234 -0.015869 0.061646 -0.061768
0.074951 -0.464844 0.990234 -0.040283 0.062866 -0.038574
0.083618 -0.458130 0.989136 -0.050049 0.084717 -0.023560
0.077148 -0.462280 0.974609 -0.067627 0.115967 -0.004272
0.068848 -0.477661 0.936523 -0.093628 0.132935 0.022095
0.063354 -0.475952 0.915771 -0.105713 0.127808 0.032593
0.059937 -0.480835 0.890991 -0.077881 0.095337 0.018921
0.059448 -0.482910 0.864502 -0.008301 0.041504 -0.019653
0.068115 -0.504028 0.884399 0.069336 -0.017578 -0.057129
0.097168 -0.533081 0.941895 0.113281 -0.050049 -0.072632
0.107178 -0.563354 0.962646 0.100342 -0.040405 -0.054688
0.105713 -0.580811 0.951782 0.054688 -0.009033 -0.018433
0.099365 -0.584473 0.920532 0.015259 0.019653 0.021484
0.088379 -0.589355 0.888428 0.001953 0.034302 0.052734
0.083496 -0.596802 0.864014 0.007813 0.027588 0.068237
0.080200 -0.591919 0.857788 0.029907 0.004761 0.071655
0.075806 -0.587280 0.854858 0.065430 -0.025635 0.072021
0.079102 -0.582153 0.851685 0.107300 -0.054443 0.075806
0.084351 -0.540039 0.851929 0.129517 -0.078125 0.078735
0.087280 -0.522339 0.838989 0.127319 -0.087524 0.093994
0.085327 -0.498901 0.824341 0.112183 -0.097046 0.108398
0.085449 -0.489990 0.812622 0.095947 -0.109741 0.117065
0.082520 -0.477783 0.799683 0.091797 -0.133301 0.114868
0.092773 -0.458252 0.805054 0.112549 -0.168457 0.105225
0.105225 -0.442505 0.827637 0.135376 -0.209351 0.093750
0.117920 -0.434448 0.863770 0.148193 -0.238159 0.079956
0.122070 -0.450928 0.882324 0.151367 -0.250732 0.070313
0.132813 -0.443359 0.895874 0.159424 -0.260498 0.066650
0.136230 -0.444580 0.902588 0.160522 -0.268433 0.071045
0.151367 -0.434448 0.924927 0.161011 -0.276123 0.073120
0.165405 -0.427490 0.954712 0.157715 -0.277344 0.082520
0.181763 -0.416382 0.988770 0.151733 -0.264282 0.098267
