0.030884 -0.427612 0.942139 0.058960 0.256714 -0.110107
0.021606 -0.441650 0.932983 0.129517 0.206665 -0.099243
0.027710 -0.427856 0.956055 0.121826 0.141235 -0.062744
0.022339 -0.409912 0.937500 0.131958 0.097656 -0.020996
0.041260 -0.357300 0.923584 0.139526 0.050537 -0.004395
0.080811 -0.311523 0.932251 0.091431 -0.001587 -0.010742
0.103394 -0.301758 0.957886 0.004028 -0.028320 -0.038574
0.112549 -0.305054 1.014282 -0.091797 -0.024292 -0.065308
0.073730 -0.330811 0.994873 -0.194824 -0.001953 -0.063477
0.034790 -0.349976 0.977539 -0.254517 0.004028 -0.065918
0.034912 -0.335449 0.994873 -0.218994 -0.026367 -0.090820
0.035156 -0.345337 1.019409 -0.153198 -0.052856 -0.139771
0.031372 -0.340210 1.037354 -0.164063 -0.059448 -0.177246
-0.005371 -0.406982 1.041748 -0.206055 -0.059448 -0.193970
-0.047119 -0.475098 1.065918 -0.188354 -0.066650 -0.179321
-0.062256 -0.532837 1.084351 -0.126953 -0.097900 -0.150269
-0.027954 -0.527466 1.123413 -0.068359 -0.135132 -0.123779
-0.012207 -0.492188 1.139648 -0.021851 -0.139038 -0.106201
-0.014648 -0.451904 1.134033 0.024536 -0.119995 -0.086792
-0.028687 -0.471924 1.125122 0.026978 -0.099854 -0.055176
-0.059204 -0.527222 1.114258 -0.009766 -0.075806 -0.034912
-0.087158 -0.571289 1.096191 0.009399 -0.067749 -0.018555
-0.099609 -0.592407 1.072144 0.105103 -0.078857 -0.011108
-0.089233 -0.605713 1.048950 0.195801 -0.110352 -0.009521
-0.064697 -0.607422 1.057739 0.257690 -0.150391 -0.003662
-0.044678 -0.605835 1.064453 0.332275 -0.160767 0.037842
-0.023315 -0.593506 1.052856 0.348511 -0.149170 0.102539
-0.012939 -0.568237 1.023560 0.297607 -0.131592 0.154541
-0.013672 -0.573730 1.028198 0.259277 -0.107788 0.184937
-0.015503 -0.569580 1.001221 0.258911 -0.091064 0.203735
-0.016724 -0.540283 0.968628 0.283569 -0.083618 0.213623
0.007568 -0.519043 0.963013 0.317993 -0.090576 0.233521
0.041992 -0.477661 0.948242 0.341431 -0.091675 0.267334
0.073486 -0.460083 0.928345 0.334839 -0.077881 0.303711
0.087280 -0.447998 0.919067 0.323120 -0.063721 0.324585
0.103882 -0.449829 0.921509 0.333618 -0.060547 0.338623
0.127197 -0.462036 0.919312 0.399536 -0.062134 0.347412
0.152832 -0.462524 0.927612 0.511230 -0.070679 0.336060
0.178345 -0.441406 0.923096 0.571655 -0.076172 0.330933
0.181396 -0.428223 0.900024 0.542480 -0.061401 0.344482
0.177490 -0.388306 0.880005 0.472046 -0.035889 0.360107
0.159302 -0.383179 0.863525 0.422974 -0.005493 0.386963
0.156128 -0.399048 0.856934 0.398682 0.004883 0.416748
0.167480 -0.393188 0.883179 0.375244 -0.000488 0.438232
0.175903 -0.397339 0.888306 0.361084 0.012573 0.469849
0.181152 -0.364868 0.861328 0.340820 0.017944 0.493774
0.204834 -0.344971 0.870605 0.261230 -0.002808 0.506958
0.251587 -0.321045 0.903198 0.213867 -0.014893 0.498413
0.286255 -0.325928 0.938110 0.195068 -0.015869 0.469360
0.295776 -0.335327 0.946899 0.189453 -0.010376 0.426880
0.281982 -0.348022 0.940674 0.209839 0.004517 0.403809
0.274170 -0.358521 0.936646 0.222168 0.007690 0.394653
0.277588 -0.346802 0.939209 0.163818 -0.018066 0.393799
0.277222 -0.342041 0.936768 0.059082 -0.068604 0.389771
0.294189 -0.301025 0.943359 0.000122 -0.114624 0.374268
0.321411 -0.244019 0.963501 -0.028198 -0.127197 0.365234
0.307983 -0.246826 0.955933 -0.033081 -0.108643 0.377808
0.292847 -0.219849 0.948242 -0.017212 -0.088989 0.378418
0.279053 -0.186401 0.921631 0.015259 -0.064819 0.369995
0.278564 -0.168457 0.932861 0.065186 -0.032349 0.356934
0.284302 -0.160889 0.928345 0.050537 -0.010498 0.342163
0.252319 -0.156738 0.926392 0.039551 0.014771 0.311523
0.221191 -0.178589 0.920776 0.075317 0.027100 0.297607
0.218994 -0.173706 0.935059 0.111450 0.019653 0.291992
0.214233 -0.154175 0.950684 0.112183 0.001099 0.275879
0.216309 -0.133911 0.956787 0.102539 -0.013062 0.260132
0.221313 -0.114990 0.977417 0.075439 -0.021484 0.244507
0.205933 -0.124878 0.975586 0.033203 -0.032104 0.220337
0.185059 -0.137329 0.962280 0.013916 -0.043701 0.195190
0.188477 -0.123779 0.958862 0.006470 -0.051758 0.180298
0.199829 -0.109375 0.971191 0.016724 -0.040894 0.161621
0.213501 -0.096436 0.972534 0.016846 -0.027222 0.151611
0.220703 -0.072021 0.967773 -0.040527 -0.007813 0.137573
0.186523 -0.076050 0.942505 -0.138306 0.016602 0.122559
0.167236 -0.080078 0.928101 -0.208130 0.025024 0.110352
0.155884 -0.075439 0.925659 -0.234863 0.013306 0.088379
0.164673 -0.052368 0.935303 -0.193848 -0.011475 0.052612
0.182007 -0.036377 0.971191 -0.149902 -0.053833 0.007324
0.209229 -0.019897 1.023438 -0.118042 -0.086792 -0.033081
0.223633 0.012695 1.040405 -0.104248 -0.094971 -0.069336
0.232056 0.049683 1.053833 -0.104736 -0.098145 -0.111084
0.220825 0.070557 1.046875 -0.115967 -0.101440 -0.156250
0.223267 0.072021 1.077026 -0.150879 -0.100586 -0.192383
0.227905 0.071167 1.115601 -0.234619 -0.081055 -0.213379
0.207642 0.058350 1.129150 -0.326904 -0.049316 -0.228638
0.161743 0.023193 1.139038 -0.368408 -0.029785 -0.245728
0.119751 -0.019897 1.156860 -0.356079 -0.029907 -0.268188
0.109619 -0.048340 1.195557 -0.323486 -0.046265 -0.285645
0.095947 -0.065796 1.230469 -0.304077 -0.054443 -0.299438
0.123169 -0.063599 1.276978 -0.268555 -0.044678 -0.310425
0.128052 -0.083984 1.304199 -0.284058 -0.007568 -0.319458
0.100830 -0.095581 1.284302 -0.310669 0.036133 -0.330444
0.066162 -0.124268 1.262573 -0.321533 0.069214 -0.331787
0.052124 -0.149048 1.251953 -0.332520 0.086914 -0.317139
0.041504 -0.150635 1.239380 -0.343628 0.101196 -0.306274
0.027344 -0.145630 1.224365 -0.364990 0.128296 -0.296387
0.016357 -0.133057 1.188965 -0.402710 0.162354 -0.287476
-0.006104 -0.111328 1.131470 -0.437378 0.188721 -0.287476
-0.006226 -0.103394 1.098633 -0.464233 0.197510 -0.281006
-0.006104 -0.115967 1.073242 -0.530884 0.193970 -0.262085
-0.055298 -0.223999 1.047607 -0.533203 0.190918 -0.234741
-0.045166 -0.265015 1.053223 -0.421509 0.178223 -0.197144
-0.029053 -0.266479 1.038452 -0.358887 0.174316 -0.141968
0.001953 -0.258301 1.041748 -0.314575 0.175781 -0.104492
0.058716 -0.206787 1.061157 -0.275513 0.168213 -0.101563
0.067871 -0.205933 1.046265 -0.236938 0.171143 -0.126221
0.073608 -0.210571 1.036987 -0.187134 0.173218 -0.160278
0.046021 -0.245972 0.997437 -0.192261 0.180298 -0.181152
0.004883 -0.302612 0.952393 -0.228271 0.172363 -0.187378
-0.013184 -0.344604 0.939697 -0.223877 0.138550 -0.181885
-0.034180 -0.399536 0.932495 -0.205933 0.097656 -0.166992
-0.064209 -0.478271 0.919556 -0.155640 0.062012 -0.125610
0.007202 -0.503052 0.967529 -0.114502 0.041260 -0.056641
0.101807 -0.467896 1.021606 -0.179443 0.069214 -0.005737
0.104248 -0.481689 1.008667 -0.281860 0.155151 0.000244
0.078125 -0.470459 0.947510 -0.284546 0.229614 -0.030151
0.038696 -0.488525 0.902344 -0.252319 0.255371 -0.067871
0.005371 -0.552368 0.884644 -0.209839 0.237061 -0.095825
-0.008179 -0.610718 0.896729 -0.116943 0.188843 -0.127686
-0.018433 -0.649658 0.889038 -0.021362 0.124878 -0.152100
-0.015625 -0.662354 0.879517 0.046265 0.063965 -0.160156
0.017090 -0.653809 0.890869 0.061768 0.027344 -0.140747
0.031738 -0.669800 0.915039 0.022461 0.039551 -0.099609
0.000732 -0.716675 0.896240 -0.022583 0.068970 -0.058105
-0.013062 -0.745972 0.888184 -0.028564 0.083008 -0.020264
0.009277 -0.720459 0.891235 -0.014282 0.069702 0.002808
0.011841 -0.691528 0.861694 0.019897 0.047974 0.010864
0.024292 -0.654663 0.858276 0.060913 0.016968 0.002686
0.039307 -0.636230 0.858032 0.073975 -0.002319 0.000000
0.037231 -0.639771 0.862793 0.068604 0.005127 0.009399
0.025757 -0.637695 0.839600 0.057617 0.011475 0.025391
0.017456 -0.638306 0.828979 0.042114 0.003662 0.051270
0.017456 -0.647461 0.827148 0.034546 -0.020630 0.064575
0.025635 -0.644043 0.837402 0.048340 -0.050537 0.064087
0.018066 -0.631348 0.834839 0.058960 -0.066772 0.066528
-0.011475 -0.634644 0.801880 0.057251 -0.078491 0.086304
-0.031860 -0.632446 0.783203 0.075073 -0.105957 0.107788
-0.021484 -0.602417 0.783936 0.105469 -0.159912 0.118286
0.004761 -0.567505 0.790161 0.149658 -0.220581 0.115845
0.026611 -0.539795 0.813965 0.182739 -0.268799 0.103149
0.047974 -0.512207 0.827759 0.213135 -0.293945 0.093506
0.062378 -0.491211 0.836670 0.222656 -0.296875 0.094482
0.058472 -0.482056 0.839722 0.194092 -0.295532 0.102661
0.061157 -0.467285 0.832886 0.161499 -0.293457 0.120972
0.088013 -0.438354 0.860229 0.132446 -0.288208 0.136475
0.096069 -0.435181 0.886108 0.100220 -0.278809 0.145142
0.112671 -0.449829 0.915405 0.070923 -0.269165 0.165527
0.132324 -0.446655 0.947510 0.039429 -0.253052 0.196045
0.133667 -0.448975 0.950195 0.014526 -0.231689 0.227783
0.145508 -0.424927 0.957764 0.029541 -0.227417 0.236938
