0.111572 -0.350830 1.016724 -0.272583 -0.114868 -0.125977
0.098755 -0.339844 1.025757 -0.336426 -0.066284 -0.124634
0.068359 -0.352905 1.020264 -0.382446 -0.035767 -0.146973
0.013306 -0.415405 1.006958 -0.349854 -0.028320 -0.182373
-0.013306 -0.458862 1.001953 -0.256470 -0.064941 -0.224365
-0.010132 -0.475708 1.000854 -0.155151 -0.124146 -0.265869
0.025391 -0.466553 1.034546 -0.068970 -0.178467 -0.307373
0.044800 -0.467896 1.073120 -0.029297 -0.195190 -0.333252
0.042725 -0.484863 1.078735 -0.025757 -0.174438 -0.320435
0.015625 -0.508423 1.068970 -0.046997 -0.138306 -0.282349
0.003662 -0.498169 1.051270 -0.073364 -0.106445 -0.236694
-0.007324 -0.502075 1.037231 -0.077393 -0.079346 -0.202026
-0.031128 -0.519287 1.031982 -0.077026 -0.060059 -0.177246
-0.060059 -0.565063 1.026245 -0.072266 -0.059082 -0.159424
-0.068604 -0.610474 1.029419 -0.042480 -0.070190 -0.141479
-0.062622 -0.646606 1.056641 -0.002930 -0.077515 -0.123413
-0.084106 -0.673340 1.049316 0.028442 -0.081543 -0.101563
-0.107422 -0.675537 1.029297 0.069336 -0.081787 -0.069458
-0.124878 -0.682007 1.006470 0.118286 -0.091064 -0.029663
-0.115356 -0.691528 1.024414 0.179565 -0.112183 0.007080
-0.073975 -0.673584 1.067383 0.237793 -0.132935 0.033691
-0.063477 -0.671997 1.050293 0.268799 -0.143433 0.063232
-0.058716 -0.660034 1.033936 0.296509 -0.139282 0.082520
-0.043091 -0.632690 1.024170 0.323364 -0.127808 0.104126
-0.036987 -0.612305 0.996948 0.334717 -0.109619 0.129150
-0.058105 -0.597656 0.941040 0.351807 -0.083984 0.154175
-0.037231 -0.583496 0.953125 0.396729 -0.068481 0.172119
-0.040649 -0.608032 0.956421 0.422119 -0.065674 0.190918
-0.028687 -0.617920 0.948608 0.492554 -0.077515 0.210205
-0.005493 -0.613647 0.943115 0.568848 -0.094238 0.236572
0.022217 -0.580688 0.935913 0.618774 -0.104858 0.265991
0.056396 -0.541260 0.907837 0.642700 -0.099121 0.298950
0.074219 -0.518921 0.890747 0.601563 -0.089600 0.330444
0.099731 -0.502319 0.895874 0.540649 -0.072754 0.365967
0.116455 -0.479004 0.883301 0.505127 -0.046631 0.400513
0.140015 -0.459473 0.877441 0.504028 -0.027466 0.427246
0.160889 -0.447632 0.866821 0.471069 -0.032959 0.444336
0.184448 -0.430176 0.861084 0.476196 -0.043091 0.445190
0.214966 -0.404541 0.854736 0.493530 -0.060425 0.440552
0.255981 -0.378052 0.873779 0.506470 -0.069458 0.427368
0.267212 -0.372559 0.865112 0.469116 -0.063843 0.423462
0.260742 -0.365112 0.838501 0.433594 -0.054565 0.416992
0.266602 -0.356567 0.820068 0.405518 -0.042358 0.413818
0.266235 -0.343262 0.838135 0.342896 -0.018677 0.424194
0.260010 -0.342773 0.823120 0.224487 -0.001953 0.457275
0.265137 -0.328125 0.820923 0.142212 0.018311 0.478516
0.261475 -0.310181 0.819580 0.105713 0.027588 0.479980
0.255371 -0.301147 0.828979 0.090698 0.013306 0.468994
0.255127 -0.286133 0.821533 0.100464 -0.024902 0.450806
0.263916 -0.277222 0.858521 0.113770 -0.073486 0.421143
0.263184 -0.270142 0.878906 0.118164 -0.120117 0.395142
0.304443 -0.211060 0.926758 0.150024 -0.144409 0.365967
0.319458 -0.178345 0.949463 0.112549 -0.136597 0.347900
0.302612 -0.166260 0.947510 0.042969 -0.110718 0.330811
0.274658 -0.175537 0.949707 -0.009766 -0.085938 0.326416
0.268555 -0.172607 0.962036 -0.049561 -0.066772 0.328979
0.271240 -0.156860 0.979736 -0.096558 -0.042114 0.329468
0.254028 -0.159912 0.977417 -0.144287 -0.020874 0.322266
0.239258 -0.156616 0.975952 -0.165405 -0.011353 0.305664
0.216553 -0.146729 0.972534 -0.162720 -0.018921 0.281616
0.222412 -0.122559 0.983765 -0.155762 -0.040405 0.256104
0.235352 -0.087280 0.992554 -0.144653 -0.061890 0.226807
0.254883 -0.054688 1.002686 -0.138184 -0.079224 0.196533
0.269775 -0.015991 1.013306 -0.150635 -0.078003 0.161011
0.275513 0.009033 1.011108 -0.189331 -0.062988 0.123047
0.255005 -0.011230 1.026367 -0.257568 -0.038818 0.080444
0.234009 -0.038818 1.025269 -0.298706 -0.021362 0.041748
0.220947 -0.062134 1.039429 -0.333496 -0.013062 0.011353
0.211426 -0.066650 1.044556 -0.346924 -0.005249 -0.020142
0.198975 -0.075806 1.061646 -0.310059 -0.002930 -0.067383
0.185181 -0.081421 1.063721 -0.263550 -0.008301 -0.115601
0.163086 -0.096558 1.072021 -0.227173 -0.016602 -0.149170
0.164795 -0.083374 1.087524 -0.204956 -0.023926 -0.169556
0.161499 -0.080200 1.093018 -0.204102 -0.022461 -0.186279
0.151855 -0.070068 1.106689 -0.219971 -0.019287 -0.202637
0.169434 -0.047729 1.127686 -0.237183 -0.012939 -0.219971
0.172485 -0.029907 1.143433 -0.270996 0.012085 -0.244263
0.135254 -0.065552 1.143066 -0.304688 0.050293 -0.262939
0.106934 -0.081543 1.141357 -0.296997 0.068115 -0.280151
0.077637 -0.109497 1.135498 -0.251343 0.076294 -0.292969
0.052002 -0.125366 1.106079 -0.195435 0.067383 -0.300537
0.043213 -0.133179 1.113403 -0.148560 0.047607 -0.312256
0.060181 -0.136963 1.140381 -0.118530 0.036133 -0.324707
0.079712 -0.131836 1.179565 -0.156250 0.059326 -0.323853
0.051270 -0.161621 1.170288 -0.239258 0.127441 -0.310181
-0.000977 -0.188965 1.133667 -0.305908 0.187866 -0.296997
-0.041870 -0.227539 1.104370 -0.343628 0.211182 -0.286133
-0.057373 -0.236206 1.082520 -0.332764 0.201782 -0.289429
-0.073364 -0.255981 1.060425 -0.323608 0.172485 -0.295166
-0.074341 -0.262329 1.035522 -0.279297 0.133789 -0.307495
-0.063599 -0.259155 1.018677 -0.233887 0.099365 -0.325317
-0.031372 -0.251221 1.037964 -0.193604 0.079224 -0.347778
-0.019653 -0.277954 1.039917 -0.184326 0.089722 -0.354492
-0.039307 -0.318970 1.030640 -0.198242 0.129761 -0.324707
-0.053101 -0.349243 1.011108 -0.248657 0.180298 -0.266357
-0.079224 -0.381958 0.978027 -0.282227 0.219238 -0.211670
-0.089111 -0.403931 0.953125 -0.284302 0.221191 -0.176270
-0.099854 -0.426514 0.933594 -0.264526 0.192383 -0.157349
-0.064209 -0.418335 0.948120 -0.227051 0.146729 -0.152466
0.002563 -0.376831 0.974609 -0.206421 0.100708 -0.161743
0.023560 -0.386230 0.992188 -0.207520 0.092651 -0.188843
-0.000854 -0.434814 0.988647 -0.212158 0.103149 -0.218384
-0.024170 -0.476196 0.975464 -0.215820 0.111938 -0.217896
-0.024658 -0.501831 0.970947 -0.213501 0.120728 -0.192993
-0.006836 -0.490723 0.975586 -0.210938 0.130005 -0.164673
-0.008789 -0.505127 0.966187 -0.216797 0.140381 -0.137573
0.001831 -0.505859 0.959106 -0.213623 0.135620 -0.115723
0.016235 -0.511108 0.960327 -0.208618 0.133423 -0.098999
0.006592 -0.557251 0.955444 -0.202637 0.140259 -0.091797
-0.024780 -0.613892 0.931519 -0.172607 0.131958 -0.089600
-0.043213 -0.668945 0.928467 -0.115723 0.099365 -0.091064
-0.055908 -0.691895 0.919312 -0.045166 0.044434 -0.097290
-0.031372 -0.676758 0.922607 0.043579 -0.015747 -0.099976
0.014282 -0.631104 0.937866 0.105103 -0.053467 -0.093750
0.037842 -0.607422 0.937744 0.108276 -0.058594 -0.075317
0.049927 -0.600342 0.934326 0.077637 -0.047729 -0.055420
0.051758 -0.616089 0.921265 0.048340 -0.034302 -0.038086
0.036133 -0.641235 0.906250 0.038940 -0.027344 -0.027954
0.018188 -0.657837 0.882813 0.049072 -0.035889 -0.018799
0.023071 -0.656982 0.885254 0.069702 -0.056519 -0.006592
0.047607 -0.636963 0.899048 0.085938 -0.076660 0.011475
0.071533 -0.624023 0.904785 0.101563 -0.082153 0.027710
0.081055 -0.607056 0.904297 0.124390 -0.082764 0.037354
0.090942 -0.596680 0.908813 0.142456 -0.077393 0.046631
0.091187 -0.577026 0.896240 0.153809 -0.067627 0.049072
0.083496 -0.565918 0.886475 0.175171 -0.057739 0.047241
0.074707 -0.556763 0.876709 0.176147 -0.062622 0.053833
0.071533 -0.556274 0.875122 0.177612 -0.074219 0.070068
0.055298 -0.548828 0.862427 0.178955 -0.091553 0.078247
0.055420 -0.526367 0.851440 0.204468 -0.122559 0.078369
0.065552 -0.504639 0.845337 0.248413 -0.161133 0.068604
0.076660 -0.491577 0.867065 0.294434 -0.201294 0.049194
0.098267 -0.448730 0.883423 0.315063 -0.227173 0.045044
0.110352 -0.434448 0.891479 0.293457 -0.221191 0.067871
0.127930 -0.421509 0.910522 0.239990 -0.202637 0.097778
0.131958 -0.410889 0.917358 0.157227 -0.181030 0.123535
0.117920 -0.408569 0.916992 0.083130 -0.161133 0.139404
0.112793 -0.400146 0.920776 0.046021 -0.141846 0.155396
0.111816 -0.387329 0.925171 0.042969 -0.126709 0.174805
0.124023 -0.365479 0.934814 0.064331 -0.127808 0.181641
0.130493 -0.351196 0.943604 0.098022 -0.139526 0.170044
0.143311 -0.338013 0.955688 0.135132 -0.151855 0.152954
0.168945 -0.303223 0.981934 0.167358 -0.150513 0.138794
0.173828 -0.293579 0.984009 0.141968 -0.120117 0.141479
0.169312 -0.282471 0.987671 0.098877 -0.068237 0.149658
0.144653 -0.301270 0.984863 0.059692 -0.018555 0.157471
0.122070 -0.322388 0.966675 0.039673 0.007446 0.157471
0.081543 -0.340332 0.940674 0.050049 0.007935 0.148193
0.061279 -0.342407 0.928467 0.075562 -0.014160 0.134399
0.072144 -0.310181 0.920166 0.109009 -0.059814 0.118164
