-0.042236 -0.494141 1.009521 -0.085571 -0.157959 -0.116211
-0.038208 -0.493164 1.026001 -0.041382 -0.163696 -0.111328
-0.016968 -0.498901 1.056885 -0.009766 -0.171875 -0.119385
-0.008545 -0.507568 1.105103 0.005737 -0.171387 -0.138062
-0.027954 -0.533691 1.131470 0.018555 -0.155396 -0.146729
-0.052002 -0.549927 1.119385 0.040039 -0.136230 -0.131470
-0.070557 -0.564697 1.099731 0.056030 -0.117188 -0.092529
-0.078369 -0.560913 1.083130 0.076660 -0.101685 -0.050049
-0.072510 -0.553467 1.056763 0.091675 -0.090698 -0.014160
-0.080444 -0.567871 1.031006 0.110352 -0.084229 0.013550
-0.076416 -0.581055 1.020874 0.139282 -0.087158 0.031006
-0.063965 -0.571655 1.018921 0.171265 -0.091187 0.043213
-0.051147 -0.564697 1.019165 0.194214 -0.090820 0.053833
-0.052734 -0.569580 0.997681 0.194824 -0.080444 0.070801
-0.062622 -0.589233 0.982910 0.200073 -0.069214 0.089600
-0.070313 -0.607788 0.975342 0.214111 -0.060303 0.115845
-0.067749 -0.622314 0.965576 0.245972 -0.055176 0.143799
-0.055420 -0.618896 0.952026 0.281860 -0.057373 0.169556
-0.041260 -0.617676 0.935181 0.304688 -0.056641 0.199463
-0.019897 -0.603638 0.921265 0.313599 -0.057373 0.228149
0.007935 -0.589722 0.915283 0.317993 -0.057129 0.250488
0.031738 -0.584717 0.892944 0.342651 -0.050781 0.267578
0.041138 -0.588013 0.892090 0.361694 -0.055298 0.277222
0.059326 -0.575806 0.879761 0.392700 -0.068848 0.286011
0.085327 -0.556152 0.873779 0.438965 -0.077026 0.295776
0.100952 -0.529053 0.864868 0.473267 -0.079468 0.308350
0.116943 -0.500977 0.868286 0.492432 -0.076904 0.324585
0.134277 -0.468018 0.855225 0.473022 -0.072021 0.344116
0.146362 -0.434326 0.833252 0.432007 -0.057617 0.365234
0.147827 -0.389160 0.791992 0.375854 -0.051147 0.377197
0.168457 -0.354492 0.767944 0.324341 -0.058838 0.375732
0.184082 -0.344482 0.770874 0.288208 -0.080200 0.358276
0.196533 -0.358521 0.787720 0.262939 -0.098633 0.340576
0.215332 -0.385010 0.822754 0.211792 -0.109253 0.338379
0.262329 -0.373291 0.882568 0.137085 -0.110718 0.343506
0.286011 -0.381348 0.922729 0.052002 -0.092651 0.355469
0.282471 -0.406982 0.925659 0.007446 -0.072144 0.363159
0.278320 -0.418823 0.924561 0.012085 -0.063354 0.361816
0.270630 -0.441162 0.927490 0.027466 -0.063354 0.357056
0.266724 -0.438843 0.934204 0.048950 -0.079590 0.352051
0.270996 -0.422729 0.932129 0.090942 -0.098267 0.342163
0.264893 -0.411011 0.937378 0.132446 -0.111084 0.327881
0.255615 -0.414673 0.935059 0.155273 -0.127197 0.316040
0.237061 -0.395020 0.922729 0.169800 -0.140625 0.311523
0.254639 -0.347412 0.924194 0.177368 -0.141235 0.327515
0.274536 -0.294312 0.936646 0.141113 -0.124634 0.354370
0.285889 -0.252563 0.955688 0.060181 -0.089966 0.378906
0.283691 -0.225098 0.960449 -0.020264 -0.042236 0.395142
0.276001 -0.218384 0.971436 -0.109131 -0.000732 0.394775
0.249390 -0.218628 0.971436 -0.171997 0.018677 0.379517
0.227295 -0.219604 0.950806 -0.164063 0.021851 0.354614
0.213745 -0.212769 0.942261 -0.116699 0.007202 0.316772
0.210449 -0.193481 0.948364 -0.055786 -0.007935 0.273560
0.210571 -0.171753 0.950439 -0.033936 -0.019287 0.234375
0.203369 -0.135986 0.944092 -0.030518 -0.019775 0.196899
0.201172 -0.108154 0.957764 -0.053223 -0.017944 0.157227
0.203857 -0.087158 0.974243 -0.078613 -0.020874 0.125977
0.203735 -0.079712 0.997314 -0.108887 -0.010986 0.098022
0.198486 -0.079834 1.016846 -0.138916 0.007690 0.068970
0.199219 -0.068481 1.030029 -0.154907 0.022339 0.035156
0.196899 -0.061646 1.050171 -0.154785 0.030762 -0.007935
0.177368 -0.066772 1.052856 -0.162476 0.031372 -0.054810
0.153198 -0.081177 1.055664 -0.151001 0.024292 -0.094604
0.134277 -0.086426 1.057983 -0.132080 0.006348 -0.124756
0.140381 -0.067749 1.073120 -0.140015 -0.016724 -0.152344
0.152344 -0.044678 1.093140 -0.144653 -0.027832 -0.179077
0.162109 -0.026733 1.109131 -0.140747 -0.024414 -0.207764
0.171631 -0.014160 1.121216 -0.150513 -0.000977 -0.232056
0.163086 -0.014648 1.120972 -0.182007 0.031006 -0.256714
0.147827 -0.021606 1.122437 -0.188721 0.058594 -0.297607
0.113037 -0.066895 1.126709 -0.216309 0.069824 -0.336670
0.076172 -0.111938 1.137695 -0.219849 0.080444 -0.364136
0.051392 -0.139526 1.154297 -0.253784 0.086670 -0.373779
0.034180 -0.156860 1.148682 -0.298828 0.099121 -0.367432
0.018799 -0.172729 1.145386 -0.337646 0.119629 -0.356934
-0.014160 -0.208252 1.125122 -0.382690 0.128906 -0.343994
-0.046753 -0.242310 1.104736 -0.382813 0.118896 -0.344360
-0.067871 -0.272827 1.108398 -0.353271 0.087646 -0.359741
-0.070679 -0.285278 1.113525 -0.281616 0.052368 -0.383545
-0.066406 -0.281616 1.117310 -0.220459 0.026611 -0.397461
-0.055054 -0.271606 1.108398 -0.190063 0.010376 -0.394531
-0.030884 -0.252808 1.107056 -0.176514 0.013916 -0.380249
-0.014648 -0.239014 1.098633 -0.181274 0.049683 -0.360352
-0.013062 -0.248901 1.074219 -0.223267 0.100098 -0.337402
-0.023560 -0.294067 1.070190 -0.274536 0.148438 -0.313232
-0.025391 -0.323730 1.059570 -0.295654 0.189697 -0.285034
-0.054565 -0.383179 1.025269 -0.311523 0.223022 -0.253662
-0.076294 -0.407593 1.001587 -0.307007 0.228149 -0.233276
-0.108521 -0.458984 0.964600 -0.267334 0.216187 -0.204956
-0.111328 -0.464355 0.938354 -0.191528 0.180664 -0.184082
-0.129761 -0.474121 0.905518 -0.128906 0.127930 -0.167847
-0.124756 -0.483032 0.887451 -0.059326 0.060425 -0.152222
-0.047607 -0.417480 0.922729 -0.011230 -0.002197 -0.153320
0.009033 -0.407593 0.960449 -0.026367 -0.002930 -0.164673
0.012207 -0.432739 0.974731 -0.082275 0.044312 -0.181030
-0.017944 -0.471069 0.946167 -0.126953 0.095581 -0.190918
-0.041626 -0.509033 0.929688 -0.163330 0.132690 -0.178955
-0.073975 -0.572266 0.912964 -0.212891 0.150391 -0.142700
-0.100952 -0.628418 0.904663 -0.226074 0.142090 -0.104858
-0.109741 -0.660645 0.891724 -0.182129 0.103760 -0.079590
-0.082764 -0.659546 0.898438 -0.102661 0.043701 -0.069946
-0.028320 -0.601563 0.904541 -0.017700 -0.013184 -0.072144
0.006470 -0.561890 0.914551 0.025879 -0.036499 -0.081177
0.019409 -0.560059 0.911499 0.025879 -0.041748 -0.088013
0.036865 -0.589233 0.949341 -0.050903 -0.034180 -0.078857
0.017822 -0.632446 0.935791 -0.128296 -0.023926 -0.049927
-0.010132 -0.676514 0.907349 -0.085815 -0.009888 -0.032227
0.013062 -0.674194 0.928345 -0.050415 -0.022949 -0.023804
0.034180 -0.677246 0.932739 0.011230 -0.034912 -0.008545
0.047852 -0.666016 0.935547 0.066650 -0.032349 0.006226
0.051392 -0.665161 0.925415 0.101440 -0.030029 0.018066
0.055542 -0.657227 0.907349 0.135742 -0.038330 0.024170
0.059204 -0.646606 0.903564 0.156616 -0.046997 0.024170
0.047485 -0.654785 0.891968 0.135254 -0.051758 0.037109
0.045532 -0.643188 0.880493 0.114868 -0.055908 0.062256
0.038696 -0.639038 0.868164 0.082642 -0.063110 0.093384
0.029175 -0.627808 0.849609 0.069580 -0.076782 0.118652
0.034302 -0.610840 0.844604 0.092651 -0.101074 0.137573
0.047974 -0.579224 0.847778 0.139526 -0.133301 0.143921
0.065430 -0.543335 0.846924 0.188599 -0.167725 0.133179
0.084961 -0.510620 0.867920 0.227661 -0.195801 0.115356
0.097778 -0.489258 0.877319 0.243164 -0.204956 0.104004
0.091064 -0.484253 0.886963 0.235718 -0.196533 0.105103
0.086182 -0.476685 0.884644 0.227051 -0.184937 0.119263
0.086792 -0.457886 0.873291 0.214355 -0.184814 0.132202
0.086548 -0.451538 0.882080 0.196777 -0.197266 0.131714
0.099609 -0.444458 0.903564 0.210205 -0.213135 0.119751
0.114990 -0.423950 0.923584 0.215942 -0.218262 0.119995
0.114380 -0.401855 0.937500 0.195190 -0.208496 0.127563
0.116211 -0.384888 0.945557 0.178101 -0.199341 0.141602
0.128906 -0.361816 0.954102 0.173218 -0.194824 0.150146
0.126099 -0.352539 0.958618 0.173584 -0.195557 0.138550
0.122314 -0.345215 0.955566 0.196289 -0.200317 0.120239
0.136719 -0.339722 0.978516 0.217163 -0.200684 0.107056
0.163574 -0.302124 0.989502 0.204956 -0.174194 0.114624
0.169312 -0.286377 0.989746 0.130737 -0.113403 0.143921
0.150391 -0.296143 0.988037 0.043945 -0.054321 0.172852
0.126343 -0.301880 0.958496 -0.002197 -0.024536 0.180664
0.115845 -0.300293 0.945923 0.008057 -0.024658 0.165894
0.116577 -0.295166 0.945557 0.052612 -0.042969 0.135742
0.107910 -0.286621 0.938110 0.095337 -0.068604 0.095703
0.110352 -0.282104 0.948120 0.135254 -0.102295 0.055420
0.122437 -0.295410 0.986084 0.182495 -0.138184 0.016113
0.136719 -0.293701 1.017944 0.210449 -0.151001 -0.004028
0.143555 -0.273071 1.025024 0.182007 -0.127319 0.008423
0.159058 -0.241211 1.033325 0.114868 -0.083374 0.039795
0.155518 -0.216431 1.024902 0.031494 -0.025269 0.068359
0.147583 -0.201904 1.012573 -0.033569 0.020142 0.081665
0.139404 -0.195801 1.007935 -0.065918 0.032104 0.068115
0.121704 -0.216431 1.013794 -0.054810 0.022339 0.036621
