-0.006592 -0.408325 1.005005 -0.132080 -0.083252 -0.167236
-0.034058 -0.406616 0.968750 -0.143555 -0.064697 -0.172363
-0.051758 -0.399902 0.951050 -0.149292 -0.064941 -0.180298
-0.063843 -0.393921 0.932251 -0.166138 -0.078247 -0.188843
-0.103394 -0.460938 0.942139 -0.168579 -0.083252 -0.187256
-0.119873 -0.490479 0.940552 -0.112183 -0.091187 -0.163086
-0.126953 -0.494873 0.927002 -0.078857 -0.099609 -0.121094
-0.135864 -0.503662 0.916992 -0.076416 -0.110596 -0.080566
-0.102539 -0.491455 0.922485 -0.053101 -0.125488 -0.060303
-0.085205 -0.497314 0.936279 -0.028809 -0.135010 -0.067139
-0.096436 -0.523926 0.923706 0.005615 -0.139038 -0.085083
-0.107056 -0.565063 0.922363 0.044556 -0.145874 -0.093140
-0.109863 -0.597290 0.918457 0.081421 -0.153442 -0.079712
-0.106445 -0.632446 0.926514 0.110229 -0.156128 -0.050171
-0.083862 -0.644287 0.925049 0.124878 -0.153687 -0.013794
-0.087402 -0.666992 0.917603 0.114136 -0.144165 0.015015
-0.092285 -0.717285 0.918091 0.135376 -0.138550 0.039673
-0.073364 -0.736450 0.924805 0.193237 -0.144897 0.068970
-0.050415 -0.756470 0.934937 0.208496 -0.149292 0.108398
-0.017822 -0.763672 0.936401 0.243164 -0.140747 0.152588
0.004639 -0.767700 0.927612 0.275879 -0.120972 0.193481
0.013794 -0.762207 0.894165 0.281494 -0.106201 0.228882
0.019409 -0.774536 0.885742 0.283081 -0.102051 0.261963
0.044067 -0.773804 0.887085 0.305664 -0.109497 0.290894
0.078613 -0.753540 0.891602 0.361328 -0.119507 0.307983
0.098877 -0.731445 0.879761 0.414429 -0.134277 0.317993
0.111694 -0.713501 0.870361 0.455200 -0.154541 0.319580
0.133911 -0.686157 0.867432 0.492798 -0.178955 0.322266
0.157959 -0.645874 0.858521 0.492065 -0.198975 0.333374
0.169189 -0.609375 0.850586 0.483643 -0.208252 0.358765
0.189209 -0.563721 0.849487 0.511353 -0.199951 0.393433
0.200562 -0.535522 0.831421 0.511108 -0.186890 0.425537
0.218262 -0.495361 0.827148 0.482300 -0.184448 0.441650
0.229858 -0.471680 0.837280 0.447144 -0.179932 0.456421
0.244507 -0.442993 0.833496 0.430542 -0.172485 0.468018
0.260986 -0.383911 0.815674 0.419312 -0.156738 0.473877
0.249634 -0.363159 0.800171 0.355103 -0.148560 0.470947
0.247559 -0.337891 0.790771 0.304932 -0.155029 0.453613
0.248169 -0.333130 0.794800 0.264893 -0.173828 0.430542
0.261475 -0.315063 0.818726 0.238281 -0.191772 0.399902
0.266724 -0.312500 0.846069 0.204468 -0.199707 0.379639
0.267578 -0.312622 0.879150 0.185425 -0.189087 0.381836
0.267456 -0.297241 0.891968 0.140259 -0.163940 0.398804
0.261597 -0.282471 0.899902 0.110840 -0.138306 0.415283
0.268555 -0.257080 0.907959 0.079102 -0.115112 0.421753
0.275635 -0.221313 0.920532 0.045654 -0.091553 0.417969
0.276001 -0.197754 0.924316 0.015137 -0.071655 0.407837
0.285400 -0.151001 0.935059 0.019897 -0.065186 0.376343
0.281616 -0.131592 0.944092 -0.022339 -0.062256 0.336182
0.280884 -0.114990 0.956177 -0.073853 -0.060791 0.296631
0.284546 -0.102417 0.989746 -0.115723 -0.053711 0.258423
0.278564 -0.097534 1.010132 -0.160767 -0.039307 0.222534
0.255493 -0.123535 1.027100 -0.194214 -0.026245 0.192627
0.254639 -0.108765 1.029053 -0.179688 -0.023682 0.162842
0.256470 -0.091675 1.044800 -0.175903 -0.020752 0.131836
0.265869 -0.060547 1.044312 -0.177124 -0.013184 0.091187
0.269653 -0.043579 1.058105 -0.197388 0.003174 0.039673
0.246826 -0.036011 1.050171 -0.238403 0.023560 -0.016602
0.217651 -0.048096 1.052490 -0.276855 0.037354 -0.067383
0.190796 -0.053711 1.054565 -0.297363 0.051147 -0.114380
0.169800 -0.061646 1.049438 -0.313232 0.069092 -0.148804
0.138794 -0.082275 1.046997 -0.347168 0.084473 -0.178467
0.123291 -0.081787 1.035522 -0.360107 0.082520 -0.215088
0.113403 -0.095337 1.042847 -0.374756 0.071411 -0.255005
0.121826 -0.098999 1.072876 -0.372192 0.064575 -0.287964
0.115479 -0.106934 1.092651 -0.381592 0.072998 -0.310913
0.106567 -0.128174 1.101563 -0.385010 0.098633 -0.329712
0.083618 -0.145508 1.098389 -0.394653 0.124756 -0.336914
0.055664 -0.167114 1.100220 -0.416138 0.146484 -0.342163
0.051147 -0.178101 1.105347 -0.420532 0.158325 -0.347290
0.051147 -0.187866 1.114014 -0.434204 0.174927 -0.356201
0.012451 -0.255127 1.131958 -0.437500 0.202271 -0.365112
-0.015503 -0.295532 1.129761 -0.435059 0.217285 -0.362793
-0.048340 -0.328857 1.104980 -0.439575 0.225342 -0.351318
-0.073364 -0.358398 1.088501 -0.435791 0.218994 -0.345337
-0.088135 -0.378540 1.090820 -0.404907 0.203003 -0.338623
-0.078369 -0.366577 1.082031 -0.368896 0.190918 -0.334229
-0.059937 -0.346069 1.078247 -0.345947 0.186279 -0.335083
-0.048950 -0.329712 1.066162 -0.340698 0.191162 -0.345581
-0.036987 -0.322510 1.052979 -0.349731 0.198364 -0.360352
-0.041016 -0.343872 1.053223 -0.379272 0.220093 -0.374268
-0.055786 -0.394653 1.035034 -0.390503 0.241821 -0.377441
-0.083374 -0.474854 1.022949 -0.368896 0.256226 -0.367920
-0.116577 -0.544189 1.004395 -0.311523 0.258301 -0.344482
-0.153442 -0.608276 0.979370 -0.238525 0.246460 -0.317017
-0.182129 -0.640137 0.942017 -0.163452 0.216675 -0.285767
-0.199463 -0.651123 0.921143 -0.091064 0.170654 -0.249023
-0.180054 -0.628418 0.904053 -0.025391 0.120117 -0.211182
-0.150269 -0.586670 0.905762 0.003174 0.083374 -0.182861
-0.115723 -0.563477 0.902344 0.012695 0.060425 -0.161377
-0.097046 -0.559937 0.919434 0.011230 0.054565 -0.146484
-0.095581 -0.586914 0.918701 -0.005371 0.062256 -0.129028
-0.102661 -0.610107 0.906738 -0.021606 0.067505 -0.098877
-0.098389 -0.635864 0.901855 -0.034912 0.067017 -0.064575
-0.106323 -0.665283 0.880981 -0.040649 0.062866 -0.026733
-0.115967 -0.705078 0.870605 -0.035278 0.047119 0.004395
-0.095459 -0.700928 0.873413 -0.011719 0.017456 0.024536
-0.074829 -0.677979 0.867310 0.019653 -0.009277 0.029053
-0.050415 -0.673462 0.866455 0.061279 -0.035278 0.021484
-0.040283 -0.671509 0.861816 0.104736 -0.065918 0.000244
-0.031738 -0.680664 0.864990 0.153198 -0.097046 -0.013428
-0.002808 -0.669556 0.881348 0.185547 -0.117065 -0.013062
0.029663 -0.645020 0.896729 0.188232 -0.117188 -0.005493
0.034180 -0.657715 0.900391 0.172241 -0.103760 0.015503
0.040161 -0.655029 0.907837 0.165649 -0.097900 0.030640
0.048462 -0.659546 0.911743 0.164185 -0.093994 0.049072
0.051880 -0.644287 0.900635 0.175293 -0.089478 0.063965
0.058228 -0.627197 0.893188 0.184326 -0.090210 0.077026
0.067261 -0.606445 0.881958 0.192871 -0.090820 0.089966
0.064575 -0.586060 0.865601 0.192627 -0.083740 0.100952
0.050537 -0.570190 0.843384 0.177612 -0.081787 0.111816
0.045776 -0.567017 0.838013 0.164795 -0.091431 0.119385
0.041504 -0.566162 0.835938 0.168335 -0.109009 0.128784
0.048462 -0.556641 0.851318 0.176025 -0.127930 0.134033
0.054077 -0.534912 0.845459 0.175293 -0.136597 0.149414
0.050171 -0.549072 0.851685 0.171509 -0.139160 0.175049
0.048340 -0.537598 0.848022 0.174683 -0.148926 0.192139
0.053467 -0.515015 0.841187 0.174805 -0.162476 0.202271
0.051880 -0.506470 0.835571 0.173584 -0.181030 0.208130
0.051880 -0.493164 0.840332 0.175171 -0.197144 0.211548
0.069458 -0.459595 0.854858 0.174683 -0.217896 0.214111
0.092285 -0.432373 0.875732 0.172729 -0.231812 0.208984
0.093628 -0.429810 0.888916 0.180908 -0.238403 0.189941
0.095825 -0.420044 0.898804 0.206909 -0.240601 0.174072
0.088501 -0.416504 0.902954 0.212769 -0.240234 0.166748
0.093506 -0.399536 0.905151 0.217407 -0.244385 0.164185
0.111694 -0.375732 0.914429 0.213257 -0.240601 0.174683
0.137939 -0.356323 0.945801 0.185547 -0.221558 0.185181
0.161865 -0.322388 0.955322 0.151001 -0.193481 0.189575
0.167847 -0.316772 0.963257 0.102661 -0.151245 0.188965
0.143433 -0.346191 0.965698 0.063599 -0.119629 0.180298
0.129639 -0.329468 0.937622 0.070679 -0.112183 0.162964
0.122681 -0.318848 0.932739 0.086060 -0.114258 0.142334
0.126099 -0.321167 0.950684 0.099365 -0.129761 0.110718
0.134155 -0.324829 0.985474 0.128052 -0.143311 0.083252
0.142822 -0.331543 1.022217 0.146362 -0.147705 0.067627
0.152466 -0.315430 1.042603 0.150269 -0.139526 0.065186
0.174316 -0.276123 1.057495 0.145752 -0.115112 0.068115
0.194580 -0.244263 1.067627 0.121704 -0.074463 0.070923
0.186646 -0.240234 1.065063 0.076660 -0.025146 0.069458
0.168701 -0.263184 1.052368 0.037354 0.024658 0.075073
0.141846 -0.266724 1.025757 0.014038 0.061401 0.079346
0.110352 -0.263306 0.985352 -0.002808 0.076660 0.069092
0.088623 -0.257080 0.956787 0.014648 0.060547 0.039307
0.096802 -0.240967 0.973999 0.052368 0.027710 -0.008911
0.100830 -0.255127 1.006836 0.082642 0.008911 -0.052368
0.101685 -0.249023 1.027222 0.094604 0.009521 -0.073242
0.106689 -0.238770 1.035400 0.077881 0.013916 -0.075684
0.120239 -0.216675 1.042969 0.062012 0.025635 -0.068970
0.121826 -0.206177 1.040649 0.031006 0.050049 -0.058105
