0.089722 -0.171753 1.062256 -0.096313 -0.038330 -0.027588
0.093872 -0.168457 1.064697 -0.091919 -0.030273 -0.031250
0.091431 -0.166016 1.073853 -0.107788 -0.022217 -0.040283
0.090576 -0.175415 1.071289 -0.133301 -0.012085 -0.045532
0.089600 -0.180908 1.066162 -0.141479 -0.000854 -0.044189
0.083008 -0.190308 1.059814 -0.140015 0.011963 -0.034668
0.077637 -0.196655 1.051025 -0.158081 0.017822 -0.029907
0.078491 -0.192871 1.048828 -0.170410 0.016479 -0.030762
0.083740 -0.197754 1.050049 -0.163574 0.015503 -0.035889
0.078247 -0.207275 1.045776 -0.155273 0.019165 -0.040527
0.077393 -0.211304 1.039429 -0.142334 0.023071 -0.045532
0.072632 -0.223511 1.025757 -0.143555 0.026489 -0.046143
0.062500 -0.234741 1.004028 -0.132690 0.020752 -0.050903
0.059814 -0.245483 0.993774 -0.104370 0.002441 -0.061646
0.065674 -0.254639 1.005127 -0.065552 -0.021118 -0.075684
0.063965 -0.280029 1.015747 -0.036743 -0.033569 -0.085571
0.058838 -0.310547 1.009888 -0.021973 -0.034180 -0.088867
0.052856 -0.353882 1.007324 -0.014160 -0.034912 -0.082520
0.053223 -0.376587 1.016968 -0.012329 -0.038940 -0.069580
0.055786 -0.410034 1.017090 -0.013184 -0.037109 -0.051636
0.047119 -0.425781 0.996338 -0.016113 -0.034668 -0.033691
0.041626 -0.460205 0.976685 -0.025391 -0.035278 -0.006348
0.036011 -0.486572 0.973633 -0.027710 -0.050171 0.013306
0.039917 -0.511841 0.988159 -0.019043 -0.072998 0.031006
0.051392 -0.525757 0.991577 -0.006104 -0.098511 0.050049
0.064209 -0.532959 0.998413 0.016968 -0.120361 0.066895
0.084595 -0.510986 0.994263 0.041504 -0.135132 0.088745
0.110229 -0.473511 0.996460 0.048950 -0.138306 0.109375
0.136108 -0.437744 0.996094 0.044067 -0.123901 0.124878
0.135132 -0.423828 0.966919 0.032471 -0.102173 0.131836
0.122925 -0.434204 0.942871 0.029297 -0.091919 0.131958
0.108032 -0.458374 0.936768 0.038574 -0.091553 0.132690
0.053467 -0.521240 0.907104 0.055420 -0.101074 0.137695
0.015015 -0.558960 0.862305 0.099976 -0.138306 0.141846
-0.014648 -0.518799 0.840576 0.154297 -0.188232 0.150391
0.005371 -0.504639 0.870850 0.177856 -0.231323 0.186768
0.047974 -0.446533 0.946533 0.204224 -0.264160 0.225952
0.112183 -0.371826 1.023438 0.199707 -0.264160 0.265625
0.164063 -0.315918 1.073730 0.139771 -0.231079 0.304810
0.184082 -0.283203 1.111694 0.037598 -0.177856 0.337036
0.180054 -0.254883 1.081909 -0.051025 -0.130493 0.355347
0.171631 -0.230103 1.040527 -0.085693 -0.109863 0.351929
0.165649 -0.202148 1.014038 -0.076660 -0.112549 0.332520
0.160889 -0.169800 0.997192 -0.062744 -0.120239 0.303833
0.154541 -0.142944 0.965820 -0.074097 -0.116333 0.277832
0.125366 -0.156250 0.923828 -0.104248 -0.118652 0.247803
0.107788 -0.166138 0.904297 -0.105591 -0.142822 0.213867
0.116699 -0.165649 0.922363 -0.084473 -0.179077 0.197876
0.143677 -0.118896 0.978516 -0.070801 -0.207275 0.193237
0.171875 -0.043335 1.003906 -0.084473 -0.215210 0.192871
0.197510 0.019653 1.029297 -0.097168 -0.202271 0.189331
0.211792 0.067993 1.053589 -0.109985 -0.182495 0.172363
0.215210 0.089966 1.072632 -0.129272 -0.151245 0.157593
0.210938 0.066895 1.081177 -0.197388 -0.121338 0.153320
0.224121 0.093140 1.124023 -0.205688 -0.105835 0.136597
0.234009 0.111694 1.154419 -0.190308 -0.092651 0.110352
0.241211 0.112793 1.192871 -0.159302 -0.073975 0.083008
0.249756 0.126465 1.203369 -0.129761 -0.059448 0.050537
0.252563 0.117798 1.207275 -0.107422 -0.047729 0.013062
0.270752 0.123657 1.243896 -0.063965 -0.037598 -0.021851
0.286865 0.131226 1.257568 -0.045410 -0.010864 -0.055176
0.290894 0.126221 1.245850 -0.048706 0.033447 -0.086182
0.269287 0.084473 1.202026 -0.081299 0.081299 -0.104614
0.250488 0.058716 1.170654 -0.092896 0.112671 -0.119385
0.240112 0.031494 1.139404 -0.108887 0.127930 -0.130493
0.240845 0.024414 1.120117 -0.110840 0.140015 -0.152344
0.235596 0.009155 1.112915 -0.120850 0.151733 -0.174316
0.237061 -0.012573 1.093140 -0.132202 0.162598 -0.194092
0.233032 -0.042114 1.076660 -0.145142 0.174927 -0.214355
0.225342 -0.091553 1.057739 -0.150146 0.192139 -0.219238
0.211914 -0.113770 1.027100 -0.128784 0.210571 -0.210693
0.204834 -0.120605 0.993652 -0.124268 0.211426 -0.215454
0.181885 -0.120850 0.916016 -0.101807 0.188354 -0.235352
0.152344 -0.152832 0.842285 -0.014282 0.112183 -0.292480
0.167114 -0.160767 0.824463 0.144165 -0.013916 -0.388672
0.196045 -0.202881 0.850098 0.304077 -0.137695 -0.480469
0.263672 -0.206909 0.953247 0.453857 -0.223389 -0.546509
0.349976 -0.190796 1.072510 0.479736 -0.219849 -0.559204
0.397095 -0.219360 1.177002 0.384155 -0.099487 -0.514526
0.382813 -0.266846 1.180054 0.182617 0.082764 -0.436768
0.306030 -0.329834 1.083496 -0.056885 0.234863 -0.347168
0.239502 -0.369507 0.995483 -0.222778 0.301758 -0.284180
0.194458 -0.412476 0.946533 -0.281372 0.299561 -0.262817
0.158203 -0.441406 0.901245 -0.259155 0.261597 -0.274536
0.134888 -0.433472 0.880371 -0.135620 0.199707 -0.305908
0.135742 -0.412598 0.887451 -0.005371 0.127197 -0.339233
0.156372 -0.411743 0.953857 0.067505 0.072632 -0.359253
0.168579 -0.424683 1.001221 0.061157 0.069580 -0.348145
0.149902 -0.453003 1.002930 0.019531 0.110718 -0.305664
0.112793 -0.448975 0.957397 -0.017700 0.157593 -0.253296
0.085083 -0.426880 0.907837 -0.033081 0.177246 -0.212280
0.064575 -0.420166 0.877075 -0.054077 0.152710 -0.196777
0.059326 -0.418213 0.890869 -0.071533 0.099976 -0.205444
0.060913 -0.431396 0.910767 -0.074097 0.038330 -0.231689
0.075806 -0.434448 0.946289 -0.072388 -0.007080 -0.257324
0.089478 -0.423096 0.969727 -0.072144 -0.027344 -0.258789
0.106934 -0.398804 0.991943 -0.085693 -0.023926 -0.245972
0.114990 -0.396240 1.001343 -0.117554 -0.002197 -0.225830
0.099121 -0.398804 0.987061 -0.133301 0.022583 -0.207153
0.066040 -0.390747 0.939819 -0.133057 0.036865 -0.189819
0.042236 -0.394531 0.912476 -0.120239 0.028687 -0.164551
0.024902 -0.410156 0.907349 -0.105225 -0.000854 -0.139893
0.020264 -0.406860 0.907593 -0.113647 -0.047241 -0.127441
0.035889 -0.388550 0.931152 -0.126099 -0.094971 -0.120239
0.061279 -0.385498 0.972534 -0.129395 -0.133667 -0.114746
0.081543 -0.409912 1.023682 -0.132813 -0.157104 -0.119995
0.089722 -0.399780 1.037109 -0.177368 -0.166870 -0.125488
0.088623 -0.411255 1.045776 -0.160889 -0.148560 -0.098877
0.087280 -0.389771 1.029541 -0.159180 -0.130615 -0.067749
0.086304 -0.354370 1.028320 -0.172363 -0.120972 -0.047119
0.087280 -0.352783 1.036743 -0.178711 -0.114868 -0.036743
0.074463 -0.344360 1.029053 -0.164185 -0.111084 -0.028198
0.065552 -0.355957 1.033325 -0.116455 -0.106079 -0.018921
0.063354 -0.353149 1.036987 -0.084961 -0.109131 -0.010498
0.054810 -0.346802 1.031738 -0.083618 -0.114624 0.000244
0.055298 -0.336914 1.031006 -0.094360 -0.117188 0.018311
0.048950 -0.328857 1.016724 -0.114014 -0.109375 0.036377
0.047363 -0.311035 0.996460 -0.134766 -0.095947 0.056396
0.037720 -0.307739 0.978394 -0.161011 -0.080200 0.074829
0.036621 -0.314697 0.962891 -0.167480 -0.067017 0.079590
0.033691 -0.337280 0.962769 -0.143921 -0.063843 0.073364
0.042480 -0.335205 0.986572 -0.090210 -0.077026 0.059204
0.052734 -0.328247 1.029663 -0.016113 -0.104492 0.039673
0.060303 -0.307861 1.098511 0.073608 -0.139160 0.022827
0.059937 -0.271484 1.127075 0.139160 -0.161865 0.007690
0.059204 -0.251953 1.144897 0.175903 -0.175659 0.003296
0.056641 -0.250732 1.156616 0.200073 -0.182983 0.008789
0.075806 -0.226196 1.212402 0.212158 -0.175903 0.028320
0.092529 -0.203247 1.201416 0.180664 -0.159546 0.063354
0.107178 -0.198853 1.224731 0.120239 -0.096313 0.104614
0.095703 -0.196167 1.173462 0.036621 -0.049805 0.146973
0.077881 -0.200195 1.141235 -0.033569 0.016602 0.175659
0.063232 -0.188599 1.093506 -0.057983 0.037476 0.191650
0.044434 -0.185791 1.047607 -0.031494 0.039185 0.185669
0.024536 -0.194946 1.001221 0.022583 0.017700 0.169189
0.028931 -0.188354 0.982910 0.082764 -0.038940 0.142456
0.045166 -0.183838 0.986328 0.124390 -0.094360 0.118530
0.074341 -0.170898 1.011230 0.139771 -0.134521 0.106079
0.117676 -0.166382 1.057739 0.120728 -0.141968 0.116211
0.141235 -0.172363 1.092285 0.064697 -0.112427 0.143311
0.166382 -0.158813 1.100952 0.020752 -0.063232 0.177002
0.177612 -0.126953 1.095703 -0.022583 -0.011230 0.207153
0.173340 -0.124023 1.066772 -0.065430 0.024536 0.225342
0.159302 -0.138550 1.045410 -0.073242 0.024170 0.228760
0.155151 -0.149170 1.035400 -0.066895 0.005005 0.225708
0.159668 -0.156006 1.051270 -0.060303 -0.021606 0.218872
0.180176 -0.150757 1.065796 -0.049561 -0.043335 0.206299
0.196533 -0.141846 1.060303 -0.028931 -0.051392 0.189453
0.212891 -0.134155 1.076050 -0.011353 -0.047363 0.178833
0.216309 -0.134399 1.079346 -0.008301 -0.024048 0.174316
