0.100464 -0.513672 0.878296 -0.236938 -0.122559 0.071411
0.181519 -0.474731 0.943970 -0.222168 -0.119141 0.064331
0.200195 -0.459351 0.954224 -0.223511 -0.090698 0.023682
0.172607 -0.501831 0.925415 -0.246460 -0.044678 -0.021606
0.138062 -0.561890 0.910767 -0.275391 -0.011963 -0.058105
0.109375 -0.612793 0.906616 -0.303833 0.001953 -0.076416
0.077637 -0.668701 0.888794 -0.304688 0.002075 -0.084106
0.053711 -0.709717 0.882690 -0.250244 -0.019897 -0.087402
0.043945 -0.755615 0.863037 -0.188721 -0.068481 -0.077515
0.063477 -0.769653 0.872925 -0.109009 -0.119507 -0.073364
0.112549 -0.775146 0.908447 -0.060059 -0.163452 -0.070801
0.158813 -0.773560 0.949951 -0.031494 -0.171265 -0.070190
0.181763 -0.779175 0.974854 -0.035278 -0.135254 -0.057617
0.168701 -0.795654 0.969482 -0.064697 -0.083008 -0.029297
0.139648 -0.820679 0.932861 -0.084351 -0.042236 0.020264
0.114136 -0.830566 0.913818 -0.087524 -0.027222 0.061768
0.104736 -0.822754 0.894165 -0.065063 -0.035767 0.094604
0.115479 -0.788818 0.897827 -0.031372 -0.056641 0.116333
0.122437 -0.759521 0.896118 -0.014404 -0.070190 0.144531
0.134644 -0.725464 0.896362 -0.013184 -0.074829 0.171387
0.158325 -0.671997 0.921387 -0.006836 -0.073730 0.194702
0.157715 -0.646240 0.906738 0.000366 -0.062866 0.208862
0.140869 -0.649292 0.904663 -0.055176 -0.055054 0.207153
0.132690 -0.636719 0.897461 -0.063965 -0.053711 0.205933
0.127686 -0.604248 0.895996 -0.091064 -0.051025 0.207031
0.083252 -0.613281 0.875977 -0.116821 -0.037842 0.196411
0.013306 -0.630859 0.825562 -0.136108 -0.047852 0.191895
0.010010 -0.618530 0.848633 -0.090210 -0.095337 0.195190
0.009521 -0.598877 0.859741 -0.031982 -0.148926 0.210449
0.048706 -0.556519 0.888550 0.036377 -0.195801 0.225342
0.083130 -0.506714 0.920654 0.095337 -0.228271 0.219849
0.111816 -0.459839 0.932373 0.145264 -0.245605 0.197388
0.144897 -0.411011 0.947266 0.163940 -0.241699 0.183960
0.168701 -0.357666 0.962280 0.116455 -0.200195 0.194458
0.157959 -0.329590 0.934692 0.038574 -0.135864 0.228638
0.140747 -0.302612 0.915527 -0.043701 -0.075317 0.266602
0.097412 -0.336426 0.887573 -0.109741 -0.037109 0.293457
0.087036 -0.342285 0.895996 -0.134399 -0.043579 0.298950
0.087036 -0.357300 0.919312 -0.121704 -0.074829 0.292603
0.111938 -0.361694 0.958862 -0.071899 -0.120728 0.275391
0.142700 -0.321167 1.002808 -0.016357 -0.160522 0.249512
0.161743 -0.295776 1.016724 0.031372 -0.175781 0.232910
0.175171 -0.262695 1.040283 0.063599 -0.173096 0.220703
0.207153 -0.220459 1.053467 0.062378 -0.155762 0.230225
0.222290 -0.183105 1.043823 0.015259 -0.112793 0.250488
0.227783 -0.142944 1.052490 -0.040771 -0.050659 0.250854
0.204590 -0.137329 1.030518 -0.091553 -0.003418 0.234253
0.169800 -0.149658 1.033691 -0.124512 0.014404 0.195679
0.146484 -0.194580 1.053711 -0.122559 -0.002197 0.150391
0.153320 -0.242920 1.107056 -0.083618 -0.037842 0.116943
0.180542 -0.216187 1.152100 -0.037720 -0.057129 0.099731
0.200195 -0.189209 1.157104 -0.008545 -0.052979 0.108154
0.221680 -0.137817 1.161499 -0.002808 -0.033325 0.114380
0.231201 -0.114502 1.163574 -0.012695 -0.005371 0.106445
0.220093 -0.119141 1.150146 -0.029053 0.024658 0.090820
0.207153 -0.128418 1.126587 -0.029907 0.043701 0.066040
0.217163 -0.123169 1.136719 -0.031250 0.051270 0.025024
0.206543 -0.151367 1.127930 -0.028931 0.063965 -0.012329
0.176392 -0.199097 1.110352 -0.002808 0.067383 -0.037354
0.169189 -0.212280 1.088989 0.036377 0.050171 -0.058594
0.171875 -0.215942 1.078003 0.056641 0.026733 -0.065186
0.190063 -0.201050 1.072388 0.062988 0.005737 -0.059570
0.224731 -0.177124 1.086670 0.068115 -0.002930 -0.063721
0.257690 -0.162231 1.098877 0.065796 0.004883 -0.084961
0.264526 -0.158936 1.095337 0.048706 0.026001 -0.117065
0.255127 -0.187378 1.072388 0.029175 0.052246 -0.148804
0.256470 -0.199951 1.068726 0.017212 0.074829 -0.182251
0.239624 -0.228027 1.045776 0.021606 0.091553 -0.214600
0.216187 -0.261963 1.014282 0.048584 0.101440 -0.239502
0.203369 -0.278076 1.003784 0.087891 0.100342 -0.259644
0.198242 -0.305664 0.979736 0.100952 0.094482 -0.258789
0.206299 -0.307251 0.975342 0.100098 0.091797 -0.261353
0.213501 -0.307617 0.963867 0.093872 0.093994 -0.274414
0.198120 -0.299683 0.940186 0.093262 0.099487 -0.292603
0.189453 -0.302979 0.912842 0.090210 0.100708 -0.303467
0.185913 -0.299683 0.905273 0.074097 0.092896 -0.316650
0.202271 -0.288574 0.911499 0.052856 0.088623 -0.328125
0.223511 -0.278076 0.929565 0.003662 0.098633 -0.338989
0.214966 -0.315796 0.924805 -0.066040 0.123413 -0.340942
0.198730 -0.356689 0.925903 -0.111328 0.142090 -0.348022
0.184204 -0.413818 0.930298 -0.126709 0.147095 -0.355713
0.169922 -0.458740 0.918701 -0.127075 0.145508 -0.358887
0.143677 -0.496094 0.896729 -0.103149 0.147583 -0.354736
0.139771 -0.519531 0.908691 -0.078247 0.137329 -0.353027
0.115234 -0.540527 0.889038 -0.121094 0.140503 -0.357300
0.091553 -0.560669 0.870117 -0.124512 0.128662 -0.340454
0.075562 -0.562378 0.861206 -0.097900 0.100098 -0.331177
0.097168 -0.548340 0.891235 -0.066528 0.060059 -0.326538
0.151978 -0.520020 0.936035 -0.050781 0.039551 -0.319824
0.174561 -0.487305 0.968994 -0.093994 0.067993 -0.304932
0.139648 -0.503662 0.933228 -0.158325 0.120361 -0.286499
0.104248 -0.524780 0.912231 -0.204102 0.150513 -0.269897
0.082520 -0.555054 0.906372 -0.231689 0.150879 -0.256104
0.066284 -0.582153 0.907227 -0.217041 0.134521 -0.243652
0.058472 -0.595215 0.904785 -0.182617 0.109375 -0.228394
0.073364 -0.584839 0.916260 -0.140015 0.080078 -0.222046
0.080444 -0.564941 0.917725 -0.111816 0.058594 -0.216309
0.089111 -0.547241 0.901489 -0.093872 0.051147 -0.207031
0.094482 -0.530396 0.894531 -0.107422 0.057861 -0.194336
0.076660 -0.520264 0.877319 -0.130127 0.076050 -0.170898
0.063354 -0.515137 0.842163 -0.191040 0.096069 -0.140625
0.050781 -0.524048 0.806519 -0.247803 0.118896 -0.119873
0.041260 -0.544189 0.841187 -0.237793 0.123169 -0.093994
0.044189 -0.569580 0.843140 -0.294067 0.103760 -0.071167
0.047119 -0.598267 0.863403 -0.319946 0.087036 -0.059082
0.039185 -0.603394 0.863281 -0.296021 0.075684 -0.062988
0.015869 -0.606323 0.877197 -0.225830 0.051880 -0.075928
0.025269 -0.590332 0.884644 -0.158569 0.010864 -0.105591
0.037964 -0.574341 0.919434 -0.127197 -0.017090 -0.116089
0.051514 -0.548828 0.948120 -0.127563 -0.021606 -0.098511
0.051025 -0.537109 0.957642 -0.162598 -0.012939 -0.069214
0.046631 -0.528076 0.953003 -0.187500 0.000366 -0.045776
0.042236 -0.536255 0.950928 -0.204346 0.011475 -0.033813
0.036865 -0.547852 0.975220 -0.188110 0.008667 -0.038940
0.005005 -0.572876 0.969238 -0.171875 0.010620 -0.049927
-0.020752 -0.584717 0.947144 -0.132935 0.007446 -0.045776
-0.019287 -0.565308 0.941284 -0.089722 0.013062 -0.034668
-0.019165 -0.536865 0.931274 -0.067017 -0.011108 -0.016357
-0.020142 -0.514771 0.920654 -0.052734 -0.037231 -0.006104
-0.023193 -0.505493 0.917236 -0.032837 -0.062988 -0.006592
-0.014893 -0.495850 0.933594 -0.001221 -0.079468 -0.018433
-0.013550 -0.493408 0.945190 0.009888 -0.097534 -0.015747
0.001221 -0.474854 0.949707 -0.019287 -0.106323 0.018311
-0.003052 -0.459839 0.940796 -0.090820 -0.077881 0.060181
-0.004883 -0.463135 0.972900 -0.120117 -0.067627 0.091064
-0.011719 -0.475220 0.952148 -0.168579 -0.065430 0.117188
-0.030640 -0.489380 0.953369 -0.155762 -0.081665 0.146484
-0.044189 -0.489624 0.941772 -0.102051 -0.107788 0.174683
-0.045288 -0.490112 0.935181 -0.042480 -0.139038 0.174561
-0.020630 -0.475464 0.949219 0.013428 -0.161255 0.138062
0.005493 -0.480591 0.990234 0.079712 -0.137573 0.085693
0.024780 -0.461914 1.064331 0.095947 -0.086548 0.053955
0.024048 -0.474121 1.047729 0.022705 -0.038452 0.128052
0.004150 -0.494751 1.026245 -0.032593 0.014771 0.196411
-0.026001 -0.500244 1.002563 -0.100464 0.025024 0.242065
-0.038574 -0.506714 0.981201 -0.133179 0.007202 0.277954
-0.034302 -0.511230 0.972290 -0.114258 -0.031860 0.312500
-0.024536 -0.494019 0.960327 -0.053955 -0.075439 0.320435
0.017090 -0.460449 0.958496 0.023315 -0.118896 0.306152
0.051392 -0.425049 0.979736 0.086914 -0.142822 0.274170
0.059082 -0.407227 0.969238 0.122559 -0.142334 0.238892
0.056030 -0.401001 0.963501 0.129395 -0.135132 0.218018
0.067871 -0.392334 0.970337 0.109009 -0.121338 0.221680
0.075806 -0.394409 0.983887 0.062500 -0.091797 0.237915
0.070435 -0.400635 0.982910 0.013794 -0.061523 0.263672
0.065918 -0.404785 0.988770 -0.006958 -0.051270 0.276123
0.062500 -0.422241 1.005493 -0.001587 -0.053589 0.274658
0.066162 -0.425659 1.019531 0.002319 -0.060425 0.287109
0.074341 -0.404785 1.000610 0.010010 -0.072266 0.295410
0.096436 -0.393799 1.014404 0.020386 -0.072754 0.282959
