0.083984 -0.254395 1.082153 -0.167480 0.103760 -0.033447
0.073120 -0.265381 1.053589 -0.195313 0.122314 -0.032349
0.068237 -0.275635 1.044067 -0.204224 0.121704 -0.040283
0.062744 -0.275269 1.025879 -0.198853 0.107422 -0.056274
0.060669 -0.273926 1.021606 -0.167847 0.087524 -0.073730
0.066895 -0.268066 1.006958 -0.103394 0.068481 -0.083252
0.084106 -0.250122 1.015137 -0.056519 0.050049 -0.096802
0.090698 -0.254761 1.017700 -0.038940 0.044800 -0.111816
0.067139 -0.271240 1.007813 -0.026123 0.045776 -0.118042
0.050415 -0.274658 0.987549 -0.021362 0.043945 -0.109131
0.040161 -0.279297 0.969727 -0.031250 0.036255 -0.089844
0.046753 -0.266357 0.968872 -0.031616 0.019897 -0.072021
0.052246 -0.263306 0.968628 -0.023071 0.001953 -0.065552
0.068970 -0.265991 0.983398 -0.004517 -0.014771 -0.067139
0.076416 -0.273804 0.995483 0.002563 -0.024780 -0.077148
0.089111 -0.278076 1.021362 0.003052 -0.028687 -0.090088
0.095703 -0.289673 1.038696 -0.013428 -0.018677 -0.100586
0.086182 -0.304199 1.031372 -0.034668 -0.004883 -0.107178
0.073730 -0.317627 1.010010 -0.040649 0.000854 -0.111328
0.062134 -0.321289 0.988037 -0.025879 -0.002686 -0.109375
0.059204 -0.333130 0.972656 -0.002319 -0.011963 -0.105591
0.051636 -0.347778 0.975952 0.012085 -0.024780 -0.100830
0.057373 -0.347534 0.970093 0.015503 -0.034668 -0.093262
0.050415 -0.371826 0.955078 0.007446 -0.041016 -0.084229
0.059814 -0.371582 0.964233 0.019531 -0.053711 -0.075684
0.057495 -0.397095 0.970581 0.035645 -0.058105 -0.065063
0.064209 -0.422119 0.982178 0.040771 -0.060303 -0.058716
0.061035 -0.444702 0.989624 0.023438 -0.050415 -0.052124
0.050293 -0.461792 0.961304 0.000000 -0.033325 -0.036743
0.035278 -0.488647 0.928955 -0.024780 -0.025757 -0.017578
0.039673 -0.499023 0.920898 -0.030518 -0.041016 0.000732
0.033081 -0.517090 0.919556 -0.031128 -0.057251 0.022217
0.033569 -0.533325 0.901001 -0.026978 -0.081299 0.034912
0.028198 -0.553223 0.882202 0.003906 -0.125122 0.026001
0.037231 -0.577881 0.880371 0.047607 -0.185547 -0.008911
0.030273 -0.621582 0.893433 0.109009 -0.252930 -0.057251
0.041870 -0.647705 0.948853 0.189941 -0.304810 -0.083252
0.053223 -0.674072 0.997559 0.218750 -0.313232 -0.060181
0.062622 -0.643555 1.021729 0.206665 -0.283203 0.010010
0.066772 -0.618652 1.009766 0.114990 -0.205322 0.120361
0.056519 -0.578735 1.005493 -0.026855 -0.109375 0.230835
0.033325 -0.558105 0.958130 -0.154175 -0.036743 0.318970
0.017944 -0.528687 0.915161 -0.191650 -0.006226 0.362671
0.009766 -0.519287 0.884888 -0.145630 -0.036743 0.367188
0.044922 -0.477661 0.925903 -0.005005 -0.115234 0.352661
0.097900 -0.433960 0.999390 0.106323 -0.168335 0.336060
0.131470 -0.395020 1.055054 0.128052 -0.164551 0.324951
0.129883 -0.354248 1.060791 0.123535 -0.116333 0.328613
0.113525 -0.317383 1.018921 0.073364 -0.066772 0.352417
0.128906 -0.269531 1.032471 0.039551 -0.051880 0.371704
0.154053 -0.211182 1.060913 0.021118 -0.057861 0.368774
0.165161 -0.188354 1.079834 0.003540 -0.057251 0.362549
0.177002 -0.147339 1.090088 -0.007202 -0.042603 0.365112
0.177612 -0.087036 1.062500 -0.069214 -0.003784 0.376343
0.165771 -0.060913 0.998657 -0.138550 0.025513 0.380981
0.167236 -0.022217 0.974854 -0.162354 0.005371 0.346191
0.158691 -0.031738 0.975952 -0.153076 -0.037109 0.291504
0.162964 -0.041016 0.999512 -0.114868 -0.077637 0.243774
0.153931 -0.052002 1.009033 -0.061279 -0.102783 0.206421
0.153687 -0.053467 1.009521 -0.015991 -0.127075 0.178223
0.188965 -0.041260 1.065918 0.045044 -0.150391 0.151611
0.213501 -0.033081 1.125000 0.076538 -0.147095 0.125977
0.195923 -0.057129 1.142456 0.055176 -0.092407 0.121338
0.176392 -0.058350 1.109985 0.003540 -0.023682 0.133179
0.160767 -0.044434 1.070068 -0.071655 0.021240 0.141724
0.163818 -0.027832 1.063843 -0.130615 0.028198 0.131958
0.162476 -0.032227 1.062744 -0.144287 0.019409 0.106445
0.152222 -0.038574 1.047485 -0.136108 0.011597 0.079346
0.142944 -0.051636 1.040527 -0.097900 -0.000122 0.060303
0.166992 -0.022949 1.077881 -0.056396 -0.019043 0.045288
0.165405 -0.036377 1.090820 -0.047607 -0.022095 0.043579
0.194580 -0.015259 1.116577 -0.031616 -0.025024 0.048462
0.231567 0.034912 1.143677 -0.038696 -0.017822 0.049316
0.247070 0.068848 1.138306 -0.081055 0.004028 0.031616
0.266235 0.085327 1.118774 -0.082275 0.008423 -0.006348
0.289063 0.088013 1.130127 -0.078125 0.003784 -0.056152
0.294556 0.078735 1.118042 -0.095459 0.015259 -0.108765
0.310303 0.082031 1.115967 -0.119019 0.032837 -0.158569
0.313232 0.066528 1.101074 -0.169678 0.063110 -0.205566
0.301147 0.018799 1.088135 -0.200684 0.100952 -0.245361
0.304199 -0.015137 1.075439 -0.240234 0.139893 -0.281494
0.275757 -0.087158 1.047729 -0.380249 0.181885 -0.307373
0.260742 -0.119629 1.031006 -0.411255 0.213013 -0.324219
0.238770 -0.183838 1.005737 -0.388672 0.238770 -0.336670
0.210571 -0.256348 0.986084 -0.345093 0.258789 -0.336304
0.167236 -0.332397 0.948486 -0.325928 0.276611 -0.326538
0.159058 -0.365967 0.946899 -0.226440 0.248535 -0.309204
0.162964 -0.373047 0.934692 -0.129395 0.190430 -0.305786
0.167236 -0.364868 0.905762 0.021484 0.119751 -0.335327
0.207153 -0.316162 0.928711 0.235474 0.062744 -0.396484
0.235596 -0.290894 0.976685 0.308228 0.054077 -0.453247
0.208130 -0.332520 0.975830 0.214111 0.114746 -0.464478
0.167969 -0.375854 0.946777 0.064453 0.206543 -0.426758
0.121704 -0.411499 0.913818 -0.109375 0.295532 -0.360107
0.087158 -0.437256 0.862671 -0.271851 0.344971 -0.312012
0.059326 -0.514404 0.838501 -0.351563 0.325806 -0.306396
0.034058 -0.564209 0.851318 -0.297974 0.271851 -0.336182
0.007935 -0.628418 0.841797 -0.246460 0.214722 -0.366699
-0.000366 -0.654053 0.851929 -0.184082 0.165649 -0.401001
-0.035522 -0.695190 0.848999 -0.149414 0.146362 -0.418945
-0.056396 -0.719360 0.853638 -0.141724 0.126343 -0.400635
-0.054932 -0.720703 0.873291 -0.149292 0.116333 -0.347778
-0.049927 -0.704346 0.886963 -0.172241 0.122070 -0.291138
-0.047729 -0.702393 0.903931 -0.205200 0.124756 -0.244019
-0.040894 -0.688965 0.936768 -0.221313 0.117310 -0.212036
-0.044556 -0.681152 0.957397 -0.205322 0.106689 -0.196655
-0.052368 -0.671265 0.955933 -0.164185 0.085083 -0.191284
-0.046875 -0.642822 0.959473 -0.106567 0.051636 -0.188965
-0.038452 -0.610229 0.965210 -0.091431 0.026123 -0.181274
-0.025513 -0.567749 0.975464 -0.113037 0.018188 -0.166382
-0.004150 -0.520996 0.991089 -0.148560 0.017944 -0.144409
0.002441 -0.512085 1.008301 -0.170410 0.036133 -0.117310
0.001953 -0.507202 1.008057 -0.181030 0.050171 -0.101318
0.000122 -0.498657 1.015747 -0.180054 0.045410 -0.094604
-0.002686 -0.504272 1.033569 -0.156860 0.041016 -0.083740
-0.003662 -0.474854 1.026978 -0.114624 0.040894 -0.072144
-0.013794 -0.463989 1.013062 -0.077637 0.039795 -0.065063
-0.024658 -0.439087 0.987305 -0.059204 0.027222 -0.068604
-0.044189 -0.428467 0.951782 -0.046265 0.003174 -0.082764
-0.052002 -0.409912 0.933350 -0.028076 -0.036133 -0.095947
-0.054321 -0.404175 0.946533 -0.005127 -0.069458 -0.099365
-0.065308 -0.411743 0.936401 0.012939 -0.082153 -0.090454
-0.082275 -0.419067 0.912231 0.008545 -0.087280 -0.076538
-0.085083 -0.403076 0.938232 -0.012085 -0.104736 -0.062622
-0.071655 -0.392944 0.907959 -0.048462 -0.128540 -0.055176
-0.070435 -0.393555 0.905762 -0.063477 -0.136353 -0.056519
-0.069214 -0.399048 0.902710 -0.086548 -0.168701 -0.055054
-0.064819 -0.382202 0.900146 -0.106323 -0.182861 -0.040161
-0.033081 -0.350708 0.931396 -0.093872 -0.203247 -0.018555
-0.020508 -0.331299 0.972168 -0.049438 -0.198242 -0.012695
-0.006836 -0.274658 0.994019 0.026367 -0.169189 -0.014893
-0.042725 -0.321777 0.980347 0.040161 -0.122437 -0.022095
-0.051636 -0.337158 1.001099 0.061523 -0.115601 -0.026855
-0.080200 -0.385864 1.021851 0.088257 -0.106812 -0.031738
-0.096680 -0.436401 1.061035 0.015625 -0.110229 -0.015259
-0.099487 -0.483521 1.071533 -0.028809 -0.135742 0.030029
-0.096069 -0.496704 1.081055 -0.074707 -0.129761 0.072632
-0.057495 -0.471069 1.100952 -0.197632 -0.122681 0.116821
-0.050293 -0.435059 1.057617 -0.293945 -0.082886 0.148560
-0.063232 -0.425903 0.988159 -0.348755 -0.060669 0.168335
-0.062378 -0.432129 0.957397 -0.388794 -0.082642 0.185181
-0.042969 -0.433838 0.994019 -0.403320 -0.109009 0.202271
-0.015991 -0.430786 1.022339 -0.401489 -0.118042 0.229248
-0.009033 -0.430298 1.014648 -0.345215 -0.100708 0.254272
-0.009766 -0.409912 1.018066 -0.242554 -0.099365 0.283203
-0.016479 -0.419189 1.021118 -0.130249 -0.089111 0.301147
0.004395 -0.377319 1.068970 0.028687 -0.078613 0.309814
0.039429 -0.355835 1.060791 0.076416 -0.092773 0.328979
0.046875 -0.348511 1.010986 0.093140 -0.081299 0.329468
0.054810 -0.342163 1.005859 0.128784 -0.078735 0.320068
