0.064697 -0.190308 1.048340 -0.006714 -0.019287 -0.067627
0.037598 -0.205811 1.011475 -0.063843 0.005371 -0.062378
0.019653 -0.211426 0.983276 -0.068726 0.003784 -0.064453
0.012817 -0.229858 0.977539 -0.046387 -0.018799 -0.071899
0.023804 -0.218140 0.989746 -0.020264 -0.049194 -0.087158
0.034058 -0.217896 1.012329 0.001099 -0.070190 -0.103638
0.045776 -0.219849 1.027344 0.020630 -0.077759 -0.116943
0.052490 -0.222778 1.040771 0.021973 -0.079224 -0.128662
0.073608 -0.210327 1.074463 0.008179 -0.064087 -0.130127
0.054688 -0.239136 1.060547 -0.061279 -0.012695 -0.113647
0.030273 -0.267090 1.043579 -0.126953 0.036255 -0.089600
0.018799 -0.279663 1.018921 -0.167847 0.054077 -0.069702
0.025513 -0.280151 1.025391 -0.179565 0.054321 -0.054688
0.042114 -0.275879 1.028931 -0.189209 0.060425 -0.044800
0.034180 -0.293945 1.002686 -0.210205 0.067261 -0.048706
0.020874 -0.306763 0.979370 -0.182373 0.053223 -0.068848
0.012329 -0.310425 0.951294 -0.130249 0.021484 -0.092529
0.003784 -0.321289 0.930786 -0.057617 -0.019531 -0.110352
0.014160 -0.316406 0.921631 0.012451 -0.063965 -0.128906
0.024048 -0.322266 0.929443 0.038818 -0.092407 -0.136841
0.032104 -0.337036 0.933716 0.040771 -0.107300 -0.126465
0.060791 -0.340820 0.957520 0.023193 -0.109497 -0.109131
0.073486 -0.348145 0.972168 -0.028198 -0.088379 -0.087524
0.060791 -0.375244 0.958618 -0.093384 -0.058350 -0.067505
0.051880 -0.394287 0.940063 -0.122070 -0.050537 -0.051270
0.041504 -0.447021 0.939331 -0.128174 -0.056763 -0.034790
0.040649 -0.478516 0.955078 -0.111084 -0.076782 -0.030884
0.030029 -0.510010 0.960083 -0.087402 -0.090210 -0.024536
0.038696 -0.521606 0.954590 -0.060547 -0.098022 -0.008911
0.051636 -0.525635 0.948120 -0.055176 -0.102661 0.008789
0.051270 -0.527954 0.939575 -0.056885 -0.103760 0.028076
0.048096 -0.547485 0.931152 -0.060059 -0.104980 0.055908
0.066650 -0.556030 0.944458 -0.069946 -0.108643 0.084839
0.085327 -0.568115 0.958862 -0.098633 -0.106201 0.106812
0.080566 -0.576416 0.956909 -0.142700 -0.095947 0.116089
0.064331 -0.586914 0.926636 -0.193848 -0.093262 0.115845
0.057251 -0.583130 0.931274 -0.212036 -0.104614 0.121582
0.054321 -0.579102 0.939087 -0.196289 -0.115601 0.140625
0.056885 -0.572388 0.939331 -0.172119 -0.115234 0.170044
0.053589 -0.556030 0.940552 -0.171509 -0.109375 0.193726
0.036987 -0.554321 0.936646 -0.204224 -0.105103 0.213013
0.027466 -0.546021 0.957153 -0.225708 -0.111694 0.226807
0.040894 -0.511353 0.964600 -0.194092 -0.133789 0.242554
0.041138 -0.500854 0.992065 -0.182861 -0.137939 0.254639
0.058228 -0.469727 1.020142 -0.123169 -0.150879 0.266235
0.065430 -0.449097 1.045410 -0.070068 -0.153564 0.265259
0.078857 -0.431641 1.064453 -0.064453 -0.140503 0.266479
0.079102 -0.400024 1.078247 -0.075073 -0.109985 0.281128
0.086670 -0.341919 1.068115 -0.119873 -0.067383 0.303467
0.071655 -0.297607 1.050537 -0.191772 -0.019043 0.322388
0.041504 -0.276978 1.018677 -0.243042 0.005371 0.325684
0.031372 -0.259155 1.008179 -0.237061 -0.021729 0.314331
0.048828 -0.234131 1.027344 -0.171875 -0.073120 0.291016
0.078735 -0.196533 1.067627 -0.104858 -0.100586 0.258423
0.087280 -0.150513 1.058228 -0.064575 -0.091187 0.238281
0.067749 -0.143066 1.007568 -0.046875 -0.058350 0.229004
0.067017 -0.122681 1.001221 -0.029175 -0.035400 0.227417
0.074219 -0.109741 1.007690 -0.063721 -0.009277 0.221313
0.062500 -0.117554 0.995361 -0.115601 0.011108 0.212280
0.069458 -0.120483 1.013184 -0.118774 0.012329 0.197632
0.077026 -0.121338 1.036255 -0.118774 0.002686 0.176880
0.084961 -0.115479 1.056152 -0.085571 0.000000 0.153687
0.099365 -0.095947 1.066406 -0.079224 -0.001099 0.134521
0.106445 -0.097046 1.056885 -0.085938 0.007080 0.127930
0.115967 -0.096313 1.094849 -0.099609 0.014404 0.118286
0.132202 -0.088867 1.119629 -0.088501 0.010010 0.104248
0.156738 -0.080322 1.155273 -0.067871 0.010376 0.091431
0.179810 -0.066040 1.185059 -0.052856 0.024780 0.081421
0.188477 -0.055542 1.171875 -0.048096 0.054077 0.061157
0.187256 -0.050781 1.142822 -0.040283 0.074707 0.026855
0.181274 -0.062500 1.112427 -0.021240 0.072144 -0.018066
0.179077 -0.081543 1.092529 0.035645 0.053345 -0.070557
0.179932 -0.097778 1.091431 0.086548 0.018799 -0.126953
0.198364 -0.107910 1.102295 0.121216 -0.009888 -0.172974
0.227051 -0.099731 1.109863 0.154175 -0.011475 -0.204590
0.255005 -0.108765 1.130981 0.134155 0.025391 -0.220581
0.249023 -0.131714 1.114502 0.029419 0.094849 -0.228638
0.224609 -0.170044 1.073853 -0.059082 0.162964 -0.232056
0.208374 -0.207275 1.051636 -0.090210 0.204834 -0.248413
0.189331 -0.249146 1.006836 -0.089722 0.220825 -0.274170
0.168701 -0.298584 0.982178 -0.090698 0.213623 -0.303467
0.166992 -0.329712 0.977661 -0.100830 0.191162 -0.331421
0.166138 -0.349243 0.956787 -0.072754 0.167236 -0.352173
0.165161 -0.361816 0.957520 -0.014648 0.147827 -0.368042
0.175781 -0.360596 0.965332 0.009888 0.150391 -0.377197
0.168823 -0.375610 0.965576 -0.052856 0.196655 -0.365112
0.129150 -0.408081 0.935181 -0.188110 0.266846 -0.338013
0.079590 -0.438232 0.896240 -0.323730 0.322388 -0.309692
0.032471 -0.475708 0.857910 -0.411865 0.336304 -0.294922
-0.001099 -0.515137 0.818970 -0.454468 0.311768 -0.305542
-0.020996 -0.548950 0.811646 -0.417725 0.264526 -0.329834
-0.033691 -0.563110 0.820679 -0.264404 0.206665 -0.356201
-0.053955 -0.598145 0.839233 -0.093872 0.154663 -0.375366
-0.053223 -0.597168 0.861572 0.024414 0.118652 -0.379883
-0.060669 -0.604492 0.883179 0.018677 0.122314 -0.352173
-0.070313 -0.596069 0.872803 -0.067505 0.152588 -0.304077
-0.076660 -0.585938 0.874756 -0.167480 0.188843 -0.253540
-0.107422 -0.598389 0.842285 -0.248413 0.211914 -0.208374
-0.128906 -0.613281 0.821899 -0.249756 0.196167 -0.186035
-0.137085 -0.629517 0.835693 -0.205200 0.152710 -0.179077
-0.125610 -0.607788 0.869263 -0.135620 0.102051 -0.174927
-0.105469 -0.580078 0.892456 -0.094849 0.059448 -0.173828
-0.083740 -0.535156 0.910767 -0.066284 0.028198 -0.175537
-0.086670 -0.519531 0.911743 -0.058472 0.016968 -0.171997
-0.079834 -0.509277 0.933960 -0.067261 0.010376 -0.162231
-0.077637 -0.499634 0.941895 -0.092041 0.015259 -0.146973
-0.085083 -0.490967 0.934570 -0.105957 0.026733 -0.128418
-0.087036 -0.478638 0.943848 -0.136353 0.021240 -0.109131
-0.090820 -0.485474 0.944824 -0.154297 0.010498 -0.088745
-0.090454 -0.509277 0.953003 -0.137207 0.002808 -0.073486
-0.083008 -0.522461 0.974854 -0.160767 -0.007324 -0.064209
-0.101685 -0.504028 0.979126 -0.167725 0.019775 -0.071045
-0.119629 -0.520386 0.956055 -0.168945 0.007568 -0.052002
-0.125488 -0.516602 0.939697 -0.152710 -0.016235 -0.038696
-0.141602 -0.526123 0.941650 -0.099365 -0.044312 -0.029663
-0.144897 -0.532104 0.942261 -0.043701 -0.071167 -0.023438
-0.146362 -0.522339 0.945435 -0.007813 -0.098145 -0.010498
-0.150635 -0.517456 0.934326 0.002441 -0.117920 0.004639
-0.146973 -0.508545 0.933716 -0.001221 -0.136963 0.022339
-0.139282 -0.478516 0.940186 -0.000244 -0.155029 0.025757
-0.139404 -0.463623 0.957153 0.034058 -0.173218 0.014893
-0.161133 -0.505493 0.984131 0.111572 -0.187744 0.011963
-0.160156 -0.513428 1.014771 0.174072 -0.197144 0.030273
-0.169067 -0.511230 1.026978 0.159790 -0.185303 0.078735
-0.164429 -0.488281 1.015259 0.105103 -0.176880 0.139160
-0.140137 -0.448853 1.032837 0.059326 -0.173828 0.189209
-0.136230 -0.422485 1.058838 0.020874 -0.161987 0.220947
-0.123779 -0.407227 1.013672 0.022949 -0.163086 0.242554
-0.132202 -0.423218 0.992798 0.051025 -0.169800 0.249268
-0.119385 -0.410889 1.013672 0.086182 -0.178711 0.250488
-0.088257 -0.396240 1.038208 0.096436 -0.184326 0.259644
-0.063232 -0.372559 1.045410 0.110229 -0.165405 0.271240
-0.056519 -0.364746 1.051392 0.102417 -0.135010 0.278564
-0.023438 -0.332886 1.088745 0.098633 -0.109863 0.280518
0.001709 -0.298340 1.083374 0.074097 -0.067993 0.279419
-0.004639 -0.294189 1.041870 0.084961 -0.029419 0.260498
-0.020386 -0.319702 1.006592 0.097290 -0.023071 0.233765
-0.038086 -0.337891 0.983032 0.102173 -0.025024 0.230469
-0.037842 -0.336426 0.966919 0.084473 -0.024658 0.250610
-0.024048 -0.314087 0.957520 0.093994 -0.025513 0.270508
-0.013794 -0.296265 0.957397 0.112183 -0.036743 0.284302
0.005981 -0.285278 0.984375 0.126953 -0.059814 0.285889
0.026245 -0.268433 1.018311 0.136108 -0.066650 0.288208
0.032593 -0.269043 1.020142 0.098022 -0.049194 0.290894
0.042603 -0.265991 1.007568 0.076172 -0.036987 0.279175
0.055786 -0.257446 1.015503 0.065308 -0.035278 0.256104
0.054688 -0.260986 1.017822 0.069824 -0.032593 0.229736
0.067017 -0.259644 1.001465 0.092896 -0.030884 0.208496
0.048462 -0.290283 0.975098 0.082397 -0.026489 0.192871
0.046753 -0.301392 0.949951 0.082397 -0.033325 0.188477
