0.049805 -0.251465 1.011475 -0.052612 -0.020874 -0.042114
0.046021 -0.252197 1.006348 -0.040894 -0.011963 -0.041382
0.046509 -0.249390 0.990967 -0.023926 -0.008301 -0.046387
0.050659 -0.248657 0.996948 -0.031616 -0.008423 -0.058105
0.050537 -0.248657 0.992554 -0.042114 -0.006226 -0.069580
0.043701 -0.260376 0.985596 -0.040039 -0.002197 -0.078979
0.038574 -0.281860 0.985352 -0.050049 -0.000854 -0.088745
0.036621 -0.284546 0.985352 -0.065308 -0.000366 -0.094971
0.022827 -0.304932 0.976440 -0.066040 0.004395 -0.095947
0.014648 -0.322632 0.967529 -0.070313 0.006104 -0.096436
0.000488 -0.336548 0.960083 -0.069946 -0.001709 -0.098267
-0.007446 -0.361084 0.956909 -0.048096 -0.016846 -0.093994
-0.008301 -0.376465 0.960327 -0.035156 -0.031372 -0.086792
0.003418 -0.376099 0.979614 -0.036499 -0.039551 -0.078979
0.010864 -0.383667 0.982300 -0.049805 -0.033813 -0.069092
0.008667 -0.401367 0.985229 -0.081787 -0.014038 -0.052612
0.000366 -0.428101 0.987305 -0.127197 0.008667 -0.032715
-0.010742 -0.450195 0.961304 -0.159058 0.022461 -0.008667
-0.023682 -0.480835 0.948486 -0.167480 0.018188 0.003784
-0.027710 -0.503174 0.944092 -0.144653 -0.009888 0.002441
-0.021118 -0.532471 0.952148 -0.089233 -0.043213 0.000854
-0.011841 -0.557861 0.976074 -0.039917 -0.070557 0.003784
-0.008911 -0.580688 0.983154 -0.039551 -0.078979 0.014038
-0.011475 -0.610352 0.973145 -0.060791 -0.078247 0.039307
-0.012451 -0.638550 0.964844 -0.080078 -0.086914 0.063477
-0.002441 -0.654175 0.971191 -0.102661 -0.104980 0.088745
0.024658 -0.658081 1.005249 -0.128174 -0.114624 0.126099
0.060059 -0.638062 1.042847 -0.163940 -0.097534 0.169922
0.069702 -0.626709 1.036499 -0.208130 -0.057373 0.211792
0.058350 -0.611816 1.015503 -0.237671 -0.024414 0.239014
0.053589 -0.601074 0.997192 -0.253540 -0.005371 0.256958
0.023926 -0.606445 0.954956 -0.289673 0.003174 0.261108
0.020386 -0.576294 0.944580 -0.252563 -0.005005 0.266357
0.007690 -0.563965 0.915283 -0.185425 -0.019165 0.266113
0.004761 -0.546021 0.915649 -0.143311 -0.035522 0.270996
0.007690 -0.522339 0.911743 -0.125732 -0.043823 0.284058
0.018921 -0.476074 0.904907 -0.123047 -0.045410 0.295166
0.013184 -0.448120 0.894775 -0.138916 -0.039185 0.290405
0.004395 -0.430786 0.881836 -0.150879 -0.037476 0.279541
-0.001953 -0.407104 0.888306 -0.134155 -0.048828 0.266235
0.010498 -0.395020 0.913330 -0.115845 -0.060791 0.256348
0.007813 -0.383911 0.943604 -0.115112 -0.062500 0.247559
0.000122 -0.380859 0.955444 -0.129883 -0.046143 0.254639
-0.014526 -0.364746 0.935547 -0.158691 -0.028442 0.269043
-0.008789 -0.349854 0.937134 -0.162842 -0.029663 0.278809
0.021362 -0.316895 0.974976 -0.163330 -0.032593 0.277100
0.006348 -0.312500 0.962769 -0.200317 -0.013062 0.267212
-0.025635 -0.326782 0.926392 -0.207153 -0.011353 0.251343
-0.045410 -0.329834 0.916626 -0.164063 -0.046997 0.234009
-0.043091 -0.305786 0.946411 -0.115845 -0.096436 0.227783
-0.010620 -0.284302 0.989380 -0.058838 -0.131226 0.235596
0.030151 -0.232910 1.046753 -0.013062 -0.144897 0.234009
0.044312 -0.198364 1.050781 -0.019043 -0.129639 0.226196
0.048218 -0.168335 1.038452 -0.033325 -0.111450 0.216675
0.072632 -0.144775 1.061035 -0.025513 -0.101074 0.202759
0.093750 -0.128052 1.104004 -0.033936 -0.075317 0.192139
0.094482 -0.132690 1.108643 -0.075439 -0.026855 0.190796
0.087524 -0.126221 1.118164 -0.119629 0.015137 0.180786
0.057739 -0.150635 1.102539 -0.159058 0.039795 0.163696
0.035278 -0.165039 1.089111 -0.139648 0.028198 0.137451
0.028687 -0.175903 1.098633 -0.081909 -0.011475 0.109497
0.047607 -0.152466 1.107666 0.002075 -0.053955 0.085449
0.051025 -0.130615 1.083862 0.073486 -0.092163 0.060425
0.086182 -0.105347 1.084717 0.161987 -0.145142 0.019043
0.145020 -0.062500 1.111450 0.255737 -0.191528 -0.037231
0.201294 -0.018799 1.158203 0.307129 -0.200073 -0.098633
0.232788 -0.007935 1.176392 0.280762 -0.157349 -0.147949
0.223389 -0.035645 1.163208 0.202515 -0.083496 -0.175903
0.222046 -0.060425 1.147461 0.114258 -0.006836 -0.189697
0.206787 -0.104980 1.118530 0.006226 0.074219 -0.186279
0.176392 -0.154785 1.078735 -0.110962 0.140259 -0.180420
0.151367 -0.190186 1.042847 -0.182129 0.176025 -0.177734
0.137695 -0.221313 1.026855 -0.210938 0.193359 -0.172119
0.131348 -0.254150 1.012207 -0.226074 0.202759 -0.161621
0.134399 -0.265015 1.002686 -0.233765 0.205811 -0.154053
0.155273 -0.243530 1.002686 -0.215698 0.200195 -0.159546
0.179077 -0.197754 0.985962 -0.181030 0.200928 -0.180908
0.180664 -0.202393 0.954834 -0.165405 0.204224 -0.216309
0.213135 -0.197754 0.975098 -0.142578 0.207886 -0.263062
0.220337 -0.229370 0.982788 -0.187378 0.259766 -0.296265
0.161987 -0.327881 0.934937 -0.286011 0.340088 -0.319458
0.087036 -0.410767 0.867920 -0.350586 0.391113 -0.340332
-0.007202 -0.526123 0.788940 -0.385376 0.398926 -0.357422
-0.048218 -0.600586 0.774536 -0.345093 0.346436 -0.377319
-0.053955 -0.638672 0.796265 -0.262939 0.282349 -0.395752
-0.081055 -0.692383 0.788452 -0.189331 0.243042 -0.409668
-0.113892 -0.733154 0.783936 -0.101196 0.206299 -0.417969
-0.127197 -0.748169 0.793457 -0.043091 0.165039 -0.409790
-0.122559 -0.767090 0.824585 -0.022095 0.137085 -0.375366
-0.102173 -0.739136 0.867920 -0.052734 0.138916 -0.325439
-0.100342 -0.732300 0.893555 -0.155884 0.182617 -0.254639
-0.100708 -0.715210 0.883545 -0.277588 0.233398 -0.186401
-0.104858 -0.688599 0.866577 -0.350586 0.258789 -0.143188
-0.101074 -0.677734 0.845581 -0.351440 0.246460 -0.139404
-0.101807 -0.663330 0.845947 -0.288818 0.190918 -0.185913
-0.094971 -0.666504 0.867310 -0.159790 0.119141 -0.240601
-0.065674 -0.659302 0.917847 -0.005371 0.064087 -0.277100
-0.047241 -0.634155 0.938721 0.064697 0.057007 -0.281616
-0.048950 -0.618896 0.936768 0.022949 0.086670 -0.252930
-0.049561 -0.592163 0.932495 -0.024902 0.118530 -0.214111
-0.052734 -0.577148 0.926270 -0.063354 0.147705 -0.180542
-0.072021 -0.579224 0.912354 -0.113770 0.168335 -0.153320
-0.090454 -0.572998 0.894409 -0.146484 0.172607 -0.135376
-0.096436 -0.568481 0.896729 -0.137329 0.167969 -0.126221
-0.098145 -0.558105 0.909058 -0.108887 0.160278 -0.123413
-0.109985 -0.539917 0.881226 -0.071045 0.154541 -0.128784
-0.136230 -0.559570 0.854492 -0.058350 0.143677 -0.132202
-0.156006 -0.573364 0.848755 -0.061523 0.126099 -0.132202
-0.161865 -0.568970 0.862793 -0.069824 0.111450 -0.129028
-0.177856 -0.588867 0.834839 -0.113647 0.105225 -0.116211
-0.210571 -0.583862 0.829590 -0.091064 0.122559 -0.117188
-0.218994 -0.581787 0.825073 -0.038208 0.087891 -0.096069
-0.226196 -0.578247 0.820313 -0.070435 0.043213 -0.072632
-0.220703 -0.533813 0.812256 -0.077393 0.020264 -0.058472
-0.231323 -0.543091 0.805420 -0.075684 0.010498 -0.041016
-0.224243 -0.530884 0.837402 -0.048584 -0.018921 -0.040283
-0.231812 -0.523926 0.837524 -0.018433 -0.042358 -0.040283
-0.242920 -0.538452 0.840210 -0.030029 -0.067383 -0.032593
-0.234131 -0.523315 0.857300 -0.024170 -0.096313 -0.019165
-0.221558 -0.508911 0.892822 -0.035645 -0.107056 -0.003418
-0.219360 -0.523438 0.915894 -0.066650 -0.097534 0.011719
-0.225952 -0.534424 0.944092 -0.084595 -0.095825 0.016235
-0.239868 -0.558472 0.958252 -0.072754 -0.100586 0.026001
-0.238037 -0.567383 0.985596 -0.055298 -0.109131 0.043823
-0.236938 -0.571899 1.009888 -0.060669 -0.114746 0.076294
-0.225464 -0.558838 1.013794 -0.085205 -0.112061 0.123657
-0.210327 -0.525391 1.011719 -0.137085 -0.107422 0.163452
-0.205933 -0.498169 1.009033 -0.155884 -0.104858 0.187622
-0.205444 -0.488892 0.979004 -0.123535 -0.115845 0.192627
-0.196655 -0.487183 0.972900 -0.049072 -0.137329 0.185303
-0.183594 -0.478027 0.986694 0.032593 -0.155029 0.178833
-0.168213 -0.475830 1.016724 0.071289 -0.152344 0.183594
-0.165039 -0.472046 1.024536 0.061768 -0.133911 0.196533
-0.169922 -0.475464 1.028076 0.018555 -0.119751 0.216064
-0.166382 -0.472900 1.005249 0.017578 -0.132324 0.243530
-0.163452 -0.482910 1.000488 0.034668 -0.119019 0.254761
-0.147827 -0.458618 1.001465 0.068481 -0.107788 0.259033
-0.146484 -0.448608 0.993652 0.079590 -0.096069 0.268799
-0.152710 -0.448853 0.970215 0.076416 -0.088135 0.271851
-0.139771 -0.418701 0.956299 0.114868 -0.089844 0.265137
-0.128296 -0.416870 0.966675 0.103394 -0.101196 0.258545
-0.108643 -0.406738 0.975952 0.074829 -0.106689 0.250122
-0.100220 -0.402710 0.981079 0.067993 -0.096069 0.246338
-0.093018 -0.391602 0.966797 0.064453 -0.077759 0.254517
-0.090820 -0.385864 0.936523 0.040894 -0.066528 0.264404
-0.079956 -0.379028 0.938232 0.018677 -0.071533 0.265137
-0.071533 -0.379150 0.928955 0.020508 -0.081787 0.255615
-0.062500 -0.400269 0.942505 0.041992 -0.103149 0.238770
-0.046875 -0.414063 0.953613 0.084229 -0.121948 0.218018
-0.038208 -0.418579 0.949219 0.095093 -0.135742 0.201050
