0.064575 -0.257324 1.012207 0.026978 -0.019287 -0.018311
0.049316 -0.262329 0.992432 -0.004028 -0.007324 -0.018066
0.034546 -0.271484 0.975586 -0.017578 -0.010132 -0.017334
0.023926 -0.276489 0.964355 -0.011230 -0.023438 -0.013794
0.033936 -0.280151 0.980103 0.014038 -0.042969 -0.005249
0.057373 -0.275146 1.003906 0.029663 -0.054810 0.001831
0.085449 -0.253906 1.031494 0.006226 -0.053589 -0.004150
0.096802 -0.239868 1.039551 -0.031372 -0.037231 -0.020996
0.072998 -0.261963 1.000732 -0.043579 -0.020020 -0.041870
0.058350 -0.293701 0.994019 -0.030762 -0.024902 -0.060181
0.055176 -0.315308 0.997314 -0.018433 -0.035767 -0.071655
0.050293 -0.330566 1.005493 -0.021484 -0.033447 -0.071777
0.049561 -0.349487 1.011841 -0.034180 -0.024170 -0.059204
0.051758 -0.365967 1.018311 -0.060303 -0.014771 -0.041260
0.049438 -0.377441 1.002197 -0.098022 -0.008301 -0.028076
0.057495 -0.372070 1.000610 -0.110718 -0.006836 -0.019653
0.050537 -0.384155 0.981689 -0.105347 -0.003418 -0.023682
0.047729 -0.392944 0.981934 -0.075928 -0.010986 -0.032227
0.035889 -0.416138 0.975830 -0.046753 -0.016479 -0.034180
0.028076 -0.438599 0.979614 -0.025146 -0.021973 -0.024658
0.028687 -0.432861 0.976440 -0.026489 -0.026245 -0.006958
0.037476 -0.435913 0.975586 -0.032959 -0.024780 0.015259
0.040039 -0.438721 0.971558 -0.038574 -0.023315 0.032593
0.044800 -0.454102 0.974365 -0.040894 -0.022095 0.043335
0.043945 -0.467163 0.977173 -0.044556 -0.026245 0.042847
0.041138 -0.484131 0.982788 -0.033325 -0.032959 0.041016
0.034912 -0.496460 0.981079 -0.040771 -0.042236 0.039673
0.040405 -0.500854 0.983887 -0.039795 -0.051758 0.049316
0.046875 -0.530273 0.991699 -0.039673 -0.050537 0.077026
0.052856 -0.549072 1.001587 -0.047607 -0.040161 0.109009
0.053833 -0.567627 0.996826 -0.072754 -0.020630 0.145264
0.054810 -0.573242 0.994995 -0.109497 0.002075 0.179688
0.043823 -0.571411 0.973999 -0.143066 0.018066 0.216797
0.027222 -0.553467 0.942383 -0.184814 0.017334 0.251221
0.025879 -0.534912 0.941528 -0.168457 -0.010498 0.257935
0.029541 -0.501709 0.929932 -0.110229 -0.053345 0.234253
0.024048 -0.500488 0.932983 -0.058350 -0.089966 0.218506
0.041992 -0.481323 0.955933 0.001343 -0.109497 0.216187
0.062622 -0.449585 0.973511 -0.005615 -0.106934 0.222168
0.078369 -0.433472 0.977417 -0.053223 -0.083496 0.223145
0.093140 -0.409790 0.983032 -0.085938 -0.058716 0.220581
0.092285 -0.420532 1.004517 -0.131470 -0.024170 0.224609
0.073730 -0.433594 0.987183 -0.176147 0.004395 0.217773
0.058838 -0.438110 0.971313 -0.178833 0.007690 0.208618
0.044312 -0.447632 0.956421 -0.133423 0.000122 0.205933
0.031982 -0.440674 0.936157 -0.082886 -0.007690 0.211792
0.016968 -0.417847 0.901001 -0.064209 -0.009521 0.226563
0.010498 -0.380493 0.874146 -0.084839 -0.014893 0.236084
0.002808 -0.343384 0.854736 -0.089722 -0.016968 0.237427
-0.015503 -0.333008 0.824585 -0.096191 -0.024536 0.224243
-0.015015 -0.319336 0.847412 -0.075562 -0.055542 0.195923
-0.006836 -0.317505 0.888550 -0.062744 -0.086670 0.185913
0.000000 -0.319092 0.929321 -0.076904 -0.110718 0.187378
0.013062 -0.314453 0.980225 -0.078369 -0.133301 0.203125
0.036011 -0.286865 1.067261 -0.075195 -0.146851 0.231079
0.077271 -0.224487 1.069702 -0.094482 -0.147461 0.268799
0.092285 -0.154785 1.069336 -0.089355 -0.102905 0.283569
0.088623 -0.105591 1.047241 -0.116333 -0.072998 0.269409
0.095947 -0.084106 1.063965 -0.119263 -0.074585 0.235474
0.115723 -0.068237 1.114746 -0.111816 -0.082764 0.193726
0.123657 -0.059204 1.155762 -0.074951 -0.077881 0.158936
0.124146 -0.069214 1.181641 -0.044434 -0.063843 0.140869
0.130371 -0.045898 1.193726 -0.020630 -0.049683 0.134033
0.113403 -0.044189 1.160400 -0.072876 -0.019531 0.126221
0.139526 -0.008911 1.166016 -0.039063 -0.011108 0.121460
0.145874 -0.006592 1.162720 -0.046875 -0.001099 0.105713
0.132813 -0.022583 1.148315 -0.038330 0.008545 0.070801
0.130737 -0.032349 1.144287 0.011963 -0.011475 0.029907
0.134644 -0.043457 1.145020 0.056030 -0.037354 -0.010254
0.156494 -0.023438 1.143066 0.091919 -0.060303 -0.053589
0.182251 -0.005005 1.137695 0.108887 -0.072754 -0.093872
0.204102 -0.001221 1.139648 0.122192 -0.067871 -0.129028
0.224609 0.001221 1.140625 0.129761 -0.045288 -0.161377
0.233521 -0.012207 1.138550 0.116455 0.000000 -0.177124
0.224365 -0.051514 1.113770 0.047607 0.061157 -0.186035
0.210449 -0.095337 1.086548 -0.012939 0.107422 -0.199951
0.201416 -0.132568 1.064697 -0.020874 0.134888 -0.224609
0.188232 -0.177124 1.031128 -0.028442 0.146729 -0.253784
0.174927 -0.214966 1.000122 -0.030151 0.141724 -0.289673
0.169067 -0.262451 0.975708 -0.002808 0.116333 -0.327271
0.173950 -0.294678 0.985840 0.041748 0.086060 -0.365601
0.190186 -0.311768 0.994751 0.074707 0.077148 -0.393066
0.198486 -0.316650 0.992065 0.068726 0.104858 -0.400391
0.178589 -0.347778 0.968628 -0.015991 0.160767 -0.387817
0.139771 -0.401733 0.918579 -0.126831 0.219971 -0.359741
0.106323 -0.432129 0.872559 -0.209106 0.252197 -0.334473
0.077759 -0.462891 0.859741 -0.258423 0.246216 -0.328247
0.079590 -0.495728 0.869141 -0.244263 0.212036 -0.337524
0.062744 -0.540161 0.887207 -0.192871 0.180786 -0.351563
0.060059 -0.563354 0.905640 -0.136597 0.159790 -0.357788
0.062012 -0.565796 0.938354 -0.106567 0.168701 -0.340454
0.048096 -0.564819 0.923828 -0.145142 0.204102 -0.303467
0.023926 -0.563843 0.889282 -0.208130 0.235596 -0.271362
-0.005737 -0.561890 0.855225 -0.252319 0.243286 -0.251953
-0.018555 -0.557007 0.841553 -0.258301 0.225098 -0.244751
-0.018677 -0.553711 0.847412 -0.231079 0.194214 -0.247681
-0.015259 -0.562622 0.868652 -0.194824 0.161011 -0.258545
-0.008789 -0.564087 0.906250 -0.145630 0.145752 -0.258179
-0.018921 -0.565063 0.912354 -0.125610 0.155029 -0.247070
-0.031006 -0.551392 0.918579 -0.145630 0.178711 -0.220581
-0.069580 -0.578247 0.892212 -0.208496 0.218750 -0.173218
-0.098145 -0.593018 0.871460 -0.242554 0.245728 -0.120850
-0.117798 -0.586182 0.860962 -0.262939 0.247803 -0.078125
-0.141846 -0.580688 0.830688 -0.247681 0.226440 -0.052246
-0.138306 -0.548706 0.824829 -0.173096 0.172607 -0.048462
-0.123657 -0.482788 0.800049 -0.103027 0.098755 -0.073853
-0.105103 -0.430908 0.809082 -0.049316 0.022827 -0.116211
-0.079712 -0.419678 0.853882 -0.045288 -0.023315 -0.147339
-0.087036 -0.432495 0.896362 -0.082764 -0.026611 -0.160767
-0.093750 -0.466064 0.919678 -0.119629 -0.007690 -0.150879
-0.101563 -0.480591 0.935791 -0.170288 0.012085 -0.129395
-0.107056 -0.488281 0.956299 -0.218506 0.022461 -0.109375
-0.107544 -0.485352 0.967285 -0.225464 0.023804 -0.098633
-0.101074 -0.488647 0.976196 -0.206177 0.029053 -0.088379
-0.121826 -0.497681 0.958618 -0.191528 0.034668 -0.077637
-0.146118 -0.523071 0.936401 -0.157349 0.030273 -0.072144
-0.148071 -0.522095 0.945313 -0.100464 0.015381 -0.073975
-0.166138 -0.550537 0.943237 -0.102295 -0.010498 -0.075684
-0.179321 -0.557495 0.939697 -0.109497 -0.030518 -0.075684
-0.202515 -0.583618 0.936890 -0.111938 -0.038574 -0.054932
-0.211792 -0.591064 0.930542 -0.120239 -0.054932 -0.020508
-0.197876 -0.569458 0.948486 -0.128174 -0.080200 0.015991
-0.197266 -0.559937 0.960815 -0.136475 -0.092529 0.048218
-0.199951 -0.536133 0.948242 -0.132324 -0.106079 0.074219
-0.187622 -0.529541 0.957642 -0.112671 -0.129883 0.088745
-0.165649 -0.518555 0.987305 -0.058228 -0.145630 0.100342
-0.149292 -0.525635 1.029663 -0.031738 -0.153564 0.110718
-0.129883 -0.532349 1.101685 -0.036499 -0.150024 0.123169
-0.129639 -0.524658 1.112915 -0.053101 -0.131836 0.144775
-0.153198 -0.536011 1.092041 -0.069092 -0.122437 0.170776
-0.135864 -0.510132 1.106079 -0.009644 -0.131226 0.199951
-0.116699 -0.481689 1.110229 0.031616 -0.126221 0.230469
-0.108887 -0.454712 1.084717 0.046753 -0.108643 0.260498
-0.110962 -0.453491 1.055176 0.029907 -0.098389 0.293823
-0.126831 -0.444702 1.012573 0.023071 -0.082642 0.316528
-0.138550 -0.439941 0.969482 0.004272 -0.079590 0.337646
-0.135132 -0.426636 0.945557 0.000854 -0.098145 0.347046
-0.107788 -0.404907 0.946289 0.004517 -0.112305 0.350586
-0.092651 -0.395508 0.955933 0.000000 -0.115112 0.348877
-0.073120 -0.387329 0.989990 -0.020752 -0.115601 0.343262
-0.066406 -0.392334 1.002686 -0.027710 -0.116943 0.337402
-0.069092 -0.390991 0.986450 -0.003174 -0.117554 0.335693
-0.053589 -0.389404 1.004761 0.057007 -0.114746 0.342651
-0.033936 -0.366089 1.012451 0.028442 -0.110840 0.356812
-0.033203 -0.354370 0.983154 -0.005737 -0.099365 0.363525
-0.029175 -0.344116 0.968994 0.003784 -0.100098 0.353027
-0.029663 -0.352905 0.968262 0.024536 -0.114746 0.333130
-0.018921 -0.356934 0.966553 0.052246 -0.133179 0.320435
-0.013184 -0.352295 0.969238 0.066895 -0.139648 0.311279
-0.004272 -0.342651 0.980347 0.068848 -0.134766 0.304565
