0.059082 -0.283447 0.991577 0.015991 -0.011108 -0.043945
0.054810 -0.269409 0.993652 0.028442 -0.010620 -0.057251
0.055786 -0.260986 0.982910 0.039795 -0.009155 -0.068604
0.055664 -0.257690 0.977173 0.052368 -0.006592 -0.082886
0.066040 -0.259888 0.980713 0.053955 0.005249 -0.094727
0.058228 -0.280273 0.975464 0.005249 0.033081 -0.100098
0.031372 -0.314209 0.953735 -0.053101 0.056641 -0.097778
0.019897 -0.326782 0.945190 -0.028076 0.058105 -0.089722
0.026855 -0.332275 0.924194 0.010010 0.036499 -0.096924
0.022095 -0.358643 0.922241 -0.039307 0.004028 -0.122925
0.034424 -0.361206 0.930542 -0.027222 -0.028687 -0.147339
0.037720 -0.365356 0.940796 -0.009033 -0.045044 -0.162231
0.043945 -0.389282 0.946167 -0.011719 -0.050781 -0.167969
0.060303 -0.404907 0.956421 -0.011719 -0.050659 -0.172363
0.057739 -0.452759 0.952148 -0.019409 -0.043335 -0.177490
0.040039 -0.518799 0.928223 -0.022339 -0.040649 -0.190552
0.024170 -0.587036 0.927368 -0.018311 -0.046265 -0.196411
0.022095 -0.639648 0.949341 -0.029907 -0.045898 -0.184204
0.005981 -0.695801 0.978638 -0.097412 -0.020142 -0.139160
-0.007080 -0.741333 0.977661 -0.166748 0.013672 -0.070679
-0.002075 -0.729980 0.973022 -0.203979 0.040039 -0.003540
-0.000854 -0.724487 0.954346 -0.230103 0.054688 0.050659
-0.000854 -0.703003 0.924927 -0.190674 0.044067 0.076538
0.006958 -0.696899 0.910645 -0.100098 0.008667 0.081665
0.036987 -0.681519 0.927979 -0.011353 -0.031128 0.069458
0.046631 -0.681763 0.944092 0.055542 -0.047974 0.059326
0.051514 -0.692261 0.953491 0.087280 -0.044434 0.066162
0.032715 -0.698120 0.955322 0.074097 -0.022827 0.093384
0.008179 -0.695435 0.941406 0.028931 -0.000366 0.138916
0.001221 -0.687012 0.930298 -0.015625 0.009399 0.191162
0.001953 -0.649658 0.933716 -0.091919 0.019165 0.242310
-0.006958 -0.627808 0.919067 -0.180908 0.035278 0.295654
0.005005 -0.568481 0.912231 -0.241943 0.038574 0.331055
0.005249 -0.528687 0.920776 -0.319946 0.044556 0.362915
0.015503 -0.513916 0.930054 -0.343872 0.047363 0.380859
0.032715 -0.463257 0.926758 -0.304321 0.038330 0.361450
0.023315 -0.448486 0.922852 -0.268311 0.027222 0.321167
0.014160 -0.446655 0.923706 -0.204224 0.012085 0.278687
-0.017456 -0.461426 0.892212 -0.129517 -0.007813 0.245850
-0.043091 -0.458618 0.867188 -0.042603 -0.043701 0.218140
-0.037964 -0.447754 0.885986 0.018555 -0.083130 0.210083
-0.027222 -0.429199 0.912109 0.035034 -0.104736 0.220337
-0.011230 -0.406128 0.931641 0.019531 -0.105347 0.236938
0.014282 -0.347168 0.945923 -0.027466 -0.095703 0.247314
0.011108 -0.325684 0.928101 -0.096191 -0.075684 0.255127
0.001831 -0.315063 0.897217 -0.136963 -0.068970 0.257202
0.019531 -0.291748 0.926270 -0.135010 -0.075317 0.250488
0.039673 -0.262451 0.949097 -0.126953 -0.071167 0.241211
0.045898 -0.271973 0.976563 -0.137329 -0.050293 0.240967
0.028076 -0.280029 1.005493 -0.186768 -0.026978 0.238037
-0.015381 -0.305542 0.985840 -0.211670 -0.013672 0.235962
-0.029419 -0.287720 0.991089 -0.167725 -0.041992 0.225342
-0.011353 -0.265747 1.028320 -0.091431 -0.088135 0.209595
0.015625 -0.222168 1.065430 -0.012207 -0.112671 0.191650
0.019653 -0.189209 1.066284 0.013794 -0.102905 0.180054
0.001587 -0.149048 1.008545 -0.000854 -0.077881 0.181396
-0.009277 -0.122070 0.972534 -0.023193 -0.068604 0.176025
0.008545 -0.105957 0.987061 -0.036743 -0.075439 0.156982
0.022095 -0.090698 1.018677 -0.066772 -0.070435 0.127686
0.030884 -0.103149 1.045654 -0.107056 -0.054077 0.103394
0.031860 -0.130249 1.070679 -0.140625 -0.042236 0.082764
0.038452 -0.156006 1.092529 -0.150146 -0.040161 0.059326
0.050537 -0.168335 1.127808 -0.136230 -0.051025 0.038330
0.062256 -0.181885 1.153809 -0.109009 -0.057007 0.025757
0.081421 -0.177490 1.156616 -0.062988 -0.058228 0.016968
0.114136 -0.151855 1.161377 0.002075 -0.061768 -0.005981
0.127930 -0.144897 1.156128 0.035400 -0.061768 -0.044312
0.154907 -0.119385 1.154907 0.065552 -0.072388 -0.088867
0.180542 -0.118774 1.162598 0.070679 -0.059326 -0.133789
0.194946 -0.115356 1.154907 0.058350 -0.026245 -0.164795
0.192749 -0.140747 1.129395 0.003296 0.034180 -0.178955
0.179932 -0.187744 1.096558 -0.076172 0.093750 -0.184204
0.166870 -0.243774 1.056885 -0.105347 0.130615 -0.190674
0.161011 -0.286499 1.027710 -0.117920 0.149048 -0.209351
0.140625 -0.356812 0.991089 -0.111694 0.148804 -0.243164
0.106934 -0.415771 0.942505 -0.030762 0.119751 -0.286743
0.092285 -0.446655 0.899170 0.107544 0.062378 -0.330811
0.115845 -0.441650 0.898193 0.221924 0.001709 -0.371704
0.145630 -0.438599 0.921143 0.264160 -0.025757 -0.397827
0.158569 -0.444092 0.933594 0.236694 -0.010742 -0.406128
0.158936 -0.462891 0.940796 0.149536 0.041382 -0.391479
0.131836 -0.496704 0.920654 -0.017822 0.120728 -0.354248
0.093262 -0.545044 0.882935 -0.203369 0.196167 -0.312256
0.043457 -0.592896 0.845337 -0.320801 0.240479 -0.280762
0.010986 -0.621216 0.813232 -0.354614 0.241699 -0.272827
-0.005005 -0.639160 0.788452 -0.315063 0.208374 -0.289185
-0.001953 -0.648438 0.806274 -0.223267 0.155640 -0.321899
0.004395 -0.662842 0.847778 -0.130859 0.122803 -0.344971
-0.015381 -0.695557 0.859131 -0.110840 0.126831 -0.338867
-0.034912 -0.700317 0.840698 -0.122925 0.139160 -0.311035
-0.044189 -0.684448 0.840332 -0.147705 0.140991 -0.272583
-0.044312 -0.682983 0.851196 -0.177490 0.138428 -0.231079
-0.035400 -0.665894 0.852661 -0.187744 0.135376 -0.194702
-0.040771 -0.658936 0.855591 -0.194214 0.134277 -0.173706
-0.056274 -0.661011 0.846558 -0.185913 0.129028 -0.163452
-0.053711 -0.636597 0.854370 -0.141357 0.108887 -0.163452
-0.062622 -0.631226 0.846558 -0.093262 0.085327 -0.173340
-0.065430 -0.626709 0.869385 -0.027710 0.059570 -0.185059
-0.041138 -0.581299 0.909058 0.031616 0.053345 -0.177490
-0.041748 -0.570435 0.909180 0.023193 0.083496 -0.156494
-0.041382 -0.560425 0.927612 -0.002563 0.116455 -0.130493
-0.048584 -0.559326 0.943237 -0.034668 0.141846 -0.105713
-0.059448 -0.562134 0.944580 -0.057129 0.160645 -0.083618
-0.076538 -0.577759 0.931396 -0.067017 0.173950 -0.065918
-0.102173 -0.591797 0.895752 -0.067749 0.172852 -0.055908
-0.109619 -0.573730 0.897339 -0.058228 0.165771 -0.054565
-0.116943 -0.541016 0.869995 -0.090210 0.160522 -0.059082
-0.140503 -0.524902 0.820679 -0.123779 0.156250 -0.065063
-0.157471 -0.542236 0.815430 -0.152588 0.134766 -0.080688
-0.176147 -0.569946 0.835449 -0.181763 0.100464 -0.088379
-0.175659 -0.604858 0.864380 -0.204102 0.065918 -0.076538
-0.152710 -0.594360 0.933350 -0.208740 0.035400 -0.070313
-0.151489 -0.604248 0.967773 -0.204956 0.024902 -0.057495
-0.156494 -0.608154 0.993408 -0.195801 0.017334 -0.046265
-0.174561 -0.597412 0.989502 -0.181641 0.017822 -0.031860
-0.185547 -0.593262 0.973755 -0.187012 0.005249 -0.005127
-0.199219 -0.572998 0.959473 -0.200317 -0.005615 0.006104
-0.221802 -0.567627 0.973267 -0.141602 -0.010376 0.014648
-0.235229 -0.557617 0.982422 -0.069946 -0.023438 0.032715
-0.235107 -0.537598 0.991821 -0.025879 -0.041382 0.061401
-0.232300 -0.508423 0.983398 -0.006592 -0.049683 0.094238
-0.225220 -0.488525 0.984131 -0.028442 -0.045166 0.127930
-0.230103 -0.478882 0.969971 -0.069214 -0.030273 0.152222
-0.261230 -0.487183 0.913574 -0.076782 -0.014648 0.174805
-0.291260 -0.509644 0.854248 -0.055054 -0.024170 0.203857
-0.303223 -0.512817 0.817871 -0.027954 -0.060425 0.238037
-0.283325 -0.504761 0.828979 0.009033 -0.114136 0.273804
-0.235840 -0.464966 0.881592 0.045410 -0.167725 0.301025
-0.197876 -0.463989 0.930420 0.049438 -0.215820 0.328857
-0.146973 -0.417236 0.985840 0.108154 -0.245361 0.342529
-0.111694 -0.404297 1.032715 0.073364 -0.231445 0.352661
-0.092896 -0.378296 1.058960 0.034180 -0.187866 0.354858
-0.093262 -0.368164 1.031372 0.051636 -0.142334 0.348267
-0.095947 -0.380249 1.024902 0.094971 -0.116699 0.324951
-0.106445 -0.410400 1.024780 0.105469 -0.101440 0.311768
-0.089600 -0.407837 1.022217 0.075562 -0.095703 0.310425
-0.075806 -0.394043 1.031616 0.027100 -0.081421 0.312744
-0.065796 -0.387817 1.019165 -0.025146 -0.071777 0.306396
-0.059204 -0.407227 1.032959 -0.050049 -0.073975 0.291138
-0.039185 -0.416626 1.054199 -0.029541 -0.075928 0.273682
-0.040894 -0.420288 1.049438 -0.006714 -0.051636 0.267334
-0.039673 -0.395874 1.003296 0.028931 -0.024536 0.269043
-0.047119 -0.405884 0.968628 0.052368 -0.012817 0.272339
-0.057251 -0.426880 0.946167 0.061035 -0.030762 0.266846
-0.041992 -0.432007 0.950562 0.073120 -0.060425 0.261475
-0.028198 -0.431763 0.955688 0.063110 -0.079346 0.252319
-0.018799 -0.427124 0.954102 0.070190 -0.094360 0.242432
-0.016968 -0.428223 0.963135 0.109009 -0.112427 0.228027
-0.004150 -0.424194 0.957397 0.129272 -0.128540 0.210693
0.012451 -0.403442 0.952637 0.126343 -0.130859 0.191772
