0.040405 -0.294800 1.004883 -0.010254 0.006836 0.047729
0.039185 -0.289063 1.008057 -0.019775 0.007202 0.049683
0.042114 -0.284058 1.010376 -0.026001 0.013794 0.058472
0.019775 -0.306030 0.999268 -0.016235 0.024658 0.077271
0.030029 -0.308105 0.993286 0.011597 0.026245 0.104248
0.066040 -0.273438 1.017822 -0.015991 0.020264 0.094360
0.084229 -0.262207 1.040405 -0.069092 0.020996 0.053833
0.079956 -0.279663 1.049316 -0.081299 0.031616 0.014648
0.069580 -0.288940 1.034180 -0.115479 0.061035 0.004395
0.039551 -0.339478 1.025024 -0.210083 0.108032 0.028076
0.022949 -0.375854 0.985107 -0.276611 0.140137 0.060913
0.008423 -0.397217 0.955200 -0.266724 0.138550 0.068237
0.013550 -0.405640 0.975952 -0.178345 0.115967 0.055786
0.002563 -0.432861 0.968384 -0.056396 0.094849 0.044312
-0.000488 -0.419434 0.964478 0.089844 0.071289 0.027832
-0.007935 -0.399414 0.947876 0.182739 0.056519 0.022461
-0.014648 -0.375366 0.930176 0.241577 0.036499 0.014526
-0.026001 -0.371704 0.892456 0.239868 0.008301 -0.005737
-0.019653 -0.362793 0.891724 0.214844 -0.036621 -0.043579
-0.015869 -0.384644 0.916626 0.171997 -0.070923 -0.068115
-0.001221 -0.414917 0.952637 0.108398 -0.086060 -0.079712
0.011597 -0.430298 0.983521 0.055908 -0.085327 -0.083984
0.008545 -0.457642 0.986084 -0.000366 -0.069580 -0.073364
0.001709 -0.491455 0.968140 -0.046753 -0.050659 -0.053345
0.013306 -0.493164 0.969116 -0.071167 -0.044556 -0.037231
0.014648 -0.527344 0.972778 -0.073242 -0.038940 -0.022583
0.020874 -0.548096 0.972046 -0.051392 -0.037842 -0.018188
0.009399 -0.594482 0.966553 -0.033325 -0.038940 -0.006714
0.007690 -0.619995 0.969360 -0.001465 -0.046753 0.012817
0.010620 -0.626587 0.975586 0.008911 -0.053223 0.038330
0.011963 -0.635010 0.966064 0.006470 -0.054077 0.068604
0.019043 -0.614868 0.960571 -0.008423 -0.060181 0.088501
0.026001 -0.621216 0.961792 -0.050781 -0.059448 0.110352
0.012817 -0.631714 0.947021 -0.093018 -0.040405 0.148560
-0.001953 -0.636353 0.912354 -0.123779 -0.023193 0.187744
-0.009277 -0.614136 0.880249 -0.141602 -0.026733 0.208252
-0.013794 -0.595093 0.852417 -0.148560 -0.052002 0.209229
-0.017700 -0.594971 0.864502 -0.135864 -0.091187 0.199219
-0.014038 -0.609375 0.889526 -0.104858 -0.118774 0.203979
-0.012695 -0.596924 0.917236 -0.070679 -0.127197 0.221191
-0.019897 -0.600586 0.933594 -0.076904 -0.117310 0.258911
-0.021851 -0.573364 0.948120 -0.094727 -0.106445 0.291992
-0.025879 -0.542480 0.964478 -0.127075 -0.094238 0.323853
-0.026245 -0.514160 0.976563 -0.140991 -0.087524 0.351440
-0.031982 -0.479858 0.986450 -0.128296 -0.090698 0.370605
-0.025635 -0.446899 0.994629 -0.115479 -0.097778 0.385010
-0.015259 -0.400024 1.006226 -0.103638 -0.097046 0.391602
-0.009277 -0.356812 1.006592 -0.097290 -0.084839 0.392822
-0.011841 -0.326416 0.988525 -0.106445 -0.069580 0.399170
-0.013062 -0.300049 0.983887 -0.139771 -0.055908 0.404785
-0.004517 -0.263794 0.996460 -0.182617 -0.041870 0.409058
-0.025879 -0.251587 0.964844 -0.213501 -0.020996 0.418335
-0.036255 -0.219604 0.919922 -0.183838 -0.020996 0.420410
-0.017090 -0.179199 0.930420 -0.127075 -0.046875 0.410645
0.005859 -0.148682 0.965210 -0.113525 -0.064819 0.400757
0.018799 -0.135498 0.990845 -0.139282 -0.072998 0.387085
0.039429 -0.109985 1.016968 -0.152710 -0.084106 0.364014
0.050781 -0.102539 1.040527 -0.139771 -0.095337 0.329224
0.058838 -0.091797 1.049316 -0.090454 -0.107544 0.291016
0.066772 -0.080078 1.046021 -0.049561 -0.117065 0.253906
0.067261 -0.065430 1.034790 -0.045166 -0.119507 0.224976
0.079102 -0.044800 1.045410 -0.054688 -0.118896 0.207153
0.100830 -0.023926 1.050659 -0.068359 -0.111450 0.196655
0.117554 -0.018555 1.078857 -0.102051 -0.099365 0.189209
0.128906 -0.021118 1.078369 -0.101563 -0.100952 0.168335
0.156006 -0.020386 1.110718 -0.065308 -0.096313 0.125854
0.182129 -0.025879 1.158203 -0.052734 -0.098389 0.079468
0.209351 -0.042725 1.196289 -0.028198 -0.092163 0.038818
0.229004 -0.051514 1.220337 0.003296 -0.066895 -0.011597
0.231812 -0.072510 1.219604 -0.006714 -0.026489 -0.058350
0.225586 -0.101318 1.204956 -0.021240 0.016357 -0.092773
0.211548 -0.133789 1.177124 -0.031982 0.050659 -0.119995
0.201782 -0.148193 1.145874 -0.030518 0.062500 -0.147949
0.203613 -0.164551 1.114624 -0.026733 0.066406 -0.177979
0.202026 -0.177856 1.078979 -0.014282 0.066895 -0.208252
0.221069 -0.179199 1.078491 -0.001953 0.070557 -0.235474
0.238281 -0.186523 1.087402 -0.022339 0.094971 -0.269653
0.232666 -0.198486 1.063110 -0.024292 0.132446 -0.310669
0.192993 -0.257446 1.020142 -0.014160 0.168823 -0.341431
0.153931 -0.311157 0.983032 -0.006226 0.193359 -0.365967
0.131958 -0.335938 0.948242 0.012207 0.208862 -0.377319
0.110229 -0.364380 0.922729 0.005371 0.220215 -0.385986
0.093750 -0.391968 0.918701 -0.001465 0.218018 -0.398071
0.071899 -0.427979 0.899536 -0.023560 0.204346 -0.414063
0.045654 -0.478271 0.890259 -0.055908 0.182495 -0.425659
0.060669 -0.487793 0.909058 -0.041260 0.154663 -0.436890
0.068237 -0.488281 0.914551 -0.016235 0.149536 -0.444580
0.060791 -0.495728 0.912231 -0.011353 0.166626 -0.445557
0.036133 -0.523804 0.895386 -0.041992 0.186157 -0.436401
0.015747 -0.536987 0.870483 -0.072144 0.191772 -0.424683
0.011475 -0.561768 0.875854 -0.076172 0.188232 -0.417969
-0.010742 -0.597778 0.878784 -0.069824 0.174805 -0.420166
-0.026855 -0.616211 0.874756 -0.049561 0.151489 -0.423828
-0.028564 -0.614868 0.872681 -0.013916 0.118652 -0.427002
-0.019165 -0.603516 0.882690 0.020752 0.097168 -0.419800
-0.000732 -0.588013 0.911621 0.026733 0.097168 -0.398193
0.001465 -0.584473 0.927124 -0.014771 0.126953 -0.360718
-0.024902 -0.602905 0.903198 -0.089233 0.174561 -0.318359
-0.050415 -0.609009 0.884155 -0.148804 0.206543 -0.286133
-0.084351 -0.621216 0.866943 -0.175293 0.209717 -0.260620
-0.089233 -0.605103 0.882446 -0.152954 0.191650 -0.230713
-0.099976 -0.602783 0.875610 -0.140137 0.178467 -0.197876
-0.099365 -0.580811 0.868408 -0.109741 0.152832 -0.183105
-0.091064 -0.548706 0.880737 -0.079712 0.120605 -0.188110
-0.084351 -0.541748 0.889160 -0.060303 0.103271 -0.194702
-0.084106 -0.520996 0.911255 -0.060669 0.106812 -0.192871
-0.110718 -0.520874 0.885864 -0.105225 0.128540 -0.178833
-0.137207 -0.538330 0.856934 -0.142334 0.139404 -0.156616
-0.141479 -0.532349 0.860718 -0.199951 0.132324 -0.136597
-0.137573 -0.520142 0.852905 -0.248901 0.120728 -0.124512
-0.136963 -0.512939 0.848755 -0.257080 0.104614 -0.121582
-0.145996 -0.529541 0.832275 -0.250854 0.087891 -0.130493
-0.147339 -0.537964 0.862549 -0.217773 0.064331 -0.142212
-0.166016 -0.576660 0.902222 -0.216797 0.046875 -0.135498
-0.174927 -0.597656 0.927612 -0.228271 0.039429 -0.110107
-0.186279 -0.595459 0.941406 -0.259888 0.029663 -0.079102
-0.176514 -0.574097 0.944824 -0.285156 0.010864 -0.041016
-0.153442 -0.540283 0.979736 -0.249756 -0.008423 -0.011353
-0.157715 -0.519775 0.978271 -0.227783 -0.009644 -0.000488
-0.178345 -0.511108 0.946411 -0.218994 -0.005249 0.005249
-0.200806 -0.522461 0.937256 -0.212402 -0.003052 0.016724
-0.216797 -0.532104 0.920410 -0.206299 -0.008667 0.027100
-0.219604 -0.521484 0.932495 -0.222778 -0.024536 0.034790
-0.232544 -0.537354 0.942871 -0.255127 -0.041992 0.047485
-0.236816 -0.538574 0.942993 -0.247070 -0.061035 0.065674
-0.251465 -0.548950 0.948120 -0.206055 -0.082642 0.090454
-0.250610 -0.548706 0.962646 -0.132813 -0.104004 0.118408
-0.231201 -0.523315 0.980835 -0.078247 -0.116455 0.146729
-0.227905 -0.501709 0.979126 -0.072021 -0.117554 0.171143
-0.218506 -0.472900 0.988647 -0.075195 -0.115479 0.188965
-0.218140 -0.465698 1.011597 -0.097046 -0.113525 0.207153
-0.217773 -0.491333 1.042114 -0.122803 -0.108154 0.238892
-0.207642 -0.488647 1.066528 -0.120239 -0.103882 0.270752
-0.193970 -0.475342 1.077515 -0.103638 -0.095703 0.304565
-0.188232 -0.467773 1.066895 -0.087524 -0.091675 0.335205
-0.179810 -0.446411 1.047363 -0.062744 -0.096069 0.348145
-0.184448 -0.450562 1.014648 -0.057739 -0.098755 0.347778
-0.172363 -0.435669 0.994873 -0.008545 -0.103638 0.345215
-0.151978 -0.412109 0.987427 0.068604 -0.105713 0.342407
-0.158447 -0.410400 0.932495 0.059570 -0.090576 0.336670
-0.155518 -0.416626 0.904785 0.069336 -0.089478 0.331421
-0.152954 -0.431885 0.890381 0.057007 -0.098633 0.333008
-0.148560 -0.445435 0.882568 0.027100 -0.111572 0.341431
-0.106934 -0.430176 0.916992 0.042114 -0.129639 0.347046
-0.066162 -0.412842 0.955444 0.039063 -0.138550 0.341553
-0.038574 -0.385376 0.970703 0.021851 -0.137207 0.330566
-0.014038 -0.391357 0.977905 0.013794 -0.130371 0.315430
0.009521 -0.366577 1.001221 0.028809 -0.125244 0.290039
0.019653 -0.371704 0.995850 0.040527 -0.117676 0.266968
0.039673 -0.363281 0.969360 0.050903 -0.112061 0.247803
