0.024048 -0.293457 0.998535 -0.006104 -0.026489 -0.033081
0.014282 -0.294922 0.992188 -0.006836 -0.025146 -0.042847
0.012207 -0.287598 0.979492 0.010376 -0.028564 -0.047607
0.017700 -0.273071 0.983398 0.025269 -0.034912 -0.052856
0.017944 -0.271606 0.979248 0.025146 -0.037598 -0.057251
0.024658 -0.261475 0.977905 0.023560 -0.039307 -0.067871
0.019165 -0.276367 0.959351 0.013428 -0.039185 -0.073486
0.010376 -0.292480 0.950684 0.016235 -0.049683 -0.085205
0.027100 -0.291748 0.962646 0.017212 -0.073608 -0.102661
0.035767 -0.305542 0.969116 0.018066 -0.092041 -0.123291
0.044800 -0.321777 0.978882 0.032349 -0.101685 -0.143433
0.065674 -0.353394 0.999634 0.019409 -0.094116 -0.152222
0.073364 -0.426880 0.988159 -0.018311 -0.057495 -0.143188
0.037476 -0.569702 0.942505 -0.051392 -0.010742 -0.129761
-0.048462 -0.723022 0.888794 -0.103516 0.013428 -0.113892
-0.136841 -0.892700 0.860229 -0.144165 -0.010864 -0.083496
-0.166382 -1.011108 0.932983 -0.140747 -0.090332 -0.043945
-0.159058 -1.068848 0.985718 -0.144165 -0.178101 0.003418
-0.122803 -1.049927 1.031616 -0.102539 -0.229980 0.062256
-0.078979 -0.972656 1.042358 -0.020142 -0.235352 0.151978
-0.034302 -0.855103 1.005249 0.002197 -0.197021 0.248657
0.012573 -0.734863 0.966919 -0.031982 -0.134155 0.334717
0.021484 -0.650146 0.916870 -0.114746 -0.072754 0.396118
0.016968 -0.608276 0.879150 -0.157104 -0.041992 0.431763
0.003906 -0.581909 0.854858 -0.166992 -0.044800 0.432495
-0.014282 -0.566040 0.842407 -0.136108 -0.068359 0.411377
-0.007446 -0.537109 0.828491 -0.059814 -0.105469 0.391968
-0.015015 -0.512817 0.831055 -0.014771 -0.135010 0.379883
0.000244 -0.487305 0.838257 0.006836 -0.157837 0.378418
0.005981 -0.473145 0.857422 0.009399 -0.175903 0.369873
0.028442 -0.440186 0.881592 0.023315 -0.204834 0.352295
0.048096 -0.417358 0.928223 0.060181 -0.226685 0.341675
0.067993 -0.373657 0.964355 0.058228 -0.211304 0.333862
0.075806 -0.345337 0.972290 0.022339 -0.185547 0.341431
0.094971 -0.311890 0.993408 -0.018188 -0.151733 0.351685
0.101807 -0.277588 1.005127 -0.072754 -0.106934 0.356445
0.095581 -0.250000 0.999390 -0.116333 -0.064331 0.352173
0.088867 -0.224731 1.001831 -0.144043 -0.036621 0.331909
0.058105 -0.227173 0.984253 -0.148560 -0.021240 0.305420
0.015259 -0.249512 0.961182 -0.103760 -0.037598 0.272461
0.006592 -0.259399 0.965698 -0.013184 -0.090210 0.237427
0.042847 -0.227051 1.034668 0.085571 -0.142822 0.208862
0.080933 -0.185913 1.087646 0.135132 -0.138062 0.202637
0.087402 -0.145142 1.089722 0.114014 -0.086304 0.207275
0.075439 -0.136597 1.080322 0.045410 -0.030151 0.220093
0.070557 -0.120483 1.080688 -0.032349 0.008301 0.233154
0.079834 -0.107910 1.099243 -0.102417 0.029175 0.242065
0.098145 -0.081177 1.130493 -0.129639 0.041138 0.227783
0.100830 -0.077271 1.131104 -0.142334 0.057861 0.197021
0.087158 -0.072998 1.091675 -0.132568 0.068237 0.156372
0.080811 -0.060547 1.074097 -0.101074 0.058716 0.114868
0.095459 -0.040283 1.070801 -0.068237 0.045532 0.078125
0.103027 -0.033325 1.065186 -0.048462 0.041382 0.046631
0.107300 -0.032593 1.069336 -0.032959 0.031982 0.013184
0.117188 -0.067383 1.103149 -0.013916 0.019409 -0.010376
0.142822 -0.063354 1.137207 0.011963 0.012817 -0.027466
0.167480 -0.055664 1.132568 0.026367 0.014404 -0.038452
0.188354 -0.048462 1.119019 0.032715 0.022705 -0.051514
0.200439 -0.064819 1.085938 0.051758 0.034180 -0.063965
0.227173 -0.072266 1.064087 0.074707 0.032593 -0.087158
0.263794 -0.068604 1.075928 0.073853 0.032837 -0.134399
0.286255 -0.090942 1.084229 0.046265 0.058105 -0.188599
0.267822 -0.142822 1.062988 0.003906 0.106079 -0.229126
0.222778 -0.221191 1.025024 -0.052612 0.148193 -0.251709
0.196899 -0.261841 1.000732 -0.062378 0.154053 -0.269409
0.177124 -0.294922 0.964600 0.002563 0.129639 -0.294800
0.170166 -0.310425 0.942505 0.147949 0.074951 -0.337891
0.178101 -0.333008 0.947998 0.275879 0.009277 -0.400024
0.199707 -0.319580 0.993530 0.346924 -0.033081 -0.466675
0.189453 -0.341187 1.005249 0.347534 -0.015625 -0.497192
0.168823 -0.360596 0.992920 0.265869 0.048462 -0.494141
0.116943 -0.386841 0.961914 0.126587 0.128052 -0.468628
0.071777 -0.405762 0.933472 0.004028 0.187988 -0.441284
0.034668 -0.419800 0.906982 -0.085083 0.213013 -0.426270
0.011108 -0.422485 0.880981 -0.127686 0.207397 -0.425903
-0.022461 -0.474731 0.869629 -0.116821 0.185181 -0.431763
-0.042480 -0.488892 0.873291 -0.040894 0.135254 -0.455566
-0.036987 -0.484131 0.865479 0.038452 0.081543 -0.475952
-0.025146 -0.484985 0.893188 0.083252 0.052734 -0.483643
-0.037964 -0.502930 0.911255 0.058228 0.064941 -0.464844
-0.071899 -0.536499 0.901123 -0.037231 0.096436 -0.425171
-0.093018 -0.541504 0.904663 -0.130981 0.124268 -0.384277
-0.110474 -0.541626 0.899902 -0.205688 0.134888 -0.334351
-0.123169 -0.556885 0.896362 -0.254639 0.132324 -0.293213
-0.130615 -0.542236 0.890137 -0.253906 0.108276 -0.270020
-0.141357 -0.539307 0.874634 -0.210083 0.072510 -0.255859
-0.138062 -0.533691 0.901123 -0.151489 0.033325 -0.252686
-0.124268 -0.521851 0.938354 -0.129150 0.016357 -0.244263
-0.141968 -0.523438 0.923340 -0.179199 0.030273 -0.221680
-0.153076 -0.519775 0.919189 -0.244385 0.042480 -0.190918
-0.164185 -0.531860 0.922729 -0.283081 0.038330 -0.153687
-0.170898 -0.537231 0.921509 -0.253174 0.025146 -0.115479
-0.163086 -0.523926 0.925659 -0.190796 -0.001465 -0.092407
-0.147461 -0.515747 0.949707 -0.159180 -0.024658 -0.079468
-0.140503 -0.514404 0.969849 -0.167847 -0.029785 -0.069702
-0.142456 -0.507935 0.974976 -0.211548 -0.025024 -0.059326
-0.144775 -0.507324 0.987183 -0.258911 -0.024658 -0.043335
-0.148682 -0.510132 1.003906 -0.254639 -0.027710 -0.018188
-0.162231 -0.513184 1.001099 -0.224854 -0.034546 0.008667
-0.156006 -0.496460 1.008423 -0.199341 -0.048584 0.035889
-0.144287 -0.484375 1.038330 -0.203003 -0.054688 0.059814
-0.133423 -0.467773 1.070068 -0.230591 -0.049805 0.073730
-0.153320 -0.456543 1.065552 -0.244751 -0.038818 0.085449
-0.185547 -0.481323 1.045288 -0.223389 -0.028931 0.108887
-0.197388 -0.483765 1.032104 -0.149780 -0.037354 0.136353
-0.195679 -0.475830 1.040161 -0.080933 -0.055176 0.167603
-0.187988 -0.461670 1.025269 -0.053101 -0.062378 0.204224
-0.195190 -0.459595 1.000610 -0.060669 -0.058594 0.242554
-0.180786 -0.438965 0.994873 -0.083374 -0.061646 0.270752
-0.178345 -0.432129 0.989014 -0.092773 -0.065552 0.288940
-0.174438 -0.437988 0.995728 -0.075562 -0.077393 0.293945
-0.170898 -0.431152 0.996216 -0.049316 -0.098877 0.295776
-0.150146 -0.412842 1.019409 -0.012085 -0.113770 0.304810
-0.123169 -0.401978 1.042969 0.007935 -0.109741 0.320801
-0.100342 -0.370728 1.060913 0.007935 -0.093140 0.328735
-0.097900 -0.356812 1.052246 -0.014160 -0.073120 0.329468
-0.098877 -0.367676 1.060425 -0.002075 -0.062866 0.326538
-0.078491 -0.353149 1.080444 0.081055 -0.065308 0.321777
-0.069580 -0.351440 1.108887 0.103394 -0.065918 0.321289
-0.061401 -0.351807 1.103149 0.063110 -0.055298 0.328857
-0.036743 -0.316040 1.125244 0.057739 -0.036011 0.340454
-0.023315 -0.281860 1.083740 0.025757 -0.006592 0.347656
-0.013306 -0.260742 1.045898 0.054565 0.017334 0.333008
-0.020752 -0.257935 1.025513 0.104248 0.025513 0.297607
-0.027588 -0.270630 0.984131 0.159790 0.026245 0.262695
-0.038086 -0.308228 0.979370 0.203613 0.022217 0.242920
-0.016724 -0.290283 0.976563 0.176636 0.012207 0.233276
-0.017334 -0.302368 0.965576 0.080688 0.005005 0.232788
0.011108 -0.294312 0.963867 0.032349 -0.012085 0.233276
0.007080 -0.316406 0.951050 -0.010498 -0.028564 0.226074
0.018799 -0.332153 0.945679 -0.012817 -0.053711 0.222046
0.049805 -0.327271 0.981689 -0.012329 -0.077271 0.214844
0.083740 -0.323486 0.981445 -0.025757 -0.083252 0.194824
0.135254 -0.284790 0.986694 0.026489 -0.091553 0.177246
0.122681 -0.330444 0.963623 -0.008423 -0.074097 0.142212
0.129761 -0.341553 0.968506 0.024536 -0.073975 0.100708
0.145264 -0.345947 0.967651 0.059448 -0.071289 0.087036
0.140015 -0.367065 0.952393 0.040527 -0.057861 0.076538
0.123413 -0.381592 0.929932 0.021851 -0.042358 0.072510
0.110840 -0.388550 0.914307 0.006226 -0.043823 0.076294
0.110962 -0.382813 0.921021 -0.031006 -0.041138 0.076782
0.105957 -0.379883 0.924683 -0.047974 -0.033569 0.069946
0.096069 -0.399414 0.928589 -0.089722 -0.035034 0.053345
0.080688 -0.410400 0.931274 -0.111084 -0.034790 0.020752
0.059082 -0.423462 0.918213 -0.081665 -0.035400 -0.007690
0.047363 -0.424438 0.923462 -0.057373 -0.043701 -0.029785
0.038086 -0.417114 0.924438 -0.060181 -0.040039 -0.033569
0.025146 -0.416992 0.922729 -0.063110 -0.025391 -0.026978
0.009644 -0.419800 0.918091 -0.072754 -0.015991 -0.022949
-0.008301 -0.432617 0.915161 -0.081299 -0.011353 -0.017212
