0.014893 -0.301147 0.988403 -0.013916 -0.043335 -0.047974
0.024170 -0.292114 1.003296 -0.022217 -0.040771 -0.047852
0.028687 -0.282104 1.004761 -0.033569 -0.035034 -0.054199
0.021973 -0.293335 0.993530 -0.036743 -0.029663 -0.060425
0.025879 -0.302002 0.989380 -0.022827 -0.032349 -0.069458
0.021729 -0.327393 0.973022 -0.008545 -0.030029 -0.070190
0.015869 -0.342773 0.969482 -0.003174 -0.028809 -0.077271
0.011841 -0.378418 0.993774 -0.025269 -0.034790 -0.084717
0.026123 -0.407104 1.023560 -0.041016 -0.027466 -0.083252
0.016602 -0.450439 1.016846 -0.075806 0.000488 -0.072021
-0.019287 -0.516113 0.989502 -0.107788 0.027100 -0.056152
-0.047729 -0.556396 0.959961 -0.111694 0.031250 -0.036133
-0.053711 -0.570313 0.931274 -0.106201 0.006836 -0.022461
-0.035767 -0.584473 0.938354 -0.077881 -0.037720 -0.015625
-0.012329 -0.607544 0.967407 -0.050781 -0.073486 -0.018433
-0.009155 -0.653076 0.998291 -0.050781 -0.086548 -0.018921
-0.013672 -0.701904 0.999634 -0.045288 -0.085938 -0.001709
-0.024902 -0.736816 0.982422 -0.037231 -0.087402 0.030029
-0.013550 -0.732788 0.987427 -0.024292 -0.100952 0.069336
0.013428 -0.706055 1.005371 -0.009399 -0.111206 0.111206
0.038574 -0.664429 1.006958 -0.013306 -0.100220 0.154541
0.042236 -0.631592 1.005005 -0.032593 -0.072144 0.196655
0.046143 -0.596558 0.981812 -0.061035 -0.042603 0.233276
0.046021 -0.565308 0.970337 -0.095947 -0.010132 0.262695
0.026855 -0.561035 0.958618 -0.153076 0.015991 0.277466
-0.008911 -0.554810 0.909302 -0.214966 0.024658 0.280640
-0.023315 -0.531006 0.892090 -0.184692 0.010132 0.286133
-0.041992 -0.515137 0.846191 -0.143311 -0.018799 0.288696
-0.038208 -0.476440 0.835327 -0.091187 -0.058594 0.279663
-0.033569 -0.453369 0.833496 -0.055298 -0.103882 0.272339
-0.019043 -0.420776 0.860718 -0.060547 -0.143188 0.262695
0.026123 -0.383301 0.933105 -0.064697 -0.159058 0.252197
0.048462 -0.329468 0.973633 -0.090698 -0.132324 0.232788
0.015137 -0.348999 0.966187 -0.153198 -0.075195 0.244385
-0.017578 -0.359619 0.963013 -0.177246 -0.041626 0.265869
-0.036377 -0.362305 0.952026 -0.176270 -0.038086 0.292847
-0.023315 -0.327515 0.967896 -0.157349 -0.049561 0.318848
-0.011719 -0.300537 0.965454 -0.139038 -0.055908 0.344116
0.009644 -0.254395 0.955444 -0.114014 -0.062622 0.360962
0.042358 -0.200317 0.973755 -0.092041 -0.070557 0.358276
0.058838 -0.184937 1.010864 -0.107788 -0.066895 0.349609
0.062500 -0.177246 1.039185 -0.142334 -0.052979 0.331787
0.043945 -0.184570 1.053345 -0.147339 -0.039185 0.314453
0.044189 -0.177734 1.072144 -0.108032 -0.034058 0.303589
0.059448 -0.142334 1.082886 -0.080688 -0.026978 0.302856
0.056274 -0.104980 1.072144 -0.090576 -0.010620 0.302368
0.054565 -0.068359 1.028687 -0.077026 -0.007690 0.293457
0.065552 -0.033081 1.006226 -0.052368 -0.028076 0.266479
0.088867 -0.002563 1.035645 -0.028564 -0.063477 0.221313
0.119873 0.018555 1.079346 -0.001221 -0.091675 0.174072
0.144653 0.012817 1.117310 0.012939 -0.099121 0.138306
0.168457 0.004028 1.150146 -0.009521 -0.095093 0.104736
0.195679 0.015015 1.174561 -0.017944 -0.091797 0.067749
0.207764 0.006836 1.187012 -0.032471 -0.053711 0.023193
0.204224 -0.011719 1.180664 -0.043091 -0.023804 -0.022949
0.192749 -0.034058 1.128906 -0.037964 0.000122 -0.066772
0.188110 -0.044678 1.100098 -0.018799 0.015137 -0.111694
0.191895 -0.068726 1.093628 -0.020020 0.020630 -0.147095
0.182983 -0.110474 1.081543 -0.020630 0.027222 -0.174438
0.186646 -0.139404 1.073364 -0.017822 0.030273 -0.191040
0.188354 -0.181519 1.069580 -0.030518 0.048950 -0.201416
0.187134 -0.200928 1.056519 -0.044312 0.072876 -0.219238
0.182495 -0.239380 1.049683 -0.049194 0.097412 -0.244385
0.152344 -0.290283 1.023438 -0.059082 0.122681 -0.269287
0.123901 -0.342407 0.997925 -0.047729 0.137573 -0.284546
0.106079 -0.375000 0.969482 -0.037842 0.131958 -0.294922
0.087524 -0.395020 0.964478 -0.012085 0.134155 -0.304810
0.109619 -0.384277 0.986084 0.040161 0.118530 -0.305054
0.117676 -0.378052 0.983887 0.001099 0.127197 -0.310059
0.110474 -0.368896 0.960083 -0.039429 0.148071 -0.321289
0.102905 -0.370972 0.928589 -0.072388 0.159058 -0.343750
0.081299 -0.394531 0.902100 -0.121948 0.163208 -0.377075
0.066528 -0.423340 0.884033 -0.132935 0.151978 -0.415405
0.046387 -0.468262 0.879028 -0.137695 0.135254 -0.445801
0.017944 -0.524292 0.874878 -0.116821 0.125122 -0.458130
-0.005493 -0.568359 0.870117 -0.089233 0.117432 -0.447266
-0.010376 -0.569702 0.874390 -0.081787 0.114990 -0.418335
-0.011475 -0.577393 0.875366 -0.105713 0.126587 -0.378784
-0.049316 -0.621216 0.871582 -0.180664 0.140503 -0.353271
-0.052734 -0.629395 0.880859 -0.209473 0.143433 -0.316040
-0.047974 -0.616333 0.885010 -0.214355 0.138794 -0.292725
-0.059814 -0.622925 0.877686 -0.230835 0.124268 -0.291626
-0.061768 -0.628418 0.895264 -0.204346 0.095703 -0.299438
-0.069336 -0.628174 0.912109 -0.152466 0.074219 -0.296021
-0.068481 -0.617432 0.924561 -0.114136 0.065918 -0.275879
-0.067993 -0.603027 0.925659 -0.113403 0.069336 -0.246094
-0.074463 -0.594116 0.920654 -0.136841 0.080200 -0.216553
-0.088989 -0.593628 0.920288 -0.143677 0.093018 -0.185913
-0.096558 -0.590088 0.915039 -0.122803 0.093506 -0.156982
-0.102295 -0.573975 0.905884 -0.097778 0.088257 -0.135132
-0.109497 -0.571899 0.909790 -0.088013 0.084717 -0.114380
-0.108887 -0.570557 0.930908 -0.096558 0.078857 -0.098389
-0.115356 -0.563599 0.939087 -0.098633 0.074463 -0.089722
-0.136230 -0.569580 0.921509 -0.091431 0.064941 -0.085571
-0.138672 -0.565063 0.927856 -0.074707 0.038452 -0.079834
-0.128418 -0.547607 0.935181 -0.080811 0.019043 -0.070313
-0.114502 -0.532104 0.951782 -0.100342 0.015991 -0.057251
-0.104858 -0.508423 0.962036 -0.129639 0.028442 -0.040894
-0.122681 -0.518188 0.941162 -0.162231 0.052612 -0.018311
-0.146484 -0.517456 0.910156 -0.174927 0.056763 -0.001587
-0.158325 -0.514771 0.902222 -0.168091 0.036133 0.009033
-0.163696 -0.511353 0.899414 -0.157471 0.009033 0.018799
-0.161133 -0.500977 0.896240 -0.135864 -0.016846 0.030518
-0.161743 -0.487915 0.904053 -0.120117 -0.038940 0.044556
-0.155518 -0.470947 0.922241 -0.109375 -0.056396 0.059082
-0.152466 -0.473877 0.933838 -0.099243 -0.069824 0.076294
-0.136475 -0.468994 0.958984 -0.106201 -0.085938 0.085815
-0.129761 -0.466919 0.975952 -0.156006 -0.084839 0.084229
-0.148438 -0.473511 0.968506 -0.224243 -0.077393 0.083374
-0.165039 -0.465210 0.951538 -0.269165 -0.076904 0.094971
-0.184448 -0.465454 0.941406 -0.296387 -0.082031 0.116333
-0.189575 -0.452026 0.935181 -0.311768 -0.092773 0.134644
-0.192505 -0.457520 0.934326 -0.352539 -0.111694 0.154419
-0.180542 -0.456787 0.958496 -0.338989 -0.136597 0.177002
-0.174683 -0.452515 0.956421 -0.304565 -0.150269 0.203491
-0.165039 -0.434692 0.948853 -0.241455 -0.154907 0.225952
-0.140381 -0.418823 0.975342 -0.122559 -0.161499 0.234497
-0.095093 -0.420776 1.052490 -0.066528 -0.185059 0.233032
-0.057251 -0.404053 1.092896 -0.020752 -0.189697 0.221069
-0.054810 -0.413330 1.084229 0.028687 -0.164063 0.211792
-0.038086 -0.406372 1.104248 0.085205 -0.123657 0.203979
-0.036377 -0.422607 1.109009 0.088257 -0.072632 0.208862
-0.043701 -0.438354 1.118896 0.124512 -0.030640 0.223511
-0.067749 -0.465698 1.104492 0.182251 0.006714 0.246582
-0.058472 -0.432373 1.075684 0.296143 0.016968 0.266113
-0.069214 -0.400879 1.056030 0.313354 0.020752 0.273560
-0.047607 -0.362793 1.037964 0.333984 0.011230 0.269531
-0.025513 -0.330200 1.026367 0.287354 0.012451 0.253540
-0.043579 -0.346924 0.965576 0.175049 0.028564 0.229492
-0.050415 -0.333618 0.932007 0.132446 0.026978 0.212769
-0.054565 -0.376465 0.893066 0.024658 0.012085 0.204468
-0.031494 -0.364746 0.929810 -0.005737 -0.018799 0.199707
-0.014282 -0.386230 0.918701 -0.094116 -0.043213 0.201904
0.008179 -0.377197 0.935913 -0.072998 -0.060791 0.190430
-0.003540 -0.413818 0.948730 -0.093262 -0.065796 0.171753
-0.000977 -0.405884 0.944214 -0.014038 -0.065918 0.141968
0.014526 -0.440430 0.956421 0.034180 -0.092896 0.119751
0.029175 -0.442871 0.972168 0.098633 -0.103394 0.098022
0.047974 -0.501221 1.005737 0.074951 -0.135986 0.104492
0.082153 -0.473999 1.008301 0.070313 -0.177124 0.106445
0.078003 -0.483154 0.988159 0.050171 -0.128052 0.102295
0.086060 -0.465942 0.971313 0.033936 -0.085205 0.092163
0.088135 -0.453735 0.940552 0.017090 -0.087524 0.086670
0.104492 -0.420654 0.927368 0.035522 -0.096191 0.076660
0.124756 -0.401489 0.924927 0.042603 -0.085449 0.064331
0.131348 -0.402588 0.927490 0.019287 -0.071289 0.048096
0.116699 -0.420776 0.919556 -0.021240 -0.044556 0.031372
0.097290 -0.442261 0.893555 -0.041382 -0.019653 0.027466
0.078003 -0.452148 0.886353 -0.034180 -0.012695 0.025024
0.056030 -0.456421 0.880615 -0.019531 -0.016602 0.017090
