0.047485 -0.372070 0.988770 0.047363 -0.080200 -0.052612
0.059326 -0.364136 1.011353 0.038086 -0.070923 -0.054199
0.065552 -0.354004 1.010376 0.018799 -0.044067 -0.049316
0.060425 -0.351074 0.997925 0.010376 -0.014404 -0.039185
0.054321 -0.349121 0.991821 0.006592 0.006104 -0.032104
0.052734 -0.356323 0.986084 0.009766 0.016479 -0.036865
0.055420 -0.342529 0.987427 0.029541 0.016724 -0.056396
0.047729 -0.346436 0.973145 0.044312 0.018799 -0.074341
0.029175 -0.366943 0.956421 0.066162 0.018677 -0.079712
0.024414 -0.372681 0.938599 0.098877 0.017334 -0.082764
0.020630 -0.363525 0.929810 0.106323 0.010010 -0.089111
0.040405 -0.356201 0.943970 0.102295 -0.003662 -0.092896
0.063721 -0.346802 0.968018 0.083374 -0.008423 -0.112305
0.072021 -0.355713 0.969360 0.078125 -0.001709 -0.132080
0.061890 -0.381470 0.956177 0.084839 0.019043 -0.135864
0.048462 -0.403809 0.948364 0.082031 0.043579 -0.130493
0.033691 -0.439209 0.921753 0.019653 0.055664 -0.127930
0.019775 -0.455688 0.916504 -0.077271 0.055786 -0.144409
0.015747 -0.485352 0.927734 -0.149658 0.033936 -0.144897
-0.003662 -0.571045 0.926514 -0.183838 0.019409 -0.124390
-0.004028 -0.602173 0.915039 -0.152344 0.000000 -0.111572
-0.004517 -0.655640 0.917114 -0.133545 -0.016235 -0.097412
0.004028 -0.691284 0.934937 -0.104858 -0.019897 -0.086304
-0.003052 -0.732666 0.947021 -0.108398 -0.013184 -0.074219
-0.004517 -0.745117 0.952637 -0.109009 0.001343 -0.056763
-0.015259 -0.779419 0.951782 -0.097778 0.017456 -0.030029
-0.028687 -0.801514 0.953247 -0.049194 0.013672 -0.009766
-0.032227 -0.807983 0.952881 0.020142 -0.008667 0.015991
-0.030396 -0.813354 0.957397 0.085327 -0.038940 0.045410
-0.009399 -0.780396 0.961914 0.073730 -0.064453 0.080200
-0.036255 -0.814453 0.984375 -0.062866 -0.065186 0.122559
-0.009888 -0.759155 0.927490 -0.045288 -0.074219 0.164185
0.000366 -0.709229 0.901123 0.039063 -0.073120 0.193115
-0.030273 -0.667725 0.860352 0.037231 -0.039307 0.193726
-0.028931 -0.673340 0.873413 -0.062012 -0.069092 0.219604
-0.052368 -0.656860 0.849731 -0.024414 -0.083374 0.249756
-0.038574 -0.641724 0.832153 -0.019287 -0.108887 0.279297
-0.038940 -0.589478 0.836426 0.027954 -0.139893 0.293091
-0.032837 -0.588501 0.820313 0.039917 -0.179077 0.311401
-0.025879 -0.564453 0.840576 0.074463 -0.190186 0.302612
-0.013184 -0.562988 0.894775 0.062866 -0.200195 0.298218
0.070679 -0.470825 0.942139 0.250977 -0.254150 0.320557
0.037842 -0.514771 0.956543 0.120728 -0.162964 0.288818
0.031128 -0.480957 0.951538 0.060059 -0.129272 0.288330
0.025757 -0.485229 0.927979 0.008423 -0.091187 0.302612
0.033691 -0.442139 0.966187 -0.032349 -0.066162 0.301758
0.046875 -0.410522 0.956909 -0.056274 -0.069580 0.313477
0.018433 -0.394897 0.920776 -0.060913 -0.046265 0.305420
0.011108 -0.387207 0.899658 -0.022827 -0.068359 0.302246
0.005981 -0.382080 0.908569 0.013062 -0.097534 0.290283
0.005371 -0.362061 0.888306 0.048462 -0.134888 0.273682
0.029175 -0.302124 0.909180 0.139526 -0.168823 0.259033
0.044556 -0.284912 0.915039 0.153931 -0.190063 0.247314
0.067383 -0.256348 0.955933 0.173706 -0.205200 0.236938
0.111938 -0.222412 1.042358 0.161255 -0.201172 0.233154
0.099731 -0.218750 1.066406 0.111450 -0.162354 0.227783
0.081909 -0.203247 1.059326 0.112061 -0.132568 0.218018
0.054810 -0.203125 1.053223 0.119019 -0.122314 0.207642
0.056396 -0.188965 1.053955 0.124634 -0.133911 0.199463
0.082397 -0.149170 1.092041 0.135986 -0.150391 0.185913
0.105103 -0.098999 1.099365 0.139160 -0.147583 0.166504
0.126953 -0.049927 1.102783 0.144653 -0.129517 0.143555
0.127686 -0.020020 1.099487 0.133545 -0.105713 0.118164
0.132935 0.000488 1.118408 0.109375 -0.077026 0.105225
0.140869 0.000366 1.134277 0.058960 -0.032959 0.103638
0.149292 0.010132 1.154785 -0.001709 0.009888 0.088745
0.152222 0.002441 1.155029 -0.056274 0.052002 0.068237
0.132690 -0.018799 1.133179 -0.092041 0.086792 0.041138
0.108398 -0.045288 1.098389 -0.092651 0.101807 0.005859
0.096191 -0.071899 1.088257 -0.045776 0.088379 -0.031128
0.091309 -0.093628 1.083252 0.003784 0.067993 -0.061768
0.101440 -0.095337 1.082153 0.052856 0.051025 -0.084473
0.118286 -0.098267 1.078857 0.087036 0.036011 -0.105225
0.136353 -0.099121 1.076538 0.082031 0.028076 -0.130127
0.154053 -0.093750 1.064087 0.065430 0.034058 -0.149292
0.168213 -0.099609 1.052124 0.046021 0.049805 -0.162109
0.185303 -0.113403 1.054077 0.004639 0.065063 -0.178589
0.203003 -0.132935 1.062134 -0.042725 0.085571 -0.195068
0.220337 -0.147827 1.064453 -0.087158 0.111816 -0.211670
0.227661 -0.169434 1.056885 -0.109619 0.137329 -0.239014
0.220581 -0.197266 1.040527 -0.080688 0.150635 -0.281128
0.214844 -0.214722 1.024170 -0.013062 0.147461 -0.338501
0.187378 -0.258057 1.014404 0.048706 0.132446 -0.393677
0.171997 -0.296997 1.012329 0.102417 0.127930 -0.425415
0.169434 -0.312012 1.000854 0.116699 0.135376 -0.434204
0.142944 -0.337158 0.982666 0.054443 0.160767 -0.419189
0.112427 -0.365479 0.967285 -0.033569 0.192993 -0.393799
0.101929 -0.374634 0.964233 -0.114990 0.219116 -0.373657
0.065918 -0.414063 0.932129 -0.175537 0.244019 -0.364014
0.018677 -0.453613 0.894897 -0.177002 0.245361 -0.368408
-0.017822 -0.491089 0.876221 -0.148193 0.215332 -0.380005
-0.045410 -0.529785 0.888916 -0.105469 0.171753 -0.379639
-0.052490 -0.545044 0.912476 -0.089233 0.139526 -0.359863
-0.055786 -0.544556 0.929810 -0.119385 0.137207 -0.321533
-0.067261 -0.543457 0.919067 -0.163452 0.152344 -0.282837
-0.082397 -0.533325 0.901489 -0.188477 0.160278 -0.259888
-0.111328 -0.554077 0.862549 -0.186401 0.154663 -0.249634
-0.123413 -0.571899 0.837036 -0.154785 0.128540 -0.239014
-0.114868 -0.572266 0.868286 -0.133789 0.098999 -0.223877
-0.113647 -0.567505 0.875488 -0.130859 0.088013 -0.204346
-0.120605 -0.555420 0.857788 -0.154663 0.082764 -0.185669
-0.138794 -0.560913 0.849365 -0.207886 0.065918 -0.177856
-0.146606 -0.561646 0.845215 -0.192871 0.040649 -0.160522
-0.135254 -0.541626 0.854614 -0.116089 0.007935 -0.139404
-0.122437 -0.528931 0.883179 -0.073364 -0.007813 -0.110229
-0.109985 -0.517090 0.896240 -0.064697 -0.008423 -0.082397
-0.101685 -0.492798 0.889771 -0.093750 -0.006470 -0.068481
-0.098633 -0.484619 0.866943 -0.136841 -0.014282 -0.061768
-0.097168 -0.491333 0.873047 -0.170654 -0.036011 -0.062256
-0.095947 -0.494751 0.900757 -0.166748 -0.056519 -0.061646
-0.093628 -0.500000 0.922241 -0.152344 -0.059937 -0.052490
-0.099976 -0.501587 0.916138 -0.156494 -0.051025 -0.033203
-0.103149 -0.487305 0.903564 -0.159424 -0.047119 -0.011719
-0.106323 -0.470947 0.894897 -0.178833 -0.055542 0.005005
-0.111206 -0.466675 0.906494 -0.192261 -0.071045 0.017700
-0.108276 -0.468506 0.941406 -0.193237 -0.087769 0.027100
-0.107788 -0.464478 0.987915 -0.195190 -0.097046 0.034790
-0.119385 -0.462891 1.015259 -0.197144 -0.094971 0.046753
-0.135620 -0.458984 1.014771 -0.176147 -0.088623 0.062500
-0.148682 -0.463379 1.013550 -0.164917 -0.077515 0.085449
-0.152954 -0.454590 1.031982 -0.171875 -0.070190 0.114014
-0.155029 -0.444092 1.018555 -0.171509 -0.056519 0.140259
-0.155029 -0.436401 1.016846 -0.183228 -0.044434 0.157227
-0.157593 -0.459961 1.036377 -0.165161 -0.037720 0.165527
-0.166626 -0.479248 1.052002 -0.151489 -0.037354 0.178345
-0.172119 -0.503906 1.072021 -0.165649 -0.040283 0.200195
-0.162720 -0.507813 1.104004 -0.147705 -0.039917 0.224487
-0.140137 -0.473389 1.110718 -0.084229 -0.036011 0.243408
-0.119019 -0.442505 1.106934 -0.027710 -0.024414 0.253296
-0.109985 -0.424561 1.098755 -0.015503 -0.006836 0.259399
-0.111328 -0.426025 1.074219 -0.015015 0.014282 0.270874
-0.110474 -0.418945 1.045654 0.014526 0.025879 0.283081
-0.084229 -0.385986 1.054321 0.069458 0.024170 0.289429
-0.101563 -0.401245 1.014282 -0.031982 0.027466 0.299683
-0.080322 -0.371826 1.003784 -0.021606 0.020752 0.306274
-0.081665 -0.370728 0.999390 -0.043945 0.010864 0.305420
-0.050537 -0.331787 1.027832 0.018677 -0.001221 0.295776
-0.031982 -0.326782 1.053589 -0.000610 0.006348 0.284912
-0.015747 -0.315308 1.069946 0.004395 0.033813 0.268188
-0.024292 -0.321655 1.044067 -0.035645 0.069092 0.249023
-0.044800 -0.346436 0.987915 -0.038818 0.086792 0.233643
-0.061035 -0.383179 0.946411 -0.083130 0.081299 0.230835
-0.048340 -0.382324 0.935303 -0.087036 0.065430 0.233521
-0.054810 -0.398438 0.930542 -0.109985 0.047241 0.237305
-0.049805 -0.395386 0.896729 -0.040039 0.010620 0.238892
-0.007690 -0.369873 0.929810 0.070190 -0.037354 0.232056
0.012939 -0.345093 0.942627 0.048096 -0.059692 0.209717
0.044922 -0.319214 0.957520 0.064697 -0.069946 0.181030
0.039429 -0.335815 0.943359 0.015747 -0.054932 0.146851
0.039673 -0.327026 0.962036 0.069824 -0.056152 0.117188
