0.060181 -0.230225 1.017212 -0.056030 -0.018921 -0.034180
0.070801 -0.232056 1.033325 -0.032593 -0.036011 -0.045166
0.084106 -0.231567 1.060547 -0.021240 -0.041260 -0.055054
0.091187 -0.235352 1.079956 -0.030884 -0.030884 -0.058472
0.091797 -0.227783 1.073608 -0.050415 -0.009155 -0.056274
0.079712 -0.227905 1.055908 -0.064087 0.010620 -0.058472
0.067627 -0.235840 1.039063 -0.065308 0.021362 -0.065552
0.054688 -0.252808 1.018188 -0.059814 0.022339 -0.066162
0.045776 -0.261108 1.011597 -0.049805 0.011475 -0.066284
0.050415 -0.252686 1.005371 -0.031250 -0.007690 -0.069946
0.062866 -0.256104 1.024414 -0.010376 -0.028076 -0.075317
0.084839 -0.253052 1.058472 -0.013062 -0.035034 -0.082397
0.088379 -0.266357 1.066650 -0.032349 -0.020508 -0.080688
0.078613 -0.275513 1.048950 -0.052856 -0.004272 -0.081421
0.074829 -0.287720 1.027954 -0.058960 0.005493 -0.081299
0.063721 -0.305542 1.013184 -0.059082 0.003540 -0.082397
0.061401 -0.319580 1.006592 -0.048096 -0.005981 -0.083252
0.059326 -0.332764 1.015137 -0.031982 -0.015259 -0.084229
0.047974 -0.342529 0.997681 -0.021484 -0.018921 -0.072510
0.057007 -0.327759 1.000122 -0.001709 -0.018921 -0.054688
0.053833 -0.328003 0.983398 -0.031006 -0.024780 -0.038086
0.058838 -0.327393 0.978516 -0.040771 -0.032227 -0.030518
0.061646 -0.329834 0.980713 -0.039673 -0.043701 -0.026611
0.067627 -0.326904 0.982300 -0.029053 -0.053833 -0.019409
0.071289 -0.326660 0.983398 -0.020874 -0.063110 -0.014893
0.076294 -0.325806 0.990845 -0.016113 -0.072754 -0.011108
0.079102 -0.337036 0.992554 -0.015015 -0.081665 -0.009644
0.082520 -0.353638 0.994873 -0.005859 -0.092041 -0.015137
0.085449 -0.357788 1.008301 0.005249 -0.101318 -0.020508
0.097412 -0.366211 1.014526 0.003540 -0.106689 -0.012939
0.109375 -0.368408 1.029907 0.012085 -0.103394 -0.004517
0.103516 -0.385132 1.031494 0.001221 -0.093140 0.002686
0.093628 -0.409912 1.025635 -0.014893 -0.081665 0.022339
0.093628 -0.439575 1.035645 -0.013672 -0.075928 0.037720
0.092651 -0.450562 1.026611 -0.013306 -0.082153 0.051147
0.094116 -0.453369 1.024780 -0.008789 -0.082520 0.063843
0.097534 -0.449463 1.023193 -0.017578 -0.084595 0.077759
0.091553 -0.454834 1.012329 -0.024414 -0.076538 0.090332
0.077881 -0.448975 0.982788 -0.027588 -0.075073 0.100830
0.056641 -0.454712 0.947266 -0.016724 -0.084106 0.106567
0.040405 -0.459351 0.914063 -0.005981 -0.113892 0.102417
0.046631 -0.454346 0.921387 0.038452 -0.162231 0.087891
0.068115 -0.456787 0.960571 0.090698 -0.200806 0.074341
0.076416 -0.465942 0.997559 0.113647 -0.212158 0.082275
0.078125 -0.443970 0.988525 0.106323 -0.204834 0.105103
0.077759 -0.401123 0.951660 0.097534 -0.204712 0.130127
0.089355 -0.370605 0.931519 0.079590 -0.224731 0.138184
0.117188 -0.343140 0.967041 0.051514 -0.245361 0.136108
0.129639 -0.364990 0.984619 0.021973 -0.236938 0.144775
0.157837 -0.339355 1.038574 0.011230 -0.203735 0.165161
0.157959 -0.317993 1.023926 -0.044312 -0.167847 0.201294
0.143555 -0.267578 0.990845 -0.078003 -0.140381 0.232056
0.130859 -0.229492 0.968628 -0.103394 -0.127930 0.255493
0.133789 -0.188599 0.957520 -0.113159 -0.129150 0.254395
0.134644 -0.156128 0.968384 -0.125610 -0.130371 0.239014
0.129150 -0.131470 0.958618 -0.118530 -0.121704 0.221313
0.113770 -0.113403 0.935669 -0.087769 -0.119507 0.201782
0.117676 -0.091675 0.935181 -0.051147 -0.144409 0.177856
0.140137 -0.057983 0.974731 -0.021362 -0.183716 0.156494
0.178467 -0.041748 1.023071 -0.011475 -0.204468 0.149536
0.204834 -0.023560 1.077271 -0.031616 -0.202393 0.146240
0.214966 -0.014771 1.103760 -0.071167 -0.179443 0.147705
0.220093 0.010376 1.118530 -0.089966 -0.156860 0.138062
0.227661 0.017700 1.127075 -0.105591 -0.137939 0.129150
0.230347 0.009644 1.124146 -0.110718 -0.115967 0.117798
0.225098 0.001221 1.138672 -0.105347 -0.087036 0.099365
0.215210 -0.016724 1.135376 -0.126099 -0.063721 0.087280
0.205200 -0.045044 1.122314 -0.134766 -0.043335 0.077393
0.203247 -0.053955 1.128174 -0.123657 -0.036987 0.056396
0.196533 -0.072021 1.119751 -0.109863 -0.040527 0.035034
0.207397 -0.069214 1.131104 -0.074707 -0.048828 0.009521
0.224976 -0.058716 1.154419 -0.055908 -0.056519 -0.017944
0.250244 -0.046387 1.177734 -0.050659 -0.055176 -0.040771
0.261108 -0.038696 1.196899 -0.073486 -0.042969 -0.057251
0.261475 -0.058960 1.181519 -0.100952 -0.014160 -0.070435
0.256836 -0.054932 1.180298 -0.072021 0.022217 -0.098633
0.256104 -0.052368 1.162109 -0.060181 0.046753 -0.126953
0.242676 -0.044678 1.119385 -0.078003 0.061401 -0.155151
0.228516 -0.059082 1.073730 -0.087158 0.069702 -0.189087
0.219849 -0.091064 1.059204 -0.079956 0.070068 -0.230347
0.206543 -0.128784 1.046631 -0.056763 0.073120 -0.260620
0.197144 -0.164795 1.026489 -0.029175 0.070801 -0.275513
0.199585 -0.164917 1.015137 0.002686 0.059448 -0.285400
0.208008 -0.145996 0.994507 0.024658 0.048462 -0.294434
0.206665 -0.138306 0.974121 0.045044 0.049927 -0.298584
0.204468 -0.153320 0.944580 0.034668 0.043701 -0.291504
0.213257 -0.145630 0.931763 0.015259 0.032715 -0.285767
0.230713 -0.162476 0.926514 0.005493 0.023071 -0.283569
0.257813 -0.161743 0.948730 0.025391 0.018311 -0.292480
0.275757 -0.181152 0.964966 0.013062 0.028931 -0.307739
0.278320 -0.223877 0.986206 -0.006592 0.056274 -0.318604
0.262085 -0.295776 0.989136 -0.033813 0.086060 -0.317627
0.251099 -0.338501 1.005493 -0.060181 0.114746 -0.307861
0.228882 -0.395752 0.987183 -0.097900 0.139038 -0.288574
0.203857 -0.445435 0.971680 -0.134888 0.155273 -0.263306
0.193848 -0.470459 0.964478 -0.163330 0.152954 -0.231323
0.204224 -0.468506 0.973999 -0.175781 0.145264 -0.203979
0.205811 -0.458496 0.972046 -0.170410 0.141357 -0.183228
0.189209 -0.466675 0.936401 -0.144653 0.138184 -0.173584
0.181641 -0.452515 0.916870 -0.111694 0.112915 -0.180908
0.178833 -0.458984 0.916016 -0.083984 0.084351 -0.191528
0.183960 -0.443604 0.934326 -0.060425 0.061401 -0.204712
0.194702 -0.423828 0.937622 -0.052612 0.057373 -0.209229
0.194824 -0.440430 0.949707 -0.068848 0.062622 -0.203979
0.195313 -0.449829 0.962891 -0.093018 0.077515 -0.196655
0.177856 -0.475342 0.955444 -0.110718 0.096558 -0.179688
0.157227 -0.472168 0.925781 -0.124023 0.097656 -0.163696
0.144043 -0.461426 0.906250 -0.124268 0.081421 -0.156372
0.138428 -0.440552 0.904785 -0.106079 0.055054 -0.159058
0.137329 -0.433838 0.898804 -0.084351 0.033325 -0.165894
0.141968 -0.425903 0.910156 -0.086548 0.016602 -0.169678
0.140747 -0.418213 0.924316 -0.074463 0.019409 -0.160034
0.128540 -0.416260 0.909546 -0.090088 0.018188 -0.148804
0.119141 -0.404297 0.897583 -0.104614 0.008667 -0.139282
0.122803 -0.397705 0.926758 -0.114502 -0.003174 -0.136108
0.118042 -0.394897 0.922241 -0.132324 -0.011475 -0.131836
0.111206 -0.399170 0.927612 -0.142822 -0.018188 -0.125854
0.094116 -0.421631 0.938110 -0.138794 -0.030273 -0.116821
0.089233 -0.426025 0.931274 -0.132446 -0.052124 -0.108032
0.095215 -0.410645 0.959961 -0.130127 -0.076538 -0.108765
0.106934 -0.413940 0.980835 -0.133911 -0.090454 -0.105591
0.106934 -0.413208 1.008545 -0.136475 -0.089478 -0.099121
0.101563 -0.396606 1.009521 -0.144897 -0.079468 -0.085327
0.091309 -0.383057 1.000122 -0.148315 -0.073608 -0.067139
0.084106 -0.377441 0.994141 -0.142456 -0.074097 -0.059448
0.074097 -0.382935 0.995117 -0.122314 -0.082397 -0.057251
0.072021 -0.384521 1.006592 -0.101685 -0.094116 -0.058105
0.070679 -0.380249 1.026733 -0.090698 -0.098511 -0.050781
0.064941 -0.385498 1.031738 -0.114014 -0.097046 -0.030151
0.052979 -0.412964 1.037842 -0.147217 -0.091553 -0.007446
0.032227 -0.433716 1.034790 -0.163208 -0.085571 0.012939
0.017456 -0.430176 1.015137 -0.154541 -0.085449 0.030640
0.007568 -0.427124 0.987061 -0.139282 -0.095215 0.046387
0.006470 -0.403442 0.981445 -0.127441 -0.119873 0.054932
0.008911 -0.384888 0.974609 -0.097778 -0.146851 0.059204
0.020630 -0.361694 0.986572 -0.057129 -0.168457 0.061157
0.047607 -0.333740 0.991577 -0.009644 -0.203125 0.063232
0.077881 -0.302246 1.035889 0.039795 -0.204712 0.052734
0.091309 -0.316650 1.066162 0.002441 -0.206909 0.064941
0.110352 -0.309692 1.080933 0.017334 -0.194458 0.066040
0.123047 -0.316284 1.105469 -0.033081 -0.149292 0.080688
0.113892 -0.305054 1.095825 -0.048584 -0.095215 0.101807
0.102905 -0.291870 1.092651 -0.095337 -0.046143 0.138794
0.098633 -0.262329 1.068359 -0.099365 -0.051636 0.165039
0.102905 -0.255005 1.070190 -0.072510 -0.069336 0.165527
0.113770 -0.250244 1.087036 -0.030762 -0.092041 0.143433
0.133667 -0.258789 1.110718 0.016357 -0.112427 0.118896
0.153687 -0.242310 1.140015 0.048950 -0.110474 0.100464
0.165039 -0.226440 1.136963 0.033691 -0.080444 0.103027
0.161743 -0.220215 1.122192 0.022949 -0.049927 0.116821
