0.001831 -0.345581 0.972656 -0.048706 -0.007935 -0.034058
0.006348 -0.339844 0.974365 -0.048096 -0.012817 -0.037476
0.010132 -0.339966 0.972412 -0.052734 -0.015625 -0.047852
0.004395 -0.352173 0.972900 -0.049805 -0.020874 -0.058350
0.000366 -0.371582 0.964722 -0.050781 -0.028809 -0.066406
0.004272 -0.382324 0.966553 -0.030762 -0.040894 -0.073120
0.010376 -0.398193 0.985840 -0.014038 -0.046997 -0.078735
0.012329 -0.403076 0.969727 -0.013672 -0.043579 -0.078247
0.018799 -0.417847 0.983765 -0.016846 -0.030762 -0.069092
0.015503 -0.451416 0.991821 -0.052856 -0.012695 -0.058228
-0.005859 -0.499268 0.966675 -0.083008 0.007080 -0.046875
-0.034912 -0.552490 0.934937 -0.084229 0.007080 -0.035156
-0.046509 -0.593872 0.932007 -0.057495 -0.017334 -0.026001
-0.036011 -0.630005 0.946289 -0.031128 -0.041748 -0.009155
-0.020874 -0.647095 0.969482 -0.035767 -0.039917 0.015503
-0.039551 -0.699951 0.931274 -0.095337 -0.010498 0.056274
-0.041992 -0.749634 0.958130 -0.167847 0.011597 0.103638
-0.057251 -0.813477 0.956177 -0.246704 0.033569 0.151001
-0.074707 -0.840088 0.936279 -0.321533 0.056641 0.198364
-0.094482 -0.830811 0.897705 -0.400146 0.078857 0.252441
-0.113770 -0.835205 0.851929 -0.481323 0.086060 0.299805
-0.127686 -0.817139 0.800293 -0.501587 0.045776 0.312134
-0.110229 -0.784668 0.773682 -0.449951 -0.047363 0.283325
-0.098389 -0.788208 0.756226 -0.347412 -0.163452 0.224365
-0.039795 -0.736084 0.806396 -0.101074 -0.287842 0.159058
0.030396 -0.692383 0.880981 0.121094 -0.375244 0.103516
0.072021 -0.657959 0.941772 0.229492 -0.382813 0.077759
0.086304 -0.620483 0.949585 0.237427 -0.323608 0.105835
0.074585 -0.583496 0.916382 0.152100 -0.233643 0.179565
0.069092 -0.531982 0.892700 0.018311 -0.156616 0.267334
0.076172 -0.488037 0.889771 -0.084717 -0.090820 0.321289
0.060059 -0.455688 0.879028 -0.137817 -0.060791 0.337280
0.040894 -0.423828 0.847656 -0.150269 -0.053833 0.334351
0.023315 -0.394897 0.832153 -0.134888 -0.065308 0.320313
0.015259 -0.356445 0.845215 -0.119141 -0.087402 0.306152
0.003052 -0.361206 0.888794 -0.105347 -0.110962 0.299805
0.025879 -0.318604 0.960693 -0.063477 -0.132080 0.296631
0.034424 -0.271606 1.016479 -0.048462 -0.128418 0.300293
0.025269 -0.222534 1.016846 -0.033325 -0.115723 0.313721
0.039673 -0.146851 1.032593 0.000732 -0.109009 0.324341
0.053101 -0.084961 1.024170 0.002808 -0.094482 0.323242
0.049683 -0.043701 1.004395 -0.003174 -0.073853 0.302246
0.051758 -0.017700 0.987549 0.012451 -0.058472 0.267090
0.053467 -0.016602 1.007568 0.000488 -0.051392 0.219971
0.049072 -0.032837 1.033569 -0.039063 -0.050293 0.174561
0.052734 -0.061157 1.082642 -0.059082 -0.061401 0.146484
0.058838 -0.098877 1.130249 -0.069946 -0.058472 0.130493
0.068604 -0.115723 1.169434 -0.081421 -0.046143 0.124390
0.083374 -0.108154 1.181641 -0.081177 -0.031372 0.124268
0.098022 -0.095093 1.171631 -0.074219 -0.024414 0.114136
0.109985 -0.082764 1.162231 -0.011841 -0.038818 0.081055
0.125488 -0.077148 1.165405 0.067749 -0.065308 0.033936
0.153076 -0.067139 1.203003 0.124756 -0.091431 -0.017700
0.173340 -0.081787 1.221069 0.131104 -0.114136 -0.054932
0.188477 -0.081177 1.211182 0.100220 -0.090332 -0.083008
0.193237 -0.077759 1.190674 0.073853 -0.035400 -0.096191
0.186035 -0.100830 1.167358 0.010254 0.028809 -0.095215
0.193481 -0.119507 1.135132 0.003052 0.066528 -0.091553
0.162109 -0.203125 1.094482 -0.095093 0.103271 -0.114258
0.127686 -0.268311 1.058594 -0.112793 0.120239 -0.143066
0.109497 -0.322510 1.020264 -0.055420 0.103027 -0.165161
0.119141 -0.342651 1.003052 -0.021973 0.085938 -0.189697
0.125854 -0.368164 1.009766 0.014160 0.071045 -0.214111
0.132568 -0.366211 0.997192 0.074585 0.072021 -0.245850
0.115112 -0.397217 0.967407 0.091919 0.082153 -0.275024
0.093628 -0.418213 0.937500 0.089233 0.090576 -0.301880
0.078735 -0.445679 0.910889 0.086914 0.089966 -0.315552
0.087158 -0.453003 0.914185 0.078857 0.075073 -0.326172
0.089844 -0.468628 0.927979 0.075928 0.069946 -0.339600
0.119629 -0.455566 0.943481 0.116333 0.062988 -0.353027
0.143799 -0.435425 0.960083 0.079346 0.089722 -0.359741
0.125854 -0.448853 0.949585 -0.045898 0.149414 -0.337158
0.089844 -0.493530 0.926147 -0.163574 0.215942 -0.302246
0.060425 -0.512817 0.884521 -0.206909 0.250488 -0.293823
0.043823 -0.509155 0.857300 -0.189575 0.247559 -0.303711
0.031128 -0.524780 0.844727 -0.145630 0.218994 -0.318237
0.020142 -0.538208 0.844482 -0.077637 0.180542 -0.333740
0.019897 -0.552734 0.857788 0.004028 0.141235 -0.347778
0.024048 -0.554077 0.874268 0.058472 0.116333 -0.350342
0.031738 -0.553833 0.900513 0.058472 0.114136 -0.340942
0.028320 -0.548462 0.905396 0.019043 0.127075 -0.331787
0.020020 -0.537109 0.890625 -0.020386 0.145508 -0.321411
0.011597 -0.540039 0.890991 -0.059570 0.160034 -0.314087
-0.001587 -0.535889 0.894531 -0.098511 0.166992 -0.306885
-0.015137 -0.546997 0.881958 -0.118408 0.170166 -0.293213
-0.030762 -0.542969 0.873413 -0.122681 0.169556 -0.280762
-0.058350 -0.557251 0.854614 -0.126465 0.166016 -0.263916
-0.076294 -0.550293 0.850952 -0.116577 0.145996 -0.242188
-0.077881 -0.539551 0.844482 -0.102661 0.121216 -0.216675
-0.071533 -0.513062 0.854614 -0.084961 0.096558 -0.200195
-0.072388 -0.515381 0.872314 -0.095337 0.081787 -0.193115
-0.062134 -0.501953 0.886353 -0.099243 0.073364 -0.185669
-0.068237 -0.507813 0.894775 -0.104248 0.069702 -0.184204
-0.083374 -0.516357 0.900635 -0.135986 0.074097 -0.182007
-0.113525 -0.520630 0.893433 -0.174561 0.082886 -0.173462
-0.137207 -0.508301 0.872192 -0.208008 0.081177 -0.158813
-0.155640 -0.512573 0.859253 -0.227905 0.070557 -0.138794
-0.167114 -0.524170 0.866699 -0.229004 0.050293 -0.125244
-0.176147 -0.533813 0.878906 -0.219116 0.030396 -0.116089
-0.182861 -0.544067 0.892822 -0.206543 0.012451 -0.108032
-0.191040 -0.548340 0.901489 -0.208862 -0.007568 -0.096436
-0.197144 -0.556885 0.906372 -0.237915 -0.034180 -0.076050
-0.209961 -0.578979 0.911987 -0.253174 -0.061279 -0.057373
-0.203491 -0.570557 0.927612 -0.194214 -0.085449 -0.043579
-0.197144 -0.563843 0.932251 -0.156494 -0.101685 -0.026855
-0.192383 -0.542969 0.945068 -0.143433 -0.110718 -0.013794
-0.190674 -0.534668 0.970093 -0.160278 -0.112427 0.008057
-0.201294 -0.537720 0.984009 -0.207153 -0.099731 0.039063
-0.216187 -0.547485 0.994873 -0.237671 -0.091553 0.073242
-0.219849 -0.580811 1.023315 -0.233154 -0.087769 0.116821
-0.211792 -0.586060 1.038452 -0.205566 -0.088867 0.156860
-0.208984 -0.591064 1.043701 -0.177124 -0.085693 0.195068
-0.210815 -0.588623 1.036987 -0.134033 -0.080688 0.226563
-0.216919 -0.558716 0.994141 -0.097900 -0.079468 0.255249
-0.212402 -0.537842 0.968994 -0.090576 -0.103271 0.290894
-0.218506 -0.520020 0.947144 -0.089600 -0.120361 0.311523
-0.208008 -0.504639 0.956055 -0.060425 -0.140259 0.317261
-0.198853 -0.504028 0.977661 -0.013306 -0.152710 0.322388
-0.183472 -0.497070 1.021240 0.024658 -0.153931 0.326172
-0.161987 -0.481201 1.053833 0.104858 -0.142578 0.335449
-0.138550 -0.466797 1.060913 0.157104 -0.119507 0.357544
-0.126831 -0.463013 1.065186 0.107300 -0.085815 0.380859
-0.122925 -0.478516 1.065674 0.010132 -0.055298 0.404785
-0.102051 -0.458984 1.038818 -0.087769 -0.023193 0.433838
-0.104736 -0.439941 0.998657 -0.132690 0.007935 0.458740
-0.096069 -0.408203 0.956909 -0.066650 0.015503 0.458008
-0.085571 -0.401855 0.936768 0.022705 -0.003052 0.431763
-0.074585 -0.404419 0.898682 0.060425 -0.037231 0.392212
-0.039429 -0.384399 0.933472 0.084351 -0.074097 0.348755
-0.025146 -0.385742 1.016968 0.077759 -0.086060 0.320679
0.010376 -0.358887 0.945190 0.106934 -0.101318 0.305664
0.016357 -0.345703 0.895996 0.167236 -0.111694 0.288452
0.042236 -0.328613 0.987061 0.224365 -0.102661 0.262207
0.085938 -0.302246 0.969482 0.189209 -0.140991 0.265747
0.100586 -0.318237 0.989258 0.140625 -0.123779 0.256592
0.118652 -0.319458 0.969604 0.063110 -0.140015 0.242432
0.131958 -0.343506 0.963745 0.039307 -0.137573 0.214355
0.153564 -0.338745 0.964722 0.032471 -0.140015 0.182617
0.163574 -0.375977 0.978027 -0.004761 -0.139771 0.162964
0.167847 -0.398071 0.973389 -0.057495 -0.135254 0.148315
0.160645 -0.419678 0.984863 -0.096558 -0.111084 0.131226
0.161743 -0.445801 0.969238 -0.157227 -0.100098 0.123169
0.161865 -0.450317 0.959106 -0.186279 -0.079956 0.102051
0.147461 -0.451172 0.923340 -0.196533 -0.065063 0.067261
0.133057 -0.421997 0.909790 -0.152222 -0.056274 0.033813
0.114990 -0.469116 0.896118 -0.095093 -0.048096 0.023682
0.111572 -0.484253 0.912720 -0.054077 -0.046631 0.000977
0.113281 -0.477295 0.927612 -0.038330 -0.036865 -0.016357
0.105103 -0.450195 0.929443 -0.037109 -0.013672 -0.028564
0.072876 -0.475342 0.906982 -0.057983 0.021118 -0.020020
