0.047729 -0.291870 0.985596 -0.026611 -0.046143 -0.003052
0.053345 -0.269531 0.989502 -0.025757 -0.058594 -0.005981
0.063843 -0.250000 0.993286 -0.021973 -0.074707 -0.013672
0.077148 -0.223145 1.008057 -0.016724 -0.084595 -0.027710
0.084839 -0.233276 1.011963 -0.024902 -0.078125 -0.030151
0.088257 -0.243042 1.020630 -0.025513 -0.066284 -0.033325
0.087402 -0.236572 1.017456 -0.031860 -0.053467 -0.030151
0.087769 -0.238892 1.016846 -0.044678 -0.040527 -0.024414
0.086182 -0.232056 1.002686 -0.052490 -0.034912 -0.026733
0.077271 -0.245850 0.998169 -0.049683 -0.033569 -0.030029
0.077881 -0.256714 1.017456 -0.020874 -0.032349 -0.038086
0.084717 -0.257690 1.034180 0.020508 -0.036987 -0.044189
0.079346 -0.277222 1.025024 0.008057 -0.036377 -0.051636
0.085327 -0.276367 1.038452 -0.006714 -0.031372 -0.052368
0.085449 -0.288818 1.039063 -0.036133 -0.022827 -0.047729
0.085815 -0.283936 1.032349 -0.053955 -0.011353 -0.040405
0.082520 -0.279541 1.023315 -0.048462 -0.003296 -0.039307
0.059570 -0.315918 0.981445 -0.029907 -0.002686 -0.038940
0.076172 -0.313477 1.012817 0.018311 -0.015625 -0.057739
0.076904 -0.330322 1.016235 0.008911 -0.033081 -0.070557
0.071045 -0.354004 1.001587 0.012451 -0.036255 -0.075073
0.080811 -0.347168 1.029175 0.020996 -0.028442 -0.069824
0.064331 -0.363892 1.004639 -0.014771 -0.017944 -0.052979
0.055298 -0.367798 0.980225 -0.032471 -0.017334 -0.035278
0.053589 -0.364136 0.974121 -0.040649 -0.033936 -0.030518
0.061401 -0.377197 0.980957 -0.035034 -0.052246 -0.033325
0.071411 -0.381348 0.992188 -0.019287 -0.069092 -0.039063
0.081299 -0.384766 1.010620 -0.013062 -0.076782 -0.042969
0.082764 -0.415039 1.010742 -0.021973 -0.073486 -0.038086
0.078857 -0.427612 0.996704 -0.029175 -0.067383 -0.031128
0.076538 -0.439331 0.988403 -0.030029 -0.062500 -0.021484
0.073242 -0.473022 0.975708 -0.040039 -0.061768 -0.005859
0.076660 -0.501099 0.982544 -0.046631 -0.063477 0.007080
0.074341 -0.531616 0.987793 -0.049438 -0.061035 0.026978
0.062378 -0.567993 0.987793 -0.052490 -0.054077 0.054077
0.051025 -0.594482 0.978149 -0.056885 -0.054321 0.080688
0.041138 -0.610962 0.959229 -0.063721 -0.059448 0.109619
0.030640 -0.622314 0.941772 -0.071899 -0.072144 0.141235
0.029541 -0.595703 0.929321 -0.074829 -0.093872 0.161377
0.033569 -0.582397 0.914551 -0.067749 -0.119019 0.171265
0.032715 -0.557983 0.912598 -0.038452 -0.144531 0.175781
0.023682 -0.575806 0.908325 -0.002930 -0.161133 0.192017
0.024414 -0.592041 0.927246 0.028076 -0.186035 0.200684
0.028687 -0.589355 0.951782 0.045654 -0.207642 0.211670
0.035767 -0.569824 0.958008 0.035645 -0.216064 0.237427
0.058960 -0.531738 0.961426 0.021118 -0.214478 0.277710
0.088257 -0.465210 0.987427 0.001831 -0.211426 0.315552
0.120605 -0.397339 0.992920 -0.012085 -0.201782 0.345581
0.127686 -0.343872 0.982910 -0.029663 -0.187500 0.366089
0.127075 -0.292114 0.993042 -0.031860 -0.175903 0.353149
0.119141 -0.235718 0.967529 -0.055420 -0.159668 0.328613
0.093872 -0.192993 0.922607 -0.071167 -0.147827 0.312256
0.083252 -0.159424 0.883789 -0.059570 -0.160156 0.301270
0.109009 -0.078125 0.868652 -0.054321 -0.211792 0.286621
0.145142 -0.031860 0.906128 -0.078735 -0.263916 0.262695
0.190552 0.014893 0.970215 -0.094849 -0.293335 0.233154
0.216675 0.041504 1.030640 -0.113770 -0.284546 0.205933
0.220825 0.056030 1.048584 -0.115723 -0.254395 0.183594
0.227417 0.082520 1.053711 -0.093994 -0.228027 0.157715
0.235962 0.086670 1.063232 -0.078491 -0.214966 0.123413
0.252075 0.084961 1.101685 -0.064941 -0.209473 0.079346
0.265503 0.072266 1.160034 -0.061768 -0.196045 0.038086
0.270508 0.058228 1.200562 -0.072632 -0.171021 0.009521
0.273315 0.059692 1.229370 -0.085815 -0.135376 -0.006714
0.276489 0.055176 1.244751 -0.096924 -0.096802 -0.017822
0.279907 0.043945 1.261597 -0.092529 -0.064209 -0.035034
0.281250 0.021484 1.274048 -0.094727 -0.030396 -0.058350
0.276245 -0.006104 1.262939 -0.104004 0.016479 -0.083252
0.255737 -0.026367 1.228516 -0.115356 0.062134 -0.104980
0.242065 -0.060059 1.194458 -0.118774 0.096191 -0.127563
0.217651 -0.107422 1.160889 -0.111572 0.114502 -0.147461
0.202271 -0.149292 1.133179 -0.095581 0.125854 -0.156250
0.184448 -0.187012 1.112427 -0.084351 0.137329 -0.162231
0.161743 -0.232910 1.078735 -0.087036 0.153809 -0.156494
0.156494 -0.218384 1.046021 -0.049683 0.160645 -0.157227
0.156982 -0.223267 1.015747 -0.025635 0.152588 -0.164429
0.160400 -0.220337 0.994385 -0.016479 0.130249 -0.177490
0.182251 -0.212769 0.992920 -0.001465 0.113892 -0.190796
0.199829 -0.217285 0.990479 0.001099 0.109253 -0.206055
0.211792 -0.220215 0.974731 0.000000 0.106567 -0.226563
0.225708 -0.228149 0.968018 0.007080 0.103149 -0.253174
0.232056 -0.250610 0.953491 -0.006104 0.099976 -0.278076
0.238892 -0.292480 0.956055 -0.015747 0.097168 -0.300293
0.237549 -0.362183 0.947266 -0.032349 0.099854 -0.298218
0.234985 -0.375854 0.934082 -0.056519 0.092285 -0.276123
0.249023 -0.363159 0.928345 -0.072021 0.083740 -0.257446
0.246094 -0.360596 0.913940 -0.078735 0.080933 -0.258911
0.232056 -0.353149 0.878540 -0.067261 0.073730 -0.277710
0.223755 -0.359863 0.863403 -0.044556 0.054932 -0.302002
0.222168 -0.382568 0.870361 -0.035767 0.038940 -0.331665
0.212402 -0.407471 0.896851 -0.046387 0.031250 -0.356445
0.210571 -0.427979 0.921997 -0.065918 0.037109 -0.360474
0.195801 -0.471680 0.928467 -0.104126 0.060791 -0.337524
0.169800 -0.494141 0.920410 -0.171997 0.080933 -0.300049
0.137939 -0.518433 0.901489 -0.216187 0.092407 -0.269409
0.114746 -0.518921 0.871216 -0.231201 0.076904 -0.249634
0.110474 -0.502563 0.865601 -0.205200 0.038330 -0.245972
0.114136 -0.491577 0.861328 -0.148682 -0.002197 -0.253174
0.122559 -0.487793 0.882446 -0.087402 -0.033813 -0.262085
0.136841 -0.477661 0.925415 -0.068848 -0.047852 -0.261597
0.136963 -0.470215 0.933960 -0.092407 -0.036499 -0.243896
0.128906 -0.468018 0.930298 -0.119507 -0.015137 -0.233643
0.114258 -0.477783 0.923828 -0.139038 0.001221 -0.228394
0.102905 -0.488159 0.926514 -0.154297 0.009033 -0.221924
0.096313 -0.497681 0.936401 -0.165649 0.007935 -0.204102
0.103760 -0.512329 0.955933 -0.162964 0.002441 -0.190918
0.105713 -0.500732 0.976929 -0.145996 -0.000854 -0.187988
0.100342 -0.510254 0.980713 -0.132690 -0.002075 -0.179932
0.086792 -0.516602 0.978027 -0.132446 0.003906 -0.163818
0.072144 -0.514893 0.962769 -0.148315 0.007568 -0.140259
0.062500 -0.496460 0.945557 -0.165039 0.000488 -0.119507
0.052368 -0.499146 0.933838 -0.184692 -0.015259 -0.101196
0.054443 -0.493286 0.929321 -0.181274 -0.038696 -0.089355
0.060303 -0.492432 0.943115 -0.150146 -0.063843 -0.073730
0.080078 -0.479614 0.964600 -0.117432 -0.085327 -0.061523
0.090820 -0.463989 0.976563 -0.092529 -0.096924 -0.050415
0.091553 -0.464111 0.984253 -0.089111 -0.101807 -0.043457
0.087280 -0.456543 0.983032 -0.093262 -0.101685 -0.038818
0.087891 -0.449097 0.982544 -0.098999 -0.096558 -0.028687
0.083740 -0.440796 0.975098 -0.106567 -0.087402 -0.012085
0.076904 -0.443237 0.960693 -0.106934 -0.078735 0.006836
0.068970 -0.442505 0.955811 -0.103271 -0.079956 0.019287
0.058838 -0.449951 0.942139 -0.091431 -0.090332 0.025269
0.050903 -0.442871 0.944946 -0.081909 -0.106567 0.026245
0.041992 -0.441040 0.938477 -0.073486 -0.121948 0.026733
0.041382 -0.443848 0.940918 -0.068726 -0.135620 0.027222
0.041260 -0.438843 0.962402 -0.067383 -0.144409 0.027954
0.035767 -0.427490 0.984009 -0.080566 -0.148315 0.036011
0.022949 -0.419556 0.995605 -0.089600 -0.148315 0.045166
0.018677 -0.405762 0.986328 -0.067017 -0.169312 0.059570
-0.002563 -0.424194 0.967407 -0.020508 -0.183350 0.055420
0.028442 -0.416748 0.987549 0.076538 -0.249512 0.043213
0.060547 -0.428833 1.046875 0.100342 -0.289063 0.040039
0.107788 -0.407349 1.134399 0.089233 -0.256836 0.050049
0.154297 -0.364136 1.188110 0.089600 -0.228638 0.064697
0.175659 -0.333984 1.218384 0.098145 -0.169800 0.082275
0.179810 -0.278931 1.198608 0.071899 -0.116455 0.113525
0.188965 -0.241333 1.187012 0.045532 -0.083374 0.152344
0.199951 -0.196411 1.197021 0.066406 -0.048584 0.157349
0.188477 -0.180298 1.161621 0.047974 -0.017578 0.149536
0.178589 -0.195435 1.133667 0.052734 0.010986 0.126343
0.159302 -0.204102 1.093140 0.055542 0.040039 0.101318
0.128662 -0.250977 1.053101 0.079956 0.045288 0.087402
0.108154 -0.283081 1.025146 0.087158 0.025024 0.079224
0.103516 -0.304321 1.016235 0.099121 0.000610 0.080811
0.128418 -0.299316 1.043823 0.121216 -0.010986 0.088379
0.154541 -0.288086 1.083130 0.124146 0.003540 0.109985
0.157959 -0.282715 1.077515 0.102051 0.047974 0.134033
0.140991 -0.277832 1.029419 0.068848 0.096436 0.152344
0.131470 -0.268921 1.000610 0.061768 0.114380 0.153564
