0.077026 -0.322632 1.025024 -0.025024 -0.031250 -0.039917
0.079224 -0.318237 1.027954 -0.031494 -0.029663 -0.033936
0.078491 -0.310669 1.026367 -0.047607 -0.026855 -0.029053
0.075684 -0.302490 1.019043 -0.057373 -0.025024 -0.029541
0.073730 -0.303223 1.016235 -0.056152 -0.024536 -0.033569
0.065063 -0.313599 1.008545 -0.051147 -0.023804 -0.033447
0.061768 -0.320679 0.994629 -0.041260 -0.029785 -0.033691
0.065552 -0.319580 0.998779 -0.034546 -0.041382 -0.031006
0.073364 -0.323730 1.004395 -0.021240 -0.052612 -0.029907
0.082520 -0.322021 1.004517 -0.009399 -0.059692 -0.032593
0.091797 -0.321533 1.011597 -0.008911 -0.058472 -0.036499
0.094482 -0.331055 1.019775 -0.016846 -0.049072 -0.027466
0.097778 -0.331787 1.017090 -0.021484 -0.035645 -0.020386
0.091553 -0.340576 0.995972 -0.033203 -0.023804 -0.018799
0.083740 -0.356323 0.982422 -0.039795 -0.020752 -0.020996
0.082153 -0.375000 0.965210 -0.038696 -0.026978 -0.023193
0.075684 -0.387573 0.949097 -0.035156 -0.037476 -0.022095
0.067871 -0.405029 0.939575 -0.028198 -0.048584 -0.016113
0.074829 -0.420654 0.942505 -0.022949 -0.063110 -0.009399
0.084717 -0.439453 0.950195 -0.017090 -0.074829 -0.005981
0.089966 -0.455322 0.954956 -0.010132 -0.076660 -0.003662
0.092041 -0.482788 0.953979 -0.012573 -0.070190 0.003906
0.084839 -0.510132 0.942871 -0.022583 -0.069946 0.012451
0.085571 -0.538330 0.939087 -0.032593 -0.078857 0.025757
0.085571 -0.559082 0.942139 -0.055664 -0.097412 0.045410
0.085083 -0.568481 0.947510 -0.077148 -0.116699 0.071167
0.097778 -0.564697 0.962646 -0.085815 -0.134155 0.090576
0.098511 -0.558350 0.965088 -0.079590 -0.159546 0.094604
0.092651 -0.581299 0.965698 -0.046997 -0.168945 0.101196
0.079956 -0.585815 0.944702 -0.016479 -0.174316 0.105347
0.074951 -0.589600 0.929321 0.012451 -0.183350 0.112671
0.080078 -0.562988 0.920044 0.030762 -0.196289 0.130005
0.091919 -0.547119 0.930176 0.043945 -0.195557 0.150391
0.102783 -0.517700 0.933594 0.044067 -0.188843 0.166992
0.114014 -0.493896 0.954956 0.044067 -0.174438 0.186890
0.127930 -0.460327 0.933716 0.068848 -0.156860 0.212402
0.124756 -0.461914 0.954468 0.057739 -0.148804 0.226929
0.126831 -0.455811 0.960693 0.072754 -0.162109 0.225952
0.129761 -0.444702 0.968384 0.089233 -0.179565 0.228638
0.142578 -0.394287 0.985474 0.100220 -0.198975 0.234375
0.165161 -0.333618 1.001221 0.096802 -0.205811 0.253296
0.169922 -0.283569 1.014404 0.060547 -0.195190 0.269897
0.162720 -0.241943 0.995239 -0.003296 -0.179077 0.278687
0.161011 -0.207886 0.986816 -0.033325 -0.177612 0.267334
0.165283 -0.170166 0.996704 -0.031250 -0.184570 0.236938
0.179932 -0.132568 1.012329 -0.010742 -0.190918 0.192261
0.192261 -0.108765 1.027466 -0.012329 -0.188477 0.153320
0.198730 -0.077026 1.043701 -0.009521 -0.180786 0.117065
0.201294 -0.053101 1.051147 -0.001099 -0.175049 0.083618
0.213379 -0.016602 1.067139 0.011475 -0.178711 0.050781
0.222534 -0.006958 1.101440 0.015869 -0.176514 0.022583
0.236694 0.003174 1.144775 0.008911 -0.161743 0.003052
0.244141 0.002319 1.170044 -0.006714 -0.124756 -0.001099
0.224365 -0.018311 1.160767 -0.036377 -0.073364 0.004028
0.201294 -0.030396 1.139893 -0.062622 -0.028442 0.012817
0.188843 -0.034180 1.118774 -0.068726 0.001099 0.015503
0.175293 -0.033325 1.095093 -0.060181 0.014526 0.012207
0.176392 -0.019531 1.077393 -0.039063 0.019287 0.003296
0.173340 -0.027588 1.069214 -0.037354 0.021118 -0.006348
0.171387 -0.049072 1.057739 -0.045166 0.019409 -0.017334
0.176758 -0.068726 1.059448 -0.053223 0.008789 -0.034668
0.187744 -0.078613 1.059326 -0.056519 -0.002930 -0.054321
0.205078 -0.084961 1.074951 -0.057739 -0.009521 -0.072754
0.214111 -0.107788 1.078491 -0.085449 -0.003906 -0.082642
0.222778 -0.128052 1.089722 -0.105713 0.018921 -0.092407
0.224731 -0.130737 1.088867 -0.119629 0.043335 -0.107910
0.228760 -0.139404 1.079956 -0.141357 0.064331 -0.124390
0.239746 -0.130127 1.069824 -0.161255 0.079712 -0.148682
0.240234 -0.133301 1.048218 -0.177002 0.091919 -0.179688
0.248657 -0.138916 1.037598 -0.159180 0.094849 -0.214478
0.251953 -0.176025 1.038818 -0.106201 0.097290 -0.242920
0.246582 -0.211060 1.034058 -0.065186 0.098389 -0.262573
0.233276 -0.241455 1.006958 -0.020264 0.090698 -0.275757
0.231079 -0.252319 0.997437 0.022095 0.071411 -0.283691
0.245850 -0.250488 0.997192 0.044922 0.053101 -0.291016
0.262329 -0.251587 1.002075 0.053467 0.051270 -0.288940
0.282349 -0.250977 1.014648 0.038452 0.062012 -0.297607
0.294434 -0.257935 1.025024 0.001343 0.083496 -0.313965
0.294678 -0.272461 1.014648 -0.031860 0.117676 -0.331787
0.291260 -0.279419 1.001099 -0.068726 0.148193 -0.351196
0.292603 -0.271240 0.966553 -0.129395 0.162720 -0.366943
0.279297 -0.291382 0.935181 -0.181641 0.181030 -0.389160
0.258911 -0.351196 0.918457 -0.227539 0.192261 -0.406738
0.230103 -0.422607 0.893188 -0.263794 0.184082 -0.403442
0.195068 -0.474365 0.879395 -0.312622 0.147095 -0.385864
0.176270 -0.528442 0.890381 -0.226929 0.117432 -0.354858
0.183960 -0.556396 0.909058 -0.119385 0.079102 -0.347778
0.188843 -0.573608 0.935669 -0.070435 0.049438 -0.333984
0.195435 -0.554565 0.957642 -0.056641 0.041138 -0.311157
0.185913 -0.549194 0.951294 -0.072021 0.058105 -0.273193
0.172119 -0.560181 0.935913 -0.104614 0.076294 -0.232910
0.161743 -0.550781 0.935791 -0.140137 0.080933 -0.204956
0.155151 -0.545044 0.932983 -0.150879 0.081421 -0.186157
0.140015 -0.532593 0.916870 -0.144409 0.076782 -0.178711
0.113647 -0.524658 0.888428 -0.124878 0.065063 -0.174438
0.113525 -0.519897 0.875000 -0.088989 0.043335 -0.172974
0.113525 -0.493652 0.880005 -0.056885 0.025024 -0.173462
0.114502 -0.476807 0.884766 -0.057983 0.017456 -0.166382
0.125122 -0.464966 0.899780 -0.081665 0.010864 -0.158325
0.111572 -0.436035 0.861816 -0.165894 -0.012085 -0.162109
0.111328 -0.455322 0.865479 -0.156372 -0.007690 -0.137329
0.109863 -0.460693 0.877808 -0.133545 -0.016602 -0.127075
0.110474 -0.447510 0.894531 -0.135986 -0.029053 -0.116333
0.106812 -0.443726 0.904663 -0.135986 -0.044434 -0.101074
0.102295 -0.428101 0.911865 -0.146606 -0.050781 -0.084961
0.095337 -0.418823 0.906616 -0.146484 -0.058350 -0.074097
0.092407 -0.426025 0.907104 -0.145020 -0.067871 -0.068481
0.088257 -0.425903 0.916992 -0.130371 -0.082886 -0.073242
0.087646 -0.433960 0.931519 -0.113647 -0.100830 -0.076538
0.089722 -0.446045 0.957031 -0.099365 -0.112183 -0.070190
0.081055 -0.458252 0.969116 -0.095093 -0.111938 -0.051270
0.076416 -0.477417 0.985718 -0.101929 -0.113647 -0.031982
0.072510 -0.481689 1.004395 -0.108643 -0.117432 -0.017456
0.072144 -0.477661 1.013062 -0.110352 -0.116577 -0.002930
0.068604 -0.481812 1.015015 -0.101196 -0.109985 0.010010
0.062134 -0.474121 1.015991 -0.090942 -0.100708 0.023682
0.053955 -0.476929 1.006226 -0.084473 -0.096558 0.037354
0.045288 -0.466431 1.000610 -0.068726 -0.097656 0.055542
0.041260 -0.464478 0.996094 -0.052246 -0.101685 0.071777
0.040527 -0.462402 0.991211 -0.040283 -0.109619 0.084839
0.046509 -0.442017 0.991211 -0.029053 -0.123413 0.095947
0.056519 -0.413086 0.999756 -0.015015 -0.139893 0.103882
0.078003 -0.389038 1.026855 0.000854 -0.154541 0.113403
0.095581 -0.365479 1.044556 0.016968 -0.158569 0.115112
0.113892 -0.339844 1.069336 0.047607 -0.171387 0.111084
0.131226 -0.326538 1.105591 0.082886 -0.164307 0.102905
0.147827 -0.327271 1.160034 0.080688 -0.124390 0.101196
0.155151 -0.306641 1.132446 0.046997 -0.091187 0.109253
0.133789 -0.309448 1.129517 -0.012573 -0.000488 0.120972
0.121216 -0.305176 1.115723 -0.027832 0.038452 0.133789
0.104980 -0.306641 1.097778 -0.016724 0.042480 0.138916
0.098145 -0.303833 1.089233 0.024170 0.033325 0.130371
0.093750 -0.296387 1.083984 0.072266 0.007568 0.118408
0.102051 -0.290649 1.085571 0.120728 -0.023682 0.108887
0.118408 -0.273560 1.093506 0.148315 -0.041626 0.094482
0.126099 -0.273438 1.104858 0.143188 -0.032837 0.083130
0.125854 -0.261719 1.087646 0.130737 -0.010986 0.086548
0.122192 -0.258179 1.064819 0.112305 0.007935 0.103882
0.133423 -0.261108 1.058105 0.098999 0.013916 0.123535
0.145874 -0.246094 1.066040 0.102051 0.016968 0.127197
0.164795 -0.223877 1.076172 0.104858 0.026001 0.122681
0.165039 -0.238037 1.070557 0.077026 0.052368 0.119751
0.149414 -0.258545 1.038574 0.055298 0.072510 0.119995
0.136963 -0.264771 0.998291 0.060547 0.077026 0.122070
0.128906 -0.283936 0.967041 0.057617 0.072998 0.130371
0.130981 -0.294312 0.959839 0.055298 0.066406 0.143066
0.138550 -0.282349 0.949951 0.035522 0.057739 0.156372
0.147583 -0.281982 0.944336 0.024048 0.058472 0.165161
0.154785 -0.288818 0.924072 0.015991 0.049072 0.160889
0.161499 -0.300293 0.915649 0.020020 0.032227 0.146240
