0.093018 -0.301758 1.026001 -0.027832 0.005249 -0.036011
0.086426 -0.306274 1.020020 -0.031738 0.009033 -0.035156
0.086060 -0.309937 1.017700 -0.036987 0.005981 -0.037598
0.087524 -0.301270 1.016113 -0.032837 0.001831 -0.038452
0.086914 -0.299316 1.012573 -0.030518 0.000488 -0.036377
0.088013 -0.299072 1.015747 -0.028564 0.004028 -0.035522
0.081055 -0.305176 1.012695 -0.025024 0.007813 -0.031372
0.072144 -0.317139 1.000977 -0.015747 0.010498 -0.032715
0.068604 -0.326050 0.984375 0.001587 0.008301 -0.033569
0.074463 -0.324707 0.981812 0.016113 0.002319 -0.031860
0.079590 -0.327515 0.986084 0.021240 0.000488 -0.027588
0.080566 -0.336426 0.973755 0.025024 0.007202 -0.023315
0.076538 -0.357544 0.951538 0.020996 0.008057 -0.025635
0.071411 -0.366943 0.952026 0.004272 -0.002930 -0.036133
0.073120 -0.363892 0.937622 -0.011230 -0.018433 -0.040527
0.073730 -0.378906 0.922485 0.007080 -0.023071 -0.026245
0.057251 -0.417725 0.908325 0.028564 -0.024048 0.002319
0.051758 -0.459473 0.899048 0.036377 -0.044189 0.018188
0.061035 -0.477539 0.906982 0.046387 -0.077393 0.010864
0.070190 -0.480835 0.936279 0.049927 -0.113892 0.006470
0.094116 -0.480713 0.953369 0.029419 -0.141846 0.013916
0.108154 -0.492065 0.979126 0.004150 -0.146240 0.030884
0.116699 -0.512695 0.996582 -0.013550 -0.140991 0.042236
0.116333 -0.532959 1.002563 -0.026733 -0.135742 0.046997
0.116699 -0.551147 1.006348 -0.032593 -0.134277 0.052856
0.115234 -0.563232 1.005127 -0.037476 -0.134521 0.063354
0.124756 -0.568604 1.010254 -0.031738 -0.132690 0.074097
0.123779 -0.561523 1.011719 -0.023560 -0.129639 0.083008
0.120361 -0.551147 1.001465 -0.006958 -0.129517 0.095459
0.124634 -0.540283 1.000854 0.021606 -0.133179 0.110474
0.129761 -0.529419 0.999023 0.043457 -0.136353 0.120117
0.131592 -0.508789 0.986572 0.048584 -0.130493 0.129517
0.137573 -0.491211 0.981934 0.029419 -0.110596 0.152588
0.136719 -0.470825 0.967529 -0.006836 -0.080933 0.184326
0.130249 -0.451416 0.948242 -0.048706 -0.050415 0.211060
0.115601 -0.432739 0.927612 -0.087036 -0.023193 0.227539
0.100098 -0.425415 0.899414 -0.121704 -0.002930 0.240356
0.072266 -0.425049 0.868408 -0.148804 -0.000122 0.240234
0.048950 -0.422363 0.837158 -0.149902 -0.023071 0.227173
0.040649 -0.434326 0.848022 -0.141968 -0.073486 0.206543
0.047485 -0.443604 0.905396 -0.128784 -0.135132 0.188843
0.068604 -0.436157 0.965454 -0.131836 -0.177246 0.192871
0.096802 -0.393066 1.023682 -0.108398 -0.172363 0.217529
0.106323 -0.319702 1.028687 -0.089111 -0.134521 0.243408
0.095581 -0.273560 1.006714 -0.084473 -0.103638 0.260986
0.096436 -0.229614 0.985474 -0.072021 -0.101807 0.256592
0.096191 -0.196045 0.986206 -0.073242 -0.116333 0.240967
0.105835 -0.184448 1.001709 -0.069580 -0.133545 0.222534
0.116943 -0.158936 1.004395 -0.055420 -0.155884 0.194458
0.137939 -0.124878 1.015259 -0.033447 -0.175415 0.160767
0.152466 -0.100952 1.030273 -0.032349 -0.193848 0.129517
0.168091 -0.073608 1.055664 -0.034424 -0.200928 0.101563
0.183350 -0.078003 1.095337 -0.043701 -0.190796 0.076416
0.184692 -0.092163 1.121460 -0.044189 -0.165649 0.061890
0.193237 -0.078979 1.133057 -0.041382 -0.135864 0.051025
0.202637 -0.046021 1.140503 -0.054688 -0.101318 0.046021
0.187866 -0.041504 1.121826 -0.075562 -0.058594 0.047607
0.173096 -0.057251 1.101196 -0.080933 -0.028320 0.042236
0.161621 -0.081421 1.087036 -0.079712 -0.018677 0.026001
0.153809 -0.102173 1.073975 -0.069458 -0.019409 0.007690
0.152344 -0.109741 1.073364 -0.052368 -0.030029 -0.010986
0.159180 -0.123291 1.084717 -0.040283 -0.044556 -0.026367
0.175049 -0.135620 1.110352 -0.041382 -0.051147 -0.039673
0.191162 -0.151978 1.123413 -0.051392 -0.037720 -0.043579
0.198364 -0.148193 1.127930 -0.078491 -0.012573 -0.052002
0.200073 -0.151123 1.102173 -0.092651 0.016846 -0.065552
0.201782 -0.160156 1.092651 -0.087158 0.033813 -0.093506
0.203857 -0.175415 1.088013 -0.084473 0.044189 -0.123413
0.199585 -0.202026 1.083130 -0.081421 0.055298 -0.145264
0.195923 -0.227417 1.070801 -0.085083 0.070068 -0.155029
0.204712 -0.213623 1.068359 -0.080811 0.087402 -0.168091
0.213013 -0.208740 1.059937 -0.062744 0.106689 -0.189697
0.221680 -0.189575 1.052002 -0.031250 0.120728 -0.221802
0.218384 -0.217163 1.024048 -0.007935 0.128540 -0.247681
0.204224 -0.262451 0.985229 0.015503 0.125977 -0.267334
0.190063 -0.290527 0.939453 0.048584 0.107788 -0.274414
0.194458 -0.287109 0.918457 0.085693 0.074707 -0.280884
0.212280 -0.268188 0.902222 0.093018 0.034302 -0.290527
0.231323 -0.263672 0.894897 0.114746 0.004028 -0.303833
0.261841 -0.257202 0.924316 0.122192 -0.011475 -0.318726
0.285156 -0.270630 0.947144 0.072876 0.000488 -0.310059
0.291504 -0.307007 0.967651 -0.011963 0.039307 -0.288086
0.275513 -0.357910 0.969360 -0.098633 0.093994 -0.272095
0.242432 -0.418579 0.943604 -0.152344 0.141479 -0.269531
0.202759 -0.478271 0.918335 -0.160645 0.163452 -0.267456
0.174805 -0.506470 0.885864 -0.148071 0.158813 -0.260742
0.146973 -0.523682 0.868774 -0.129883 0.124512 -0.255859
0.140991 -0.541870 0.877563 -0.097778 0.069580 -0.262573
0.152466 -0.568115 0.912109 -0.060669 0.014771 -0.283203
0.171875 -0.590332 0.976563 -0.018555 -0.011841 -0.299072
0.169556 -0.607788 0.997925 -0.020020 -0.001587 -0.284546
0.155884 -0.616577 0.983521 -0.049683 0.025391 -0.251221
0.140259 -0.609985 0.960693 -0.073975 0.048584 -0.215698
0.136963 -0.574097 0.946167 -0.087646 0.059326 -0.186646
0.129272 -0.560303 0.930298 -0.093750 0.061646 -0.164063
0.125854 -0.538452 0.925903 -0.092773 0.058838 -0.164551
0.121948 -0.536621 0.932983 -0.085083 0.057129 -0.177246
0.117065 -0.540771 0.930420 -0.074341 0.054443 -0.184814
0.111938 -0.529175 0.926025 -0.070190 0.054199 -0.178101
0.104492 -0.520752 0.924805 -0.075928 0.057983 -0.161987
0.097900 -0.506104 0.929688 -0.080078 0.058594 -0.138672
0.082275 -0.504517 0.919556 -0.086914 0.058350 -0.114502
0.060913 -0.505493 0.902466 -0.081177 0.055298 -0.100830
0.043335 -0.505737 0.893677 -0.075195 0.041992 -0.093384
0.030151 -0.509155 0.891235 -0.060547 0.015747 -0.086060
0.030396 -0.497559 0.908325 -0.043945 -0.014893 -0.081665
0.033813 -0.480835 0.916626 -0.041260 -0.040649 -0.067383
0.035522 -0.458618 0.925537 -0.053833 -0.060547 -0.052856
0.040771 -0.433960 0.932495 -0.071289 -0.072388 -0.046265
0.041748 -0.430054 0.944702 -0.086792 -0.081177 -0.033691
0.046021 -0.434937 0.963623 -0.105225 -0.093628 -0.029175
0.046875 -0.451660 0.985107 -0.123657 -0.098145 -0.025879
0.044800 -0.481689 1.000977 -0.127197 -0.095215 -0.011475
0.045898 -0.484497 1.021973 -0.116699 -0.088379 0.010986
0.049805 -0.473511 1.028564 -0.108887 -0.083862 0.035400
0.046509 -0.452515 1.037231 -0.105347 -0.078491 0.050415
0.033936 -0.435181 1.027710 -0.099609 -0.074341 0.051880
0.012085 -0.437012 1.001587 -0.092773 -0.072754 0.048706
-0.020142 -0.445557 0.969116 -0.086182 -0.082764 0.051758
-0.035400 -0.446777 0.957031 -0.074097 -0.111694 0.058838
-0.032471 -0.454102 0.967651 -0.058594 -0.153076 0.074951
-0.017212 -0.440308 0.981445 -0.041626 -0.188843 0.095703
0.002197 -0.417603 1.002686 -0.034302 -0.207397 0.117554
0.018555 -0.390991 1.010010 -0.046265 -0.212524 0.144775
0.034790 -0.381714 1.023193 -0.057983 -0.208984 0.168335
0.055176 -0.352417 1.028076 -0.051025 -0.194580 0.179199
0.065796 -0.339355 1.023071 -0.039429 -0.186157 0.182129
0.078369 -0.304565 1.025269 -0.017212 -0.156738 0.182617
0.092407 -0.283691 0.989746 -0.031250 -0.167480 0.197144
0.102173 -0.280029 0.992188 -0.032227 -0.141724 0.194458
0.107056 -0.271240 0.988770 -0.029297 -0.115356 0.190308
0.117310 -0.260986 1.000122 -0.003540 -0.122070 0.180786
0.134888 -0.256592 1.024170 0.019653 -0.133423 0.170898
0.162598 -0.245483 1.081177 0.034790 -0.131958 0.156738
0.179321 -0.235229 1.123291 0.044556 -0.107666 0.144531
0.181152 -0.230225 1.132690 0.037476 -0.063721 0.142700
0.170166 -0.231323 1.108276 0.022461 -0.019409 0.144165
0.163818 -0.244995 1.091553 0.013062 0.006226 0.147583
0.157349 -0.269653 1.081543 -0.009644 0.014893 0.149902
0.150879 -0.280273 1.069458 -0.008423 0.025269 0.153809
0.152466 -0.277710 1.053101 -0.005493 0.029663 0.157837
0.153198 -0.298462 1.051758 0.000122 0.026367 0.167603
0.158447 -0.300293 1.050415 0.002319 0.035278 0.159424
0.167358 -0.295654 1.059326 0.004883 0.049683 0.149658
0.171753 -0.300903 1.056274 0.008911 0.069702 0.137329
0.158447 -0.328857 1.034668 0.014648 0.097534 0.129883
0.151489 -0.341553 1.019775 0.006592 0.113525 0.126709
0.140869 -0.340820 0.984375 0.005615 0.117065 0.114990
0.130005 -0.342285 0.962524 0.016357 0.117554 0.102539
0.126343 -0.353760 0.943604 0.024292 0.107544 0.087158
