0.065674 -0.439087 0.986694 -0.131836 0.012329 -0.101440
0.038940 -0.416138 0.935059 -0.121216 0.038330 -0.101196
0.020996 -0.399414 0.915649 -0.115479 0.028687 -0.104492
0.044556 -0.388428 0.931885 -0.068359 0.007813 -0.104370
0.081665 -0.364380 0.957153 -0.012451 -0.016113 -0.107788
0.080811 -0.383789 0.961792 0.034180 -0.024170 -0.101074
0.068848 -0.389404 0.937500 0.084595 -0.036987 -0.094238
0.071777 -0.374634 0.923096 0.109253 -0.073730 -0.092651
0.098022 -0.352173 0.940918 0.135376 -0.106323 -0.090088
0.126953 -0.319214 0.943848 0.138916 -0.118774 -0.089600
0.124634 -0.332275 0.935425 0.083984 -0.097900 -0.083740
0.110718 -0.352783 0.921509 0.005371 -0.072021 -0.080566
0.092651 -0.363159 0.896851 -0.071411 -0.072388 -0.086670
0.084717 -0.364136 0.866333 -0.110107 -0.092041 -0.113770
0.098022 -0.368774 0.875732 -0.103516 -0.131836 -0.161865
0.112671 -0.408691 0.891357 -0.056030 -0.166016 -0.217773
0.143921 -0.394409 0.906250 -0.006104 -0.189453 -0.258545
0.163696 -0.420654 0.907104 -0.004639 -0.179932 -0.257080
0.164917 -0.508545 0.908936 -0.029785 -0.152100 -0.235962
0.144165 -0.565186 0.885376 -0.039917 -0.127930 -0.222412
0.076050 -0.610229 0.791382 -0.006226 -0.124512 -0.202881
0.053833 -0.644287 0.751099 0.122803 -0.165771 -0.220337
0.104370 -0.597656 0.772949 0.256714 -0.231689 -0.257080
0.167480 -0.610352 0.804688 0.330688 -0.230225 -0.235229
0.237549 -0.579346 0.854248 0.295044 -0.163208 -0.161255
0.250488 -0.606323 0.845459 0.076416 -0.053833 -0.031006
0.217651 -0.677734 0.829956 -0.159546 0.048950 0.079712
0.162598 -0.770386 0.803711 -0.315674 0.084595 0.140015
0.108887 -0.846069 0.782593 -0.394287 0.054688 0.148071
0.072510 -0.901611 0.777832 -0.327515 -0.006348 0.121704
0.058594 -0.936768 0.791382 -0.173340 -0.090820 0.090942
0.080688 -0.911011 0.817383 -0.025757 -0.175659 0.075562
0.131592 -0.839233 0.847046 0.065674 -0.236572 0.093750
0.181152 -0.765259 0.885132 0.070313 -0.268921 0.112427
0.236938 -0.659546 0.919678 0.056152 -0.264526 0.098755
0.271606 -0.605713 0.958252 0.046265 -0.208374 0.102905
0.239868 -0.602783 0.942261 -0.004272 -0.132324 0.133545
0.198608 -0.622314 0.930542 -0.051758 -0.071533 0.171631
0.162354 -0.622681 0.920288 -0.052856 -0.060913 0.207764
0.126587 -0.665405 0.917969 -0.073853 -0.083252 0.252686
0.137451 -0.656372 0.951172 -0.053711 -0.123169 0.279663
0.176636 -0.610229 0.985596 0.009644 -0.145386 0.300659
0.188232 -0.535034 0.989990 0.032837 -0.136597 0.314209
0.170288 -0.467773 0.960938 0.030640 -0.114136 0.327759
0.162476 -0.441650 0.947754 0.013184 -0.106689 0.328857
0.147217 -0.402588 0.929932 0.028076 -0.103638 0.303223
0.124634 -0.356445 0.893311 0.068604 -0.102539 0.277344
0.116821 -0.334717 0.889771 0.043945 -0.115601 0.266846
0.118042 -0.343018 0.913086 -0.019409 -0.129272 0.266602
0.145020 -0.339478 0.964966 -0.064087 -0.120972 0.269653
0.145630 -0.360352 0.995483 -0.098022 -0.097534 0.270996
0.130737 -0.362427 0.991333 -0.086426 -0.083740 0.274414
0.123169 -0.360474 0.993530 -0.049072 -0.078979 0.285156
0.135620 -0.341919 1.000977 -0.023560 -0.091187 0.294556
0.173462 -0.321167 1.021729 -0.004883 -0.106567 0.305420
0.200073 -0.296875 1.050171 -0.004761 -0.104980 0.298950
0.207886 -0.272217 1.047852 -0.003662 -0.097656 0.279175
0.206421 -0.245361 1.050415 0.000732 -0.086304 0.243774
0.179810 -0.229004 1.026489 0.007568 -0.081909 0.213257
0.180420 -0.188721 1.021729 0.018921 -0.096069 0.184204
0.208130 -0.154297 1.042603 -0.000366 -0.113770 0.178833
0.236450 -0.109497 1.064697 -0.040161 -0.108032 0.182251
0.234985 -0.111816 1.076050 -0.085449 -0.090820 0.187378
0.230347 -0.129395 1.075439 -0.098267 -0.071533 0.179321
0.239014 -0.121948 1.079590 -0.105469 -0.078247 0.155273
0.272461 -0.102783 1.106323 -0.102417 -0.089478 0.116699
0.294067 -0.105469 1.134888 -0.088013 -0.086426 0.067139
0.308960 -0.100098 1.146729 -0.066284 -0.077393 0.019531
0.320435 -0.082886 1.146729 -0.042114 -0.069946 -0.030151
0.333984 -0.069458 1.143799 -0.014038 -0.063965 -0.067139
0.361084 -0.063721 1.152588 -0.018433 -0.054077 -0.087769
0.386963 -0.050781 1.162598 -0.050903 -0.024780 -0.110962
0.391846 -0.049316 1.152954 -0.098755 0.008911 -0.146606
0.380737 -0.072876 1.127808 -0.143677 0.051270 -0.198364
0.366943 -0.100708 1.105713 -0.184082 0.091431 -0.255249
0.340576 -0.144775 1.077759 -0.224365 0.126709 -0.299683
0.314331 -0.192017 1.048218 -0.242065 0.160889 -0.333496
0.282349 -0.248413 1.017822 -0.247070 0.191162 -0.351807
0.261719 -0.286255 0.987061 -0.160645 0.217163 -0.365723
0.234253 -0.328857 0.949585 -0.080688 0.223755 -0.394653
0.200684 -0.363403 0.908813 -0.003174 0.189209 -0.448242
0.207397 -0.378174 0.906616 0.113159 0.137329 -0.510254
0.237305 -0.380981 0.921265 0.174927 0.105591 -0.546875
0.261841 -0.363770 0.915283 0.150024 0.111572 -0.539063
0.257080 -0.361206 0.874878 0.057007 0.154541 -0.493408
0.227905 -0.401123 0.833252 -0.045044 0.205933 -0.431152
0.181519 -0.486694 0.805908 -0.106079 0.244873 -0.376953
0.161987 -0.587646 0.804565 -0.113647 0.255737 -0.346558
0.161865 -0.652100 0.838745 -0.104980 0.234741 -0.356323
0.159058 -0.660400 0.840820 -0.053223 0.211304 -0.375732
0.171875 -0.633789 0.844971 0.031860 0.196045 -0.383667
0.181030 -0.613525 0.863647 0.067871 0.188843 -0.368652
0.190308 -0.603760 0.871216 0.028442 0.188110 -0.333008
0.170898 -0.624146 0.867554 -0.056641 0.195679 -0.292847
0.161133 -0.657593 0.865601 -0.129272 0.191528 -0.262329
0.144409 -0.679565 0.868286 -0.162109 0.174316 -0.272705
0.129272 -0.680786 0.854980 -0.131226 0.139526 -0.306763
0.134277 -0.678223 0.863159 -0.096069 0.102905 -0.340576
0.139648 -0.667480 0.866333 -0.081665 0.080933 -0.357422
0.150635 -0.648315 0.878906 -0.110962 0.062378 -0.359863
0.161621 -0.658081 0.897461 -0.161865 0.048950 -0.343506
0.136230 -0.685181 0.890259 -0.211792 0.048584 -0.324585
0.116821 -0.698730 0.884155 -0.201904 0.038696 -0.309570
0.123901 -0.693726 0.869507 -0.155884 0.016357 -0.292969
0.129395 -0.648315 0.862915 -0.114990 -0.016724 -0.296631
0.154907 -0.611328 0.872559 0.015015 -0.041748 -0.301758
0.180298 -0.563843 0.880005 0.045654 -0.063354 -0.288818
0.171021 -0.578857 0.883301 -0.017578 -0.067627 -0.247314
0.158569 -0.599854 0.886597 -0.058472 -0.049561 -0.191284
0.139282 -0.598755 0.865479 -0.083618 -0.042358 -0.132813
0.144531 -0.556274 0.854980 -0.075684 -0.059814 -0.105103
0.169556 -0.525269 0.863037 -0.039795 -0.079956 -0.114990
0.176758 -0.505127 0.870239 0.000977 -0.088379 -0.146606
0.156860 -0.515137 0.854980 0.028442 -0.094360 -0.164185
0.145142 -0.527710 0.850098 0.021851 -0.098877 -0.162109
0.128174 -0.533936 0.838379 -0.039307 -0.100464 -0.137939
0.117798 -0.517944 0.810669 -0.107178 -0.114746 -0.111572
0.136475 -0.500977 0.832153 -0.112061 -0.148315 -0.117432
0.163086 -0.507813 0.864502 -0.092651 -0.166504 -0.134277
0.167969 -0.510376 0.891113 -0.075195 -0.158325 -0.144775
0.140991 -0.536987 0.885620 -0.058838 -0.140381 -0.133057
0.114380 -0.551147 0.869141 -0.068115 -0.140869 -0.114624
0.104370 -0.569336 0.869629 -0.089844 -0.158813 -0.104980
0.112061 -0.598022 0.909546 -0.093384 -0.181519 -0.107666
0.138428 -0.586182 0.958008 -0.094360 -0.185303 -0.102295
0.133179 -0.557983 0.958862 -0.119507 -0.160278 -0.056641
0.111816 -0.531616 0.933716 -0.118042 -0.137939 0.006958
0.104980 -0.497559 0.904053 -0.078125 -0.156250 0.055176
0.061523 -0.518677 0.879883 -0.087280 -0.171631 0.096191
0.063232 -0.524658 0.897583 0.051880 -0.168579 0.084839
0.115234 -0.500244 0.944092 0.172363 -0.212769 0.101196
0.136963 -0.469971 0.966553 0.182129 -0.223267 0.159912
0.135010 -0.456055 0.962036 0.163696 -0.194580 0.212646
0.140503 -0.423096 0.973877 0.117065 -0.179932 0.227783
0.148071 -0.420898 0.971069 0.069946 -0.176514 0.236084
0.163574 -0.425903 0.999512 0.020020 -0.166626 0.226440
0.162720 -0.463257 1.015503 -0.048706 -0.138306 0.225464
0.147949 -0.478027 1.014648 -0.114868 -0.118896 0.234863
0.141479 -0.482666 1.005127 -0.178223 -0.118042 0.252319
0.158325 -0.470093 1.015015 -0.215210 -0.135498 0.262939
0.174561 -0.452759 1.034058 -0.209473 -0.136108 0.277588
0.184937 -0.432129 1.033813 -0.195435 -0.120483 0.293335
0.201660 -0.428589 1.036987 -0.175415 -0.113647 0.299683
0.206909 -0.426270 1.044556 -0.152954 -0.101929 0.283569
0.197021 -0.431274 1.021973 -0.103760 -0.078369 0.265625
0.189575 -0.413574 0.990601 -0.042236 -0.059204 0.257446
0.174438 -0.412476 0.960327 0.000977 -0.049194 0.251587
0.177124 -0.421997 0.960327 0.019653 -0.051636 0.246582
0.186401 -0.417847 0.955322 0.036987 -0.061035 0.248535
0.185181 -0.433960 0.960327 0.048706 -0.045776 0.254883
