0.123779 -0.476929 0.901245 -0.043823 -0.076416 -0.053589
0.120972 -0.471558 0.884888 -0.083252 -0.049683 -0.022339
0.100220 -0.484985 0.860840 -0.107178 -0.030884 -0.014648
0.084595 -0.505371 0.843262 -0.095825 -0.039185 -0.034424
0.077148 -0.512817 0.830444 -0.055420 -0.069946 -0.063110
0.086060 -0.498047 0.821655 0.002808 -0.111084 -0.086792
0.105469 -0.481323 0.817627 0.072144 -0.151489 -0.109375
0.126099 -0.470581 0.811157 0.130859 -0.199951 -0.131836
0.169434 -0.472168 0.827271 0.171509 -0.247803 -0.158691
0.214600 -0.493164 0.860840 0.191650 -0.267822 -0.182007
0.241577 -0.514404 0.878174 0.172729 -0.254883 -0.185547
0.244507 -0.537354 0.875610 0.101807 -0.207397 -0.142944
0.226685 -0.581665 0.858154 -0.010864 -0.134399 -0.066040
0.200806 -0.621094 0.830078 -0.124268 -0.080078 -0.005859
0.174683 -0.684448 0.813965 -0.188354 -0.054321 0.031494
0.147583 -0.766113 0.801270 -0.198853 -0.058838 0.048706
0.140625 -0.825317 0.829956 -0.181396 -0.080322 0.056030
0.128906 -0.871582 0.833740 -0.134277 -0.111084 0.072998
0.139160 -0.875977 0.844604 -0.059692 -0.146240 0.078979
0.152222 -0.862427 0.856812 0.004150 -0.174561 0.081177
0.170898 -0.846191 0.869263 0.045654 -0.178833 0.099243
0.164429 -0.842407 0.885254 0.032104 -0.167969 0.126343
0.145264 -0.854614 0.892334 -0.000488 -0.148438 0.177490
0.129272 -0.846313 0.887085 -0.009521 -0.136841 0.227661
0.132813 -0.802856 0.896118 0.016113 -0.143677 0.255005
0.148071 -0.768188 0.895752 0.049805 -0.163330 0.269287
0.166626 -0.736084 0.920410 0.078003 -0.179688 0.268188
0.160400 -0.718994 0.913452 0.102173 -0.186157 0.269409
0.135986 -0.708252 0.895752 0.117432 -0.184937 0.279907
0.113281 -0.674683 0.865479 0.132446 -0.194824 0.306274
0.140503 -0.594604 0.863159 0.150879 -0.208862 0.333618
0.178589 -0.515625 0.868896 0.139038 -0.206421 0.369385
0.181152 -0.450806 0.862061 0.086060 -0.170166 0.397949
0.161133 -0.426270 0.847412 0.009888 -0.128784 0.412842
0.162842 -0.407715 0.846924 -0.053345 -0.112183 0.414429
0.182251 -0.401489 0.903442 -0.094360 -0.127930 0.401611
0.208618 -0.378174 0.944946 -0.105591 -0.142456 0.366089
0.221069 -0.347656 0.960693 -0.068359 -0.147583 0.330444
0.237183 -0.317627 0.975708 -0.042236 -0.150024 0.303101
0.233398 -0.289673 0.992676 -0.050537 -0.144653 0.280762
0.223267 -0.258667 0.978271 -0.039307 -0.127686 0.263916
0.241943 -0.219238 0.989746 -0.020996 -0.116455 0.247314
0.236816 -0.177612 1.003418 -0.057129 -0.097778 0.238159
0.218262 -0.171509 1.010254 -0.087524 -0.075562 0.230103
0.243530 -0.165894 1.048828 -0.099487 -0.074829 0.206543
0.265381 -0.158569 1.101196 -0.120117 -0.064575 0.176636
0.256470 -0.153687 1.112183 -0.105347 -0.041016 0.141724
0.274170 -0.150269 1.143311 -0.079102 -0.026367 0.107788
0.281250 -0.126831 1.163696 -0.064575 -0.005249 0.069336
0.284180 -0.109497 1.181152 -0.050049 0.020630 0.042236
0.283569 -0.111328 1.179443 -0.062012 0.046631 0.029785
0.282227 -0.117676 1.180664 -0.082764 0.077637 0.020630
0.279785 -0.135620 1.180298 -0.099976 0.109619 0.003540
0.255249 -0.158447 1.154175 -0.095581 0.132324 -0.022705
0.230103 -0.177734 1.115967 -0.062134 0.134399 -0.048340
0.224731 -0.182007 1.087891 -0.008057 0.119263 -0.078491
0.240356 -0.175415 1.074341 0.045410 0.093872 -0.109009
0.257324 -0.167847 1.061523 0.084961 0.064453 -0.143677
0.283203 -0.162598 1.064941 0.114624 0.045044 -0.172729
0.321655 -0.153687 1.069702 0.105103 0.051270 -0.183594
0.356689 -0.152588 1.086914 0.041016 0.088013 -0.181885
0.349365 -0.173584 1.061890 -0.020386 0.142212 -0.199585
0.317017 -0.224243 1.019287 -0.024658 0.186401 -0.243896
0.279053 -0.292358 0.983276 -0.007202 0.198120 -0.297852
0.251221 -0.359009 0.952637 0.035278 0.183105 -0.344604
0.224976 -0.408569 0.932129 0.092529 0.155884 -0.379272
0.210571 -0.429321 0.910034 0.149414 0.117065 -0.391846
0.218384 -0.435547 0.895020 0.225708 0.072998 -0.394775
0.244995 -0.405029 0.898438 0.321411 0.025146 -0.410156
0.282837 -0.365234 0.895264 0.386353 -0.004761 -0.427246
0.318359 -0.322754 0.902710 0.381226 0.000854 -0.429932
0.329590 -0.292847 0.891968 0.291016 0.039917 -0.427246
0.291870 -0.324707 0.857300 0.155396 0.081787 -0.429810
0.247559 -0.389038 0.832520 0.042725 0.104980 -0.440552
0.199585 -0.456787 0.811523 -0.038940 0.101929 -0.451782
0.153687 -0.556519 0.804199 -0.064575 0.083862 -0.451904
0.145874 -0.617432 0.828979 -0.067749 0.048584 -0.448486
0.112793 -0.688843 0.842285 -0.076904 0.028809 -0.421509
0.071411 -0.733521 0.842163 -0.054688 0.008789 -0.371704
0.031250 -0.745972 0.837280 -0.014282 -0.028198 -0.302368
0.048096 -0.713989 0.853394 0.051147 -0.078003 -0.221069
0.132324 -0.602905 0.881104 0.067261 -0.126099 -0.159790
0.165161 -0.569336 0.915771 0.056885 -0.125244 -0.126221
0.176880 -0.565308 0.934082 0.037109 -0.098877 -0.133545
0.158203 -0.586914 0.929443 -0.010132 -0.070923 -0.149536
0.136963 -0.605347 0.920166 -0.045776 -0.040405 -0.149048
0.101074 -0.619141 0.907227 -0.082764 -0.027466 -0.137207
0.091431 -0.607178 0.892090 -0.063843 -0.025635 -0.132568
0.089233 -0.585938 0.882568 0.008057 -0.036255 -0.150024
0.097168 -0.568115 0.881592 0.025635 -0.073975 -0.170410
0.098389 -0.560791 0.897217 0.019531 -0.100342 -0.192261
0.100098 -0.522095 0.903687 0.022705 -0.109253 -0.209961
0.141479 -0.443237 0.926514 0.006348 -0.117554 -0.184692
0.157959 -0.404663 0.933472 -0.049805 -0.115967 -0.145996
0.168823 -0.377563 0.943481 -0.088989 -0.108887 -0.131714
0.174438 -0.387695 0.963379 -0.098999 -0.099609 -0.123535
0.178101 -0.385254 0.975220 -0.086914 -0.094482 -0.118164
0.153809 -0.424683 0.952881 -0.055298 -0.078003 -0.097778
0.134766 -0.442017 0.946289 -0.039063 -0.067505 -0.086060
0.132813 -0.469238 0.950073 -0.054688 -0.066406 -0.066528
0.136597 -0.489502 0.970703 -0.080200 -0.066528 -0.047852
0.139648 -0.504761 0.982544 -0.093018 -0.055908 -0.025635
0.135498 -0.499512 0.980469 -0.100586 -0.043457 -0.003662
0.128052 -0.492188 0.963379 -0.101807 -0.037231 0.011230
0.120361 -0.474365 0.948364 -0.090942 -0.037598 0.014404
0.124512 -0.463623 0.941772 -0.063599 -0.038574 0.014038
0.122681 -0.444580 0.936401 -0.061401 -0.038208 0.020874
0.104736 -0.449097 0.904663 -0.087524 -0.029297 0.047729
0.085449 -0.448120 0.892212 -0.122559 -0.024048 0.074463
0.086060 -0.454346 0.906982 -0.145508 -0.035156 0.104492
0.100342 -0.467163 0.934204 -0.136353 -0.055054 0.122681
0.121338 -0.472900 0.954834 -0.105225 -0.068115 0.122803
0.125610 -0.471680 0.972168 -0.075806 -0.076416 0.117188
0.141846 -0.453003 0.986206 -0.061523 -0.073364 0.118774
0.140259 -0.444702 0.983154 -0.096924 -0.049683 0.131348
0.127563 -0.436890 0.984497 -0.146484 -0.019897 0.147827
0.106201 -0.442871 0.964600 -0.173706 -0.001099 0.160278
0.080566 -0.459351 0.951172 -0.165771 0.000610 0.165649
0.079224 -0.465820 0.943115 -0.133057 -0.013306 0.164917
0.101685 -0.466309 0.948975 -0.103882 -0.028931 0.163208
0.144775 -0.469482 0.999268 -0.091797 -0.052124 0.175781
0.124756 -0.451904 0.950195 -0.055786 -0.053711 0.185547
0.114136 -0.455200 0.951416 -0.052490 -0.015381 0.202026
0.164429 -0.433716 0.997803 -0.056763 -0.024048 0.225586
0.216919 -0.427246 1.089722 -0.045776 -0.034790 0.233154
0.254150 -0.418335 1.139526 -0.004028 -0.043579 0.214722
0.243774 -0.437378 1.151611 0.063599 -0.034424 0.177246
0.232178 -0.433838 1.151001 0.142334 -0.005615 0.140381
0.261230 -0.384644 1.165771 0.210205 0.032349 0.125854
0.250977 -0.366943 1.137451 0.187622 0.087524 0.144653
0.194946 -0.368164 1.048462 0.070313 0.114136 0.182129
0.133301 -0.404907 0.995728 -0.036377 0.131226 0.218628
0.095581 -0.419312 0.956787 -0.053589 0.113892 0.249512
0.098511 -0.441895 0.948364 -0.007935 0.064453 0.267456
0.123291 -0.419556 0.953247 0.082520 0.001099 0.252808
0.150513 -0.380127 0.949097 0.172241 -0.049683 0.225220
0.189575 -0.323853 0.978149 0.240479 -0.073730 0.193604
0.210205 -0.281616 1.000122 0.240356 -0.065796 0.185547
0.232056 -0.247070 1.027832 0.172852 -0.037231 0.191284
0.219360 -0.232056 1.031372 0.095337 0.005005 0.198853
0.192261 -0.242188 1.028198 0.046875 0.036865 0.194702
0.175903 -0.264160 1.024170 0.025024 0.053223 0.176147
0.170532 -0.284180 1.022827 0.036987 0.061890 0.160400
0.174927 -0.300537 1.003052 0.028442 0.073242 0.164673
0.160645 -0.323364 0.979858 0.024292 0.081665 0.177124
0.153564 -0.327515 0.954834 0.041992 0.068604 0.186279
0.166138 -0.316895 0.951050 0.067383 0.044434 0.181641
0.175171 -0.307129 0.962036 0.094238 0.018677 0.165771
0.214111 -0.280640 1.000122 0.097168 -0.001953 0.152588
0.222900 -0.267578 1.011841 0.058105 0.011597 0.151978
