0.103394 -0.423828 0.897827 0.124390 -0.116943 -0.155273
0.162964 -0.417114 0.945435 0.072144 -0.100830 -0.110474
0.202393 -0.423706 0.954468 -0.030151 -0.045776 -0.054321
0.189941 -0.441895 0.932617 -0.143799 0.030396 -0.030396
0.137329 -0.488525 0.870361 -0.179565 0.076172 -0.051392
0.080566 -0.555176 0.817383 -0.129272 0.061523 -0.110352
0.050171 -0.624878 0.800049 -0.049194 0.001587 -0.166504
0.049316 -0.669312 0.811279 0.020142 -0.063110 -0.195435
0.057861 -0.674438 0.822754 0.066162 -0.103516 -0.182861
0.057495 -0.680664 0.820068 0.074951 -0.118774 -0.133545
0.055176 -0.682983 0.809082 0.054321 -0.126465 -0.082275
0.105469 -0.668213 0.833984 0.043335 -0.130737 -0.050171
0.134033 -0.674438 0.864746 0.021362 -0.134277 -0.039673
0.133545 -0.695190 0.862183 0.021362 -0.116455 -0.041748
0.126221 -0.725830 0.867065 0.022095 -0.088989 -0.046265
0.093628 -0.752319 0.846558 0.000244 -0.064453 -0.032349
0.055664 -0.792969 0.817139 -0.050537 -0.052368 0.003418
0.009399 -0.826172 0.798950 -0.071289 -0.059448 0.039917
-0.002563 -0.813110 0.797729 -0.050293 -0.094238 0.080566
0.024170 -0.786133 0.815796 -0.000854 -0.141113 0.114136
0.054077 -0.737305 0.842041 0.043091 -0.174927 0.129150
0.059204 -0.692749 0.838501 0.084961 -0.187866 0.143921
0.068604 -0.662109 0.851196 0.109131 -0.193481 0.160522
0.094482 -0.615723 0.871094 0.095825 -0.191162 0.176514
0.088379 -0.597412 0.874634 0.048950 -0.168213 0.197998
0.070435 -0.585815 0.872070 -0.023438 -0.135986 0.227539
0.048218 -0.574829 0.864136 -0.099243 -0.107300 0.265503
0.022705 -0.574585 0.844727 -0.155396 -0.085327 0.314575
0.002808 -0.568115 0.821533 -0.182739 -0.087646 0.346313
0.005615 -0.528564 0.813599 -0.161133 -0.110229 0.354736
-0.005737 -0.505371 0.813232 -0.111572 -0.154297 0.324463
0.006104 -0.490112 0.841309 -0.040039 -0.225342 0.277222
0.042603 -0.473511 0.902344 0.018799 -0.295532 0.231323
0.096680 -0.437500 0.978638 0.038696 -0.330078 0.213013
0.123413 -0.403198 1.016602 0.013062 -0.310669 0.234131
0.121216 -0.375488 1.009033 -0.028198 -0.268677 0.270996
0.125854 -0.353271 1.008789 -0.054565 -0.234131 0.303467
0.135986 -0.342163 1.007568 -0.059448 -0.227783 0.314575
0.146362 -0.335571 1.006348 -0.044678 -0.219849 0.306641
0.157227 -0.318115 1.012695 -0.040527 -0.200439 0.295166
0.129028 -0.297607 0.989868 -0.072144 -0.166992 0.283081
0.130127 -0.304810 1.018066 -0.085449 -0.156860 0.281372
0.146973 -0.313110 1.050293 -0.121216 -0.150513 0.292236
0.153931 -0.309692 1.088989 -0.143921 -0.134399 0.290039
0.160645 -0.297729 1.112183 -0.106812 -0.132446 0.273071
0.161743 -0.271118 1.118530 -0.046387 -0.132935 0.243164
0.163940 -0.247681 1.122192 0.033936 -0.144287 0.218384
0.206177 -0.174805 1.129761 0.085083 -0.142456 0.201538
0.221558 -0.116211 1.117554 0.062744 -0.108032 0.188721
0.212524 -0.088379 1.098999 0.012329 -0.061157 0.173096
0.172974 -0.111206 1.090820 -0.050171 -0.041016 0.144165
0.183716 -0.141846 1.131714 -0.061035 -0.044922 0.108643
0.203735 -0.143066 1.171997 -0.053467 -0.049438 0.078613
0.201050 -0.145874 1.180908 -0.051880 -0.030518 0.060181
0.185913 -0.153931 1.164795 -0.038940 -0.012451 0.047119
0.184937 -0.145142 1.161133 -0.017822 -0.000732 0.023438
0.184448 -0.147705 1.148193 0.010742 -0.002563 -0.000977
0.185547 -0.144531 1.146851 0.027222 -0.004761 -0.024780
0.208008 -0.128784 1.149780 0.035645 -0.002441 -0.045166
0.215820 -0.116333 1.145996 0.022217 0.014038 -0.063354
0.211304 -0.112915 1.109497 0.004761 0.035767 -0.077759
0.214844 -0.112549 1.092651 -0.005249 0.055176 -0.103027
0.206055 -0.135620 1.069336 -0.011841 0.071899 -0.133667
0.186523 -0.178467 1.034302 -0.016357 0.080078 -0.166870
0.163940 -0.236938 1.011353 -0.016357 0.084106 -0.191040
0.150146 -0.284912 0.998413 -0.022949 0.076172 -0.207275
0.145874 -0.302856 0.987915 -0.029541 0.065552 -0.220947
0.140503 -0.309937 0.973511 -0.019165 0.061035 -0.234375
0.148438 -0.299194 0.963501 0.016602 0.055298 -0.244995
0.173706 -0.281982 0.963745 0.047119 0.049561 -0.252930
0.200806 -0.256836 0.970947 0.061646 0.056885 -0.262451
0.236084 -0.250977 0.987671 0.041626 0.074951 -0.266479
0.246216 -0.284424 0.993774 -0.014038 0.101074 -0.276733
0.227417 -0.346191 0.977539 -0.062256 0.137939 -0.289795
0.190186 -0.425049 0.951904 -0.114258 0.163086 -0.291626
0.151978 -0.490845 0.932861 -0.150513 0.166748 -0.280151
0.135742 -0.526855 0.920776 -0.126953 0.150269 -0.269043
0.168579 -0.514771 0.928467 -0.072144 0.116089 -0.269043
0.212280 -0.488770 0.966064 -0.039673 0.095825 -0.283447
0.229614 -0.491943 0.970459 -0.038818 0.109619 -0.296143
0.232788 -0.480957 0.962280 -0.057129 0.138672 -0.311768
0.196777 -0.496216 0.926758 -0.077393 0.168213 -0.331177
0.167969 -0.519287 0.895386 -0.086914 0.177246 -0.341919
0.154785 -0.535156 0.890503 -0.102539 0.177124 -0.341797
0.136841 -0.571899 0.887817 -0.123291 0.177490 -0.333618
0.120117 -0.595825 0.880981 -0.133789 0.171753 -0.324463
0.112915 -0.604492 0.869507 -0.121704 0.153564 -0.322876
0.119019 -0.602173 0.875122 -0.093628 0.134155 -0.328613
0.125610 -0.617432 0.889038 -0.069214 0.114868 -0.322021
0.133057 -0.605591 0.900146 -0.062378 0.112915 -0.306763
0.124634 -0.597168 0.895874 -0.082886 0.124512 -0.278809
0.105469 -0.594238 0.885254 -0.125244 0.139893 -0.246338
0.090454 -0.579102 0.863770 -0.138794 0.134644 -0.232910
0.084595 -0.573608 0.866943 -0.116455 0.111328 -0.244629
0.086792 -0.569458 0.862793 -0.082642 0.080200 -0.263184
0.088623 -0.556152 0.868530 -0.042969 0.053467 -0.279663
0.094604 -0.546753 0.882080 -0.024536 0.041748 -0.278442
0.084961 -0.549927 0.885010 -0.026611 0.045288 -0.264893
0.078125 -0.542358 0.881348 -0.033936 0.047119 -0.245728
0.068726 -0.530518 0.872925 -0.054443 0.046387 -0.224121
0.060913 -0.509644 0.861694 -0.067749 0.043701 -0.206177
0.049561 -0.513184 0.842651 -0.069458 0.036743 -0.197144
0.020752 -0.520142 0.822876 -0.078125 0.022827 -0.194214
0.020142 -0.500488 0.848755 -0.012939 0.005127 -0.194824
0.035889 -0.468262 0.851563 0.003662 -0.016602 -0.195190
0.037842 -0.472046 0.852051 -0.056763 -0.029175 -0.183838
0.047485 -0.471069 0.870972 -0.101929 -0.030884 -0.171753
0.028809 -0.490112 0.876709 -0.131226 -0.021851 -0.164551
0.021973 -0.495850 0.873047 -0.127197 -0.023682 -0.155762
0.014038 -0.498657 0.867798 -0.112061 -0.033813 -0.150269
0.011353 -0.512451 0.867065 -0.100586 -0.046509 -0.146484
0.015747 -0.501099 0.879883 -0.097656 -0.055298 -0.135376
0.020752 -0.499146 0.883789 -0.102295 -0.070801 -0.116821
0.027710 -0.486084 0.893311 -0.099609 -0.073730 -0.109253
0.048950 -0.486328 0.919434 -0.094360 -0.075562 -0.105835
0.046387 -0.506836 0.936401 -0.110718 -0.072998 -0.096436
0.040649 -0.519775 0.940918 -0.121704 -0.065186 -0.088013
0.026367 -0.531372 0.927490 -0.123291 -0.058594 -0.074951
0.017822 -0.536743 0.916138 -0.120361 -0.064331 -0.061646
0.018799 -0.544800 0.922363 -0.106323 -0.083130 -0.052490
0.017334 -0.551880 0.914551 -0.089111 -0.102295 -0.046265
0.030396 -0.541382 0.930664 -0.065552 -0.121582 -0.042603
0.049194 -0.521851 0.932617 -0.052368 -0.133179 -0.025513
0.054932 -0.501953 0.922607 -0.064209 -0.130737 -0.008057
0.048462 -0.503540 0.914673 -0.087158 -0.127441 0.005981
0.060181 -0.514771 0.929199 -0.106567 -0.127319 0.012939
0.062256 -0.515625 0.950317 -0.123169 -0.124023 0.023071
0.069092 -0.527344 0.962036 -0.135376 -0.109131 0.043335
0.063599 -0.536499 0.971191 -0.144287 -0.096436 0.056152
0.047852 -0.537476 0.962524 -0.136963 -0.094238 0.064697
0.055908 -0.528809 0.967407 -0.102539 -0.101074 0.065552
0.064453 -0.515381 0.972900 -0.057373 -0.105469 0.062866
0.074341 -0.505859 0.985840 0.002930 -0.092163 0.065674
0.066650 -0.504761 0.963013 0.028809 -0.067993 0.077026
0.048950 -0.497925 0.930908 0.032349 -0.048584 0.093140
0.040283 -0.497437 0.912476 0.020264 -0.041992 0.121704
0.051636 -0.491699 0.925903 -0.009033 -0.037842 0.138916
0.048218 -0.519409 0.949951 -0.030029 -0.028320 0.143311
0.045776 -0.525635 0.969238 -0.051270 -0.020020 0.154053
0.027222 -0.548828 0.983887 -0.091919 -0.017334 0.182129
0.020508 -0.555664 0.999146 -0.124878 -0.026733 0.217163
0.034912 -0.538818 1.015869 -0.141357 -0.047852 0.253052
0.041138 -0.515381 1.021118 -0.133789 -0.058350 0.285156
0.060425 -0.503296 1.023193 -0.095703 -0.061157 0.299072
0.075684 -0.484253 1.019897 -0.064331 -0.062012 0.295898
0.065674 -0.490723 1.004150 -0.034180 -0.050293 0.291626
0.052734 -0.485352 0.981445 -0.005371 -0.045288 0.289673
0.047241 -0.482544 0.965088 0.023193 -0.043091 0.291382
0.048950 -0.469238 0.967041 0.038086 -0.047241 0.295654
0.049561 -0.465576 0.966187 0.046509 -0.048828 0.302002
