-0.056396 -0.510498 0.856934 -0.250610 0.061523 0.015259
-0.056396 -0.537720 0.871948 -0.182861 -0.011475 -0.016724
0.001343 -0.487183 0.922363 -0.074951 -0.082520 -0.044189
0.055664 -0.437256 0.959961 0.014771 -0.116699 -0.067139
0.125366 -0.384033 0.989502 0.037842 -0.121094 -0.099731
0.150024 -0.394775 1.009766 -0.030273 -0.067627 -0.113159
0.113647 -0.454956 0.976440 -0.151855 0.025879 -0.096680
0.034180 -0.520874 0.909302 -0.247314 0.106934 -0.057617
-0.059570 -0.581787 0.825562 -0.278687 0.139282 -0.011719
-0.135864 -0.651367 0.753784 -0.231812 0.096436 0.005737
-0.122681 -0.676147 0.746582 -0.121582 -0.013062 -0.011475
-0.054688 -0.674561 0.807373 -0.005127 -0.137329 -0.069092
0.019165 -0.649292 0.850220 0.105713 -0.234741 -0.138550
0.070313 -0.606689 0.873779 0.182129 -0.269531 -0.192871
0.087402 -0.592773 0.855591 0.187988 -0.253906 -0.205811
0.087036 -0.595825 0.828003 0.146973 -0.215332 -0.191650
0.067139 -0.627686 0.799683 0.083374 -0.174927 -0.157959
0.062378 -0.662842 0.789429 0.021240 -0.143433 -0.116333
0.063965 -0.705078 0.789307 -0.023438 -0.129272 -0.083374
0.064453 -0.737915 0.781616 -0.055298 -0.123779 -0.059570
0.071411 -0.780151 0.795898 -0.070679 -0.119629 -0.040039
0.062988 -0.822388 0.796265 -0.059814 -0.126221 -0.023193
0.061523 -0.818970 0.794678 -0.013428 -0.137817 -0.012573
0.071533 -0.813965 0.787598 0.022949 -0.154907 0.001709
0.071655 -0.806885 0.786255 0.025269 -0.168701 0.019043
0.079590 -0.795044 0.802979 0.025391 -0.170654 0.038940
0.071411 -0.800903 0.808594 0.002563 -0.163696 0.065674
0.065918 -0.799072 0.815063 -0.022461 -0.160278 0.103149
0.072876 -0.786987 0.831055 -0.040527 -0.157593 0.140259
0.074829 -0.773193 0.847168 -0.054688 -0.143921 0.173462
0.070923 -0.760620 0.845581 -0.073975 -0.127930 0.208984
0.070435 -0.737305 0.840332 -0.084351 -0.123047 0.233276
0.067139 -0.706665 0.845703 -0.084229 -0.122192 0.249756
0.067017 -0.678345 0.834473 -0.091553 -0.124023 0.267334
0.073364 -0.642090 0.838745 -0.106934 -0.130981 0.280762
0.088013 -0.611816 0.866821 -0.131836 -0.128540 0.287354
0.110962 -0.607056 0.883423 -0.168823 -0.100952 0.283813
0.100220 -0.591675 0.877319 -0.250122 -0.073608 0.260498
0.024780 -0.609863 0.915161 -0.311890 -0.038940 0.248657
0.050415 -0.570801 0.910522 -0.323853 -0.059814 0.261108
0.038818 -0.568237 0.929810 -0.295776 -0.053101 0.295044
0.063599 -0.538086 0.947632 -0.249146 -0.062256 0.315430
0.059448 -0.540894 0.947266 -0.211914 -0.071655 0.326782
0.055908 -0.535889 0.934692 -0.141479 -0.097168 0.330078
0.059448 -0.522583 0.915283 -0.050903 -0.139404 0.319336
0.086304 -0.474731 0.922852 0.034790 -0.173828 0.286255
0.115601 -0.373535 0.915161 0.099243 -0.187378 0.250977
0.144653 -0.298096 0.912354 0.103149 -0.160278 0.232544
0.128906 -0.292236 0.910889 0.019897 -0.103271 0.225464
0.102905 -0.328735 0.904785 -0.064087 -0.053101 0.227051
0.066650 -0.403442 0.919678 -0.115967 -0.030640 0.233276
0.046265 -0.444092 0.934448 -0.123901 -0.032471 0.234619
0.041748 -0.436890 0.940186 -0.086670 -0.051636 0.232910
0.054077 -0.380859 0.940674 -0.036987 -0.080078 0.210205
0.074341 -0.322021 0.938599 0.020142 -0.113770 0.173096
0.093872 -0.277466 0.962402 0.053345 -0.131348 0.128540
0.110962 -0.267700 0.994385 0.048706 -0.137329 0.091919
0.142578 -0.246704 1.055908 0.001221 -0.124756 0.075806
0.131714 -0.252075 1.067871 -0.067017 -0.080444 0.074341
0.114258 -0.264648 1.075195 -0.130859 -0.039917 0.065918
0.099731 -0.273804 1.082520 -0.161621 -0.021240 0.040527
0.094482 -0.324707 1.108887 -0.156494 -0.014038 0.011597
0.093140 -0.372559 1.140015 -0.133179 -0.018066 -0.000366
0.095703 -0.389038 1.150635 -0.103516 -0.018066 0.009277
0.109253 -0.384766 1.145386 -0.069946 -0.021240 0.016479
0.128662 -0.353760 1.148682 -0.023926 -0.031250 0.002319
0.139404 -0.317627 1.126465 0.031982 -0.035645 -0.021851
0.162354 -0.283813 1.127319 0.073730 -0.040649 -0.056030
0.179810 -0.260742 1.124023 0.081787 -0.038574 -0.083618
0.181519 -0.275391 1.113647 0.047241 -0.022095 -0.085449
0.183960 -0.284790 1.079834 0.004150 -0.007690 -0.071411
0.202515 -0.294800 1.076294 -0.010620 0.000244 -0.069092
0.220093 -0.310791 1.068481 0.003052 0.006958 -0.086914
0.235962 -0.316528 1.046753 0.035645 0.014526 -0.125122
0.236206 -0.327515 1.019043 0.067139 0.020752 -0.174561
0.245361 -0.333130 1.005981 0.111206 0.035034 -0.222778
0.227905 -0.355713 0.970581 0.133179 0.058228 -0.267212
0.211914 -0.377686 0.950439 0.135742 0.072998 -0.304077
0.200195 -0.417847 0.942749 0.139160 0.072510 -0.339355
0.195801 -0.460205 0.956055 0.170288 0.060913 -0.360962
0.184692 -0.491821 0.941284 0.202026 0.049927 -0.367065
0.185181 -0.491211 0.923218 0.260132 0.043335 -0.379395
0.183472 -0.493286 0.916382 0.321777 0.042847 -0.397949
0.191895 -0.487793 0.907593 0.336182 0.036865 -0.414795
0.187012 -0.480225 0.907837 0.335815 0.039673 -0.443359
0.179932 -0.492065 0.894165 0.336060 0.056519 -0.461182
0.149414 -0.517822 0.893799 0.299561 0.083008 -0.465698
0.108276 -0.560913 0.870605 0.251221 0.088013 -0.453491
0.067749 -0.596680 0.827393 0.261353 0.068726 -0.447632
0.026978 -0.630005 0.811279 0.326294 0.021118 -0.454102
0.029907 -0.621216 0.818481 0.409546 -0.058350 -0.473633
0.062500 -0.583252 0.851685 0.489014 -0.137207 -0.495728
0.147949 -0.501221 0.922485 0.544067 -0.171387 -0.497437
0.193115 -0.432983 0.952515 0.482544 -0.125732 -0.453735
0.194214 -0.417969 0.952515 0.302612 -0.050171 -0.381714
0.179199 -0.421021 0.943970 0.109375 0.022583 -0.314087
0.146729 -0.474609 0.915894 -0.045776 0.074341 -0.263184
0.098633 -0.528442 0.893066 -0.108521 0.082153 -0.252075
0.081543 -0.535889 0.881958 -0.060303 0.049438 -0.267090
0.085205 -0.532349 0.893188 0.007202 -0.004150 -0.279541
0.098511 -0.516846 0.900269 0.073242 -0.047363 -0.291748
0.114380 -0.490112 0.906128 0.125000 -0.082520 -0.302734
0.136963 -0.462280 0.918823 0.150635 -0.105957 -0.304199
0.167236 -0.436768 0.951416 0.127441 -0.099121 -0.285278
0.181763 -0.415771 0.957642 0.032104 -0.052979 -0.244141
0.155151 -0.432129 0.939453 -0.074341 0.012817 -0.203613
0.121338 -0.466919 0.913696 -0.135376 0.047485 -0.178955
0.083862 -0.519775 0.899414 -0.146606 0.047974 -0.167603
0.062866 -0.543701 0.885986 -0.112793 0.028564 -0.165527
0.056396 -0.536133 0.878296 -0.070068 -0.002075 -0.157471
0.069946 -0.525391 0.895996 -0.050171 -0.030762 -0.149780
0.080322 -0.514160 0.900391 -0.051636 -0.044067 -0.139038
0.092041 -0.493652 0.917480 -0.073486 -0.045898 -0.119019
0.096802 -0.476563 0.930420 -0.074219 -0.031860 -0.100586
0.092041 -0.469971 0.930420 -0.081299 -0.032104 -0.084717
0.095093 -0.478271 0.942871 -0.087280 -0.039917 -0.069580
0.090332 -0.482300 0.951050 -0.095093 -0.039551 -0.056763
0.077271 -0.493164 0.936401 -0.090332 -0.037354 -0.047119
0.072754 -0.481689 0.933472 -0.061401 -0.046143 -0.043335
0.075562 -0.475708 0.933472 -0.037476 -0.063354 -0.044678
0.089844 -0.469238 0.950317 -0.007568 -0.077881 -0.053955
0.099976 -0.461792 0.967529 0.012451 -0.081299 -0.061890
0.094971 -0.469604 0.963989 -0.020142 -0.071167 -0.048706
0.083496 -0.469116 0.956665 -0.063354 -0.051514 -0.020630
0.063110 -0.477417 0.934082 -0.096313 -0.033081 0.012573
0.057617 -0.475098 0.935547 -0.104004 -0.036499 0.034058
0.050659 -0.486328 0.937744 -0.095947 -0.052490 0.049805
0.061401 -0.474487 0.958008 -0.072266 -0.064209 0.052490
0.069580 -0.474365 0.959839 -0.061890 -0.069946 0.049805
0.044189 -0.489990 0.953857 -0.050903 -0.077515 0.044189
0.036499 -0.491821 0.955078 -0.023682 -0.096558 0.043823
0.046021 -0.479858 0.957275 -0.018555 -0.118164 0.060791
0.056030 -0.454102 0.970825 -0.010620 -0.129883 0.084717
0.079224 -0.419922 0.996094 0.007324 -0.133057 0.099854
0.092285 -0.402466 1.015991 -0.001587 -0.125854 0.117432
0.111084 -0.390747 1.034424 -0.026367 -0.105957 0.143677
0.114380 -0.367554 1.036743 -0.051758 -0.080200 0.168213
0.110107 -0.337524 1.009888 -0.067505 -0.062378 0.185547
0.103882 -0.318848 0.981934 -0.094849 -0.066284 0.181641
0.097534 -0.301514 0.959717 -0.130615 -0.089844 0.157104
0.108521 -0.304810 0.970093 -0.179688 -0.114258 0.126343
0.110229 -0.322876 0.988892 -0.213623 -0.105347 0.104370
0.100952 -0.334839 0.998291 -0.259521 -0.097534 0.100342
0.118530 -0.334717 1.001953 -0.311646 -0.118530 0.105347
0.108398 -0.409790 1.018921 -0.290283 -0.091064 0.115601
0.103149 -0.445801 1.026611 -0.227051 -0.066284 0.135132
0.115723 -0.463257 1.042847 -0.168335 -0.064453 0.159180
0.147339 -0.443848 1.072632 -0.115479 -0.060547 0.170654
0.151611 -0.415894 1.072388 -0.057983 -0.045288 0.171997
0.147827 -0.401123 1.066162 0.007690 -0.022339 0.174072
