0.141357 -0.261230 1.026489 -0.190308 -0.062378 -0.053833
0.137207 -0.275024 1.024902 -0.215576 -0.039795 -0.077759
0.127563 -0.306885 1.030029 -0.213989 -0.025024 -0.098511
0.114990 -0.310913 1.042603 -0.218872 -0.035889 -0.129395
0.115234 -0.331177 1.052490 -0.190796 -0.054321 -0.160645
0.123535 -0.318726 1.071533 -0.189331 -0.073730 -0.205322
0.127808 -0.305786 1.096191 -0.208984 -0.074829 -0.235474
0.138794 -0.315796 1.114502 -0.255005 -0.057007 -0.255737
0.124023 -0.334595 1.098511 -0.296997 -0.028076 -0.254395
0.087524 -0.375122 1.055786 -0.298828 0.002319 -0.219604
0.055542 -0.404053 1.025146 -0.258301 0.012695 -0.182251
0.031982 -0.413696 1.003174 -0.205078 -0.009277 -0.162964
0.029907 -0.402954 1.008301 -0.138916 -0.054688 -0.160889
0.045776 -0.397095 1.035034 -0.103149 -0.101685 -0.161621
0.055298 -0.395630 1.056519 -0.087769 -0.128418 -0.168457
0.050781 -0.407227 1.066772 -0.080933 -0.131958 -0.174683
0.055786 -0.408813 1.059692 -0.091064 -0.119873 -0.167358
0.030884 -0.431519 1.042725 -0.123413 -0.100708 -0.137451
0.003174 -0.459961 1.021240 -0.145752 -0.089844 -0.091919
-0.018066 -0.472534 0.997559 -0.121582 -0.088013 -0.043457
-0.029541 -0.484131 0.975952 -0.072998 -0.109131 -0.017212
-0.022949 -0.485718 0.982422 0.002075 -0.148193 -0.018311
0.002686 -0.479614 0.999268 0.080200 -0.188232 -0.026978
0.037964 -0.463379 1.026733 0.131592 -0.202148 -0.034668
0.057007 -0.473999 1.056274 0.158813 -0.187500 -0.015503
0.078491 -0.463989 1.075684 0.167480 -0.167725 0.005005
0.086304 -0.478882 1.086426 0.164429 -0.134277 0.031982
0.095581 -0.486694 1.081665 0.158203 -0.098999 0.060303
0.094971 -0.481934 1.051025 0.164185 -0.069214 0.092651
0.099487 -0.490967 1.025513 0.176758 -0.051392 0.119263
0.098755 -0.482788 1.005127 0.212402 -0.044434 0.141846
0.108765 -0.483398 1.008667 0.267456 -0.040771 0.171753
0.122925 -0.483398 1.012085 0.311646 -0.046997 0.190796
0.139648 -0.478027 1.013672 0.350342 -0.049194 0.198608
0.151001 -0.479980 0.992554 0.392334 -0.041260 0.215088
0.159912 -0.456177 0.987549 0.398926 -0.041626 0.231445
0.175903 -0.446899 0.975220 0.377686 -0.039185 0.261963
0.183716 -0.450562 0.976440 0.379272 -0.028687 0.301514
0.198608 -0.436035 0.986938 0.380371 -0.016357 0.341797
0.213623 -0.439697 0.991089 0.364502 0.004517 0.380615
0.222290 -0.428101 0.981812 0.344604 0.028076 0.411743
0.226074 -0.411133 0.948608 0.311768 0.040527 0.435791
0.219727 -0.397827 0.920898 0.275146 0.038574 0.445557
0.223145 -0.358032 0.905518 0.255371 0.012329 0.440674
0.218750 -0.341187 0.891357 0.273438 -0.009399 0.428711
0.224121 -0.344604 0.896973 0.321167 -0.031250 0.407715
0.245239 -0.318726 0.923218 0.337402 -0.062256 0.385254
0.265259 -0.282349 0.933594 0.332397 -0.066162 0.373047
0.269043 -0.266357 0.943237 0.292969 -0.051270 0.369019
0.262939 -0.262207 0.936157 0.258301 -0.030518 0.374512
0.254395 -0.247192 0.932373 0.244873 -0.017944 0.376587
0.256226 -0.244019 0.927856 0.227295 -0.015503 0.387085
0.258423 -0.218140 0.933350 0.204468 -0.012817 0.381470
0.261597 -0.200439 0.945068 0.182251 -0.010864 0.370483
0.263428 -0.167480 0.949829 0.161987 -0.006958 0.354980
0.252197 -0.175659 0.946289 0.114258 0.002930 0.345215
0.228760 -0.196045 0.937012 0.081421 0.007568 0.330811
0.222656 -0.188843 0.927490 0.072754 0.006836 0.323608
0.218750 -0.158813 0.935791 0.063354 0.000244 0.313599
0.198242 -0.141479 0.906616 0.048218 -0.005859 0.291260
0.177612 -0.142090 0.874878 0.062988 -0.034546 0.247925
0.167725 -0.144287 0.869507 0.082153 -0.090088 0.195313
0.194946 -0.146851 0.907959 0.104736 -0.144531 0.166748
0.238892 -0.144653 0.977539 0.101074 -0.161865 0.166626
0.262939 -0.144043 1.016235 0.047241 -0.131104 0.179321
0.277344 -0.129028 1.037842 0.000366 -0.068848 0.197144
0.246826 -0.153076 0.994263 -0.086548 -0.011230 0.207275
0.221558 -0.138916 0.968262 -0.105713 0.018311 0.203979
0.202271 -0.156372 0.930908 -0.108521 0.020020 0.199219
0.194214 -0.159424 0.925293 -0.118408 0.005737 0.175049
0.191895 -0.152710 0.916992 -0.122803 -0.012207 0.141357
0.200073 -0.160034 0.926758 -0.122192 -0.032593 0.122314
0.209839 -0.162231 0.953369 -0.109863 -0.053345 0.101563
0.213013 -0.152466 0.990723 -0.098389 -0.066162 0.088257
0.253906 -0.155518 1.006348 -0.094238 -0.070923 0.096191
0.254395 -0.127319 1.019653 -0.123901 -0.061646 0.078003
0.254883 -0.126343 1.018799 -0.167114 -0.037109 0.069702
0.238647 -0.143677 1.021484 -0.207764 -0.007690 0.054321
0.219116 -0.152588 0.961670 -0.224487 0.017090 0.036987
0.205688 -0.160522 0.964600 -0.217773 0.035278 0.013062
0.200317 -0.167358 0.961914 -0.203247 0.034424 -0.015259
0.194336 -0.185181 0.958130 -0.219727 0.028442 -0.032959
0.204102 -0.175171 0.987427 -0.171509 0.016724 -0.048218
0.209961 -0.184814 1.007690 -0.201782 0.008789 -0.060791
0.219116 -0.168091 1.055054 -0.225708 0.011108 -0.074097
0.205688 -0.152100 1.028198 -0.248779 0.022339 -0.085449
0.187744 -0.148804 1.020386 -0.262085 0.050659 -0.100830
0.167847 -0.192505 0.995972 -0.322388 0.058838 -0.108398
0.162109 -0.194214 1.027466 -0.351929 0.055542 -0.113037
0.164795 -0.195313 1.026733 -0.357788 0.036377 -0.118164
0.151001 -0.206055 1.028198 -0.392944 0.028809 -0.137573
0.164673 -0.173096 1.066284 -0.302490 0.001831 -0.170776
0.170776 -0.175903 1.074463 -0.316406 -0.022217 -0.185425
0.177124 -0.179565 1.106201 -0.305420 -0.026489 -0.192505
0.188110 -0.179443 1.122803 -0.333618 -0.030273 -0.185913
0.188232 -0.176270 1.127319 -0.358643 -0.016113 -0.179932
0.188232 -0.178589 1.135620 -0.351563 0.007446 -0.187744
0.172852 -0.197754 1.123901 -0.361938 0.026611 -0.196899
0.165894 -0.206909 1.115967 -0.377197 0.032471 -0.205566
0.164429 -0.213379 1.114990 -0.378174 0.040527 -0.213867
0.150024 -0.216431 1.103760 -0.369019 0.051025 -0.227783
0.140991 -0.245972 1.102417 -0.330811 0.065430 -0.233032
0.141724 -0.250366 1.113525 -0.275269 0.074707 -0.246216
0.128784 -0.256714 1.109009 -0.221802 0.083252 -0.262817
0.111694 -0.264282 1.091309 -0.167603 0.095337 -0.271851
0.109009 -0.251831 1.103271 -0.129028 0.096069 -0.274902
0.111084 -0.249390 1.115845 -0.117554 0.104614 -0.271118
0.099487 -0.256836 1.107300 -0.117676 0.127930 -0.265869
0.079346 -0.262329 1.073730 -0.119751 0.152710 -0.260986
0.061523 -0.268677 1.034302 -0.124268 0.167725 -0.263062
0.045898 -0.282837 0.989746 -0.125122 0.160767 -0.270142
0.034790 -0.295654 0.970825 -0.107910 0.135864 -0.281372
0.025635 -0.326294 0.975098 -0.082764 0.099609 -0.294067
0.032715 -0.335083 0.994263 -0.047363 0.063354 -0.301758
0.038452 -0.356567 1.012573 -0.018555 0.046631 -0.298096
0.053223 -0.372314 1.037231 -0.014038 0.054565 -0.284302
0.067017 -0.380493 1.059082 -0.050659 0.087280 -0.257202
0.058838 -0.400635 1.031250 -0.103394 0.138550 -0.212280
0.040649 -0.415894 0.989258 -0.153076 0.177979 -0.168945
0.027588 -0.432129 0.961914 -0.175293 0.185547 -0.133423
0.026245 -0.439819 0.942749 -0.167236 0.167725 -0.115112
0.036255 -0.430542 0.951660 -0.129150 0.140137 -0.117432
0.051514 -0.430054 0.957153 -0.111206 0.120850 -0.123413
0.053345 -0.444336 0.985962 -0.107910 0.109253 -0.132446
0.059937 -0.442993 0.992432 -0.097168 0.115601 -0.139893
0.051392 -0.455688 0.972534 -0.111206 0.126099 -0.137573
0.042236 -0.490234 0.957520 -0.112427 0.131958 -0.128052
0.039063 -0.495117 0.947632 -0.097778 0.122681 -0.104004
0.037354 -0.497803 0.942749 -0.091431 0.107300 -0.076416
0.044434 -0.509644 0.957764 -0.070801 0.082275 -0.067017
0.059814 -0.524658 0.996460 -0.037476 0.057617 -0.077515
0.064575 -0.536987 1.017700 -0.009644 0.055298 -0.084351
0.060181 -0.545898 1.007202 -0.009155 0.064819 -0.076904
0.045898 -0.531006 0.979492 -0.028687 0.070557 -0.054565
0.037964 -0.515137 0.948486 -0.040527 0.065674 -0.031738
0.036133 -0.492065 0.923950 -0.042480 0.049072 -0.018188
0.037476 -0.470093 0.909912 -0.034302 0.022705 -0.012573
0.058838 -0.447998 0.926392 -0.038452 -0.004272 -0.017578
0.071045 -0.406982 0.935669 -0.093872 -0.024170 -0.041504
0.081543 -0.362061 0.936035 -0.122192 -0.021973 -0.040039
0.074341 -0.373901 0.919556 -0.128906 -0.009644 -0.022949
0.075195 -0.385498 0.902222 -0.114624 -0.005127 -0.021851
0.073364 -0.389038 0.903198 -0.052368 -0.010254 -0.017212
0.081055 -0.399536 0.927979 -0.001221 -0.023315 -0.014648
0.088379 -0.406494 0.962402 0.017578 -0.037109 -0.016479
0.090332 -0.411743 0.981567 0.024536 -0.041260 -0.015991
0.093994 -0.404053 0.993530 0.018921 -0.041382 -0.015381
0.096069 -0.391479 0.998413 0.008301 -0.038818 -0.014771
0.095703 -0.391602 0.994751 -0.000122 -0.034546 -0.022461
0.089966 -0.387939 0.995361 -0.008179 -0.032471 -0.029663
