-0.093018 -0.579956 0.952515 -0.251953 -0.084839 -0.088257
-0.104858 -0.602539 0.954590 -0.250488 -0.076904 -0.081177
-0.102539 -0.619507 0.959717 -0.230469 -0.080688 -0.085083
-0.101440 -0.626221 0.967773 -0.196045 -0.087280 -0.090088
-0.103638 -0.644653 0.971924 -0.151978 -0.086426 -0.088623
-0.119873 -0.645020 0.958618 -0.106567 -0.085815 -0.088257
-0.125732 -0.649170 0.953735 -0.058838 -0.095337 -0.078857
-0.127686 -0.652466 0.950317 -0.017944 -0.095825 -0.071045
-0.130249 -0.664063 0.945313 0.020142 -0.089844 -0.058472
-0.130981 -0.684204 0.932739 0.044678 -0.082275 -0.037354
-0.126831 -0.705933 0.923462 0.065063 -0.072754 -0.009399
-0.125000 -0.740601 0.923584 0.080322 -0.063965 0.028564
-0.122925 -0.742310 0.901978 0.067505 -0.045776 0.064697
-0.125732 -0.752930 0.873535 0.035278 -0.047607 0.102051
-0.120972 -0.758545 0.868042 0.066284 -0.059937 0.126709
-0.110840 -0.761841 0.856323 0.150269 -0.066650 0.146973
-0.087036 -0.771240 0.850220 0.186157 -0.082153 0.168945
-0.070313 -0.774902 0.842651 0.206543 -0.089600 0.190308
-0.058105 -0.770752 0.841797 0.245361 -0.089966 0.215820
-0.048218 -0.748535 0.829590 0.239502 -0.093140 0.241211
-0.048340 -0.764526 0.824951 0.241455 -0.100342 0.260620
-0.036011 -0.751099 0.820313 0.271606 -0.105835 0.277832
-0.030151 -0.743408 0.809448 0.293945 -0.116333 0.299927
-0.017822 -0.736816 0.798584 0.299194 -0.138428 0.322021
-0.016357 -0.733765 0.779541 0.315063 -0.169434 0.335205
-0.001465 -0.700928 0.772339 0.437012 -0.186157 0.332275
0.018799 -0.671265 0.782349 0.550537 -0.204468 0.333008
0.056030 -0.644897 0.801758 0.606079 -0.225220 0.342896
0.074829 -0.605713 0.815918 0.610474 -0.231567 0.342651
0.097534 -0.575073 0.812134 0.548218 -0.231567 0.360840
0.092041 -0.578491 0.809448 0.471680 -0.228271 0.376953
0.099976 -0.558716 0.818237 0.406250 -0.226807 0.389771
0.103394 -0.564209 0.828491 0.368896 -0.222656 0.413940
0.115356 -0.544678 0.845215 0.363892 -0.212646 0.435547
0.126953 -0.505981 0.858398 0.349609 -0.208862 0.450439
0.135986 -0.481812 0.852905 0.322021 -0.202881 0.459106
0.151978 -0.437866 0.863525 0.303223 -0.200439 0.453369
0.147705 -0.421631 0.859375 0.282104 -0.200073 0.442871
0.142944 -0.418701 0.867432 0.281738 -0.200684 0.427734
0.143555 -0.398315 0.886841 0.299561 -0.213623 0.407837
0.146851 -0.385620 0.911621 0.310181 -0.226563 0.398804
0.154541 -0.381714 0.925903 0.332764 -0.234619 0.391357
0.160278 -0.353760 0.933716 0.339722 -0.230835 0.373047
0.165283 -0.326172 0.949707 0.318481 -0.219482 0.362549
0.166870 -0.307129 0.953857 0.278931 -0.204590 0.364380
0.168579 -0.284424 0.967163 0.239624 -0.180176 0.369507
0.162354 -0.262207 0.957031 0.180298 -0.154907 0.375366
0.151733 -0.251465 0.947266 0.147705 -0.126343 0.371826
0.142212 -0.251831 0.943726 0.132690 -0.116211 0.350708
0.148682 -0.228149 0.956665 0.130493 -0.116577 0.318115
0.118286 -0.264771 0.914551 0.095581 -0.097290 0.298462
0.114014 -0.226563 0.921021 0.119873 -0.108398 0.246460
0.124756 -0.187866 0.964600 0.144897 -0.108643 0.205322
0.121094 -0.192139 0.970215 0.120239 -0.096313 0.201904
0.095581 -0.210693 0.950195 0.059814 -0.066040 0.207642
0.083618 -0.188965 0.938965 0.003296 -0.033081 0.207275
0.056152 -0.208008 0.913330 -0.097412 -0.004639 0.220703
0.053589 -0.197876 0.919922 -0.180664 0.000244 0.221436
0.057007 -0.191650 0.927368 -0.233032 -0.008301 0.215820
0.065430 -0.184448 0.944580 -0.237915 -0.019409 0.194580
0.085693 -0.173828 0.973633 -0.229492 -0.033569 0.156128
0.094360 -0.176636 0.994263 -0.220947 -0.036377 0.113403
0.094727 -0.183838 1.014282 -0.205322 -0.030151 0.077271
0.095703 -0.192139 1.022461 -0.197388 -0.026733 0.042358
0.101563 -0.180542 1.039307 -0.193481 -0.022217 0.010742
0.107788 -0.168457 1.041992 -0.207520 -0.003174 -0.010254
0.107422 -0.176392 1.047363 -0.224976 0.025146 -0.028320
0.081909 -0.201904 1.038696 -0.233643 0.044067 -0.042603
0.068115 -0.213501 1.017944 -0.217529 0.047119 -0.062378
0.067017 -0.209229 0.988403 -0.182251 0.033081 -0.086548
0.062500 -0.215088 0.980469 -0.145142 0.014771 -0.113403
0.065430 -0.212158 0.983521 -0.108276 -0.006836 -0.149048
0.080444 -0.216309 1.001831 -0.092163 -0.011841 -0.177734
0.081909 -0.227539 1.030151 -0.130615 0.002197 -0.200684
0.080566 -0.246094 1.062378 -0.190186 0.036621 -0.210205
0.060059 -0.280518 1.079590 -0.261230 0.077515 -0.206787
0.045288 -0.304810 1.087158 -0.310425 0.108765 -0.193604
0.036133 -0.318848 1.102417 -0.329468 0.128418 -0.187744
0.027954 -0.328613 1.093140 -0.318970 0.137329 -0.199341
0.028320 -0.332642 1.107178 -0.290771 0.140503 -0.215088
0.014526 -0.337891 1.088745 -0.268188 0.154419 -0.236816
-0.009766 -0.333496 1.068115 -0.248901 0.173584 -0.256226
-0.035645 -0.350708 1.047852 -0.238281 0.176758 -0.260376
-0.043457 -0.362915 1.056519 -0.211792 0.163330 -0.268066
-0.035034 -0.356201 1.084106 -0.181519 0.151855 -0.278442
-0.037109 -0.353394 1.089600 -0.186035 0.154785 -0.280151
-0.049805 -0.354980 1.073730 -0.196655 0.172729 -0.278931
-0.052612 -0.335083 1.060791 -0.194702 0.187134 -0.273315
-0.078003 -0.360840 1.023193 -0.224243 0.199707 -0.258423
-0.088501 -0.367065 1.005127 -0.211548 0.194092 -0.257690
-0.120483 -0.398193 0.993652 -0.195557 0.184570 -0.256592
-0.108276 -0.389404 1.000488 -0.132813 0.147339 -0.276001
-0.120361 -0.402466 1.011353 -0.116821 0.148071 -0.293091
-0.126343 -0.403687 1.001221 -0.133667 0.129639 -0.284912
-0.122925 -0.393799 0.987183 -0.103760 0.125122 -0.269409
-0.121704 -0.381836 0.979126 -0.081543 0.133301 -0.265625
-0.127808 -0.395630 0.975220 -0.086426 0.138550 -0.263306
-0.123535 -0.408325 0.964844 -0.091553 0.115601 -0.254883
-0.111450 -0.415283 0.971680 -0.081665 0.120972 -0.254517
-0.118652 -0.440552 0.963501 -0.103760 0.137939 -0.250244
-0.132813 -0.472412 0.952148 -0.121094 0.143555 -0.228516
-0.145264 -0.516846 0.929443 -0.140137 0.140381 -0.197021
-0.146729 -0.543335 0.925415 -0.128662 0.125122 -0.176270
-0.141724 -0.549683 0.920044 -0.116455 0.104736 -0.161011
-0.129761 -0.545898 0.912109 -0.098145 0.076782 -0.150269
-0.114502 -0.532104 0.912720 -0.087280 0.066406 -0.145752
-0.111694 -0.531006 0.905762 -0.106323 0.071045 -0.137817
-0.103027 -0.520874 0.895874 -0.111694 0.063599 -0.123047
-0.100830 -0.536011 0.887817 -0.102905 0.054321 -0.103271
-0.101929 -0.558105 0.883423 -0.077271 0.041992 -0.102783
-0.096191 -0.568237 0.894897 -0.046143 0.034546 -0.108154
-0.098389 -0.585327 0.903442 -0.038818 0.033081 -0.103271
-0.107056 -0.599731 0.899170 -0.049194 0.036499 -0.090942
-0.103516 -0.592651 0.901123 -0.050537 0.031860 -0.077393
-0.099854 -0.585693 0.909302 -0.058594 0.025513 -0.060303
-0.097656 -0.573120 0.912354 -0.060669 0.022705 -0.050171
-0.103516 -0.574585 0.905640 -0.054932 0.018921 -0.041626
-0.102051 -0.571411 0.908813 -0.046143 0.011719 -0.034058
-0.088501 -0.557007 0.914429 -0.043457 0.003906 -0.024048
-0.075439 -0.536743 0.921631 -0.043701 0.003296 -0.014526
-0.075073 -0.531982 0.919922 -0.044189 0.007568 -0.011230
-0.088257 -0.547974 0.916138 -0.042603 0.008179 -0.017700
-0.092407 -0.555786 0.919312 -0.041504 0.005737 -0.020020
-0.092041 -0.554932 0.917480 -0.039551 0.002563 -0.012695
-0.093506 -0.558960 0.922363 -0.044312 -0.003906 0.000732
-0.101807 -0.564697 0.916504 -0.042480 -0.013794 0.015991
-0.093140 -0.542480 0.928955 -0.019043 -0.028442 0.025146
-0.075684 -0.529907 0.947021 -0.002197 -0.040894 0.043335
-0.049927 -0.490112 0.964355 0.005981 -0.042603 0.048706
-0.037354 -0.469727 0.956421 0.005615 -0.034668 0.050903
-0.045288 -0.462524 0.947632 0.009644 -0.028564 0.039429
-0.039795 -0.464844 0.948120 0.018066 -0.029053 0.026611
-0.035889 -0.465942 0.951172 0.023926 -0.024780 0.020752
-0.036865 -0.458984 0.946533 0.021973 -0.016235 0.021484
-0.034058 -0.450806 0.941895 0.008545 -0.010376 0.026123
-0.037720 -0.449463 0.937622 -0.005005 -0.007935 0.028687
-0.038696 -0.448853 0.932007 -0.013428 -0.007568 0.024536
-0.038452 -0.442993 0.927124 -0.014648 -0.010254 0.013916
-0.034180 -0.429199 0.928101 -0.003662 -0.012573 -0.001343
-0.034912 -0.427490 0.927002 0.000732 -0.014648 -0.013306
-0.030029 -0.428345 0.924438 -0.007690 -0.015381 -0.026733
-0.032349 -0.429321 0.932251 -0.021362 -0.010498 -0.039185
-0.040527 -0.441528 0.919800 -0.046509 -0.003540 -0.038696
-0.048584 -0.443359 0.913940 -0.068359 0.000244 -0.037842
-0.055420 -0.465942 0.917847 -0.084106 -0.000610 -0.025024
-0.057617 -0.485229 0.918823 -0.093994 -0.001587 -0.020508
-0.073242 -0.529175 0.918457 -0.082275 -0.002930 -0.026733
-0.044922 -0.469482 0.934692 -0.053833 -0.016113 -0.043945
-0.047852 -0.490601 0.930786 -0.052979 -0.006348 -0.036621
-0.049561 -0.478882 0.932129 -0.040039 -0.006714 -0.044189
