0.015259 -0.321533 0.997192 -0.032959 0.007202 -0.073730
0.024414 -0.307983 0.987061 -0.021240 -0.005249 -0.068115
0.024414 -0.290649 0.978027 -0.020874 -0.015259 -0.070435
0.025146 -0.286011 0.982666 -0.018677 -0.019531 -0.073853
0.023315 -0.285645 0.987793 -0.068970 -0.015503 -0.079834
0.018799 -0.299561 0.985718 -0.119141 -0.004517 -0.078613
0.013672 -0.310303 0.977539 -0.120972 -0.005859 -0.080444
0.018677 -0.303101 0.977905 -0.117432 -0.016724 -0.088989
0.028442 -0.291382 0.985596 -0.122070 -0.017822 -0.100708
0.034912 -0.268311 0.974487 -0.132446 -0.013062 -0.112061
0.033936 -0.262085 0.966675 -0.164673 -0.007935 -0.125977
0.030640 -0.270142 0.968872 -0.202637 -0.004150 -0.147949
0.020752 -0.298828 0.978271 -0.228271 0.001587 -0.166748
-0.006836 -0.349487 0.975342 -0.246216 0.004150 -0.177612
-0.026978 -0.370850 0.974731 -0.227051 -0.006714 -0.178223
-0.034058 -0.384521 0.987305 -0.202026 -0.020752 -0.168213
-0.037842 -0.385254 0.986450 -0.184204 -0.041626 -0.154907
-0.037598 -0.387451 0.996338 -0.165039 -0.056885 -0.146606
-0.033081 -0.390259 1.036987 -0.132202 -0.064941 -0.147095
-0.036377 -0.386475 1.067383 -0.113525 -0.053711 -0.151978
-0.076538 -0.407959 1.041870 -0.127441 -0.027466 -0.150513
-0.104248 -0.428101 1.013794 -0.129028 -0.021484 -0.147827
-0.125122 -0.459351 0.997925 -0.139771 -0.034058 -0.136719
-0.143433 -0.487671 0.993408 -0.148315 -0.054688 -0.123657
-0.144775 -0.511475 1.001709 -0.097656 -0.076050 -0.099854
-0.156494 -0.536377 0.995483 -0.036011 -0.096802 -0.080078
-0.149170 -0.554443 1.014771 0.014038 -0.132935 -0.068726
-0.129150 -0.567261 1.056763 0.068726 -0.168945 -0.065186
-0.109375 -0.552002 1.081299 0.114258 -0.185791 -0.053711
-0.091919 -0.539063 1.074219 0.153320 -0.207153 -0.021484
-0.097900 -0.559326 1.054688 0.126221 -0.187012 0.017822
-0.092773 -0.568726 1.064941 0.140381 -0.157715 0.061279
-0.073120 -0.561890 1.053223 0.166748 -0.142456 0.102051
-0.063965 -0.557129 1.027832 0.161743 -0.125000 0.135986
-0.041870 -0.540649 1.018433 0.168579 -0.110596 0.158813
-0.023315 -0.528687 1.020020 0.192139 -0.089600 0.182861
-0.016113 -0.534790 1.014404 0.219849 -0.076904 0.209351
-0.002563 -0.528931 0.993286 0.238403 -0.071655 0.220825
-0.006958 -0.529541 0.958496 0.281006 -0.075439 0.227173
0.019531 -0.512451 0.967285 0.347534 -0.100342 0.232910
0.041992 -0.485962 0.965576 0.364746 -0.117676 0.239136
0.078247 -0.435791 0.960327 0.377441 -0.111816 0.265503
0.091064 -0.418945 0.958862 0.317993 -0.074707 0.307617
0.106567 -0.399658 0.944702 0.237915 -0.039673 0.341797
0.122437 -0.379883 0.939941 0.184448 -0.027100 0.361572
0.123291 -0.386353 0.926025 0.147217 -0.018677 0.365967
0.137695 -0.369019 0.934204 0.135254 -0.021606 0.368774
0.137207 -0.382568 0.909058 0.090332 -0.014160 0.384277
0.140259 -0.390015 0.902466 0.068970 -0.021240 0.395020
0.147583 -0.392212 0.900757 0.090698 -0.039307 0.399658
0.156860 -0.385254 0.899536 0.089844 -0.057983 0.398438
0.177124 -0.372559 0.924072 0.121094 -0.080566 0.391479
0.168213 -0.366211 0.902466 0.173340 -0.092285 0.381714
0.159668 -0.372681 0.893066 0.228394 -0.112061 0.371460
0.166626 -0.349487 0.900757 0.262939 -0.138184 0.359741
0.177246 -0.332397 0.897583 0.271606 -0.156006 0.352417
0.197388 -0.286865 0.911011 0.271851 -0.159546 0.350342
0.204224 -0.269165 0.918457 0.237427 -0.136963 0.355103
0.202759 -0.258301 0.920044 0.175903 -0.117798 0.349121
0.202271 -0.242554 0.927734 0.142334 -0.111816 0.337280
0.217896 -0.210449 0.946045 0.134888 -0.108032 0.328613
0.228027 -0.179932 0.947510 0.115112 -0.092529 0.315552
0.227417 -0.172241 0.958862 0.077637 -0.069458 0.293457
0.220703 -0.162476 0.956787 0.052002 -0.050537 0.267822
0.209595 -0.164917 0.955933 0.036377 -0.036011 0.243896
0.204346 -0.158936 0.950562 0.047852 -0.034668 0.224487
0.205688 -0.139160 0.961670 0.047485 -0.033813 0.204834
0.205933 -0.122192 0.967773 0.011108 -0.024902 0.181641
0.206421 -0.113159 0.985474 -0.014771 -0.019409 0.162964
0.216797 -0.105103 1.003906 -0.048096 -0.012451 0.152100
0.216675 -0.109131 1.041626 -0.103394 0.008789 0.134644
0.202881 -0.122559 1.047485 -0.129761 0.025024 0.113403
0.192627 -0.123413 1.054565 -0.095581 0.031250 0.087646
0.185425 -0.119385 1.050415 -0.050171 0.041260 0.070679
0.188721 -0.091675 1.040405 0.006958 0.061401 0.056519
0.165894 -0.092529 1.034058 0.029907 0.086548 0.038696
0.130249 -0.112427 1.005005 0.022827 0.096191 0.015381
0.110596 -0.126709 0.996216 0.024414 0.083740 -0.005615
0.104614 -0.114502 0.986694 0.009277 0.072388 -0.030273
0.094849 -0.115601 0.977661 0.024780 0.059448 -0.055542
0.104248 -0.092041 0.963257 0.071167 0.034302 -0.086792
0.114136 -0.082520 0.972168 0.085571 0.021118 -0.118164
0.122192 -0.074829 1.002319 0.059448 0.032349 -0.138306
0.112549 -0.080688 1.009155 -0.043335 0.076782 -0.144653
0.101440 -0.089478 1.019287 -0.173218 0.130005 -0.144531
0.090820 -0.093872 1.024414 -0.267822 0.173096 -0.151001
0.059326 -0.133423 1.013550 -0.333496 0.196777 -0.164917
0.025757 -0.172485 1.013672 -0.345581 0.186523 -0.180908
0.020996 -0.178101 1.037598 -0.314697 0.145386 -0.192383
0.020386 -0.177490 1.055664 -0.265259 0.108643 -0.198486
0.037842 -0.165894 1.075928 -0.217651 0.084473 -0.203857
0.061035 -0.137329 1.113892 -0.204102 0.083374 -0.211060
0.063965 -0.120239 1.104614 -0.227051 0.108521 -0.226929
0.043213 -0.143188 1.095825 -0.261353 0.140259 -0.245239
0.016846 -0.181885 1.097046 -0.290894 0.165894 -0.252441
-0.002930 -0.211182 1.092651 -0.316895 0.178833 -0.245728
-0.014526 -0.232788 1.094116 -0.346924 0.193481 -0.235474
-0.006958 -0.235352 1.114502 -0.357178 0.201660 -0.229126
-0.025635 -0.259766 1.114868 -0.369507 0.208374 -0.232788
-0.028564 -0.262085 1.114746 -0.350952 0.210571 -0.239014
-0.032715 -0.250000 1.124146 -0.322144 0.219727 -0.244751
-0.052002 -0.260742 1.098755 -0.316772 0.219360 -0.247192
-0.064453 -0.264771 1.091187 -0.264771 0.216553 -0.256592
-0.074341 -0.266479 1.067749 -0.229614 0.219360 -0.255005
-0.083740 -0.282715 1.067627 -0.238159 0.227783 -0.249023
-0.089111 -0.296021 1.072021 -0.262817 0.242798 -0.241211
-0.102173 -0.320801 1.062378 -0.302490 0.261841 -0.231445
-0.097046 -0.328247 1.072754 -0.309692 0.273438 -0.223145
-0.130371 -0.368774 1.046021 -0.330078 0.290161 -0.221558
-0.149414 -0.393433 1.008911 -0.269897 0.284546 -0.219238
-0.186401 -0.429077 0.984131 -0.253540 0.266479 -0.217285
-0.189453 -0.449341 0.968262 -0.192139 0.221313 -0.197021
-0.195313 -0.451050 0.951294 -0.157227 0.181641 -0.180420
-0.189209 -0.446167 0.930054 -0.108032 0.134277 -0.161255
-0.151123 -0.418945 0.957642 -0.060303 0.095581 -0.143555
-0.129761 -0.405029 0.981323 -0.074219 0.099976 -0.127197
-0.126343 -0.391846 0.956543 -0.099854 0.123169 -0.111206
-0.130859 -0.387939 0.940430 -0.135986 0.140747 -0.107300
-0.143066 -0.417725 0.927490 -0.167480 0.148560 -0.108521
-0.161743 -0.441528 0.909302 -0.163696 0.139648 -0.107056
-0.180542 -0.476074 0.897217 -0.142822 0.119141 -0.101196
-0.180054 -0.490601 0.900391 -0.078857 0.076904 -0.092407
-0.156982 -0.491699 0.924194 -0.018311 0.032837 -0.088135
-0.124512 -0.486816 0.953491 0.017090 0.003662 -0.083984
-0.113159 -0.476807 0.971924 0.003418 0.004150 -0.082520
-0.119141 -0.475830 0.955566 -0.011230 0.018188 -0.073486
-0.122314 -0.474243 0.956177 -0.023804 0.024048 -0.056396
-0.117798 -0.461548 0.952148 -0.047241 0.032104 -0.033936
-0.120850 -0.458252 0.936157 -0.086792 0.044556 -0.010620
-0.122925 -0.447144 0.918213 -0.105835 0.045288 0.001953
-0.116577 -0.441528 0.915894 -0.104736 0.031372 0.008667
-0.102173 -0.423218 0.923218 -0.089722 0.012085 0.006836
-0.093140 -0.423218 0.916748 -0.054688 -0.002075 0.002686
-0.085693 -0.429199 0.939697 -0.017456 -0.017090 -0.005249
-0.082153 -0.430420 0.949341 -0.007202 -0.023193 -0.011475
-0.080200 -0.430298 0.965454 -0.011719 -0.017944 -0.010742
-0.076294 -0.428467 0.977417 -0.015503 -0.013672 -0.008179
-0.084229 -0.424805 0.978027 -0.031616 -0.008545 -0.004639
-0.081909 -0.413330 0.963989 -0.028687 -0.011719 -0.002808
-0.086060 -0.405762 0.966309 -0.019287 -0.020996 -0.004761
-0.077881 -0.392578 0.966064 -0.001099 -0.030273 -0.008667
-0.072998 -0.382935 0.966187 0.005371 -0.032959 -0.012817
-0.065063 -0.377686 0.974854 0.001343 -0.029297 -0.016968
-0.069458 -0.389160 0.973511 -0.010620 -0.021973 -0.022461
-0.072388 -0.392578 0.977905 -0.023438 -0.011353 -0.026001
-0.075195 -0.398071 0.973389 -0.036011 -0.003296 -0.030029
-0.084595 -0.413940 0.968262 -0.042603 0.001953 -0.029907
-0.089233 -0.411133 0.965698 -0.048828 0.001099 -0.026001
-0.095947 -0.422119 0.966187 -0.044434 -0.000244 -0.016357
-0.092285 -0.423096 0.973755 -0.034546 -0.008179 -0.013550
