0.028076 -0.326050 0.991943 -0.045166 -0.011597 -0.032959
0.026855 -0.322632 0.980591 -0.034424 -0.011475 -0.038208
0.030151 -0.320190 0.985107 -0.023560 -0.015137 -0.047363
0.029541 -0.321899 0.995605 -0.027344 -0.013306 -0.054932
0.033813 -0.308472 0.996948 -0.039917 -0.011597 -0.061157
0.039551 -0.312012 1.002686 -0.064331 -0.004028 -0.057861
0.041382 -0.307739 1.002075 -0.088379 0.008911 -0.055298
0.026978 -0.323120 0.978516 -0.100464 0.018188 -0.060059
0.019653 -0.328857 0.964111 -0.077515 0.008789 -0.071777
0.021729 -0.326416 0.979858 -0.060303 -0.007935 -0.087891
0.021851 -0.323975 0.981079 -0.062988 -0.015015 -0.095581
0.027954 -0.321411 0.993286 -0.070068 -0.014893 -0.103760
0.018188 -0.341797 0.988281 -0.086060 -0.009888 -0.108032
0.004883 -0.351074 0.987671 -0.084106 -0.010010 -0.110596
-0.003296 -0.358398 0.987793 -0.082886 -0.010498 -0.110474
-0.010986 -0.367920 0.994995 -0.089355 -0.013672 -0.110229
-0.021729 -0.381226 0.987793 -0.088013 -0.017334 -0.106445
-0.023926 -0.386353 0.992798 -0.089355 -0.025391 -0.105103
-0.022583 -0.387329 1.001831 -0.098877 -0.027710 -0.105957
-0.039429 -0.411133 0.999146 -0.102173 -0.025757 -0.106445
-0.053589 -0.411743 1.012085 -0.089600 -0.028198 -0.104858
-0.062500 -0.424683 1.011841 -0.094360 -0.028198 -0.097534
-0.070435 -0.435303 1.032959 -0.083984 -0.031494 -0.091919
-0.074219 -0.433228 1.033203 -0.097046 -0.032593 -0.091553
-0.088501 -0.460083 1.038208 -0.080444 -0.023804 -0.073608
-0.089355 -0.456299 1.022217 -0.006470 -0.010986 -0.046509
-0.095337 -0.466675 1.020264 0.003784 0.002441 -0.027588
-0.104126 -0.473022 1.004883 0.028931 0.010254 -0.006958
-0.111816 -0.469971 1.004150 0.043213 0.006470 0.011719
-0.125732 -0.485229 0.994385 0.065308 0.011841 0.047363
-0.138184 -0.491577 0.982178 0.122681 0.005981 0.078979
-0.137817 -0.492432 0.997437 0.196411 -0.018799 0.096924
-0.130859 -0.478638 0.996826 0.228271 -0.038574 0.117432
-0.120605 -0.479980 1.004395 0.246338 -0.053467 0.135864
-0.103271 -0.481689 1.041626 0.227173 -0.060425 0.147217
-0.096436 -0.491943 1.062988 0.156494 -0.051270 0.158447
-0.080566 -0.498413 1.055908 0.101563 -0.046143 0.173096
-0.064209 -0.498291 1.050903 0.066406 -0.048462 0.184814
-0.041870 -0.484985 1.033569 0.025879 -0.038208 0.192017
-0.046387 -0.486694 0.998413 0.011597 -0.015503 0.198242
-0.054321 -0.480835 0.955322 0.011353 -0.011475 0.208374
-0.050659 -0.487183 0.944702 0.021484 -0.024170 0.224854
-0.052612 -0.501221 0.944946 0.056519 -0.038696 0.251709
-0.040161 -0.512329 0.942017 0.096069 -0.056519 0.281860
-0.019775 -0.495605 0.943481 0.113647 -0.073730 0.304688
0.013062 -0.461670 0.949951 0.113403 -0.079834 0.327393
0.042480 -0.440674 0.950928 0.110107 -0.078003 0.347168
0.037354 -0.447510 0.931519 0.091553 -0.063599 0.353027
0.049927 -0.438965 0.928345 0.116333 -0.067261 0.361572
0.060181 -0.434814 0.919434 0.091064 -0.077148 0.370605
0.068970 -0.423706 0.921875 0.083130 -0.085083 0.377686
0.089844 -0.412109 0.929443 0.088989 -0.098145 0.386108
0.106445 -0.401855 0.934692 0.082642 -0.109131 0.393677
0.116577 -0.389404 0.936890 0.097778 -0.113770 0.391357
0.128662 -0.372192 0.936157 0.123169 -0.119629 0.386108
0.128418 -0.355713 0.931519 0.117798 -0.119385 0.379883
0.125854 -0.348267 0.920776 0.121948 -0.122681 0.376221
0.130493 -0.338257 0.943726 0.129761 -0.133423 0.371338
0.138428 -0.319824 0.963257 0.107422 -0.140259 0.369507
0.150513 -0.289063 0.958374 0.151489 -0.144775 0.376099
0.164185 -0.250977 0.964844 0.136230 -0.130859 0.369507
0.169800 -0.238892 0.971558 0.119141 -0.119507 0.355225
0.161499 -0.236572 0.955933 0.092163 -0.101074 0.331665
0.147705 -0.239990 0.941162 0.069702 -0.088745 0.314941
0.136108 -0.235596 0.942749 0.060303 -0.083252 0.300293
0.147095 -0.218872 0.954956 0.034058 -0.077759 0.290771
0.137207 -0.213135 0.943604 -0.002075 -0.058716 0.282227
0.135254 -0.205322 0.946899 -0.017822 -0.049194 0.267822
0.133545 -0.210571 0.962158 -0.032959 -0.049927 0.248901
0.127808 -0.215576 0.975708 -0.044312 -0.047974 0.232178
0.132202 -0.212891 0.981445 -0.041016 -0.045532 0.221436
0.137695 -0.199707 0.983521 -0.038330 -0.040039 0.206787
0.141968 -0.193604 0.987549 -0.030640 -0.026978 0.189331
0.131470 -0.196167 0.959106 -0.041748 -0.005981 0.170654
0.118652 -0.190796 0.944702 -0.069946 0.019409 0.152832
0.097900 -0.211060 0.926147 -0.099609 0.037231 0.138184
0.099854 -0.214844 0.937012 -0.118774 0.042847 0.120850
0.087891 -0.221313 0.946411 -0.128784 0.046387 0.104614
0.075195 -0.222900 0.945923 -0.125732 0.043823 0.089355
0.073608 -0.222778 0.970093 -0.113281 0.030518 0.072144
0.084961 -0.208618 1.000244 -0.091553 0.009399 0.050293
0.090210 -0.191528 1.027222 -0.058350 -0.003418 0.029175
0.091064 -0.185669 1.054688 -0.038818 -0.010742 0.008789
0.106689 -0.142700 1.053589 -0.005859 -0.016846 -0.011108
0.111572 -0.132690 1.059326 -0.004761 -0.007080 -0.032593
0.112915 -0.128906 1.062866 -0.021484 0.011963 -0.057495
0.105713 -0.131958 1.069702 -0.042847 0.039673 -0.075562
0.083252 -0.163940 1.078979 -0.103760 0.077637 -0.083618
0.074463 -0.165283 1.084351 -0.155640 0.112305 -0.081787
0.066406 -0.179077 1.088867 -0.210693 0.140015 -0.077759
0.067505 -0.182251 1.095947 -0.241089 0.155029 -0.084717
0.058716 -0.191772 1.095459 -0.250977 0.156006 -0.102295
0.050415 -0.202271 1.086792 -0.230591 0.155884 -0.128906
0.042847 -0.208740 1.063477 -0.183228 0.151611 -0.155029
0.050903 -0.193604 1.061157 -0.148560 0.144897 -0.177734
0.042114 -0.201172 1.068115 -0.166260 0.152344 -0.193970
0.032104 -0.218140 1.071777 -0.188843 0.171143 -0.205322
0.012207 -0.244751 1.067871 -0.202393 0.187134 -0.212158
-0.011597 -0.265137 1.059814 -0.203247 0.191040 -0.218018
-0.033325 -0.274658 1.047974 -0.173218 0.182983 -0.222168
-0.052002 -0.282593 1.031250 -0.148438 0.168457 -0.226074
-0.065796 -0.279053 1.023438 -0.103271 0.146118 -0.227295
-0.070557 -0.274780 1.024780 -0.078613 0.127319 -0.232056
-0.071289 -0.266235 1.036621 -0.073608 0.107300 -0.239014
-0.062988 -0.256104 1.044678 -0.044922 0.100098 -0.247803
-0.068359 -0.243774 1.047729 -0.027832 0.102173 -0.264526
-0.064819 -0.242798 1.048584 -0.026001 0.104614 -0.279175
-0.086060 -0.250732 1.047119 -0.053711 0.125854 -0.290527
-0.118530 -0.287354 1.014038 -0.109375 0.152222 -0.288208
-0.155151 -0.316162 0.991455 -0.129272 0.158569 -0.277710
-0.182251 -0.333374 0.965088 -0.121582 0.143311 -0.266357
-0.189331 -0.337524 0.955078 -0.093262 0.106201 -0.255371
-0.170898 -0.322144 0.972046 -0.056152 0.065552 -0.249146
-0.160645 -0.309937 0.984253 -0.016357 0.032349 -0.250000
-0.152100 -0.294312 0.992554 0.008301 0.005127 -0.249268
-0.139893 -0.285156 1.006348 0.029053 -0.011353 -0.246338
-0.130737 -0.277466 1.029297 0.018921 -0.006592 -0.237183
-0.135864 -0.284790 1.024902 -0.040161 0.010742 -0.217407
-0.141357 -0.270386 1.013794 -0.092896 0.026978 -0.193359
-0.134521 -0.277588 1.011841 -0.129395 0.044800 -0.167603
-0.126587 -0.276855 0.995728 -0.169678 0.056519 -0.148682
-0.121460 -0.298584 0.990479 -0.173828 0.058594 -0.146240
-0.139526 -0.337402 0.988159 -0.171753 0.060669 -0.160767
-0.138062 -0.375244 0.973877 -0.153076 0.045898 -0.167725
-0.138184 -0.395874 0.979492 -0.126953 0.029175 -0.174805
-0.135010 -0.421143 0.981201 -0.096191 0.016479 -0.171997
-0.117310 -0.415527 0.999634 -0.085327 0.011353 -0.160522
-0.113525 -0.421753 0.987427 -0.096191 0.018921 -0.140015
-0.109375 -0.424683 0.978882 -0.098877 0.032593 -0.121582
-0.100952 -0.425049 0.968262 -0.084229 0.033081 -0.108032
-0.089355 -0.430420 0.976318 -0.085693 0.032227 -0.102661
-0.068359 -0.411377 0.979004 -0.071045 0.024902 -0.104492
-0.064331 -0.424927 0.987549 -0.058472 0.036621 -0.111206
-0.077881 -0.451050 0.976440 -0.073975 0.054077 -0.108521
-0.087524 -0.471558 0.970459 -0.098511 0.059814 -0.094727
-0.095825 -0.489136 0.958984 -0.113892 0.060791 -0.076904
-0.098511 -0.488525 0.951416 -0.128540 0.062378 -0.059082
-0.100342 -0.484741 0.932861 -0.129883 0.059814 -0.044922
-0.097168 -0.484863 0.930786 -0.121826 0.050415 -0.036987
-0.099609 -0.496094 0.932129 -0.116333 0.043091 -0.030396
-0.098877 -0.498779 0.936279 -0.105347 0.032349 -0.028198
-0.093994 -0.477783 0.942749 -0.087769 0.011597 -0.031006
-0.090698 -0.493896 0.944702 -0.057129 -0.009644 -0.028564
-0.080688 -0.489136 0.965576 -0.015625 -0.032471 -0.031982
-0.069458 -0.477051 0.994507 0.010132 -0.041992 -0.030273
-0.070313 -0.467896 0.986938 0.001953 -0.035278 -0.022339
-0.067993 -0.458130 0.981567 -0.011963 -0.033081 -0.015259
-0.070435 -0.451294 0.989380 -0.015991 -0.037598 -0.011108
-0.062866 -0.437012 0.992432 -0.010376 -0.039429 -0.008301
-0.058228 -0.422241 0.991211 -0.008301 -0.036133 -0.004272
