-0.070801 -0.418823 0.999023 -0.145874 0.007568 -0.059570
-0.072388 -0.435181 1.002808 -0.165161 0.025269 -0.055054
-0.083862 -0.461182 1.003906 -0.180664 0.040283 -0.046875
-0.095581 -0.489502 0.995239 -0.157227 0.041748 -0.036743
-0.097900 -0.517334 0.994263 -0.103149 0.022949 -0.039307
-0.087402 -0.521362 1.002197 -0.079468 -0.000854 -0.052246
-0.100708 -0.565063 0.993896 -0.071167 -0.013672 -0.050293
-0.095947 -0.572388 0.983154 0.011597 -0.028687 -0.036987
-0.101440 -0.597046 0.975098 0.052612 -0.044067 -0.021118
-0.089111 -0.596313 0.979004 0.074341 -0.056274 -0.003540
-0.080078 -0.585693 0.986572 0.092163 -0.061646 0.016235
-0.085327 -0.585815 0.967163 0.081299 -0.057861 0.039185
-0.083862 -0.595703 0.971313 0.065918 -0.051636 0.057251
-0.080566 -0.609497 0.977173 0.054321 -0.043823 0.068359
-0.085083 -0.632446 0.981689 0.058594 -0.039795 0.078613
-0.087158 -0.651001 0.978882 0.084473 -0.046143 0.092773
-0.083984 -0.654541 0.973267 0.120972 -0.059570 0.111938
-0.074585 -0.652588 0.968506 0.153687 -0.071411 0.134521
-0.066406 -0.635132 0.964478 0.168091 -0.073120 0.158447
-0.065308 -0.629028 0.938965 0.173462 -0.071289 0.186035
-0.072388 -0.619873 0.911011 0.189697 -0.077759 0.207764
-0.066650 -0.610962 0.889404 0.226563 -0.104126 0.229736
-0.052734 -0.584473 0.894165 0.261719 -0.133667 0.250732
-0.032715 -0.565186 0.900146 0.271729 -0.150146 0.279419
-0.015259 -0.549683 0.909790 0.263306 -0.152344 0.311035
-0.004517 -0.535156 0.897095 0.247437 -0.145752 0.341431
0.007324 -0.533569 0.895264 0.227051 -0.143677 0.364380
0.026001 -0.519165 0.903809 0.202148 -0.144409 0.383545
0.048340 -0.502563 0.911987 0.166870 -0.143677 0.398804
0.064453 -0.489868 0.911987 0.150757 -0.140991 0.406860
0.077759 -0.481567 0.926758 0.137573 -0.139893 0.413330
0.089966 -0.473511 0.928589 0.124146 -0.130737 0.421387
0.096924 -0.472900 0.929810 0.119263 -0.120728 0.428223
0.105713 -0.457642 0.933594 0.135620 -0.122437 0.423218
0.101196 -0.451782 0.914673 0.172485 -0.132080 0.413086
0.097534 -0.439941 0.901001 0.240479 -0.155151 0.396240
0.105957 -0.415161 0.908569 0.297363 -0.183960 0.381348
0.100220 -0.406006 0.912598 0.312988 -0.198364 0.379395
0.112793 -0.366699 0.924561 0.303955 -0.202026 0.388428
0.142456 -0.322876 0.924927 0.312988 -0.197754 0.401733
0.142334 -0.295410 0.918457 0.254883 -0.183105 0.392700
0.154907 -0.268066 0.932983 0.252930 -0.179321 0.375854
0.151855 -0.265137 0.931519 0.210449 -0.167603 0.354248
0.150024 -0.248535 0.932129 0.187378 -0.149902 0.340698
0.163208 -0.220703 0.927246 0.144043 -0.123169 0.335571
0.152588 -0.205322 0.913330 0.077271 -0.096191 0.321045
0.147583 -0.206543 0.905273 0.054932 -0.088989 0.298584
0.136597 -0.204346 0.897583 0.063599 -0.098145 0.263550
0.125000 -0.196411 0.881348 0.082764 -0.109619 0.232300
0.133179 -0.178467 0.890381 0.096313 -0.118408 0.202515
0.116089 -0.176636 0.867065 0.102173 -0.124756 0.161011
0.095947 -0.187378 0.875122 0.153198 -0.144775 0.112915
0.084595 -0.194336 0.903809 0.193115 -0.166870 0.077026
0.073975 -0.189453 0.929932 0.203979 -0.164429 0.076172
0.095093 -0.148804 0.976807 0.154297 -0.130981 0.110107
0.114136 -0.102173 1.002563 0.012207 -0.061646 0.153931
0.136230 -0.054321 1.001099 -0.120483 -0.002075 0.179688
0.138184 -0.034546 0.997070 -0.186523 0.039551 0.172119
0.136475 -0.047241 1.024780 -0.223511 0.054688 0.135864
0.138794 -0.083252 1.068726 -0.236694 0.056274 0.092163
0.154907 -0.103760 1.116089 -0.220459 0.063110 0.051025
0.152832 -0.109497 1.126709 -0.195435 0.084106 0.001953
0.131226 -0.119751 1.107910 -0.150269 0.098755 -0.044189
0.124512 -0.148071 1.128662 -0.114380 0.098511 -0.076782
0.116211 -0.147705 1.113159 -0.118042 0.114868 -0.092773
0.098145 -0.149292 1.073364 -0.169800 0.150024 -0.101074
0.082397 -0.146851 1.020142 -0.218384 0.184326 -0.104858
0.065796 -0.161743 0.989990 -0.288696 0.207275 -0.117432
0.065063 -0.180786 1.017578 -0.341797 0.206177 -0.140381
0.045898 -0.229736 1.065186 -0.354736 0.204590 -0.164063
0.043945 -0.259277 1.092529 -0.317627 0.198853 -0.176880
0.044922 -0.273438 1.125122 -0.279785 0.192261 -0.181763
0.056519 -0.258667 1.144897 -0.254761 0.196289 -0.191040
0.057617 -0.239502 1.144409 -0.263428 0.214478 -0.206299
0.028320 -0.254395 1.097656 -0.266968 0.237305 -0.224854
-0.005981 -0.283936 1.074219 -0.262939 0.244141 -0.244263
-0.029297 -0.313232 1.049316 -0.264404 0.237183 -0.253662
-0.033447 -0.310181 1.039551 -0.263184 0.229248 -0.254150
-0.037231 -0.324707 1.028809 -0.266113 0.219238 -0.248169
-0.058960 -0.342163 1.020264 -0.274048 0.219604 -0.245972
-0.074219 -0.358887 1.013794 -0.281250 0.211182 -0.240967
-0.072876 -0.353516 1.024414 -0.282227 0.191895 -0.241333
-0.089966 -0.358521 1.003296 -0.234253 0.176758 -0.246704
-0.098877 -0.366089 0.990356 -0.142334 0.145020 -0.260986
-0.078613 -0.358887 1.021484 -0.088379 0.110474 -0.279053
-0.074097 -0.354248 1.040283 -0.066040 0.113770 -0.285889
-0.093750 -0.369629 1.019287 -0.106567 0.152588 -0.281860
-0.110596 -0.378418 1.001343 -0.149780 0.173828 -0.268066
-0.149780 -0.411987 0.984741 -0.176147 0.195801 -0.251465
-0.150513 -0.408081 0.990234 -0.157715 0.189453 -0.233643
-0.161133 -0.415649 0.984863 -0.173096 0.179688 -0.216675
-0.149414 -0.386719 0.985596 -0.137329 0.156738 -0.207520
-0.145020 -0.384766 1.000854 -0.142456 0.139648 -0.211060
-0.120605 -0.377808 1.022705 -0.132324 0.115845 -0.211304
-0.108643 -0.370850 1.048950 -0.114258 0.133911 -0.220703
-0.126465 -0.375000 1.041626 -0.118408 0.164063 -0.228027
-0.138550 -0.374756 1.020752 -0.113770 0.180664 -0.223755
-0.153687 -0.384888 1.001465 -0.150024 0.204468 -0.212402
-0.163208 -0.389404 0.972290 -0.203857 0.225952 -0.189453
-0.184082 -0.414673 0.939331 -0.234497 0.222656 -0.167236
-0.179443 -0.416748 0.932861 -0.179443 0.193970 -0.164063
-0.177368 -0.426392 0.938965 -0.122070 0.159668 -0.169067
-0.167725 -0.427856 0.941772 -0.050903 0.122437 -0.171875
-0.139648 -0.401489 0.956909 -0.003052 0.097778 -0.179199
-0.132080 -0.395752 0.942505 0.023560 0.093628 -0.185913
-0.134521 -0.394531 0.919189 0.001343 0.109619 -0.192871
-0.150024 -0.429565 0.897339 -0.052246 0.128662 -0.188110
-0.174561 -0.468628 0.869507 -0.116455 0.153687 -0.170776
-0.203125 -0.499023 0.835815 -0.187134 0.169922 -0.142212
-0.214600 -0.522827 0.822144 -0.219238 0.158325 -0.113770
-0.220215 -0.543701 0.819580 -0.224121 0.127075 -0.094482
-0.216309 -0.579712 0.839233 -0.177856 0.083374 -0.085571
-0.192993 -0.596436 0.881104 -0.109375 0.036133 -0.087891
-0.186523 -0.599365 0.892090 -0.040283 0.002686 -0.094482
-0.182617 -0.574829 0.896240 0.041748 -0.023926 -0.097900
-0.175171 -0.556274 0.891846 0.073730 -0.043457 -0.091797
-0.161621 -0.536987 0.907227 0.052002 -0.046021 -0.071777
-0.147461 -0.514771 0.917603 0.012817 -0.034546 -0.042847
-0.140015 -0.500488 0.930176 -0.038574 -0.017822 -0.018433
-0.135254 -0.496704 0.916992 -0.087646 -0.005493 -0.005493
-0.129272 -0.502075 0.910522 -0.104370 -0.004761 -0.005859
-0.127197 -0.515869 0.914307 -0.105957 -0.014404 -0.015381
-0.113647 -0.500977 0.927246 -0.082031 -0.026001 -0.025391
-0.115479 -0.509033 0.938354 -0.051880 -0.032471 -0.029175
-0.114136 -0.516968 0.933716 -0.034058 -0.037109 -0.028687
-0.107178 -0.504150 0.940918 -0.026978 -0.043823 -0.024292
-0.101318 -0.486816 0.945190 -0.022949 -0.045654 -0.018311
-0.092285 -0.466797 0.948730 -0.029175 -0.041016 -0.010742
-0.091431 -0.462402 0.937622 -0.035278 -0.032349 -0.001099
-0.084106 -0.453613 0.945679 -0.031494 -0.028809 -0.002808
-0.089355 -0.459473 0.946045 -0.038696 -0.019653 -0.007935
-0.100952 -0.464478 0.929810 -0.041992 -0.012817 -0.013062
-0.103149 -0.466187 0.927368 -0.030640 -0.019653 -0.018433
-0.099121 -0.465454 0.937988 -0.023438 -0.027100 -0.019897
-0.090698 -0.447998 0.942627 -0.026245 -0.026123 -0.018188
-0.094727 -0.447998 0.945313 -0.033691 -0.018311 -0.018677
-0.104736 -0.455200 0.938232 -0.043701 -0.010498 -0.017212
-0.102661 -0.458130 0.923218 -0.049072 -0.004517 -0.014404
-0.109863 -0.459595 0.918335 -0.046265 -0.003296 -0.018311
-0.119751 -0.468262 0.902222 -0.043091 -0.006470 -0.024902
-0.119995 -0.472778 0.904541 -0.038574 -0.013794 -0.026245
-0.115356 -0.477295 0.920166 -0.041992 -0.016602 -0.023071
-0.111084 -0.473389 0.924438 -0.049927 -0.015137 -0.022461
-0.115601 -0.474365 0.915405 -0.050049 -0.014648 -0.023438
-0.117920 -0.481934 0.918823 -0.032959 -0.023193 -0.024414
-0.113770 -0.482300 0.926514 -0.024170 -0.033447 -0.028076
-0.104004 -0.463135 0.937988 -0.025269 -0.036133 -0.025146
-0.103516 -0.465454 0.937256 -0.034424 -0.028198 -0.013550
-0.096313 -0.455322 0.940918 -0.048096 -0.020508 -0.009766
-0.099121 -0.458984 0.937378 -0.063721 -0.011841 -0.005859
