0.014038 -0.303589 0.979858 -0.085449 -0.009644 -0.064697
0.001343 -0.303223 0.984985 -0.074585 -0.014038 -0.069458
-0.004883 -0.310669 0.996216 -0.070068 -0.017456 -0.070801
-0.012085 -0.309326 1.005371 -0.077026 -0.015381 -0.068726
-0.030029 -0.335693 0.996582 -0.092529 -0.007813 -0.058960
-0.036621 -0.357178 1.005249 -0.088745 -0.010986 -0.051514
-0.046509 -0.379150 1.024780 -0.089478 -0.014771 -0.052002
-0.057617 -0.401489 1.032104 -0.106934 -0.015625 -0.060913
-0.076660 -0.426147 1.029419 -0.085815 -0.026367 -0.067505
-0.084961 -0.443359 1.043579 -0.052612 -0.044922 -0.072144
-0.086426 -0.445923 1.055908 -0.026001 -0.056641 -0.070313
-0.101196 -0.475952 1.066162 0.000610 -0.055542 -0.055054
-0.113159 -0.500000 1.062622 0.017578 -0.055542 -0.038574
-0.103516 -0.507568 1.074829 0.026978 -0.061035 -0.019409
-0.098755 -0.517212 1.072876 0.022583 -0.054810 0.005371
-0.110718 -0.530151 1.051758 0.007446 -0.040039 0.030396
-0.113770 -0.540894 1.029907 0.028564 -0.033691 0.059937
-0.119263 -0.549561 1.009033 0.054199 -0.041748 0.090088
-0.108643 -0.540771 1.000732 0.079712 -0.058350 0.115479
-0.091064 -0.523682 0.986816 0.105713 -0.075439 0.141479
-0.077515 -0.518799 0.967651 0.119019 -0.092163 0.169922
-0.064331 -0.500732 0.955688 0.128662 -0.097656 0.195557
-0.050415 -0.490601 0.950562 0.137085 -0.090698 0.218262
-0.028564 -0.479614 0.953369 0.120605 -0.081665 0.238159
-0.006714 -0.455933 0.951050 0.106201 -0.072388 0.252686
0.007324 -0.457397 0.938110 0.089722 -0.067993 0.263550
0.019165 -0.457642 0.931763 0.090332 -0.061890 0.265137
0.032715 -0.457642 0.930054 0.096680 -0.057007 0.266113
0.041138 -0.459106 0.937256 0.103027 -0.052734 0.269409
0.037964 -0.471924 0.925293 0.091675 -0.051636 0.279541
0.037964 -0.474121 0.917480 0.081665 -0.052979 0.296387
0.047241 -0.480347 0.921631 0.077759 -0.058228 0.315918
0.064331 -0.465332 0.927856 0.084351 -0.071411 0.331055
0.079712 -0.451660 0.937622 0.096680 -0.083496 0.340332
0.099609 -0.434814 0.936523 0.102905 -0.089478 0.350098
0.122803 -0.422119 0.945557 0.099121 -0.086548 0.355713
0.130005 -0.413574 0.945923 0.093628 -0.075073 0.353516
0.129150 -0.419434 0.926880 0.095581 -0.079468 0.348145
0.108398 -0.436035 0.892090 0.090576 -0.076416 0.334106
0.099976 -0.439941 0.877319 0.106445 -0.090942 0.330444
0.099365 -0.419678 0.867798 0.103271 -0.104980 0.334717
0.100098 -0.401123 0.854858 0.098633 -0.112427 0.353271
0.118286 -0.366699 0.867188 0.078857 -0.114990 0.374023
0.123291 -0.353027 0.877319 0.045654 -0.118774 0.385864
0.135864 -0.343506 0.913208 0.025757 -0.135742 0.387329
0.151001 -0.329834 0.941650 0.025391 -0.153564 0.380005
0.174194 -0.305054 0.984375 0.057983 -0.170776 0.368774
0.185303 -0.278809 1.003906 0.071045 -0.176147 0.357910
0.197021 -0.249146 1.006104 0.097900 -0.174194 0.341187
0.198120 -0.239136 1.026001 0.096924 -0.164307 0.315186
0.204956 -0.217773 1.041138 0.100098 -0.158936 0.289795
0.200439 -0.210205 1.047119 0.106934 -0.140625 0.269287
0.189697 -0.197266 1.024658 0.070801 -0.111938 0.254883
0.196289 -0.171143 1.017822 0.058838 -0.093384 0.238647
0.197144 -0.157837 1.025146 0.048828 -0.071167 0.216797
0.189087 -0.162842 1.026978 0.011475 -0.042114 0.194580
0.180420 -0.161499 1.026611 -0.006714 -0.018311 0.171997
0.164551 -0.164185 1.006104 -0.009521 -0.004028 0.149902
0.155396 -0.171997 0.999878 -0.011108 -0.006714 0.125122
0.146973 -0.186523 1.002930 -0.009399 -0.020752 0.096924
0.141602 -0.192627 1.004395 -0.003540 -0.036987 0.058838
0.126709 -0.187866 0.999390 0.011475 -0.069458 0.004272
0.110352 -0.210205 0.994019 0.056885 -0.123291 -0.052612
0.118164 -0.206055 1.031372 0.143311 -0.202393 -0.121948
0.111450 -0.236816 1.062500 0.226807 -0.264771 -0.166138
0.167480 -0.156128 1.098267 0.407471 -0.291260 -0.164063
0.191772 -0.101563 1.089722 0.422485 -0.242432 -0.138184
0.190186 -0.065186 1.079102 0.306030 -0.144287 -0.096069
0.171021 -0.059448 1.038452 0.136230 -0.033569 -0.052856
0.136963 -0.072754 1.010864 -0.015991 0.056885 -0.022339
0.102661 -0.093506 0.980469 -0.119263 0.110840 -0.002197
0.072998 -0.105957 0.941284 -0.171387 0.130249 0.002197
0.061035 -0.119629 0.937622 -0.178467 0.117432 -0.011230
0.062622 -0.129517 0.941284 -0.169800 0.089478 -0.043091
0.063354 -0.144531 0.968384 -0.137329 0.060181 -0.075195
0.069214 -0.139893 0.984497 -0.094604 0.031982 -0.104736
0.071655 -0.133911 0.994995 -0.065674 0.015625 -0.124634
0.075684 -0.120972 0.998535 -0.045044 0.008667 -0.141113
0.089233 -0.111206 1.024902 -0.044434 0.023560 -0.149048
0.083008 -0.112305 1.046387 -0.132080 0.067139 -0.145508
0.062378 -0.132446 1.037231 -0.196777 0.121704 -0.143799
0.034302 -0.154419 1.011841 -0.229126 0.162598 -0.155884
0.010010 -0.172485 1.010254 -0.266846 0.163696 -0.171631
-0.009521 -0.198730 1.010376 -0.274658 0.144775 -0.183716
-0.004395 -0.198975 1.036865 -0.234619 0.114136 -0.195801
-0.000977 -0.203369 1.050415 -0.196777 0.084595 -0.207764
0.010010 -0.199585 1.075317 -0.158569 0.066772 -0.221558
0.014038 -0.205444 1.110840 -0.163696 0.067139 -0.231934
0.012695 -0.203125 1.124390 -0.178589 0.073242 -0.228394
0.006226 -0.206177 1.110352 -0.188965 0.098267 -0.222778
-0.008179 -0.213013 1.096436 -0.211182 0.121094 -0.217041
-0.011597 -0.222900 1.096436 -0.209351 0.125000 -0.210449
-0.025269 -0.242188 1.087769 -0.225342 0.134888 -0.207520
-0.037598 -0.254028 1.078125 -0.197876 0.129639 -0.201904
-0.057251 -0.278564 1.065430 -0.176025 0.129028 -0.199707
-0.044556 -0.267334 1.076904 -0.139648 0.107178 -0.193970
-0.039551 -0.274536 1.083862 -0.136475 0.106934 -0.190063
-0.052856 -0.292236 1.072021 -0.131958 0.114990 -0.185303
-0.060913 -0.297729 1.045044 -0.134033 0.117676 -0.179688
-0.066772 -0.310913 1.047119 -0.144287 0.115479 -0.172485
-0.061401 -0.302856 1.045776 -0.130859 0.108521 -0.165405
-0.050903 -0.294434 1.052246 -0.111206 0.111450 -0.158569
-0.052856 -0.294189 1.046875 -0.133667 0.128784 -0.148071
-0.056030 -0.296997 1.034546 -0.158447 0.143555 -0.137329
-0.055542 -0.289795 1.017700 -0.177612 0.151978 -0.134155
-0.057251 -0.293457 0.993652 -0.183350 0.153687 -0.131714
-0.052734 -0.306396 0.990601 -0.167480 0.144165 -0.140259
-0.061035 -0.347046 0.993408 -0.144653 0.129517 -0.154907
-0.076904 -0.383057 0.986938 -0.120728 0.114380 -0.163208
-0.086304 -0.405029 0.985596 -0.106689 0.097778 -0.155396
-0.087280 -0.414307 0.979614 -0.099854 0.078857 -0.137939
-0.082031 -0.408325 0.978027 -0.082642 0.054565 -0.123657
-0.063232 -0.392944 0.988647 -0.039795 0.022339 -0.120850
-0.052856 -0.398315 0.999512 -0.009766 0.001099 -0.123779
-0.050415 -0.416992 1.010132 -0.004639 0.003296 -0.124146
-0.053223 -0.434570 1.022095 -0.033936 0.019165 -0.113647
-0.045532 -0.434570 1.025269 -0.082520 0.048950 -0.090088
-0.041382 -0.413818 1.017456 -0.151123 0.088135 -0.060303
-0.045288 -0.426514 0.998291 -0.210938 0.124756 -0.021851
-0.057129 -0.434570 0.967285 -0.226807 0.142090 -0.004639
-0.061035 -0.431641 0.937622 -0.205444 0.132202 -0.005981
-0.063354 -0.430542 0.914795 -0.145142 0.100342 -0.019287
-0.055542 -0.421509 0.918335 -0.051392 0.061401 -0.041748
-0.060059 -0.445190 0.938599 0.025146 0.034180 -0.062500
-0.056885 -0.425537 0.938599 0.081055 0.011841 -0.077148
-0.046997 -0.418579 0.941772 0.089355 -0.002075 -0.067017
-0.040527 -0.408936 0.955566 0.062378 -0.003662 -0.063721
-0.035522 -0.396362 0.963135 0.034546 0.002075 -0.059937
-0.041748 -0.403320 0.960449 -0.007446 0.012939 -0.052002
-0.040527 -0.393188 0.964844 -0.034058 0.013916 -0.046875
-0.046509 -0.402100 0.971313 -0.048218 0.016479 -0.037109
-0.051270 -0.406494 0.950806 -0.050171 0.012451 -0.030151
-0.044678 -0.395752 0.955322 -0.028564 0.000488 -0.032593
-0.057983 -0.419189 0.950806 -0.015259 -0.008057 -0.034180
-0.047729 -0.408081 0.963379 0.010010 -0.020508 -0.036011
-0.043457 -0.405396 0.972412 0.012207 -0.026978 -0.033691
-0.035400 -0.401611 0.988281 0.004639 -0.027222 -0.032104
-0.032471 -0.387939 0.990723 -0.010132 -0.020630 -0.025146
-0.036133 -0.393677 0.987793 -0.019653 -0.013916 -0.015869
-0.030762 -0.375366 0.996948 -0.023315 -0.014771 -0.014160
-0.034912 -0.375977 0.987305 -0.026733 -0.012207 -0.011108
-0.029053 -0.363525 0.985474 -0.010132 -0.014404 -0.013672
-0.024536 -0.350586 0.985474 0.003052 -0.019653 -0.022339
-0.027222 -0.347046 0.992432 0.019897 -0.019775 -0.031128
-0.026123 -0.340820 0.978027 0.037964 -0.015991 -0.029907
-0.017578 -0.324585 0.979614 0.041504 -0.016113 -0.028687
-0.014160 -0.324951 0.991089 0.033569 -0.014526 -0.032837
-0.021362 -0.332520 0.987671 0.015015 -0.008667 -0.032593
-0.026123 -0.333252 0.986328 -0.002930 -0.006714 -0.033081
-0.026489 -0.323853 0.977173 -0.009399 -0.010376 -0.035156
