0.032349 -0.333740 0.993164 -0.110962 0.015747 -0.069458
0.029907 -0.336670 0.993652 -0.109009 0.016479 -0.070190
0.029541 -0.334595 1.004761 -0.111084 0.019653 -0.075439
0.037109 -0.330933 1.012817 -0.124268 0.024902 -0.080078
0.026123 -0.334839 1.008301 -0.160767 0.035767 -0.083618
0.014160 -0.343750 1.003418 -0.188354 0.041748 -0.084961
0.004150 -0.348022 1.000610 -0.204102 0.043457 -0.083740
0.001709 -0.365845 1.001831 -0.222656 0.046753 -0.079712
0.004028 -0.364624 1.016602 -0.228394 0.047241 -0.079224
0.007202 -0.368652 1.015869 -0.228027 0.052490 -0.081177
0.003784 -0.369751 1.006714 -0.228027 0.053955 -0.092407
-0.005493 -0.377808 0.990723 -0.208862 0.050537 -0.106689
-0.025391 -0.388428 0.993896 -0.186646 0.043701 -0.118164
-0.041870 -0.419067 0.999756 -0.165894 0.038452 -0.119019
-0.054810 -0.430908 0.996704 -0.158203 0.038574 -0.108032
-0.073975 -0.456299 0.993530 -0.163208 0.040405 -0.092041
-0.087891 -0.473877 0.986938 -0.146362 0.032593 -0.078003
-0.104370 -0.494019 0.978638 -0.093384 0.013550 -0.068481
-0.119141 -0.509277 0.971436 -0.031128 -0.015747 -0.066162
-0.132935 -0.538086 0.968750 0.038208 -0.043823 -0.061523
-0.132080 -0.541260 0.976929 0.094116 -0.069824 -0.052734
-0.122681 -0.550049 0.989502 0.125854 -0.084229 -0.034668
-0.122192 -0.568726 0.995117 0.127197 -0.080566 -0.013306
-0.125488 -0.578003 1.000000 0.123901 -0.074219 0.010132
-0.128174 -0.591309 0.990479 0.110474 -0.071777 0.040894
-0.127197 -0.596924 0.978271 0.098633 -0.075928 0.070679
-0.118774 -0.593262 0.973145 0.113281 -0.089111 0.097656
-0.113403 -0.594604 0.973633 0.142822 -0.108398 0.123901
-0.088867 -0.582275 0.983887 0.186279 -0.131226 0.144287
-0.070313 -0.578003 0.991821 0.229004 -0.139648 0.157471
-0.043579 -0.559937 1.018799 0.267456 -0.144653 0.170654
-0.023071 -0.542358 1.009399 0.317139 -0.145142 0.189697
-0.005615 -0.531738 0.998779 0.370972 -0.133667 0.205566
-0.000366 -0.530029 1.016846 0.385254 -0.113037 0.216431
0.005981 -0.524414 1.025146 0.363037 -0.093628 0.230957
0.019775 -0.511475 1.010498 0.341919 -0.079834 0.252319
0.025146 -0.491211 0.994141 0.317139 -0.071289 0.275635
0.051392 -0.463379 0.985962 0.318848 -0.062378 0.304443
0.057983 -0.436157 0.965088 0.271851 -0.048340 0.319702
0.066284 -0.403931 0.957764 0.240234 -0.044800 0.331421
0.074951 -0.386353 0.948242 0.231079 -0.054810 0.345703
0.085938 -0.371826 0.950562 0.230713 -0.066040 0.350464
0.097290 -0.350342 0.955322 0.250732 -0.075806 0.353638
0.107910 -0.346558 0.951050 0.266724 -0.074829 0.362671
0.112915 -0.349243 0.954956 0.272949 -0.065918 0.374146
0.116821 -0.336914 0.949585 0.232056 -0.050049 0.385620
0.120483 -0.323853 0.929810 0.163696 -0.037842 0.394043
0.130737 -0.302246 0.928101 0.136353 -0.037964 0.394043
0.136963 -0.283325 0.933838 0.128540 -0.042480 0.387085
0.133301 -0.289429 0.917358 0.114136 -0.042847 0.380127
0.126099 -0.291870 0.905640 0.112061 -0.054321 0.375244
0.134521 -0.286011 0.919922 0.109619 -0.073120 0.370117
0.147583 -0.265991 0.919067 0.117798 -0.091553 0.366943
0.152588 -0.255493 0.932495 0.094971 -0.097046 0.360718
0.158691 -0.244873 0.919312 0.109985 -0.107544 0.356201
0.173462 -0.228271 0.941528 0.135986 -0.114502 0.339966
0.178833 -0.217896 0.953247 0.108398 -0.109863 0.320435
0.173950 -0.224609 0.957031 0.090820 -0.099731 0.308105
0.174438 -0.218140 0.965698 0.079956 -0.089722 0.297241
0.171265 -0.208984 0.970703 0.045776 -0.076904 0.292236
0.170288 -0.203613 0.984375 0.023682 -0.061768 0.283691
0.164551 -0.200439 0.988037 -0.001953 -0.050537 0.267578
0.148682 -0.201660 0.969482 -0.020630 -0.046509 0.248169
0.135620 -0.202637 0.967285 -0.020142 -0.059082 0.224365
0.143188 -0.180298 0.983032 -0.004517 -0.073120 0.208374
0.148193 -0.157227 0.989014 -0.015503 -0.072998 0.202759
0.147095 -0.140625 0.965454 -0.042603 -0.057983 0.194702
0.147339 -0.129272 0.957886 -0.057373 -0.045776 0.175781
0.142090 -0.127686 0.953491 -0.072998 -0.043579 0.151123
0.144897 -0.124878 0.966675 -0.093140 -0.036621 0.125000
0.140137 -0.118530 0.972412 -0.131348 -0.019043 0.102661
0.119263 -0.133301 0.962036 -0.164063 0.006958 0.089355
0.103516 -0.144531 0.960815 -0.177490 0.021484 0.077881
0.091064 -0.141846 0.963257 -0.191528 0.027710 0.063965
0.080566 -0.144653 0.953491 -0.199463 0.028687 0.050171
0.080200 -0.136475 0.968872 -0.196655 0.022583 0.032349
0.076538 -0.129028 0.964844 -0.200928 0.018799 0.013184
0.080811 -0.129517 0.979858 -0.196289 0.012207 -0.010254
0.089600 -0.129639 1.005859 -0.172974 0.000000 -0.038940
0.100464 -0.139160 1.051880 -0.149048 -0.003296 -0.070435
0.104126 -0.148071 1.063965 -0.130371 0.002441 -0.096191
0.117676 -0.145630 1.089478 -0.107056 0.020508 -0.118164
0.116699 -0.161499 1.097168 -0.133179 0.060913 -0.134399
0.096924 -0.186768 1.092529 -0.193481 0.114258 -0.146851
0.055908 -0.227417 1.067749 -0.252319 0.163940 -0.150757
0.001831 -0.264404 1.008789 -0.279785 0.192505 -0.144897
-0.038940 -0.295898 0.938232 -0.278320 0.179077 -0.135254
-0.035645 -0.291260 0.937012 -0.240356 0.131348 -0.127441
-0.020264 -0.274536 0.945557 -0.211792 0.070801 -0.135376
0.023682 -0.228760 1.008667 -0.170654 0.004517 -0.155640
0.059570 -0.200073 1.088257 -0.135742 -0.036255 -0.175049
0.079834 -0.193481 1.160400 -0.139160 -0.049316 -0.201050
0.101807 -0.187012 1.238647 -0.112305 -0.041992 -0.228516
0.088867 -0.188965 1.264282 -0.113770 0.002808 -0.245117
0.061035 -0.189209 1.244873 -0.137695 0.057983 -0.250000
0.037598 -0.197021 1.223145 -0.150269 0.105103 -0.249512
0.017212 -0.195068 1.196167 -0.149414 0.140869 -0.250732
-0.016479 -0.211792 1.140991 -0.166992 0.160889 -0.254639
-0.056030 -0.236816 1.081055 -0.166626 0.173828 -0.261475
-0.081055 -0.260376 1.043457 -0.150879 0.168579 -0.265015
-0.081299 -0.264038 1.019775 -0.133667 0.148071 -0.265015
-0.081299 -0.263306 1.008301 -0.099609 0.135620 -0.272949
-0.072998 -0.261475 1.017090 -0.086914 0.122070 -0.282104
-0.055420 -0.252808 1.040894 -0.097046 0.114624 -0.280640
-0.061768 -0.269897 1.048340 -0.134766 0.143433 -0.270142
-0.078735 -0.282471 1.015869 -0.179688 0.174927 -0.254639
-0.093628 -0.292725 0.994629 -0.202637 0.187134 -0.243286
-0.108154 -0.312134 0.982910 -0.209473 0.178589 -0.240479
-0.108276 -0.316650 0.978516 -0.183838 0.160034 -0.242676
-0.113647 -0.323608 0.979370 -0.148193 0.137207 -0.247559
-0.115967 -0.332642 0.975342 -0.102661 0.108765 -0.256958
-0.103149 -0.325806 0.996216 -0.042480 0.074585 -0.265381
-0.087280 -0.318237 1.018433 0.010010 0.056274 -0.272339
-0.085693 -0.319092 1.015991 0.005371 0.056885 -0.269653
-0.086182 -0.322266 1.016113 -0.030396 0.068237 -0.259155
-0.086060 -0.329834 0.994873 -0.078125 0.085693 -0.243774
-0.088257 -0.337891 0.975952 -0.111328 0.098022 -0.230957
-0.084595 -0.348022 0.966064 -0.138794 0.102417 -0.219971
-0.084229 -0.384644 0.969971 -0.174194 0.102173 -0.210449
-0.075317 -0.402710 0.975708 -0.174194 0.095215 -0.209839
-0.071411 -0.407837 0.987061 -0.173096 0.089111 -0.207153
-0.080566 -0.425537 0.978760 -0.198730 0.093506 -0.190430
-0.093506 -0.444092 0.952515 -0.197876 0.090088 -0.173096
-0.094238 -0.458862 0.948975 -0.164917 0.070435 -0.161987
-0.092896 -0.468384 0.947144 -0.119019 0.046753 -0.155518
-0.093140 -0.469604 0.942993 -0.069702 0.028809 -0.148682
-0.077515 -0.472168 0.958374 -0.031372 0.013916 -0.141357
-0.067505 -0.472534 0.971802 -0.039673 0.020752 -0.124634
-0.065796 -0.476074 0.977295 -0.084473 0.045532 -0.097900
-0.067139 -0.479858 0.974365 -0.147339 0.072266 -0.071411
-0.062622 -0.492065 0.974976 -0.197632 0.090454 -0.051636
-0.062744 -0.505249 0.969116 -0.211914 0.100342 -0.042725
-0.072632 -0.517456 0.955688 -0.210693 0.099609 -0.040283
-0.077515 -0.531616 0.952026 -0.189697 0.087769 -0.036011
-0.078125 -0.535156 0.951172 -0.144775 0.066650 -0.037354
-0.078491 -0.535767 0.939941 -0.091064 0.036377 -0.044800
-0.068848 -0.528198 0.948608 -0.033325 0.008057 -0.053345
-0.063232 -0.521240 0.950439 -0.004395 -0.002686 -0.056030
-0.062134 -0.513794 0.952393 -0.008179 0.002197 -0.045288
-0.064697 -0.501343 0.942505 -0.017578 0.009888 -0.026367
-0.068481 -0.495728 0.930420 -0.025024 0.010010 -0.012329
-0.067139 -0.482178 0.935303 -0.022095 0.004761 -0.000366
-0.070313 -0.482666 0.931763 -0.026489 0.000732 0.017700
-0.067749 -0.465820 0.933594 -0.019409 -0.009399 0.027344
-0.059326 -0.446655 0.930420 -0.013184 -0.019653 0.032837
-0.057617 -0.440674 0.937378 -0.013916 -0.028564 0.034180
-0.046509 -0.417480 0.943237 -0.009888 -0.037476 0.030640
-0.031372 -0.384766 0.952148 -0.004150 -0.042114 0.027222
-0.020508 -0.373535 0.967896 -0.014404 -0.034912 0.025757
-0.019653 -0.368042 0.963257 -0.027832 -0.024292 0.017212
