0.052490 -0.304443 0.993164 -0.083984 -0.009766 -0.040161
0.046021 -0.310181 0.992432 -0.092285 -0.007935 -0.052612
0.044067 -0.312134 0.993530 -0.080566 -0.012329 -0.067627
0.046997 -0.308350 1.010254 -0.072998 -0.017212 -0.084106
0.043457 -0.307739 1.012939 -0.091919 -0.011597 -0.093628
0.031982 -0.314453 1.008911 -0.123535 0.000854 -0.093628
0.018433 -0.324707 1.003296 -0.155273 0.010864 -0.092041
0.004150 -0.327637 0.993286 -0.168091 0.015381 -0.097900
-0.010986 -0.346069 0.999634 -0.159180 0.013062 -0.106812
-0.032715 -0.375000 1.012207 -0.142334 0.005371 -0.112915
-0.052368 -0.411255 1.028687 -0.110474 0.001587 -0.102051
-0.062744 -0.426758 1.038086 -0.097290 0.002441 -0.083862
-0.071411 -0.432495 1.040039 -0.100098 0.002075 -0.062866
-0.067627 -0.435913 1.051758 -0.095215 -0.000732 -0.044067
-0.073608 -0.446777 1.058960 -0.094238 -0.000854 -0.035156
-0.082275 -0.463501 1.060669 -0.092285 0.002441 -0.028931
-0.084595 -0.488037 1.068726 -0.108154 0.010254 -0.019897
-0.114136 -0.514282 1.037109 -0.162842 0.020874 -0.009033
-0.130737 -0.545532 1.034058 -0.145508 0.016724 0.010742
-0.128906 -0.552612 1.028198 -0.073364 -0.005615 0.026489
-0.124756 -0.558350 1.027588 -0.019653 -0.034668 0.027344
-0.128418 -0.576904 1.033691 0.055420 -0.058472 0.029297
-0.118774 -0.565796 1.016724 0.123779 -0.071533 0.045654
-0.103027 -0.544312 1.017090 0.153442 -0.074097 0.077271
-0.086182 -0.534424 1.019531 0.151978 -0.071411 0.104614
-0.081543 -0.537109 0.986572 0.141479 -0.070679 0.129028
-0.078491 -0.543335 0.980469 0.137085 -0.063721 0.151489
-0.071533 -0.545654 0.966309 0.143311 -0.056519 0.173462
-0.060059 -0.536987 0.956665 0.152100 -0.056519 0.197144
-0.041504 -0.530151 0.958374 0.162720 -0.058838 0.222900
-0.016846 -0.508423 0.956909 0.166138 -0.056274 0.246582
-0.002563 -0.501099 0.944092 0.161011 -0.049561 0.267212
0.010864 -0.485229 0.946899 0.168213 -0.049438 0.278931
0.025513 -0.485474 0.943970 0.189453 -0.054077 0.285400
0.036987 -0.468506 0.933594 0.228882 -0.065063 0.283691
0.040771 -0.459351 0.925293 0.255859 -0.075684 0.281250
0.052002 -0.452148 0.925293 0.266113 -0.085205 0.281616
0.072754 -0.435669 0.929199 0.261230 -0.085571 0.292725
0.085327 -0.426025 0.928345 0.240845 -0.071167 0.315918
0.095093 -0.405029 0.903564 0.207764 -0.052612 0.339844
0.097168 -0.398682 0.877075 0.160034 -0.031006 0.365601
0.102417 -0.389526 0.862549 0.121704 -0.026855 0.382690
0.109009 -0.391602 0.863892 0.093018 -0.042358 0.387085
0.115967 -0.398438 0.878784 0.088257 -0.066040 0.383911
0.125610 -0.392578 0.908569 0.098755 -0.083496 0.389526
0.145630 -0.366577 0.913696 0.087769 -0.092041 0.400269
0.155762 -0.345093 0.904297 0.076660 -0.102905 0.409302
0.161133 -0.326904 0.897095 0.108887 -0.116089 0.405518
0.166138 -0.314331 0.893921 0.145630 -0.145264 0.389160
0.175415 -0.298096 0.919434 0.207031 -0.175537 0.371948
0.191528 -0.275757 0.921631 0.228394 -0.197021 0.360229
0.197510 -0.249756 0.934082 0.212524 -0.193359 0.341553
0.205322 -0.225464 0.931274 0.206543 -0.193359 0.330322
0.210815 -0.201782 0.933105 0.195923 -0.184204 0.316406
0.212158 -0.181274 0.927002 0.133545 -0.170288 0.299927
0.215576 -0.168823 0.927368 0.100830 -0.153564 0.287598
0.215820 -0.157227 0.929932 0.057495 -0.132324 0.277466
0.211060 -0.154541 0.937866 0.009277 -0.106079 0.273071
0.211182 -0.134277 0.930542 -0.024414 -0.084106 0.256226
0.217407 -0.114990 0.927612 -0.034912 -0.071533 0.228882
0.218628 -0.113159 0.930298 -0.048462 -0.057861 0.195923
0.208618 -0.121948 0.932617 -0.058350 -0.047363 0.163696
0.197388 -0.145508 0.951294 -0.067871 -0.038208 0.143555
0.183594 -0.164063 0.944946 -0.096558 -0.024414 0.132446
0.185303 -0.154419 0.956177 -0.078979 -0.014893 0.126099
0.162109 -0.168823 0.959961 -0.070190 0.004517 0.108887
0.135498 -0.174805 0.971069 -0.040649 0.012817 0.083862
0.128052 -0.164307 0.990723 0.002563 -0.000977 0.058228
0.120972 -0.159058 1.008301 0.004883 -0.017944 0.036377
0.117065 -0.130493 1.013916 0.041138 -0.040161 0.007935
0.130249 -0.105713 1.025757 0.143433 -0.074707 -0.034180
0.156128 -0.071899 1.061890 0.206177 -0.107422 -0.084229
0.171997 -0.058228 1.111084 0.176758 -0.104614 -0.119629
0.193359 -0.046509 1.134888 0.093384 -0.057861 -0.141479
0.182007 -0.064331 1.132324 -0.056641 0.019897 -0.155029
0.154541 -0.090210 1.123169 -0.189453 0.101440 -0.159790
0.132202 -0.108521 1.108276 -0.283447 0.160522 -0.165161
0.082397 -0.152100 1.070557 -0.341431 0.187744 -0.172241
0.059570 -0.171509 1.064941 -0.344482 0.176392 -0.180298
0.042969 -0.171509 1.039673 -0.334473 0.150757 -0.193115
0.033447 -0.181519 1.013794 -0.281616 0.125732 -0.208496
0.040649 -0.176025 1.025757 -0.223389 0.093628 -0.234131
0.071289 -0.149780 1.053589 -0.183838 0.074097 -0.252441
0.100952 -0.136230 1.091553 -0.213745 0.087646 -0.260010
0.105835 -0.138672 1.115234 -0.303345 0.132324 -0.274292
0.084351 -0.163696 1.131836 -0.365723 0.183472 -0.290527
0.033691 -0.228760 1.125610 -0.470825 0.224976 -0.296997
-0.005859 -0.263062 1.112427 -0.551636 0.258667 -0.292725
-0.040771 -0.278320 1.090088 -0.574951 0.273560 -0.285278
-0.054443 -0.287476 1.087524 -0.524414 0.258301 -0.278564
-0.065186 -0.296387 1.101440 -0.444092 0.222412 -0.285034
-0.068726 -0.293091 1.109131 -0.372314 0.173950 -0.300171
-0.087769 -0.312012 1.107910 -0.325806 0.133057 -0.312622
-0.084229 -0.305786 1.119385 -0.250610 0.117065 -0.326660
-0.087402 -0.301514 1.121582 -0.208740 0.116211 -0.326904
-0.101807 -0.316895 1.101563 -0.201904 0.144531 -0.314819
-0.110962 -0.325073 1.101563 -0.201172 0.187378 -0.297485
-0.128296 -0.346680 1.080811 -0.246460 0.212646 -0.266846
-0.144409 -0.362915 1.059082 -0.266846 0.239380 -0.242676
-0.162231 -0.379395 1.043335 -0.252075 0.233643 -0.225464
-0.178833 -0.399658 1.019287 -0.234131 0.193359 -0.216919
-0.179565 -0.412109 1.000732 -0.180664 0.140381 -0.215454
-0.152832 -0.398438 1.021484 -0.088989 0.082031 -0.218628
-0.128784 -0.395996 1.035278 -0.024048 0.043335 -0.222412
-0.105469 -0.372070 1.046265 0.042603 0.031860 -0.223267
-0.094238 -0.370361 1.038574 0.067505 0.044434 -0.218018
-0.097778 -0.372925 1.012817 0.037109 0.068970 -0.202026
-0.100464 -0.391602 0.996582 -0.005005 0.088623 -0.177124
-0.100098 -0.389404 0.982544 -0.071167 0.095581 -0.150146
-0.101196 -0.398804 0.954834 -0.112305 0.097534 -0.119995
-0.109497 -0.424561 0.933228 -0.119385 0.089111 -0.093384
-0.095581 -0.432983 0.931885 -0.111328 0.065063 -0.076782
-0.062134 -0.416138 0.960205 -0.084717 0.043823 -0.075684
-0.047363 -0.399902 0.955566 -0.060059 0.036621 -0.098511
-0.055054 -0.408081 0.922241 -0.025146 0.026001 -0.131470
-0.056274 -0.431152 0.913208 0.011353 0.012451 -0.155762
-0.057251 -0.462891 0.922729 0.003296 0.014648 -0.160400
-0.051514 -0.478516 0.924072 -0.031006 0.034302 -0.142578
-0.043335 -0.485474 0.929443 -0.076294 0.053223 -0.122559
-0.047729 -0.494507 0.925659 -0.109253 0.063721 -0.110107
-0.053955 -0.533325 0.937866 -0.103027 0.067261 -0.097778
-0.066895 -0.557617 0.933594 -0.092041 0.063843 -0.089233
-0.076660 -0.577393 0.924316 -0.081055 0.053955 -0.072266
-0.067139 -0.562500 0.926514 -0.055176 0.038086 -0.056763
-0.067871 -0.563232 0.920166 -0.039673 0.023804 -0.039673
-0.060669 -0.542480 0.920288 -0.028076 0.008789 -0.027344
-0.048828 -0.530640 0.929932 -0.021118 -0.002197 -0.015869
-0.044189 -0.512451 0.927124 -0.006958 -0.014038 -0.018188
-0.045532 -0.497070 0.929077 0.023926 -0.032837 -0.029175
-0.031250 -0.484741 0.939209 0.050049 -0.049194 -0.036987
-0.030518 -0.471313 0.936768 0.055054 -0.050415 -0.035889
-0.020020 -0.436523 0.933594 0.054443 -0.049194 -0.033936
-0.017456 -0.429565 0.934570 0.040771 -0.043335 -0.026489
-0.018188 -0.425293 0.933472 0.031982 -0.035522 -0.020142
-0.012573 -0.421631 0.939697 0.023315 -0.027832 -0.013916
-0.020752 -0.433105 0.946411 -0.002075 -0.014404 -0.009766
-0.036011 -0.437988 0.936279 -0.022827 -0.008179 -0.006592
-0.041260 -0.425903 0.936157 -0.015869 -0.013672 -0.004517
-0.045532 -0.420898 0.927124 -0.010986 -0.023926 -0.002686
-0.050293 -0.423706 0.921753 -0.004272 -0.032104 0.000977
-0.045654 -0.415771 0.929077 0.014038 -0.044678 0.003296
-0.029419 -0.405151 0.949341 0.023315 -0.055298 0.004272
-0.020264 -0.394775 0.955688 0.009644 -0.052979 0.001221
-0.027954 -0.393433 0.951172 0.000366 -0.046631 -0.003540
-0.023438 -0.398804 0.957520 0.005249 -0.046509 -0.005249
-0.018921 -0.394165 0.971558 -0.001343 -0.045410 -0.005249
-0.024658 -0.392334 0.968872 -0.002441 -0.042603 -0.005127
-0.020020 -0.385986 0.962646 0.002441 -0.043579 -0.008057
-0.026855 -0.394775 0.962036 -0.011841 -0.042969 -0.008911
-0.024658 -0.398682 0.971802 -0.026367 -0.043335 -0.007935
