0.026123 -0.303955 1.014648 -0.003296 -0.021362 -0.041260
0.019409 -0.297852 1.019653 0.021851 -0.033447 -0.055664
0.014282 -0.295776 1.030640 0.051270 -0.044922 -0.068970
0.010742 -0.282593 1.045410 0.049561 -0.050049 -0.069580
0.002319 -0.310181 1.051880 0.015747 -0.043823 -0.048218
-0.012573 -0.320557 1.046997 -0.025269 -0.041016 -0.036621
-0.023071 -0.334473 1.050293 -0.024902 -0.046875 -0.037231
-0.035645 -0.352661 1.051880 0.005981 -0.061523 -0.044678
-0.045166 -0.366333 1.045288 0.036865 -0.079102 -0.050659
-0.052246 -0.387817 1.056152 0.078491 -0.095581 -0.052246
-0.056641 -0.410034 1.086792 0.117554 -0.103394 -0.046021
-0.067383 -0.422119 1.088623 0.115479 -0.098022 -0.027832
-0.061157 -0.401733 1.097046 0.113281 -0.083618 0.007202
-0.057861 -0.406982 1.096558 0.095825 -0.060303 0.060669
-0.055054 -0.403809 1.084595 0.048950 -0.036011 0.103271
-0.057007 -0.412109 1.057983 0.025146 -0.018433 0.135376
-0.056519 -0.413208 1.042969 0.035522 -0.014771 0.159058
-0.047974 -0.414307 1.034424 0.051758 -0.024536 0.182983
-0.031738 -0.393188 1.020996 0.083008 -0.039551 0.201172
-0.025635 -0.401489 0.991455 0.083984 -0.050659 0.212891
-0.018311 -0.403442 0.978760 0.097046 -0.055054 0.218384
-0.010864 -0.401367 0.966187 0.114990 -0.057495 0.232300
0.005981 -0.397827 0.973389 0.115723 -0.062500 0.249146
0.026001 -0.379028 0.989258 0.113037 -0.052856 0.260254
0.032715 -0.388794 0.975220 0.084106 -0.031860 0.279297
0.037598 -0.396240 0.961792 0.064331 -0.020996 0.293945
0.051025 -0.394897 0.951416 0.062012 -0.024780 0.298706
0.060547 -0.392090 0.965332 0.072632 -0.024902 0.293945
0.081421 -0.384277 0.964355 0.098999 -0.038696 0.292480
0.095947 -0.383301 0.966919 0.091797 -0.046875 0.291382
0.097412 -0.404785 0.987305 0.079102 -0.043579 0.296021
0.111450 -0.389282 0.973755 0.102783 -0.047607 0.304932
0.126343 -0.370972 0.974121 0.108643 -0.054077 0.313721
0.133301 -0.358765 0.965454 0.110840 -0.055176 0.319092
0.148315 -0.329712 0.955933 0.114380 -0.052490 0.328125
0.149048 -0.330322 0.942261 0.094116 -0.044800 0.338135
0.155518 -0.315552 0.932739 0.101563 -0.051270 0.339722
0.162842 -0.307373 0.923096 0.111328 -0.067627 0.337402
0.170532 -0.300171 0.924561 0.111084 -0.086792 0.333618
0.203735 -0.264404 0.939331 0.121216 -0.102173 0.325684
0.225708 -0.249512 0.967529 0.082397 -0.107422 0.316162
0.237183 -0.233887 0.997192 0.078979 -0.106079 0.303589
0.252441 -0.214355 1.014893 0.081909 -0.096924 0.284790
0.247681 -0.218140 1.018066 0.070923 -0.079102 0.270020
0.243530 -0.217285 1.031738 0.125366 -0.065063 0.256348
0.241943 -0.201172 1.032593 0.162476 -0.047485 0.249146
0.222168 -0.198242 1.006958 0.162720 -0.024170 0.242188
0.206787 -0.189209 0.985474 0.147949 -0.012695 0.240112
0.203369 -0.169189 0.965332 0.180420 -0.021118 0.229736
0.211426 -0.146484 0.952637 0.238647 -0.037354 0.209229
0.218506 -0.131592 0.954956 0.280396 -0.049072 0.186768
0.224365 -0.116699 0.951172 0.261841 -0.038574 0.166382
0.218384 -0.101318 0.945190 0.166016 -0.002075 0.158569
0.205688 -0.085938 0.918457 0.035034 0.031006 0.142822
0.176392 -0.110229 0.904541 -0.078735 0.030151 0.101440
0.156982 -0.153931 0.940674 -0.131836 -0.001465 0.055908
0.151245 -0.192383 1.007690 -0.148804 -0.044800 0.020630
0.143188 -0.216431 1.051147 -0.141113 -0.059937 0.006836
0.168701 -0.190796 1.077637 -0.107178 -0.055664 0.015625
0.182373 -0.146362 1.056274 -0.087280 -0.020020 0.027466
0.187256 -0.085449 1.024170 -0.096191 0.028320 0.035767
0.172974 -0.078125 0.994385 -0.148560 0.075562 0.047485
0.161987 -0.078247 0.983032 -0.227417 0.106445 0.037476
0.161377 -0.082153 0.999268 -0.298584 0.126221 0.014893
0.132935 -0.098389 0.980713 -0.339844 0.142212 -0.014648
0.117188 -0.115723 0.979370 -0.359741 0.143677 -0.044067
0.109863 -0.125366 0.984741 -0.345337 0.135132 -0.068848
0.112915 -0.112305 0.987183 -0.298584 0.123657 -0.080566
0.109985 -0.113281 0.994629 -0.267212 0.116455 -0.089111
0.107788 -0.111206 0.979370 -0.254272 0.109741 -0.098755
0.094116 -0.114990 0.953857 -0.237183 0.100708 -0.114502
0.090698 -0.100708 0.949463 -0.209473 0.083496 -0.148926
0.088623 -0.105347 0.940918 -0.193726 0.067261 -0.184204
0.081299 -0.115479 0.955200 -0.207031 0.062134 -0.210205
0.074219 -0.129883 0.971680 -0.258301 0.069824 -0.225342
0.061523 -0.155151 0.975098 -0.304199 0.080078 -0.223145
0.060059 -0.174194 0.994263 -0.309448 0.087524 -0.206543
0.048340 -0.195679 1.026733 -0.290039 0.100830 -0.181274
0.034668 -0.217163 1.061157 -0.236450 0.098145 -0.177002
0.014404 -0.227295 1.087524 -0.178711 0.078247 -0.187500
0.010010 -0.194336 1.139771 -0.127319 0.053711 -0.206299
0.020874 -0.201050 1.196533 -0.137817 0.044312 -0.195068
0.018433 -0.197510 1.213013 -0.197510 0.064819 -0.200684
-0.006470 -0.201050 1.192627 -0.204590 0.083984 -0.207153
-0.019165 -0.198608 1.178955 -0.175659 0.087280 -0.212524
-0.035278 -0.219360 1.160278 -0.154541 0.077515 -0.212891
-0.035156 -0.225098 1.176758 -0.112305 0.058960 -0.219360
-0.032593 -0.233276 1.186157 -0.121826 0.050781 -0.225952
-0.028809 -0.231689 1.192627 -0.138184 0.057983 -0.241455
-0.040405 -0.243042 1.178101 -0.148071 0.075195 -0.258911
-0.057617 -0.268066 1.156372 -0.160645 0.098511 -0.267822
-0.077515 -0.291748 1.131592 -0.170532 0.116455 -0.261108
-0.084839 -0.311035 1.106689 -0.138184 0.123779 -0.258057
-0.087524 -0.302124 1.075195 -0.072266 0.107788 -0.269287
-0.103149 -0.318848 1.054810 0.017212 0.084351 -0.273682
-0.090332 -0.317627 1.064209 0.117554 0.043945 -0.277588
-0.062012 -0.287109 1.060791 0.155518 0.014282 -0.277100
-0.047974 -0.269531 1.054199 0.157959 0.026123 -0.267578
-0.048096 -0.275391 1.026367 0.101807 0.046021 -0.246704
-0.056030 -0.284790 1.011353 0.030762 0.063843 -0.228760
-0.054565 -0.295410 1.003418 -0.020752 0.070923 -0.210693
-0.068970 -0.330688 1.000244 -0.064941 0.075195 -0.189575
-0.072632 -0.339966 0.980957 -0.041626 0.070557 -0.171387
-0.060181 -0.327759 0.957397 0.026733 0.071899 -0.147461
-0.063232 -0.345093 0.936768 0.059570 0.055420 -0.137207
-0.050781 -0.338379 0.942017 0.123535 0.007202 -0.153931
-0.022217 -0.329712 0.955933 0.200439 -0.029053 -0.166382
0.011230 -0.308594 0.997070 0.223999 -0.028442 -0.164673
0.004517 -0.316650 0.983765 0.171875 0.008667 -0.152222
-0.010986 -0.342407 0.983521 0.053345 0.051514 -0.134644
-0.021484 -0.359009 0.981323 -0.091797 0.084595 -0.110718
-0.034546 -0.390991 0.961670 -0.195557 0.117554 -0.078613
-0.035278 -0.392334 0.948242 -0.236938 0.133545 -0.059570
-0.037109 -0.404541 0.938232 -0.256714 0.123169 -0.062988
-0.030273 -0.394653 0.947388 -0.229370 0.094116 -0.077881
-0.047607 -0.453247 0.970703 -0.172852 0.068481 -0.073730
-0.035767 -0.440430 0.987061 -0.089600 0.032959 -0.076782
-0.033936 -0.433716 0.959229 -0.058228 0.016724 -0.067749
-0.030151 -0.416992 0.958252 -0.039795 0.007080 -0.054321
-0.020264 -0.395264 0.956665 -0.031128 0.002075 -0.030762
-0.014404 -0.386353 0.963623 -0.027466 0.005737 -0.005493
-0.019287 -0.394043 0.977173 -0.037842 0.006470 0.007813
-0.019409 -0.399292 0.994629 -0.069214 0.003174 0.015747
-0.017212 -0.388550 1.016357 -0.098755 -0.000977 0.027466
-0.015991 -0.388428 0.995605 -0.112305 -0.004272 0.062134
-0.026123 -0.386597 0.981812 -0.107178 -0.005981 0.092163
-0.015869 -0.373901 0.992920 -0.102905 -0.031250 0.101196
-0.001587 -0.366333 1.012207 -0.118530 -0.049683 0.096436
-0.010986 -0.369751 1.018433 -0.111084 -0.056030 0.072876
-0.001587 -0.336914 1.010132 -0.061890 -0.069580 0.044800
-0.009033 -0.337646 1.000488 -0.027222 -0.068237 0.035767
-0.012451 -0.334839 0.990845 0.011963 -0.070557 0.021729
-0.012939 -0.341553 0.984009 0.052734 -0.075439 0.004150
-0.015259 -0.346069 0.981079 0.080933 -0.082031 -0.020386
-0.005493 -0.326538 0.990967 0.098022 -0.096313 -0.051147
0.010864 -0.305542 0.999634 0.097290 -0.103149 -0.076904
0.019043 -0.295898 1.007568 0.081177 -0.094238 -0.091919
0.024292 -0.276489 0.997803 0.077393 -0.075439 -0.094482
0.019165 -0.280151 0.993408 0.094971 -0.056763 -0.084229
0.018433 -0.272705 1.004517 0.084839 -0.041504 -0.072388
0.013916 -0.291748 0.998779 0.052979 -0.026123 -0.057007
0.021118 -0.269531 1.018555 0.028076 -0.025757 -0.051758
0.027222 -0.283569 1.032471 0.013062 -0.015259 -0.033813
0.015259 -0.290039 1.010620 -0.000366 0.004150 -0.023560
-0.000488 -0.305908 0.994385 -0.025879 0.009521 -0.015625
0.005981 -0.305054 1.002563 -0.036987 0.001099 -0.010742
0.016968 -0.298950 1.011719 -0.040771 -0.008301 -0.013306
0.020630 -0.296753 1.005981 -0.038696 -0.013428 -0.027954
0.015259 -0.299316 1.006104 -0.040039 -0.014648 -0.042603
0.014771 -0.307739 1.009521 -0.048706 -0.010864 -0.047852
