0.047852 -0.262939 1.041016 -0.110718 0.007324 -0.048706
0.047852 -0.265869 1.057007 -0.106689 0.002319 -0.064575
0.044800 -0.280151 1.064453 -0.103027 0.004639 -0.064819
0.024414 -0.290405 1.011719 -0.130371 0.012451 -0.061401
0.010498 -0.292725 0.990845 -0.141968 0.004639 -0.058350
0.016479 -0.302124 0.994995 -0.109863 -0.022095 -0.053467
0.026123 -0.301758 1.016113 -0.065796 -0.044189 -0.061523
0.024780 -0.295410 1.020264 -0.031494 -0.053589 -0.075562
0.016968 -0.302979 1.021484 -0.028076 -0.056519 -0.083496
0.014526 -0.296875 1.029053 -0.038330 -0.064331 -0.083252
0.018921 -0.287598 1.044556 -0.045654 -0.068970 -0.067383
0.013184 -0.303467 1.057617 -0.056396 -0.061279 -0.045898
-0.007690 -0.325806 1.060059 -0.061523 -0.055664 -0.037476
-0.028198 -0.348022 1.069214 -0.045532 -0.060547 -0.036621
-0.038818 -0.344971 1.060669 -0.012695 -0.076416 -0.039307
-0.031860 -0.325195 1.060669 0.010986 -0.091675 -0.040649
-0.037231 -0.329468 1.070313 0.017212 -0.090576 -0.026489
-0.043213 -0.349976 1.085083 0.025146 -0.078735 -0.002319
-0.050781 -0.351440 1.068970 0.032227 -0.068970 0.018921
-0.047729 -0.357300 1.083130 0.034180 -0.064697 0.033813
-0.047729 -0.343994 1.070801 0.028931 -0.067383 0.040039
-0.067261 -0.372314 1.056763 0.038696 -0.068359 0.049683
-0.063354 -0.379883 1.065674 0.083008 -0.075439 0.052979
-0.051758 -0.381348 1.080933 0.095825 -0.077515 0.059570
-0.047974 -0.405518 1.086060 0.103394 -0.080078 0.071533
-0.038696 -0.418335 1.084351 0.119751 -0.088379 0.080933
-0.050537 -0.434082 1.067627 0.104126 -0.081787 0.098999
-0.057007 -0.455811 1.061890 0.128662 -0.062988 0.123047
-0.049805 -0.455200 1.050659 0.176392 -0.068115 0.147461
-0.034790 -0.456177 1.043335 0.191528 -0.083496 0.169556
-0.010132 -0.438477 1.043579 0.208496 -0.089966 0.185425
0.024048 -0.412109 1.049805 0.215698 -0.081787 0.200195
0.067627 -0.370483 1.065430 0.200317 -0.064209 0.211548
0.100708 -0.344116 1.075439 0.167114 -0.031738 0.213745
0.124268 -0.337769 1.061523 0.132202 0.015747 0.207886
0.130249 -0.310669 1.036011 0.066895 0.071411 0.204346
0.103516 -0.345215 0.996216 -0.020752 0.127808 0.228027
0.093628 -0.364746 0.967407 -0.054932 0.149292 0.259155
0.101685 -0.366089 0.950684 -0.041504 0.129150 0.284424
0.115845 -0.338745 0.948364 -0.013428 0.106812 0.300171
0.101807 -0.363281 0.919434 0.017578 0.088501 0.319336
0.089355 -0.355225 0.877808 0.089722 0.041260 0.313477
0.070435 -0.355835 0.846680 0.167480 -0.026855 0.302002
0.094604 -0.338379 0.865356 0.280151 -0.108643 0.293579
0.140869 -0.296509 0.930054 0.384888 -0.167603 0.290161
0.185303 -0.241333 0.963501 0.412109 -0.166260 0.305908
0.204102 -0.231201 0.977295 0.354370 -0.122681 0.336182
0.194580 -0.216431 0.979248 0.269043 -0.080200 0.349976
0.175171 -0.221313 0.958130 0.191528 -0.052979 0.363525
0.170654 -0.221191 0.948486 0.130127 -0.050293 0.368408
0.204956 -0.178955 0.960083 0.090332 -0.057617 0.370239
0.227173 -0.151855 0.956787 0.003662 -0.039185 0.372070
0.227905 -0.135620 0.945190 -0.087524 -0.015625 0.364136
0.218384 -0.143433 0.930908 -0.157227 -0.004761 0.355591
0.220703 -0.144531 0.934570 -0.180542 -0.011475 0.343506
0.232544 -0.138062 0.952271 -0.172119 -0.026489 0.328979
0.260498 -0.120117 0.966187 -0.143311 -0.038574 0.305786
0.281006 -0.094727 0.991089 -0.136230 -0.035522 0.278198
0.287476 -0.082520 1.001221 -0.150391 -0.009888 0.252563
0.280640 -0.088135 1.004639 -0.156372 0.009033 0.222290
0.266846 -0.084961 1.007202 -0.155151 0.022583 0.187988
0.227783 -0.114624 0.990967 -0.163940 0.038330 0.169189
0.203979 -0.128540 0.977051 -0.170288 0.038818 0.151489
0.197876 -0.111572 0.984863 -0.180420 0.035889 0.136475
0.183350 -0.119019 0.984863 -0.179443 0.045898 0.130737
0.165527 -0.118774 0.974365 -0.169312 0.051758 0.109497
0.146362 -0.101440 0.943848 -0.172607 0.056885 0.090210
0.119751 -0.106079 0.913696 -0.161987 0.053589 0.069214
0.098877 -0.100952 0.902954 -0.146729 0.039551 0.045288
0.096558 -0.106201 0.923584 -0.148193 0.024170 0.025757
0.095947 -0.095337 0.956299 -0.148560 0.014404 -0.001343
0.091675 -0.081055 0.960083 -0.144653 0.016479 -0.028564
0.092163 -0.061768 0.951416 -0.141479 0.016846 -0.057129
0.094482 -0.041504 0.967651 -0.144043 0.009766 -0.092529
0.104126 -0.046509 0.999634 -0.156128 -0.003052 -0.131104
0.088867 -0.058105 1.027466 -0.157349 -0.007690 -0.170532
0.067749 -0.099243 1.067261 -0.149292 -0.007568 -0.189087
0.073730 -0.095459 1.101196 -0.137817 -0.010010 -0.193970
0.073486 -0.107422 1.115601 -0.150146 -0.007324 -0.192383
0.077881 -0.094482 1.117676 -0.167358 0.011597 -0.206421
0.073608 -0.095825 1.108765 -0.172485 0.032349 -0.214966
0.061035 -0.119629 1.104126 -0.206055 0.048706 -0.214233
0.062622 -0.121704 1.112915 -0.222290 0.066406 -0.227905
0.038940 -0.150024 1.100830 -0.223511 0.086304 -0.249512
0.001709 -0.179688 1.099854 -0.227051 0.089600 -0.270020
-0.011108 -0.216797 1.104980 -0.215820 0.080322 -0.276367
-0.015991 -0.210449 1.108154 -0.171021 0.075806 -0.281738
-0.024536 -0.229004 1.112061 -0.155518 0.062988 -0.276367
-0.016357 -0.223267 1.121582 -0.128052 0.043823 -0.273926
0.000854 -0.224121 1.136353 -0.083740 0.037109 -0.277344
-0.000366 -0.242798 1.159790 -0.040649 0.043091 -0.284546
-0.003296 -0.256592 1.160156 -0.072021 0.047363 -0.282227
-0.001221 -0.252930 1.156372 -0.098999 0.062134 -0.281494
-0.012085 -0.259521 1.128662 -0.091675 0.080078 -0.277954
-0.044189 -0.278198 1.099976 -0.100098 0.087280 -0.267090
-0.062744 -0.301758 1.079712 -0.076660 0.073486 -0.248291
-0.060303 -0.297729 1.058838 -0.014038 0.046509 -0.236328
-0.053589 -0.283447 1.050293 0.043213 0.021484 -0.234253
-0.038330 -0.277222 1.041748 0.062500 0.014771 -0.222656
-0.018799 -0.259766 1.048828 0.050537 0.028442 -0.208130
-0.010742 -0.256348 1.033569 -0.004028 0.055054 -0.191040
-0.014893 -0.254639 1.020996 -0.050171 0.080688 -0.186157
-0.025513 -0.280518 1.003052 -0.065674 0.092163 -0.192993
-0.044678 -0.312744 0.991699 -0.051147 0.089478 -0.205322
-0.057861 -0.340332 0.986694 -0.032715 0.080078 -0.212402
-0.068115 -0.355957 0.984375 -0.033813 0.077026 -0.206177
-0.071411 -0.368652 0.989380 -0.045044 0.073364 -0.191528
-0.071167 -0.364380 0.983398 -0.056519 0.062012 -0.174438
-0.068237 -0.367676 0.986328 -0.057617 0.045532 -0.137939
-0.042480 -0.363403 1.011719 -0.042236 0.034424 -0.102661
-0.014038 -0.333008 1.010498 -0.053833 0.036987 -0.091431
-0.011230 -0.319458 0.988525 -0.067871 0.044067 -0.095459
-0.014771 -0.331665 0.977295 -0.066284 0.033936 -0.103394
-0.014648 -0.356934 0.989868 -0.056274 0.018799 -0.104248
-0.021484 -0.383789 1.004883 -0.052124 0.022217 -0.094482
-0.024170 -0.403320 1.004272 -0.071411 0.033813 -0.073730
-0.030518 -0.395874 0.987183 -0.086060 0.042603 -0.055054
-0.026611 -0.399414 0.985840 -0.092285 0.040527 -0.043945
-0.013916 -0.383423 1.004272 -0.089844 0.030029 -0.046875
0.004150 -0.370239 1.022827 -0.082520 0.021729 -0.053345
0.000244 -0.369507 1.001465 -0.076904 0.018799 -0.061279
-0.009399 -0.368774 0.989624 -0.056641 0.006958 -0.065308
-0.003174 -0.368042 1.000610 -0.033325 -0.003174 -0.056641
0.002197 -0.364746 0.997192 -0.020264 -0.000366 -0.047974
0.008301 -0.349976 0.991943 -0.010986 0.000732 -0.042725
0.010864 -0.343018 1.001831 -0.011475 0.000244 -0.032471
0.015259 -0.345093 1.002075 -0.021362 0.002686 -0.020142
0.012817 -0.349609 1.014648 -0.042725 0.008789 -0.015747
0.000854 -0.354004 0.993164 -0.059692 0.012207 -0.012939
-0.003174 -0.348511 0.972534 -0.052734 0.002319 -0.015991
0.002197 -0.337036 0.988770 -0.040283 -0.012207 -0.021118
0.005127 -0.334351 0.998413 -0.021851 -0.020142 -0.025635
0.008301 -0.326050 0.989868 -0.003296 -0.025635 -0.031860
0.015259 -0.313843 1.008423 0.010010 -0.030762 -0.038330
0.026978 -0.302002 1.022949 0.013916 -0.030151 -0.046753
0.028809 -0.301025 1.026978 0.005249 -0.019653 -0.050293
0.020508 -0.302368 1.014648 -0.010498 -0.009766 -0.055298
0.021362 -0.289429 1.006714 -0.010742 -0.007324 -0.060425
0.019165 -0.304932 1.014771 -0.009155 -0.001099 -0.043213
0.009766 -0.313232 1.008301 -0.011230 0.006592 -0.028564
0.008423 -0.308960 1.000977 -0.006104 0.001465 -0.020386
0.006226 -0.317749 1.008057 -0.010132 -0.001831 -0.006104
0.005127 -0.313232 1.009644 -0.017334 -0.005859 -0.002319
0.006592 -0.308472 1.004395 -0.016968 -0.006348 0.004150
0.008179 -0.304810 1.007568 -0.027344 -0.007202 0.011963
0.019653 -0.294800 1.013306 -0.038330 -0.006836 0.012939
0.024292 -0.284790 1.007080 -0.044800 -0.005493 0.006714
0.021973 -0.286621 1.008057 -0.042969 -0.004883 -0.001221
0.025757 -0.292114 1.009766 -0.032104 -0.005493 -0.012573
0.032593 -0.281982 1.013916 -0.025146 -0.006104 -0.027588
