0.097046 -0.221313 1.013794 -0.014526 -0.022827 -0.029541
0.094971 -0.225830 1.024780 -0.021484 -0.020264 -0.038330
0.087402 -0.228638 1.027100 -0.040771 -0.012817 -0.039307
0.073853 -0.245850 1.030396 -0.059692 -0.006592 -0.035522
0.069702 -0.248657 1.036499 -0.083130 -0.008667 -0.036011
0.067139 -0.245483 1.025391 -0.099365 -0.009521 -0.039185
0.062256 -0.255005 1.027222 -0.098999 -0.011963 -0.047607
0.058716 -0.249023 1.028198 -0.100708 -0.013672 -0.061035
0.047974 -0.266724 1.036133 -0.093384 -0.016113 -0.064819
0.035889 -0.267700 1.012817 -0.086304 -0.013794 -0.062256
0.020264 -0.279541 1.010498 -0.086426 -0.011475 -0.077393
-0.007690 -0.278809 0.980713 -0.056519 -0.016602 -0.100586
-0.031372 -0.308105 0.979492 -0.009277 -0.056763 -0.085815
-0.031494 -0.320068 1.006836 0.031128 -0.098877 -0.065430
-0.015381 -0.315674 1.012207 0.029541 -0.126221 -0.029663
0.016724 -0.308716 1.055420 -0.028198 -0.140259 0.006470
0.058838 -0.291382 1.138672 -0.085693 -0.145264 0.021484
0.036011 -0.321777 1.123169 -0.163818 -0.110596 0.022461
-0.010498 -0.351685 1.066162 -0.159790 -0.085938 0.007446
-0.030029 -0.364990 1.039673 -0.118774 -0.094482 0.004517
-0.024048 -0.381592 1.062988 -0.058960 -0.099243 0.005005
-0.023193 -0.387817 1.044678 0.011719 -0.095459 0.012939
-0.030029 -0.417847 1.051636 0.072388 -0.071167 0.020264
-0.038330 -0.440796 1.056152 0.131592 -0.069580 0.030518
-0.033691 -0.455811 1.066284 0.158325 -0.080566 0.049805
-0.021240 -0.445801 1.092529 0.126465 -0.091064 0.077148
0.011353 -0.419189 1.069336 0.109863 -0.134644 0.114502
0.005005 -0.426880 1.047729 0.093262 -0.137817 0.150024
0.008423 -0.428345 1.028076 0.096924 -0.130859 0.179199
0.039917 -0.418335 1.041992 0.144897 -0.127808 0.199463
0.066040 -0.402954 1.044556 0.132568 -0.125732 0.214722
0.075317 -0.414917 1.047485 0.093140 -0.092041 0.228760
0.083618 -0.397949 1.043457 0.028198 -0.047363 0.241943
0.078735 -0.407837 1.012695 0.010620 -0.017822 0.261719
0.089844 -0.388062 0.976685 0.001465 -0.010010 0.270752
0.112427 -0.362061 0.959229 -0.039307 0.000366 0.270142
0.121216 -0.352661 0.950684 -0.066650 0.016479 0.270508
0.125000 -0.380127 0.960693 -0.058716 0.022461 0.270508
0.118042 -0.378174 0.957031 -0.050171 0.014404 0.264771
0.127197 -0.380615 0.953125 -0.085205 0.002686 0.265259
0.133545 -0.381226 0.951538 -0.103394 -0.011719 0.264893
0.132690 -0.372925 0.940186 -0.073730 -0.035889 0.265015
0.130493 -0.366943 0.931396 -0.029907 -0.062378 0.269653
0.143433 -0.369629 0.937988 0.012085 -0.088013 0.280518
0.168091 -0.358154 0.958496 0.039185 -0.099609 0.297607
0.177979 -0.344238 0.965698 0.017334 -0.088867 0.313965
0.192383 -0.332031 0.972778 -0.004272 -0.073120 0.326782
0.203857 -0.309937 0.975342 0.008545 -0.064697 0.324219
0.211792 -0.304565 0.965210 0.026733 -0.061646 0.318604
0.223022 -0.296143 0.982056 0.069336 -0.071411 0.298828
0.223511 -0.307129 0.984863 0.090820 -0.080811 0.271973
0.232788 -0.301880 0.995605 0.124878 -0.101807 0.244019
0.242920 -0.291016 1.026978 0.188965 -0.106934 0.229614
0.240967 -0.283936 1.022339 0.188354 -0.077026 0.238403
0.233154 -0.278931 1.021729 0.153198 -0.040527 0.253784
0.227295 -0.261475 0.987671 0.113037 -0.005615 0.259888
0.221680 -0.242065 0.962524 0.099487 0.015625 0.254639
0.212036 -0.231567 0.947632 0.071655 0.024536 0.245850
0.208862 -0.219482 0.932739 0.070923 0.024902 0.232300
0.209229 -0.199951 0.929932 0.064941 0.020752 0.215698
0.212646 -0.200195 0.932251 0.052124 0.014893 0.198364
0.207886 -0.199097 0.925049 0.016357 0.011475 0.180908
0.194336 -0.208862 0.899536 -0.009277 0.008789 0.167236
0.188721 -0.210571 0.893066 -0.003052 -0.008057 0.150757
0.200684 -0.223022 0.918091 0.031006 -0.031738 0.134277
0.207886 -0.229614 0.927856 0.057373 -0.049438 0.114014
0.208252 -0.229004 0.933838 0.096558 -0.055054 0.094604
0.213135 -0.222778 0.947510 0.138062 -0.052612 0.079102
0.222656 -0.207886 0.938721 0.142944 -0.033569 0.064819
0.242554 -0.174316 0.937866 0.112427 0.003418 0.040039
0.214844 -0.145996 0.914917 0.068970 0.060791 0.001465
0.194824 -0.141846 0.885986 0.036865 0.073730 -0.014648
0.196045 -0.125244 0.916992 -0.011597 0.062500 -0.029785
0.192139 -0.135498 0.963989 -0.095947 0.066650 -0.032715
0.178101 -0.153931 0.994019 -0.145020 0.078613 -0.035400
0.176636 -0.139648 1.018677 -0.165527 0.088745 -0.040649
0.165405 -0.129883 1.028442 -0.192383 0.098022 -0.043579
0.160522 -0.127197 1.032349 -0.185791 0.086914 -0.057739
0.164429 -0.105347 1.041138 -0.145874 0.067505 -0.087280
0.160889 -0.096313 1.042358 -0.114624 0.053955 -0.120483
0.162842 -0.092651 1.059082 -0.076416 0.046387 -0.147095
0.158691 -0.084229 1.064697 -0.074097 0.059082 -0.164429
0.139404 -0.090454 1.079102 -0.101929 0.076904 -0.179321
0.130371 -0.085083 1.081177 -0.138184 0.090942 -0.186523
0.107666 -0.088745 1.084717 -0.170532 0.101807 -0.195313
0.091919 -0.092041 1.091309 -0.183716 0.105591 -0.199707
0.070435 -0.109863 1.058716 -0.159424 0.096680 -0.213501
0.056519 -0.107666 1.036133 -0.125366 0.075928 -0.230713
0.061768 -0.111572 1.048706 -0.120483 0.062500 -0.249023
0.056396 -0.114014 1.064697 -0.115479 0.075684 -0.274292
0.021118 -0.146606 1.051270 -0.167358 0.101685 -0.279419
-0.005737 -0.194458 1.053833 -0.205688 0.115723 -0.266724
-0.013062 -0.207520 1.065308 -0.232666 0.124390 -0.255005
-0.013550 -0.218506 1.085815 -0.219971 0.137573 -0.242920
-0.015991 -0.218262 1.083740 -0.186768 0.138672 -0.236206
-0.015747 -0.240112 1.092896 -0.150146 0.124634 -0.234985
0.003662 -0.227295 1.116943 -0.114868 0.120728 -0.244873
0.011841 -0.228394 1.144897 -0.116333 0.138184 -0.254517
0.008911 -0.218628 1.114990 -0.113281 0.149536 -0.271240
-0.001953 -0.215210 1.098633 -0.067383 0.154541 -0.290405
-0.039185 -0.247559 1.090820 -0.073608 0.161987 -0.284790
-0.052246 -0.264282 1.088135 -0.067505 0.146606 -0.262207
-0.064331 -0.273438 1.074707 -0.076172 0.130859 -0.237793
-0.076050 -0.277222 1.059937 -0.075073 0.114624 -0.217041
-0.059448 -0.267578 1.065430 -0.037476 0.084106 -0.198364
-0.032837 -0.253662 1.069214 -0.027466 0.067505 -0.193481
-0.012207 -0.231689 1.082764 0.030762 0.065063 -0.210327
-0.026001 -0.253662 1.073364 0.013916 0.078979 -0.225098
-0.027832 -0.276001 1.071533 0.023193 0.072144 -0.228394
-0.029785 -0.293213 1.066528 -0.013550 0.075317 -0.222412
-0.033691 -0.289551 1.063477 -0.046875 0.088379 -0.208984
-0.025391 -0.289185 1.053223 -0.079346 0.095581 -0.180542
-0.043945 -0.312256 1.030518 -0.129761 0.116821 -0.151367
-0.051880 -0.324829 1.010254 -0.133301 0.117798 -0.127441
-0.047607 -0.320557 0.993286 -0.113647 0.099487 -0.122925
-0.041870 -0.306519 0.987793 -0.079346 0.074341 -0.130371
-0.031738 -0.308472 0.982910 -0.044922 0.048462 -0.129883
-0.012451 -0.310425 1.000488 -0.030029 0.038818 -0.128906
-0.013062 -0.316528 1.007568 -0.052856 0.057007 -0.125244
-0.020020 -0.315918 0.994507 -0.095825 0.077637 -0.112915
-0.020752 -0.327148 0.986328 -0.145752 0.092163 -0.095093
-0.019043 -0.328735 0.984985 -0.161865 0.093018 -0.090088
-0.029297 -0.347412 0.979614 -0.159180 0.082275 -0.088379
-0.041748 -0.364868 0.964600 -0.141968 0.070679 -0.094360
-0.046143 -0.369263 0.956909 -0.102539 0.051025 -0.101318
-0.045776 -0.378418 0.957642 -0.065308 0.018433 -0.102905
-0.031982 -0.360229 0.977295 -0.042969 -0.006958 -0.104614
-0.025391 -0.368774 0.977539 -0.038940 -0.015381 -0.094360
-0.026245 -0.378906 0.983276 -0.043091 -0.018066 -0.084717
-0.027100 -0.389038 0.997192 -0.044067 -0.023193 -0.076172
-0.033447 -0.398071 0.993652 -0.062866 -0.013672 -0.060059
-0.022583 -0.385742 0.985352 -0.061890 -0.010376 -0.044922
-0.016235 -0.371582 0.983276 -0.062012 -0.016235 -0.038818
-0.018555 -0.374146 0.975952 -0.060913 -0.019409 -0.034302
-0.020508 -0.373291 0.982178 -0.042725 -0.025391 -0.040894
-0.018799 -0.367676 0.978271 -0.018311 -0.032959 -0.044800
-0.011230 -0.357666 0.990845 -0.009155 -0.038818 -0.042969
-0.004272 -0.353027 0.998169 -0.025391 -0.040771 -0.037598
0.003662 -0.338135 1.008057 -0.045410 -0.036011 -0.024902
0.013794 -0.338989 1.026855 -0.067383 -0.025391 -0.006104
0.015991 -0.336182 1.021484 -0.081177 -0.016724 -0.002563
0.010498 -0.340454 1.009888 -0.079346 -0.014282 -0.008179
0.004883 -0.349976 1.007813 -0.059692 -0.017334 -0.012939
0.009033 -0.341187 1.006836 -0.038940 -0.020630 -0.018188
0.008911 -0.339600 1.005249 -0.037354 -0.020264 -0.015625
0.014771 -0.320557 0.999878 -0.057251 -0.018921 -0.013306
0.013794 -0.326660 1.000854 -0.072388 -0.016968 -0.009888
0.008423 -0.325562 0.994385 -0.047607 -0.017822 -0.010010
0.008667 -0.327881 0.987183 -0.030762 -0.022217 -0.014893
0.021484 -0.308350 1.006958 -0.013794 -0.028198 -0.022705
