0.096558 -0.382080 0.974243 -0.028442 -0.028687 -0.055420
0.095703 -0.391724 0.981934 -0.010986 -0.029175 -0.062988
0.098145 -0.388916 0.992310 -0.002197 -0.031250 -0.060547
0.109131 -0.391357 0.994629 -0.008179 -0.029907 -0.042969
0.111206 -0.388550 1.008911 -0.023193 -0.024414 -0.031738
0.121094 -0.382690 1.006592 -0.042114 -0.023682 -0.028442
0.117432 -0.375610 1.003784 -0.048950 -0.020752 -0.034546
0.115112 -0.369751 1.000854 -0.040039 -0.016846 -0.043701
0.111816 -0.359497 0.994507 -0.029053 -0.018677 -0.054932
0.122192 -0.355225 1.004395 -0.005127 -0.016235 -0.061279
0.125488 -0.366577 1.018555 -0.001465 -0.004517 -0.056152
0.111938 -0.381714 1.006348 -0.032471 0.009766 -0.046143
0.100952 -0.387329 0.992065 -0.047852 0.013794 -0.039185
0.090820 -0.384033 0.969849 -0.056763 0.005249 -0.039063
0.090332 -0.375732 0.963623 -0.032959 -0.006226 -0.051025
0.091797 -0.373901 0.960815 -0.017334 -0.014526 -0.061890
0.090942 -0.361450 0.961426 -0.013550 -0.020630 -0.061279
0.090088 -0.372559 0.963135 -0.017334 -0.024780 -0.054810
0.092651 -0.368774 0.966919 -0.025024 -0.030029 -0.052979
0.099243 -0.368286 0.967773 -0.026611 -0.030884 -0.049561
0.100952 -0.368164 0.975952 -0.028076 -0.029419 -0.052612
0.100952 -0.367188 0.967896 -0.032227 -0.027710 -0.059326
0.092651 -0.365234 0.953125 -0.046265 -0.030029 -0.059692
0.087158 -0.363403 0.946655 -0.049561 -0.037354 -0.059082
0.088867 -0.359375 0.945801 -0.053467 -0.046631 -0.059204
0.083374 -0.364868 0.947632 -0.052246 -0.055542 -0.054565
0.084595 -0.364990 0.951538 -0.049561 -0.065308 -0.053711
0.091797 -0.359253 0.955200 -0.031616 -0.070679 -0.049194
0.093018 -0.353271 0.958374 -0.025146 -0.075195 -0.047974
0.100220 -0.339233 0.976196 -0.022339 -0.081055 -0.057983
0.106567 -0.339600 0.992432 -0.011230 -0.082275 -0.077026
0.105713 -0.343750 1.011230 -0.009399 -0.077026 -0.092773
0.091064 -0.365723 1.028442 -0.030273 -0.068115 -0.099365
0.074829 -0.384521 1.029785 -0.060059 -0.059082 -0.093750
0.053345 -0.412476 1.015015 -0.086792 -0.056641 -0.079956
0.038330 -0.429077 1.019897 -0.075684 -0.065796 -0.068481
0.027222 -0.439697 1.013916 -0.042725 -0.079956 -0.067139
0.021484 -0.450684 1.012329 -0.013550 -0.095215 -0.070679
0.019653 -0.455688 1.037964 0.006104 -0.107544 -0.067017
0.038940 -0.447510 1.080566 0.014160 -0.118408 -0.055298
0.029907 -0.476685 1.069580 -0.040039 -0.151855 -0.013550
0.022339 -0.473511 1.058228 -0.047729 -0.118408 0.015747
0.021973 -0.477783 1.066040 -0.068481 -0.092285 0.049683
0.022949 -0.504150 1.062012 -0.059814 -0.074829 0.076538
0.023193 -0.489624 1.069702 -0.007446 -0.058594 0.077759
0.023071 -0.497559 1.057251 0.035522 -0.053589 0.083374
0.018188 -0.491699 1.043213 0.085205 -0.052979 0.088135
0.024902 -0.452393 1.046021 0.160645 -0.048706 0.089233
0.036133 -0.464478 1.003784 0.195068 -0.070068 0.105103
0.044434 -0.468018 1.016602 0.238037 -0.072266 0.115234
0.065918 -0.458618 1.015625 0.254883 -0.066406 0.127319
0.082153 -0.462158 1.008667 0.212036 -0.061768 0.138794
0.092651 -0.458252 0.993530 0.182617 -0.052856 0.147827
0.095581 -0.449219 0.967773 0.170044 -0.049805 0.157349
0.099731 -0.428101 0.951538 0.175781 -0.054932 0.172852
0.106567 -0.433838 0.938599 0.187622 -0.060059 0.205933
0.115479 -0.424805 0.931396 0.191650 -0.067749 0.229126
0.133911 -0.406982 0.943970 0.192139 -0.073853 0.241211
0.147583 -0.402710 0.940796 0.190186 -0.076294 0.246216
0.153931 -0.393921 0.945313 0.192139 -0.080200 0.247437
0.162720 -0.400513 0.956421 0.203125 -0.074463 0.262329
0.161865 -0.391235 0.960938 0.191162 -0.075562 0.275635
0.173340 -0.389771 0.972412 0.183716 -0.072632 0.283447
0.188843 -0.375977 0.990234 0.176270 -0.072144 0.277954
0.192139 -0.362793 0.994751 0.172363 -0.062744 0.270996
0.187500 -0.356812 0.982910 0.170776 -0.047852 0.269165
0.178833 -0.344727 0.971313 0.165649 -0.039795 0.268677
0.172241 -0.323486 0.964111 0.170654 -0.038330 0.264038
0.172363 -0.323242 0.950562 0.172852 -0.042480 0.264771
0.172485 -0.315186 0.964600 0.178589 -0.050293 0.251709
0.175049 -0.308838 0.972168 0.170044 -0.052734 0.244995
0.179199 -0.303223 0.986328 0.158447 -0.046387 0.242310
0.181885 -0.295654 0.986206 0.148071 -0.033447 0.246704
0.180908 -0.298584 0.989014 0.131104 -0.019897 0.249756
0.172974 -0.305054 0.987549 0.121094 -0.014893 0.243286
0.169556 -0.303589 0.988647 0.125000 -0.018066 0.228760
0.167114 -0.302002 0.987671 0.128418 -0.025269 0.217773
0.166992 -0.308228 0.997681 0.134521 -0.030151 0.212769
0.172852 -0.300537 1.004883 0.138550 -0.030518 0.208984
0.172363 -0.297485 1.000977 0.127686 -0.028442 0.211670
0.169678 -0.292847 0.996094 0.126343 -0.028809 0.218140
0.177856 -0.280273 0.994995 0.125122 -0.034180 0.223511
0.177612 -0.276245 0.991211 0.123291 -0.042114 0.222900
0.186157 -0.273438 0.995239 0.121094 -0.051270 0.218994
0.185669 -0.273315 0.993896 0.117920 -0.052612 0.211060
0.184814 -0.270386 0.987061 0.118408 -0.053101 0.201172
0.193115 -0.273071 0.998657 0.113403 -0.050415 0.197632
0.197144 -0.270142 1.001099 0.094238 -0.041016 0.202271
0.193359 -0.273438 0.998657 0.073608 -0.029053 0.209351
0.184692 -0.266846 0.980103 0.055786 -0.020874 0.210449
0.177124 -0.256470 0.969116 0.065063 -0.015625 0.205566
0.171875 -0.258057 0.961914 0.065430 -0.019043 0.205322
0.170776 -0.250854 0.966919 0.077515 -0.028687 0.193604
0.175537 -0.255737 0.979492 0.075317 -0.033936 0.182495
0.175049 -0.254517 0.985840 0.065308 -0.029541 0.176514
0.166992 -0.253784 0.969360 0.055664 -0.023682 0.172607
0.170288 -0.242310 0.972168 0.047363 -0.017944 0.168579
0.170410 -0.234009 0.970337 0.021484 -0.007568 0.171021
0.167969 -0.226929 0.958008 -0.002197 0.004883 0.170776
0.162720 -0.228027 0.937256 -0.018799 0.010986 0.159790
0.153687 -0.220337 0.934326 -0.028564 0.008423 0.140381
0.153931 -0.219727 0.938477 -0.028320 0.001099 0.120728
0.153564 -0.208618 0.939819 -0.018555 -0.011230 0.100464
0.149780 -0.211670 0.943970 -0.005005 -0.023438 0.088989
0.162598 -0.197754 0.978394 -0.011963 -0.034668 0.082642
0.170288 -0.188232 0.987305 -0.029785 -0.030762 0.086182
0.169189 -0.173340 0.978516 -0.050659 -0.020264 0.090576
0.167358 -0.172119 0.969727 -0.067383 -0.014893 0.081909
0.165527 -0.165405 0.972534 -0.070435 -0.011841 0.067261
0.166748 -0.170654 0.962280 -0.082764 0.001465 0.052856
0.162109 -0.153809 0.966309 -0.103760 0.017822 0.039795
0.145142 -0.167236 0.938477 -0.136841 0.030396 0.040283
0.126343 -0.178467 0.927979 -0.151489 0.027710 0.040527
0.129883 -0.162964 0.932373 -0.149292 0.003174 0.038940
0.130493 -0.187988 0.935547 -0.159180 -0.030518 0.039917
0.156006 -0.163818 0.970947 -0.100708 -0.071655 0.026855
0.179443 -0.145752 1.001953 -0.096802 -0.095703 0.020874
0.199463 -0.139282 1.034790 -0.092285 -0.083130 0.019897
0.215576 -0.126953 1.054443 -0.129761 -0.050537 0.018433
0.195801 -0.152222 1.057617 -0.176514 0.003540 0.027710
0.173950 -0.182495 1.030884 -0.215698 0.051636 0.023438
0.145752 -0.210449 1.007324 -0.235840 0.084229 0.011841
0.106812 -0.233887 0.986084 -0.235474 0.097656 -0.008911
0.087158 -0.250366 0.978882 -0.218140 0.083862 -0.036377
0.089966 -0.244019 1.002808 -0.190063 0.045044 -0.064819
0.104370 -0.246094 1.041138 -0.164551 0.012085 -0.089233
0.114990 -0.234253 1.076660 -0.160156 0.000977 -0.110718
0.119751 -0.232300 1.092651 -0.176636 0.011353 -0.114136
0.118164 -0.240845 1.088257 -0.201660 0.032959 -0.106079
0.106689 -0.232300 1.082764 -0.218994 0.052612 -0.102295
0.098389 -0.241089 1.074463 -0.223999 0.067871 -0.104858
0.092285 -0.249146 1.075439 -0.218994 0.069580 -0.120483
0.080688 -0.268188 1.077637 -0.203125 0.065186 -0.136353
0.073608 -0.270874 1.096558 -0.183716 0.056763 -0.154419
0.069580 -0.280762 1.099365 -0.169678 0.055542 -0.161133
0.059326 -0.273804 1.099609 -0.170898 0.057861 -0.158447
0.055420 -0.273804 1.093750 -0.162598 0.059448 -0.152344
0.048828 -0.263550 1.081543 -0.157104 0.057129 -0.145142
0.053589 -0.268799 1.086060 -0.138306 0.052124 -0.140991
0.061035 -0.254883 1.084351 -0.119629 0.038940 -0.146729
0.070801 -0.252930 1.085205 -0.097168 0.033081 -0.155762
0.082397 -0.236450 1.084961 -0.081909 0.027466 -0.171143
0.086670 -0.239380 1.091431 -0.076538 0.026245 -0.185303
0.088013 -0.222656 1.081909 -0.077393 0.028442 -0.199951
0.088013 -0.227173 1.071167 -0.084961 0.037231 -0.211548
0.075195 -0.251221 1.069580 -0.089355 0.057617 -0.216675
0.062622 -0.255493 1.055298 -0.091797 0.080200 -0.210449
0.044678 -0.277344 1.019287 -0.103516 0.091675 -0.197510
0.035889 -0.282959 0.997070 -0.101685 0.089844 -0.193115
0.031860 -0.285522 0.988037 -0.094727 0.078613 -0.189331
