0.048218 -0.287476 1.014404 -0.000366 -0.015747 -0.031128
0.048584 -0.271729 1.009644 0.017090 -0.017090 -0.034790
0.044434 -0.269653 1.003906 0.016724 -0.017334 -0.037354
0.037231 -0.259521 1.002686 0.002075 -0.016479 -0.037842
0.026489 -0.259888 0.994751 -0.003296 -0.014771 -0.031738
0.022339 -0.259521 0.999023 0.000488 -0.017334 -0.032104
0.008057 -0.273926 0.992920 -0.011963 -0.021484 -0.035767
-0.003174 -0.283936 0.989746 -0.014404 -0.034302 -0.038940
-0.007813 -0.295532 0.990479 0.009888 -0.055298 -0.040771
-0.004639 -0.301392 1.012329 0.037231 -0.073364 -0.046875
-0.011475 -0.311523 1.011719 0.054688 -0.077271 -0.046753
-0.012939 -0.277710 1.022949 0.088867 -0.079590 -0.048950
-0.030762 -0.300049 1.068970 0.119019 -0.068237 -0.044312
-0.036377 -0.289551 1.099976 0.134644 -0.054077 -0.043823
-0.063354 -0.302002 1.087158 0.132690 -0.036011 -0.044189
-0.112183 -0.357910 1.076050 0.126831 -0.023926 -0.026855
-0.149780 -0.418457 1.051147 0.131226 -0.042480 -0.001343
-0.151367 -0.451660 1.065430 0.162842 -0.086670 0.019531
-0.121338 -0.464478 1.114258 0.196655 -0.131104 0.041504
-0.076904 -0.463013 1.164429 0.208008 -0.149780 0.066162
-0.025513 -0.445801 1.170532 0.212158 -0.165894 0.109497
-0.000854 -0.432739 1.171875 0.128296 -0.134399 0.148315
0.013306 -0.426025 1.149170 0.074707 -0.086182 0.183716
0.030151 -0.420166 1.122925 0.077759 -0.044678 0.206909
0.052124 -0.407837 1.098755 0.070801 -0.034912 0.216675
0.068237 -0.403198 1.065063 0.078979 -0.023438 0.216675
0.090088 -0.390869 1.057739 0.110107 -0.006348 0.216797
0.102783 -0.362183 1.030518 0.140747 0.010986 0.221924
0.091553 -0.377808 0.991455 0.178223 0.023926 0.243896
0.101807 -0.372192 0.974487 0.209473 0.022827 0.258789
0.102905 -0.372803 0.952148 0.198364 0.017944 0.268921
0.108276 -0.370972 0.940796 0.199829 0.003296 0.274536
0.131470 -0.348633 0.949951 0.192871 -0.011108 0.288086
0.153320 -0.333008 0.940308 0.149902 0.001953 0.315186
0.150635 -0.322021 0.928589 0.080200 0.022095 0.339355
0.144409 -0.343750 0.892944 -0.030762 0.025024 0.352173
0.140869 -0.337402 0.873901 -0.136719 0.004761 0.342529
0.142090 -0.345947 0.875366 -0.115112 -0.041748 0.315552
0.163940 -0.312744 0.900635 -0.073730 -0.085327 0.280151
0.159424 -0.342041 0.937988 -0.057861 -0.082642 0.284058
0.157227 -0.318481 0.932983 -0.031372 -0.061035 0.313354
0.155640 -0.297852 0.924072 -0.041016 -0.029907 0.352783
0.163452 -0.268921 0.915771 -0.051758 -0.014282 0.376099
0.171997 -0.243042 0.912842 0.013062 -0.029663 0.368652
0.179810 -0.226563 0.930542 0.070313 -0.054565 0.350342
0.196045 -0.216187 0.974487 0.100952 -0.070190 0.330444
0.199097 -0.198608 0.986572 0.107788 -0.067871 0.311523
0.190552 -0.189087 0.977661 0.106079 -0.062378 0.298584
0.193848 -0.173096 0.977051 0.135010 -0.066895 0.286865
0.186401 -0.177979 0.979614 0.140625 -0.062866 0.274780
0.188843 -0.168213 0.980103 0.126099 -0.058838 0.263306
0.176880 -0.158813 0.950439 0.071167 -0.039307 0.265259
0.173950 -0.131958 0.924438 0.031250 -0.015259 0.275391
0.179077 -0.097046 0.918457 -0.000244 0.002075 0.284058
0.184937 -0.085449 0.909424 -0.016602 0.024902 0.290527
0.181274 -0.085571 0.916504 0.000488 0.038818 0.279663
0.188232 -0.077637 0.919312 0.050293 0.031982 0.249023
0.192139 -0.088257 0.943359 0.119873 0.006836 0.201416
0.191406 -0.109131 0.987793 0.222168 -0.033203 0.151978
0.194702 -0.099854 1.017456 0.337158 -0.062744 0.109741
0.194946 -0.074951 1.029907 0.431396 -0.070557 0.071289
0.206665 -0.026367 1.044189 0.450317 -0.065918 0.045410
0.201660 -0.002686 1.036621 0.326416 -0.041138 0.022339
0.191528 0.025024 1.013184 0.180908 -0.020020 0.009521
0.183228 0.026978 1.013062 0.055908 0.000122 0.007813
0.169922 0.007568 1.013794 -0.069458 0.023315 -0.000366
0.157349 0.003174 1.005981 -0.172852 0.046143 -0.016479
0.123657 -0.020630 0.989624 -0.263916 0.066406 -0.027954
0.111572 -0.019897 0.978149 -0.326538 0.073730 -0.043457
0.109375 -0.032837 0.993408 -0.334106 0.069092 -0.062988
0.104736 -0.050659 1.016479 -0.311279 0.047852 -0.087158
0.108276 -0.056885 1.042725 -0.253174 0.017456 -0.118408
0.109009 -0.073120 1.081665 -0.177612 -0.004761 -0.150024
0.097412 -0.091919 1.093262 -0.103882 -0.023926 -0.187500
0.105713 -0.088379 1.140869 -0.034058 -0.038452 -0.216309
0.101807 -0.083008 1.142944 -0.045044 -0.011597 -0.222900
0.095215 -0.074951 1.136719 -0.120850 0.040405 -0.210083
0.091309 -0.068970 1.128662 -0.210083 0.084106 -0.185669
0.081543 -0.091553 1.114868 -0.272339 0.112427 -0.175903
0.056152 -0.122192 1.095215 -0.285645 0.115234 -0.189941
0.036865 -0.154785 1.085083 -0.261841 0.098022 -0.209351
0.015137 -0.176025 1.058960 -0.237671 0.081665 -0.223633
0.002075 -0.180420 1.028809 -0.201538 0.060181 -0.239014
-0.001343 -0.178101 1.032104 -0.143677 0.038208 -0.258057
-0.018921 -0.193359 1.025757 -0.124268 0.032349 -0.255493
-0.006226 -0.174561 1.044434 -0.126465 0.037354 -0.244019
-0.007935 -0.166626 1.043335 -0.155640 0.055908 -0.229126
-0.009766 -0.162231 1.047852 -0.183838 0.078735 -0.213745
0.000732 -0.170776 1.063232 -0.229980 0.089600 -0.197510
0.004272 -0.170532 1.056641 -0.246094 0.093628 -0.192627
0.003418 -0.184814 1.066040 -0.210327 0.087402 -0.194824
-0.013062 -0.212646 1.073486 -0.171509 0.068481 -0.205566
-0.010864 -0.221558 1.083252 -0.122192 0.036743 -0.213257
-0.021851 -0.215332 1.071533 -0.097412 0.029785 -0.214600
-0.010254 -0.190674 1.064819 -0.077271 0.036743 -0.210205
0.004761 -0.157837 1.066284 -0.089966 0.060791 -0.197266
-0.007690 -0.155884 1.040649 -0.164673 0.099976 -0.180054
-0.027832 -0.184937 1.018555 -0.225830 0.121582 -0.174805
-0.027100 -0.228760 1.040649 -0.229980 0.099854 -0.180542
-0.032959 -0.277954 1.057129 -0.213013 0.066284 -0.196289
-0.039185 -0.316040 1.056152 -0.153564 0.026611 -0.206543
-0.029297 -0.307129 1.059570 -0.052490 -0.007813 -0.219116
-0.015381 -0.295288 1.070557 0.004150 -0.026978 -0.217529
-0.015259 -0.294556 1.062378 0.021973 -0.032593 -0.215210
-0.012695 -0.274658 1.066284 0.043579 -0.030396 -0.212280
0.011841 -0.240845 1.069214 0.042847 -0.015503 -0.199585
0.006958 -0.228760 1.056274 -0.020630 0.031616 -0.175781
-0.016968 -0.240967 1.028931 -0.123047 0.075562 -0.152954
-0.019531 -0.254272 1.037109 -0.155640 0.078857 -0.132446
-0.012573 -0.267212 1.036621 -0.142944 0.066162 -0.121216
-0.016968 -0.289917 1.031250 -0.107056 0.052368 -0.120483
-0.013672 -0.306274 1.029541 -0.075806 0.032593 -0.124512
0.008789 -0.283203 1.045288 -0.044189 0.019531 -0.130615
0.006836 -0.292969 1.040649 -0.048462 0.021851 -0.126099
-0.002441 -0.306030 1.043457 -0.031738 0.028687 -0.126221
-0.005493 -0.310303 1.048218 -0.041382 0.045288 -0.114746
-0.008545 -0.303589 1.044922 -0.080688 0.065674 -0.095093
-0.020508 -0.321045 1.028809 -0.116089 0.081665 -0.081055
-0.035034 -0.331177 1.006348 -0.119385 0.079590 -0.074219
-0.033813 -0.343262 0.999512 -0.100708 0.055176 -0.067871
-0.039307 -0.360718 0.991455 -0.077637 0.025513 -0.061890
-0.022461 -0.344360 0.992065 -0.026733 -0.009155 -0.063599
0.002930 -0.308350 1.012329 0.014404 -0.031494 -0.069336
0.006104 -0.303833 1.002686 0.032959 -0.028687 -0.070923
0.016235 -0.283447 1.000977 0.033936 -0.017578 -0.074707
0.008301 -0.284180 0.996094 0.002319 0.007813 -0.071411
-0.019165 -0.310913 0.982666 -0.045532 0.031006 -0.052368
-0.033569 -0.326660 0.967896 -0.097900 0.032104 -0.029663
-0.032471 -0.334229 0.972290 -0.110229 0.020996 -0.015869
-0.021118 -0.319458 0.974121 -0.098022 0.008179 -0.013794
-0.013672 -0.312866 0.979980 -0.071899 -0.005615 -0.015137
-0.005493 -0.304443 0.997070 -0.055664 -0.024048 -0.010498
0.006470 -0.294189 1.011108 -0.041138 -0.036499 -0.005493
0.015869 -0.293213 1.023926 -0.028931 -0.041138 -0.003784
0.028198 -0.281616 1.040405 -0.027710 -0.038940 -0.005127
0.030151 -0.277588 1.044556 -0.045288 -0.026245 -0.005859
0.033569 -0.268066 1.048584 -0.055176 -0.011230 -0.013062
0.024780 -0.267212 1.042114 -0.057617 0.001709 -0.018677
0.007324 -0.297485 1.038086 -0.050537 0.009521 -0.019775
0.001221 -0.303101 1.032227 -0.032227 0.008545 -0.024902
0.014648 -0.293701 1.036987 -0.025513 0.008057 -0.025879
0.016602 -0.288330 1.034302 -0.041138 0.019775 -0.028320
0.013184 -0.287720 1.014526 -0.058105 0.031128 -0.035645
0.006714 -0.288818 1.008545 -0.058105 0.027588 -0.041382
-0.000244 -0.293335 0.995728 -0.038940 0.011353 -0.037109
0.003418 -0.290405 0.994873 -0.018799 -0.006348 -0.036743
0.007813 -0.267334 0.997803 -0.021606 -0.012085 -0.042603
0.011841 -0.261963 0.993164 -0.015137 -0.018677 -0.034424
0.006226 -0.271362 0.991577 -0.026978 -0.016724 -0.026733
0.007446 -0.281616 0.994995 -0.041260 -0.012695 -0.019775
