0.051758 -0.306030 0.983643 -0.062988 -0.027344 -0.082275
0.048340 -0.310669 0.984131 -0.071899 -0.026489 -0.089355
0.050049 -0.299683 0.995728 -0.076904 -0.028931 -0.100342
0.053101 -0.294189 0.995605 -0.073975 -0.029053 -0.103271
0.049438 -0.302856 1.006470 -0.073853 -0.032104 -0.105469
0.048340 -0.317749 1.011719 -0.083130 -0.031494 -0.109741
0.045532 -0.324951 1.010498 -0.087891 -0.026855 -0.113281
0.046265 -0.315552 1.015991 -0.100220 -0.021851 -0.120850
0.046875 -0.315308 1.015503 -0.110718 -0.015259 -0.124512
0.041382 -0.315430 1.014648 -0.126343 -0.008301 -0.126221
0.034790 -0.321167 1.007080 -0.149414 -0.002930 -0.136108
0.018921 -0.324463 0.982666 -0.185181 -0.007813 -0.155518
0.006348 -0.324585 0.962891 -0.213257 -0.028809 -0.188477
-0.000366 -0.344849 0.951660 -0.220947 -0.063721 -0.236938
-0.004517 -0.393433 0.960938 -0.209473 -0.102051 -0.278076
0.005859 -0.421143 0.991333 -0.183228 -0.134521 -0.299438
0.006348 -0.448730 1.019287 -0.186401 -0.149902 -0.285400
0.002930 -0.460938 1.022583 -0.203491 -0.151855 -0.231201
0.009399 -0.457031 1.024292 -0.178955 -0.130981 -0.158203
0.011719 -0.429077 1.003662 -0.164795 -0.117188 -0.121460
0.021118 -0.414429 1.002197 -0.186768 -0.123047 -0.110718
0.041870 -0.418945 1.040405 -0.187500 -0.125488 -0.130981
0.035034 -0.443726 1.048096 -0.196167 -0.116699 -0.155762
0.012817 -0.489868 1.037720 -0.166260 -0.105957 -0.152588
-0.010620 -0.535278 1.023560 -0.096924 -0.101563 -0.129761
-0.031250 -0.548462 1.010376 -0.031738 -0.112427 -0.098877
-0.017578 -0.511841 1.012817 0.015625 -0.133179 -0.065186
-0.007813 -0.485962 1.026367 0.042114 -0.146851 -0.023682
0.002319 -0.455444 1.035889 0.050903 -0.144775 0.003662
0.006714 -0.450073 1.034180 0.031738 -0.122803 0.011963
0.004395 -0.442017 1.028809 0.020264 -0.105103 0.013672
-0.000244 -0.451172 1.020142 0.036133 -0.095093 0.017090
-0.005859 -0.446533 1.011230 0.068481 -0.091064 0.016846
-0.008911 -0.457275 1.005005 0.092773 -0.092773 0.028198
0.001343 -0.456421 1.014038 0.109497 -0.090942 0.039795
0.016724 -0.458008 1.027710 0.118042 -0.078613 0.054810
0.012085 -0.469604 1.032959 0.124634 -0.058350 0.075317
0.007813 -0.481567 1.006104 0.138794 -0.040771 0.093384
0.002075 -0.487671 0.987305 0.174683 -0.036621 0.111816
0.007935 -0.480347 0.986450 0.228638 -0.043701 0.124756
0.021240 -0.482666 0.972656 0.292725 -0.053589 0.130371
0.038818 -0.473755 0.981323 0.332031 -0.070190 0.128540
0.056641 -0.479248 0.981323 0.356689 -0.078735 0.122314
0.062256 -0.494141 0.976563 0.371094 -0.083984 0.133179
0.080566 -0.489746 0.993286 0.380737 -0.089722 0.150391
0.101074 -0.505737 0.991211 0.358887 -0.082520 0.179077
0.120850 -0.514160 0.993896 0.315430 -0.069702 0.204468
0.136230 -0.508667 1.000977 0.259888 -0.056641 0.229736
0.155273 -0.499634 1.007935 0.226929 -0.037720 0.260620
0.168091 -0.489136 1.001831 0.204834 -0.017944 0.286499
0.174561 -0.478760 0.991211 0.191772 -0.001221 0.310303
0.183716 -0.469604 0.969727 0.193359 0.009766 0.329956
0.189819 -0.447754 0.955688 0.208862 0.007568 0.331299
0.187500 -0.413330 0.930176 0.240601 -0.003296 0.323242
0.184326 -0.409790 0.920898 0.258423 -0.024170 0.316162
0.185303 -0.397217 0.921997 0.274170 -0.047119 0.294434
0.196899 -0.378174 0.928223 0.278687 -0.064087 0.285645
0.205078 -0.354614 0.942505 0.277710 -0.072388 0.290161
0.207520 -0.341919 0.944092 0.262939 -0.071655 0.295288
0.210449 -0.328613 0.952148 0.233398 -0.066284 0.298950
0.215332 -0.305664 0.957764 0.201904 -0.056274 0.303589
0.215088 -0.294922 0.962158 0.181396 -0.045044 0.309937
0.209961 -0.275513 0.964478 0.170532 -0.038696 0.311157
0.212891 -0.251099 0.973755 0.151978 -0.036255 0.309814
0.218750 -0.227905 0.992432 0.129028 -0.025269 0.314087
0.218872 -0.207397 1.002319 0.089233 -0.003174 0.317627
0.210815 -0.188477 0.993408 0.028809 0.029541 0.316528
0.198975 -0.173950 0.987915 -0.032959 0.068359 0.301758
0.186523 -0.166992 0.967041 -0.081543 0.104980 0.286133
0.156372 -0.182861 0.945313 -0.099121 0.133667 0.289673
0.134521 -0.200073 0.943970 -0.108398 0.139648 0.277832
0.118774 -0.212280 0.935181 -0.104614 0.123779 0.251221
0.099731 -0.221802 0.925415 -0.072510 0.093384 0.224731
0.093384 -0.217773 0.935181 -0.033325 0.047852 0.200073
0.105713 -0.203003 0.946777 0.001099 0.006226 0.179199
0.116699 -0.179077 0.967896 0.021484 -0.016235 0.158325
0.125000 -0.181152 0.984131 0.018799 -0.015381 0.143188
0.129761 -0.175781 1.002808 -0.009888 0.006714 0.134888
0.115601 -0.182129 0.992554 -0.066162 0.046509 0.149902
0.104858 -0.194824 0.980469 -0.130005 0.082153 0.163452
0.082275 -0.218628 0.967651 -0.166260 0.099609 0.164673
0.062866 -0.240356 0.948486 -0.159424 0.091675 0.159058
0.058838 -0.238647 0.953613 -0.134766 0.059326 0.142700
0.071289 -0.224365 0.978271 -0.111206 0.026855 0.131348
0.083984 -0.221436 1.005981 -0.103027 0.008057 0.128906
0.087402 -0.219971 1.023193 -0.108887 0.002075 0.123901
0.090820 -0.229492 1.031494 -0.119995 0.006104 0.117188
0.093750 -0.214600 1.031372 -0.125244 0.011597 0.099854
0.084839 -0.210938 1.027222 -0.138428 0.013428 0.080566
0.086304 -0.195801 1.024658 -0.126465 0.012573 0.056274
0.083740 -0.190063 1.031128 -0.118774 0.011230 0.025024
0.080811 -0.189819 1.026001 -0.112671 0.014771 0.001221
0.066284 -0.215332 1.011475 -0.115234 0.022339 -0.003418
0.054565 -0.219360 0.996338 -0.127686 0.021484 -0.010254
0.049316 -0.206421 0.983643 -0.123047 0.019653 -0.021484
0.045654 -0.208984 0.970581 -0.107544 0.009277 -0.032349
0.049561 -0.206055 0.964478 -0.082153 -0.015991 -0.056274
0.058105 -0.212524 0.997437 -0.052246 -0.047974 -0.066528
0.076904 -0.215576 1.031250 -0.030273 -0.070313 -0.071167
0.087524 -0.219604 1.051392 -0.025024 -0.078735 -0.076538
0.092163 -0.211792 1.065674 -0.037109 -0.068359 -0.079956
0.080811 -0.200317 1.055664 -0.066895 -0.041382 -0.083984
0.079346 -0.186035 1.043213 -0.094971 -0.002563 -0.088623
0.067017 -0.194580 1.035645 -0.139893 0.040039 -0.082520
0.041992 -0.226440 1.009399 -0.193481 0.072021 -0.075928
0.016724 -0.254883 0.984375 -0.214844 0.080322 -0.080078
0.008423 -0.271240 0.975464 -0.195923 0.062134 -0.085449
0.007813 -0.280762 0.979858 -0.156860 0.026123 -0.092041
0.029175 -0.277954 1.021362 -0.116089 -0.010620 -0.100464
0.051270 -0.261841 1.061646 -0.099976 -0.028931 -0.117676
0.058716 -0.249756 1.077881 -0.099243 -0.014893 -0.134033
0.050415 -0.251099 1.073730 -0.123291 0.017212 -0.135498
0.038330 -0.267578 1.056030 -0.167358 0.051880 -0.119141
0.026611 -0.278809 1.050537 -0.195679 0.078125 -0.103638
0.019165 -0.284546 1.042847 -0.216187 0.094238 -0.095337
0.013794 -0.284790 1.033081 -0.220093 0.103027 -0.098389
0.004395 -0.289429 1.018311 -0.199219 0.107788 -0.107178
-0.002319 -0.304199 1.013672 -0.181763 0.098022 -0.113647
-0.004150 -0.307007 1.018555 -0.168579 0.082764 -0.123657
-0.005981 -0.305420 1.023804 -0.141113 0.063843 -0.127319
-0.004517 -0.308838 1.043091 -0.114624 0.042358 -0.143555
0.008545 -0.303467 1.054321 -0.081299 0.026001 -0.162476
0.017212 -0.300903 1.070313 -0.062988 0.020142 -0.172485
0.021484 -0.295898 1.065308 -0.074585 0.025513 -0.171997
0.013062 -0.314941 1.049805 -0.084106 0.036865 -0.167236
0.007568 -0.312256 1.044434 -0.088013 0.049194 -0.161133
0.004883 -0.309326 1.029541 -0.097412 0.058594 -0.151855
-0.006836 -0.316406 1.013794 -0.098999 0.061035 -0.145874
-0.012085 -0.321411 1.000244 -0.085449 0.055664 -0.148560
-0.004517 -0.314697 1.003906 -0.072754 0.042603 -0.153931
-0.007813 -0.319214 1.000244 -0.057617 0.031860 -0.156250
-0.009644 -0.322266 0.995117 -0.041626 0.028809 -0.156982
-0.015747 -0.320923 0.984741 -0.036133 0.024902 -0.150391
-0.016602 -0.314697 0.981812 -0.043579 0.016968 -0.152466
-0.013306 -0.319824 0.979736 -0.047974 0.009399 -0.159912
-0.014404 -0.340332 0.988892 -0.054565 0.008179 -0.170654
-0.017334 -0.367676 0.995483 -0.076660 0.014648 -0.171997
-0.020630 -0.383057 1.014282 -0.101074 0.024658 -0.169556
-0.019775 -0.387573 1.019775 -0.109741 0.031982 -0.166504
-0.024536 -0.401123 1.008179 -0.110474 0.036011 -0.167480
-0.024658 -0.405762 1.005981 -0.100220 0.032471 -0.177490
-0.015259 -0.384766 0.999756 -0.075928 0.025146 -0.183594
-0.013794 -0.388550 1.010986 -0.043701 0.027710 -0.171265
-0.021973 -0.389648 1.015869 -0.036987 0.034912 -0.160767
-0.024170 -0.385620 1.010620 -0.039551 0.044678 -0.143311
-0.038208 -0.388428 0.997437 -0.022827 0.052368 -0.112671
-0.052734 -0.394775 0.984131 -0.008789 0.049072 -0.088867
-0.053223 -0.400757 0.979614 -0.004883 0.033447 -0.082275
-0.048340 -0.398926 0.978638 -0.000977 0.015625 -0.081421
-0.032104 -0.383911 0.982300 -0.012817 -0.003906 -0.072754
