0.065186 -0.337280 1.003052 -0.039795 -0.007813 -0.041260
0.061523 -0.333984 1.004395 -0.030640 -0.006470 -0.052002
0.060425 -0.337891 1.000732 -0.022583 -0.008911 -0.062744
0.051758 -0.337524 0.992188 -0.012817 -0.014282 -0.069336
0.047974 -0.341431 0.990479 -0.007080 -0.021362 -0.067749
0.046753 -0.330811 0.991455 -0.004150 -0.027466 -0.067261
0.045410 -0.318115 0.991211 0.002686 -0.031372 -0.064575
0.046509 -0.321777 0.982544 0.011963 -0.036865 -0.063354
0.046021 -0.321777 0.989746 0.025879 -0.046753 -0.068726
0.053345 -0.308960 0.990601 0.037720 -0.056519 -0.074341
0.056274 -0.294434 0.986206 0.058105 -0.064453 -0.079712
0.063843 -0.301270 0.980957 0.092041 -0.067871 -0.090698
0.056396 -0.302612 0.984619 0.093018 -0.066040 -0.106689
0.039917 -0.308594 0.988525 0.086914 -0.061523 -0.104126
0.034668 -0.329834 1.001587 0.132324 -0.040161 -0.087646
0.039795 -0.343384 0.976929 0.132202 -0.037354 -0.066162
0.038940 -0.345215 0.994263 0.089722 -0.042969 -0.067139
0.040649 -0.343506 0.997070 0.037598 -0.047363 -0.052856
0.048340 -0.327637 1.000488 -0.008911 -0.053223 -0.034668
0.046631 -0.332031 1.009644 -0.041260 -0.058716 -0.028442
0.040405 -0.340820 1.003784 -0.045898 -0.066895 -0.032471
0.032349 -0.340942 1.008301 -0.039185 -0.080078 -0.035767
0.032715 -0.340698 1.015747 -0.037476 -0.093018 -0.037476
0.031128 -0.354126 1.033081 -0.031738 -0.094727 -0.045532
0.025146 -0.367432 1.047363 -0.025391 -0.090942 -0.050415
0.018311 -0.378784 1.057373 -0.032104 -0.087158 -0.038208
0.010498 -0.391479 1.063721 -0.033325 -0.081421 -0.011963
0.004883 -0.376709 1.055542 -0.025879 -0.077148 0.017456
-0.003906 -0.379395 1.057617 -0.018555 -0.073853 0.036255
-0.010742 -0.391235 1.052734 -0.006348 -0.075562 0.042480
-0.017700 -0.391113 1.054199 0.007324 -0.079712 0.037964
-0.018677 -0.395264 1.052856 0.028809 -0.081299 0.037964
-0.015869 -0.400635 1.062256 0.039795 -0.080078 0.041138
-0.012573 -0.397217 1.063721 0.046021 -0.077515 0.049194
-0.008301 -0.400024 1.066895 0.054932 -0.070557 0.066772
-0.007568 -0.411743 1.062134 0.062622 -0.064941 0.083984
-0.009888 -0.415649 1.054688 0.067871 -0.060791 0.093506
-0.007080 -0.417236 1.048828 0.083374 -0.057251 0.099731
-0.003174 -0.416504 1.038330 0.094482 -0.056152 0.112061
0.005615 -0.427490 1.035645 0.103638 -0.049561 0.133789
0.011475 -0.435425 1.022339 0.107300 -0.041626 0.155396
0.023193 -0.429688 1.011475 0.111572 -0.038452 0.174805
0.029541 -0.430664 0.986328 0.117920 -0.041626 0.191284
0.047363 -0.428589 0.992188 0.120850 -0.051025 0.202881
0.068481 -0.422119 0.989258 0.134155 -0.057495 0.212524
0.090698 -0.406128 1.003662 0.152100 -0.058594 0.217773
0.105957 -0.408325 1.008545 0.146729 -0.052490 0.225220
0.117310 -0.414307 1.005859 0.143555 -0.039551 0.229980
0.118286 -0.415405 0.980957 0.138550 -0.029785 0.236450
0.125000 -0.416748 0.971680 0.130859 -0.029785 0.246338
0.140869 -0.407959 0.964844 0.131592 -0.033691 0.253296
0.153687 -0.401001 0.978394 0.129028 -0.035645 0.263794
0.165527 -0.387817 0.971558 0.129028 -0.035278 0.276611
0.174927 -0.384521 0.980347 0.133545 -0.034302 0.282715
0.182007 -0.372925 0.970581 0.142334 -0.038818 0.274658
0.183472 -0.361328 0.967651 0.152344 -0.047852 0.264160
0.188599 -0.342896 0.964233 0.167358 -0.058350 0.255005
0.195190 -0.327759 0.959961 0.178711 -0.065063 0.245850
0.199463 -0.320923 0.970825 0.180420 -0.062378 0.239380
0.198608 -0.315918 0.972900 0.163452 -0.050903 0.239136
0.197510 -0.302856 0.968994 0.129517 -0.034302 0.249023
0.193848 -0.292114 0.966431 0.088013 -0.015259 0.267944
0.181030 -0.276001 0.954834 0.057373 -0.000732 0.280762
0.168335 -0.272949 0.937500 0.053467 0.001343 0.280273
0.154785 -0.279419 0.942383 0.073486 -0.017090 0.266724
0.137451 -0.286499 0.928711 0.108765 -0.046509 0.244141
0.121338 -0.297119 0.924561 0.157471 -0.095093 0.209229
0.125977 -0.290771 0.949341 0.230591 -0.155884 0.160400
0.149536 -0.266724 1.000854 0.305420 -0.198486 0.112305
0.170288 -0.250732 1.035400 0.329590 -0.192627 0.099243
0.181763 -0.231323 1.059448 0.277954 -0.143066 0.125854
0.186157 -0.217529 1.060547 0.188721 -0.070435 0.182007
0.184082 -0.187866 1.054443 0.110107 -0.008667 0.224365
0.175781 -0.177124 1.023315 0.057373 0.025513 0.241455
0.165405 -0.163574 0.999878 0.050659 0.027954 0.228638
0.160522 -0.153198 0.983887 0.060791 0.005615 0.202026
0.156738 -0.152344 0.994141 0.080566 -0.018677 0.175293
0.167358 -0.141602 1.016602 0.084106 -0.035034 0.152344
0.170898 -0.141357 1.026245 0.075195 -0.031372 0.142700
0.169189 -0.123779 1.019043 0.057617 -0.015015 0.130615
0.156860 -0.114868 0.996094 0.025635 0.010010 0.126953
0.145996 -0.090942 0.969604 -0.015259 0.036987 0.132324
0.135376 -0.106079 0.950562 -0.054688 0.055664 0.140381
0.124268 -0.112793 0.946167 -0.073608 0.050537 0.125732
0.116211 -0.116455 0.942139 -0.061279 0.030518 0.104492
0.121582 -0.113037 0.953613 -0.046631 0.002197 0.079468
0.128418 -0.105347 0.968994 -0.036255 -0.019287 0.059204
0.141235 -0.103638 0.982788 -0.045654 -0.025024 0.046631
0.146240 -0.098877 0.985474 -0.068115 -0.017944 0.035889
0.150879 -0.088501 0.981812 -0.083618 -0.001587 0.021118
0.144653 -0.101563 0.966675 -0.107178 0.015015 -0.001221
0.138550 -0.104004 0.948730 -0.121216 0.027100 -0.024170
0.129395 -0.123047 0.941406 -0.130615 0.032959 -0.046143
0.113403 -0.147095 0.923584 -0.130615 0.025024 -0.078369
0.107178 -0.162354 0.921631 -0.096680 -0.002563 -0.120605
0.110718 -0.178833 0.940796 -0.044312 -0.044556 -0.162598
0.138306 -0.184814 0.997681 -0.005005 -0.078735 -0.189575
0.157593 -0.168823 1.069336 -0.012207 -0.063354 -0.184204
0.159424 -0.159302 1.087769 -0.083496 -0.009521 -0.152710
0.150879 -0.134277 1.069336 -0.167725 0.051270 -0.126343
0.130371 -0.132690 1.046753 -0.225342 0.089722 -0.112915
0.113647 -0.142212 1.033813 -0.238770 0.095093 -0.115479
0.108887 -0.145630 1.037109 -0.218140 0.081543 -0.125610
0.109863 -0.141479 1.059326 -0.199707 0.066040 -0.144409
0.119263 -0.129150 1.082397 -0.189941 0.063354 -0.165039
0.113525 -0.136475 1.089844 -0.196167 0.075195 -0.177612
0.096436 -0.149048 1.088379 -0.214966 0.092773 -0.183960
0.078857 -0.176880 1.066772 -0.229126 0.107544 -0.178955
0.066040 -0.183838 1.057251 -0.230347 0.115479 -0.175903
0.048462 -0.198364 1.045044 -0.230347 0.120728 -0.175293
0.033813 -0.209229 1.026123 -0.234131 0.120972 -0.176147
0.021484 -0.214966 1.007690 -0.241821 0.115601 -0.172485
0.011230 -0.226685 1.001831 -0.245850 0.103149 -0.164429
0.013306 -0.235962 1.004028 -0.252563 0.085205 -0.161255
0.015015 -0.244507 1.028320 -0.262695 0.075928 -0.159302
0.017334 -0.245117 1.040405 -0.286865 0.086914 -0.151123
0.025879 -0.237549 1.041626 -0.309082 0.114624 -0.137451
0.014160 -0.245850 1.036621 -0.327148 0.143311 -0.136230
-0.000366 -0.266968 1.025513 -0.328003 0.156982 -0.146118
-0.028320 -0.297852 1.018555 -0.312012 0.155151 -0.148682
-0.057495 -0.329102 1.002686 -0.288818 0.136475 -0.149414
-0.070557 -0.336426 1.007080 -0.238770 0.103760 -0.156250
-0.067261 -0.334595 1.011475 -0.170410 0.064941 -0.157471
-0.065186 -0.320557 1.023560 -0.119995 0.021484 -0.161377
-0.043945 -0.301636 1.042969 -0.076904 -0.020508 -0.168945
-0.019409 -0.274536 1.066528 -0.045898 -0.053101 -0.168335
0.000610 -0.253906 1.071655 -0.036377 -0.068359 -0.163086
0.035767 -0.233765 1.103638 -0.028198 -0.065552 -0.161865
0.054932 -0.226563 1.115723 -0.039673 -0.042969 -0.155518
0.063721 -0.230591 1.120605 -0.070679 -0.007080 -0.147705
0.055298 -0.252441 1.116333 -0.113403 0.034912 -0.142090
0.036011 -0.282959 1.087280 -0.142334 0.069580 -0.133545
0.007324 -0.314453 1.045898 -0.121338 0.084961 -0.121582
-0.012939 -0.335083 1.020020 -0.064697 0.080566 -0.113403
-0.016235 -0.315552 1.015747 -0.043945 0.060181 -0.113892
-0.009399 -0.309448 1.020020 -0.028320 0.042725 -0.112549
-0.005127 -0.314819 1.024170 -0.019897 0.038818 -0.120728
-0.005859 -0.333252 1.016968 -0.018677 0.043091 -0.126709
-0.012817 -0.354736 1.008057 -0.022583 0.044678 -0.120728
-0.009644 -0.362305 1.014282 -0.034180 0.041992 -0.114014
-0.007324 -0.360352 1.016602 -0.045654 0.043091 -0.105957
-0.007080 -0.361816 1.011353 -0.058350 0.045044 -0.103027
-0.013794 -0.373901 0.998047 -0.056641 0.044189 -0.100708
-0.021362 -0.394287 0.993408 -0.050903 0.041016 -0.096191
-0.019775 -0.411743 1.013184 -0.057251 0.037720 -0.085449
-0.009644 -0.407471 1.026978 -0.076782 0.040527 -0.063965
-0.015625 -0.420166 1.020264 -0.086670 0.046387 -0.047974
-0.017456 -0.419067 0.997803 -0.070923 0.040405 -0.045166
-0.020020 -0.417603 0.994385 -0.047729 0.023071 -0.036621
-0.014404 -0.404175 1.005249 -0.026733 0.005981 -0.029663
