0.060791 -0.294434 1.041382 -0.092041 -0.036133 -0.061890
0.057495 -0.301514 1.050537 -0.082153 -0.036011 -0.069702
0.048584 -0.307983 1.038574 -0.072876 -0.038086 -0.074097
0.045532 -0.310547 1.035278 -0.063110 -0.044067 -0.072998
0.043823 -0.311523 1.033325 -0.054565 -0.051758 -0.070801
0.049561 -0.304932 1.043945 -0.042480 -0.060181 -0.070679
0.053589 -0.302612 1.058472 -0.040039 -0.061646 -0.070435
0.060181 -0.310303 1.059448 -0.041992 -0.054199 -0.062012
0.056152 -0.312744 1.050537 -0.050049 -0.045166 -0.053223
0.047729 -0.304810 1.031494 -0.059692 -0.041382 -0.048950
0.037354 -0.311401 1.020752 -0.057007 -0.045166 -0.048584
0.030396 -0.321655 1.012085 -0.046387 -0.057861 -0.057983
0.036133 -0.322510 1.018677 -0.039429 -0.072876 -0.064331
0.041138 -0.314453 1.033569 -0.031860 -0.083374 -0.064697
0.051758 -0.303833 1.044434 -0.025879 -0.083618 -0.061279
0.052734 -0.305298 1.047241 -0.020508 -0.074097 -0.050293
0.041260 -0.315308 1.040771 -0.014038 -0.060913 -0.045410
0.032349 -0.321899 1.034790 -0.016602 -0.055054 -0.042358
0.019165 -0.319824 1.027954 -0.021362 -0.053711 -0.036621
0.012329 -0.327759 1.030151 -0.025391 -0.052979 -0.028076
0.002441 -0.325317 1.039063 -0.019775 -0.050537 -0.022949
-0.011108 -0.343262 1.041870 -0.018066 -0.049316 -0.016357
-0.020874 -0.347412 1.047241 -0.017334 -0.050049 -0.010376
-0.025513 -0.356567 1.047607 -0.018311 -0.052490 -0.001221
-0.036743 -0.363647 1.057983 -0.007568 -0.053345 0.010132
-0.049438 -0.374756 1.057373 0.011841 -0.054688 0.016113
-0.061279 -0.382446 1.057983 0.023193 -0.057129 0.022827
-0.069214 -0.382690 1.054688 0.038574 -0.059814 0.039063
-0.068726 -0.365112 1.054321 0.055054 -0.068604 0.057373
-0.062988 -0.354492 1.070923 0.074951 -0.075073 0.072632
-0.055786 -0.358032 1.087280 0.100708 -0.072998 0.079346
-0.056274 -0.369385 1.083496 0.118286 -0.060791 0.092529
-0.074951 -0.413330 1.062134 0.129517 -0.043457 0.125732
-0.079102 -0.427612 1.031738 0.142212 -0.042114 0.162720
-0.078735 -0.423584 1.024658 0.166382 -0.053711 0.188843
-0.060059 -0.413940 1.020386 0.194214 -0.070801 0.211304
-0.038086 -0.427002 1.021851 0.214844 -0.087280 0.225464
-0.008667 -0.391968 1.029541 0.237793 -0.095215 0.227173
0.014038 -0.373047 1.016602 0.243896 -0.091064 0.238525
0.030396 -0.364014 0.998291 0.234009 -0.088379 0.250488
0.048096 -0.360352 0.994629 0.228394 -0.088867 0.252075
0.068604 -0.353394 0.990479 0.232910 -0.091309 0.252930
0.095337 -0.331909 0.988892 0.250000 -0.093018 0.261963
0.106934 -0.330322 0.999146 0.249390 -0.085693 0.283081
0.109741 -0.341675 0.974365 0.233154 -0.069946 0.310669
0.112183 -0.320923 0.950684 0.200439 -0.070190 0.321533
0.112793 -0.304810 0.937134 0.161133 -0.088623 0.320923
0.120239 -0.297119 0.924316 0.157715 -0.114136 0.313477
0.138062 -0.278442 0.916016 0.171265 -0.146973 0.300537
0.149902 -0.267822 0.919678 0.178955 -0.180420 0.292847
0.172852 -0.257813 0.944336 0.184814 -0.207642 0.278076
0.192871 -0.250000 0.963745 0.179932 -0.220947 0.264282
0.214844 -0.240356 0.982666 0.165771 -0.213989 0.249634
0.215576 -0.242065 0.978638 0.140991 -0.193481 0.241089
0.214966 -0.233398 0.967163 0.122925 -0.174194 0.238281
0.218750 -0.219727 0.967773 0.104858 -0.158813 0.239136
0.227295 -0.196289 0.980713 0.081421 -0.140991 0.242188
0.228394 -0.196533 0.988892 0.061646 -0.123291 0.243408
0.222900 -0.179810 0.981934 0.056152 -0.116699 0.236938
0.222168 -0.173462 0.975586 0.056641 -0.120850 0.225464
0.227417 -0.162476 0.990234 0.064087 -0.135620 0.201172
0.233643 -0.147705 1.000244 0.063599 -0.145508 0.175781
0.235962 -0.146851 1.022461 0.038208 -0.141968 0.160400
0.247437 -0.145874 1.063599 -0.006836 -0.124268 0.149292
0.238037 -0.158325 1.075562 -0.059814 -0.083130 0.149902
0.213623 -0.176025 1.051025 -0.097900 -0.032104 0.154419
0.192627 -0.195679 1.030518 -0.124146 -0.006836 0.144531
0.165649 -0.226318 1.004883 -0.130493 -0.007690 0.126831
0.153442 -0.233887 0.989624 -0.072998 -0.005005 0.110596
0.149780 -0.229736 0.997314 -0.026855 -0.002808 0.099976
0.155273 -0.230835 1.014648 -0.009766 0.003418 0.101318
0.159302 -0.220825 1.019165 -0.015015 0.019287 0.106201
0.149414 -0.217529 1.008789 -0.032593 0.040771 0.112427
0.135010 -0.219604 0.972534 -0.048584 0.056274 0.116211
0.110229 -0.222046 0.938232 -0.056030 0.061401 0.121460
0.105713 -0.212280 0.921021 -0.057739 0.050537 0.119995
0.107178 -0.196289 0.926270 -0.059937 0.033325 0.114380
0.105225 -0.201904 0.931030 -0.065063 0.018799 0.105103
0.109741 -0.205811 0.945923 -0.068237 -0.006226 0.089844
0.127930 -0.204224 0.960693 -0.062378 -0.035034 0.071045
0.145386 -0.194092 0.992310 -0.057617 -0.057373 0.058350
0.161743 -0.184204 1.012085 -0.039063 -0.066895 0.054199
0.170654 -0.184570 1.041992 -0.034790 -0.064331 0.049194
0.178345 -0.178711 1.059692 -0.052979 -0.041748 0.047607
0.184326 -0.163330 1.060303 -0.094482 -0.000488 0.052612
0.160156 -0.154297 1.022217 -0.142456 0.048828 0.060913
0.121338 -0.170532 0.967651 -0.169800 0.079468 0.070435
0.098999 -0.182251 0.932861 -0.171143 0.065796 0.071655
0.106445 -0.175049 0.961304 -0.159302 0.025635 0.056396
0.127075 -0.161865 0.994385 -0.158081 -0.005615 0.037964
0.138062 -0.154175 0.999878 -0.146729 -0.029663 0.018677
0.141479 -0.145752 1.002686 -0.144043 -0.044312 -0.005249
0.157349 -0.134888 1.019775 -0.138184 -0.057495 -0.022339
0.174927 -0.118896 1.046387 -0.133423 -0.054810 -0.033203
0.172119 -0.133423 1.061646 -0.145264 -0.029175 -0.032104
0.169800 -0.137207 1.063477 -0.173218 0.000854 -0.037354
0.155762 -0.151978 1.042725 -0.195801 0.022705 -0.039185
0.136108 -0.172241 1.031006 -0.188110 0.024170 -0.050537
0.130249 -0.172119 1.030029 -0.171753 0.010254 -0.063843
0.139648 -0.161743 1.050537 -0.157837 -0.000610 -0.074341
0.143188 -0.155518 1.066406 -0.161987 0.002441 -0.084229
0.140869 -0.153809 1.057251 -0.176147 0.013306 -0.091675
0.138916 -0.148560 1.030640 -0.180420 0.019897 -0.096313
0.133179 -0.135376 1.018066 -0.183350 0.018188 -0.100952
0.129028 -0.148682 1.018311 -0.189331 0.010498 -0.108765
0.136230 -0.143677 1.030396 -0.189575 0.002930 -0.124756
0.135010 -0.143921 1.036011 -0.197388 0.004272 -0.137085
0.129639 -0.153809 1.032837 -0.230835 0.006470 -0.149780
0.120117 -0.198975 1.030396 -0.270996 0.005981 -0.142578
0.126099 -0.201294 1.051025 -0.331055 -0.004517 -0.156738
0.123657 -0.206909 1.060425 -0.383667 -0.006348 -0.165283
0.132080 -0.190063 1.064575 -0.323975 -0.001465 -0.165894
0.124023 -0.192261 1.077271 -0.318970 -0.003662 -0.180542
0.116211 -0.192383 1.079590 -0.286377 0.016846 -0.190674
0.102661 -0.203735 1.079468 -0.224731 0.040894 -0.203247
0.090820 -0.208862 1.066772 -0.172241 0.063354 -0.216919
0.086304 -0.214966 1.069092 -0.122192 0.076416 -0.225098
0.075684 -0.238647 1.067017 -0.080688 0.088013 -0.230957
0.055054 -0.256470 1.052368 -0.058716 0.095581 -0.242432
0.035034 -0.287231 1.043335 -0.047852 0.097290 -0.247437
0.016724 -0.309814 1.040527 -0.044434 0.093506 -0.245239
0.005859 -0.324097 1.038696 -0.051758 0.085693 -0.236572
0.001343 -0.334106 1.054321 -0.052124 0.078735 -0.222168
0.006592 -0.342651 1.065918 -0.052734 0.074951 -0.211060
0.003052 -0.340820 1.058228 -0.057861 0.078247 -0.199463
-0.001221 -0.349365 1.041016 -0.058228 0.080444 -0.193115
-0.008423 -0.355591 1.020508 -0.040771 0.075195 -0.187012
-0.012451 -0.358398 1.022461 -0.009766 0.060547 -0.179077
-0.004639 -0.358398 1.033936 0.002441 0.046143 -0.169189
0.003052 -0.358765 1.045166 0.002441 0.036011 -0.151855
0.017700 -0.349487 1.045166 -0.000366 0.031006 -0.134888
0.025513 -0.344360 1.042358 0.003662 0.040649 -0.121704
0.029419 -0.333740 1.032227 -0.008423 0.055176 -0.120972
0.028442 -0.339111 1.017944 -0.018066 0.051270 -0.113159
0.027710 -0.341675 1.011475 -0.020020 0.040283 -0.104248
0.033691 -0.338745 0.998169 -0.024414 0.038330 -0.093750
0.034912 -0.345703 1.002319 -0.026367 0.039063 -0.081909
0.027466 -0.363647 0.997192 -0.030151 0.037842 -0.069946
0.025513 -0.383545 0.992065 -0.027832 0.029175 -0.067261
0.033325 -0.379517 0.994019 -0.020264 0.009277 -0.064331
0.043213 -0.369019 1.003540 -0.027344 -0.011475 -0.053345
0.056641 -0.343262 1.008545 -0.023193 -0.014404 -0.043701
0.062256 -0.338013 1.017090 -0.020630 -0.015137 -0.025635
0.063354 -0.334351 1.015991 -0.035034 -0.009399 -0.021240
0.056396 -0.334961 1.000000 -0.051758 0.008545 -0.028687
0.037354 -0.355225 0.965454 -0.067017 0.015137 -0.029297
0.025879 -0.374268 0.959839 -0.058472 0.005249 -0.028564
0.026367 -0.380981 0.956177 -0.047729 -0.017456 -0.028442
0.038330 -0.369019 0.978760 -0.034668 -0.038452 -0.021729
0.053955 -0.357910 1.004028 -0.033081 -0.048584 -0.015015
