0.098511 -0.378540 0.994141 -0.026733 -0.045776 0.119019
0.098999 -0.388794 0.987183 -0.010864 -0.041748 0.163818
0.098877 -0.392456 0.989380 -0.022827 -0.044434 0.192383
0.093628 -0.396484 0.999023 -0.039673 -0.038330 0.203613
0.107910 -0.396851 1.034546 -0.053345 -0.022461 0.219116
0.088135 -0.393921 1.034912 -0.092163 0.012817 0.234131
0.072266 -0.421143 1.024780 -0.142090 0.043335 0.230591
0.040527 -0.445068 1.010376 -0.167725 0.043457 0.187012
-0.006592 -0.500732 1.010986 -0.104858 0.024292 0.150391
-0.040894 -0.527954 0.995361 0.009766 -0.001831 0.126587
-0.055298 -0.505981 1.002441 0.080444 -0.034546 0.115723
-0.063232 -0.511963 1.028564 0.136597 -0.042236 0.132935
-0.076538 -0.494141 1.035278 0.147217 -0.025757 0.166504
-0.092773 -0.485107 1.031250 0.104858 -0.000366 0.201782
-0.106079 -0.489014 1.031372 0.048706 0.001465 0.219727
-0.119141 -0.485107 1.032227 0.015625 -0.029053 0.207764
-0.115723 -0.492065 1.038086 0.055420 -0.064453 0.189941
-0.099731 -0.481689 1.050049 0.117554 -0.105347 0.158569
-0.098267 -0.467407 1.049316 0.199097 -0.126343 0.127441
-0.092896 -0.479614 1.027832 0.283447 -0.132935 0.121094
-0.076294 -0.457520 1.042725 0.246094 -0.142944 0.126343
-0.056396 -0.460815 1.045044 0.189209 -0.121338 0.167847
-0.041382 -0.462891 1.030273 0.149048 -0.081543 0.225464
-0.036011 -0.450684 1.011841 0.126709 -0.051880 0.270874
-0.026733 -0.449585 0.980957 0.130615 -0.035767 0.306519
-0.009277 -0.433350 0.971069 0.167114 -0.036743 0.310547
0.005371 -0.420288 0.959106 0.186523 -0.050293 0.303955
0.021240 -0.413208 0.972656 0.192627 -0.056030 0.295044
0.033081 -0.404907 0.984985 0.194946 -0.050659 0.289551
0.035400 -0.405151 0.976929 0.206787 -0.027588 0.306885
0.038330 -0.391846 0.950317 0.211548 0.010132 0.334961
0.036255 -0.377441 0.905640 0.209473 0.043335 0.361572
0.048218 -0.359131 0.885376 0.192871 0.041992 0.357422
0.050049 -0.364258 0.877441 0.170776 0.023926 0.327881
0.062500 -0.372925 0.897827 0.158936 -0.003540 0.280762
0.073364 -0.368774 0.904663 0.147339 -0.025146 0.247192
0.070679 -0.384766 0.899414 0.137817 -0.034668 0.234253
0.079468 -0.366943 0.910400 0.119751 -0.048462 0.237427
0.085327 -0.364380 0.914673 0.099854 -0.052612 0.264038
0.100952 -0.342285 0.938232 0.084473 -0.054443 0.287842
0.130859 -0.317749 0.960449 0.082886 -0.048584 0.300781
0.143677 -0.312134 0.980347 0.082031 -0.029419 0.311646
0.140625 -0.303955 0.975220 0.067993 -0.005127 0.319336
0.134766 -0.312378 0.973999 0.040039 0.010010 0.320679
0.123169 -0.328735 0.964111 0.024048 0.016235 0.311768
0.121460 -0.336060 0.964233 0.018921 0.010254 0.299927
0.125122 -0.334717 0.965210 0.035889 0.007080 0.288452
0.144653 -0.309082 0.986572 0.046509 -0.000366 0.266724
0.165283 -0.297485 1.012329 0.033936 -0.004761 0.234863
0.163696 -0.309204 1.014404 0.021484 0.001831 0.200806
0.159302 -0.323486 1.026489 0.000854 0.007813 0.171753
0.142456 -0.327148 1.022339 -0.023560 0.009644 0.162354
0.133057 -0.342773 1.007080 -0.017212 0.013428 0.191650
0.132813 -0.343384 1.013916 0.013794 0.022949 0.219238
0.135376 -0.336914 1.013184 0.025513 0.030151 0.232422
0.142090 -0.327393 1.022949 -0.003296 0.035889 0.234253
0.120483 -0.330078 1.000366 -0.019409 0.049316 0.224487
0.087524 -0.336914 0.965332 -0.008057 0.050781 0.216553
0.068359 -0.333008 0.947998 0.017090 0.033569 0.220581
0.059326 -0.330444 0.941772 0.044189 0.011353 0.226807
0.069336 -0.324829 0.946899 0.077393 -0.010254 0.226563
0.084106 -0.305908 0.970459 0.090576 -0.022339 0.219116
0.090454 -0.297852 0.987427 0.062012 -0.017700 0.207031
0.072876 -0.314453 0.982788 0.020752 -0.001343 0.194214
0.064209 -0.312500 0.975342 -0.005127 0.006592 0.179688
0.051514 -0.299072 0.970825 -0.011230 0.003174 0.178711
0.033203 -0.324341 0.966797 0.014404 -0.000122 0.197510
0.040283 -0.309937 0.968750 0.028320 -0.018677 0.203369
0.055542 -0.286499 0.975830 0.011597 -0.033569 0.204468
0.073486 -0.272705 0.979126 -0.028687 -0.034424 0.191772
0.081665 -0.234497 0.973633 -0.043091 -0.015991 0.165527
0.078979 -0.222046 0.951050 -0.051636 -0.002808 0.144409
0.068848 -0.221802 0.944946 -0.053955 -0.001343 0.122559
0.061890 -0.241089 0.927490 -0.050171 -0.006592 0.111694
0.064697 -0.235352 0.933960 -0.054077 -0.017700 0.103027
0.065063 -0.249512 0.942993 -0.070190 -0.023560 0.097412
0.070435 -0.256348 0.969360 -0.077881 -0.025513 0.083984
0.068848 -0.245605 0.991333 -0.088135 -0.019287 0.073853
0.061279 -0.237427 0.989990 -0.102539 -0.013184 0.072021
0.057861 -0.238281 0.996704 -0.097046 -0.008301 0.076538
0.063843 -0.220215 1.006226 -0.087646 -0.013184 0.070068
0.068604 -0.206909 1.012207 -0.054932 -0.017334 0.059570
0.086792 -0.173340 1.020264 -0.035400 -0.017334 0.035767
0.097412 -0.141235 1.013428 -0.060181 -0.009766 0.005249
0.096191 -0.132813 1.005127 -0.099731 0.009033 -0.025879
0.075928 -0.159180 1.009155 -0.131592 0.026001 -0.056274
0.055542 -0.189453 1.012695 -0.139404 0.021851 -0.081421
0.035156 -0.209595 0.979614 -0.148438 -0.001831 -0.093750
0.040283 -0.210815 0.996826 -0.163940 -0.016235 -0.100098
0.042603 -0.190308 1.024902 -0.143677 -0.004150 -0.105103
0.051758 -0.177368 1.035278 -0.095581 0.003784 -0.113647
0.044067 -0.172852 1.024658 -0.060791 0.016235 -0.139893
0.015381 -0.191406 1.018799 -0.063843 0.023560 -0.157471
0.013916 -0.193237 1.025269 -0.085205 0.031982 -0.158325
0.011230 -0.201172 1.049072 -0.130737 0.050171 -0.148682
-0.000244 -0.212158 1.050293 -0.156616 0.076538 -0.143311
-0.001709 -0.210327 1.045410 -0.156128 0.080933 -0.143188
0.012085 -0.194946 1.069214 -0.143921 0.071655 -0.162598
0.018433 -0.179321 1.066528 -0.147461 0.066895 -0.203003
0.019043 -0.164551 1.086426 -0.142822 0.080078 -0.254272
-0.006592 -0.188354 1.058594 -0.152954 0.100464 -0.280640
-0.026367 -0.218994 1.058350 -0.175781 0.114380 -0.288208
-0.039551 -0.244751 1.060669 -0.204834 0.129639 -0.275269
-0.044678 -0.264404 1.071411 -0.230835 0.145996 -0.251587
-0.030396 -0.279785 1.082031 -0.232666 0.162109 -0.234497
-0.023804 -0.297852 1.097290 -0.251465 0.169189 -0.227783
-0.018799 -0.324707 1.114014 -0.265137 0.177246 -0.235596
-0.033081 -0.334839 1.108887 -0.236328 0.182495 -0.260254
-0.064819 -0.359619 1.093872 -0.175293 0.171143 -0.287964
-0.072876 -0.365845 1.104492 -0.098389 0.155029 -0.303833
-0.077271 -0.361450 1.097656 -0.072876 0.159912 -0.298584
-0.100098 -0.353271 1.070313 -0.078735 0.177856 -0.293823
-0.129028 -0.362915 1.018188 -0.077515 0.183716 -0.278687
-0.127319 -0.318604 0.989136 -0.053711 0.150024 -0.274048
-0.107422 -0.307739 0.995117 -0.045532 0.101196 -0.275024
-0.071777 -0.300537 1.029175 -0.029663 0.076904 -0.287231
-0.073364 -0.326538 1.037598 -0.035889 0.090820 -0.286255
-0.086182 -0.334473 1.016113 -0.057373 0.114624 -0.269165
-0.103027 -0.345459 0.976685 -0.077759 0.124146 -0.257813
-0.111572 -0.352661 0.953125 -0.085815 0.109863 -0.263672
-0.098389 -0.368774 0.970947 -0.048462 0.090576 -0.281616
-0.099976 -0.403076 0.993286 -0.022949 0.080688 -0.291870
-0.117798 -0.436768 0.984741 -0.025757 0.083862 -0.290039
-0.145996 -0.464233 0.964111 -0.057861 0.085449 -0.267944
-0.164917 -0.486084 0.943481 -0.060059 0.083130 -0.239380
-0.174438 -0.487671 0.921875 -0.041382 0.074463 -0.214966
-0.173828 -0.479614 0.901611 -0.019409 0.053223 -0.193726
-0.144165 -0.471069 0.919800 -0.025513 0.030884 -0.162842
-0.129028 -0.465210 0.940674 -0.053955 0.034912 -0.135986
-0.137085 -0.482544 0.934326 -0.085693 0.049438 -0.106445
-0.138184 -0.482422 0.928223 -0.109497 0.055054 -0.080322
-0.133301 -0.478149 0.933228 -0.111450 0.049805 -0.052002
-0.126587 -0.472168 0.939453 -0.085938 0.035767 -0.030273
-0.125977 -0.475830 0.947510 -0.057617 0.023071 -0.019287
-0.122314 -0.459229 0.946167 -0.047119 0.007202 -0.011841
-0.110474 -0.427246 0.940430 -0.040649 -0.007080 -0.009521
-0.092163 -0.392090 0.946167 -0.030029 -0.020508 -0.018188
-0.085327 -0.392334 0.952148 -0.006836 -0.033325 -0.027832
-0.082031 -0.377808 0.943726 -0.015137 -0.041260 -0.030151
-0.069580 -0.383545 0.956787 -0.040039 -0.046143 -0.019409
-0.059326 -0.400269 0.985840 -0.053711 -0.043945 -0.019531
-0.055908 -0.393311 0.986206 -0.073853 -0.038940 -0.018066
-0.052856 -0.404419 0.983765 -0.075928 -0.030151 0.001709
-0.040771 -0.397583 0.998535 -0.060791 -0.028320 0.010498
-0.036255 -0.391724 1.003174 -0.051880 -0.024902 0.004883
-0.045532 -0.389526 0.998657 -0.059204 -0.014282 -0.006592
-0.050659 -0.395996 0.986572 -0.063354 -0.001709 -0.006348
-0.050293 -0.376709 0.986938 -0.058960 0.001465 -0.012939
-0.051636 -0.376709 0.978027 -0.054077 0.001465 -0.014038
-0.060181 -0.386841 0.969604 -0.040405 -0.002563 -0.011353
