-0.091553 -0.549561 0.890869 -0.318115 0.121704 -0.456909
-0.150024 -0.667725 0.882446 -0.468018 0.175659 -0.364502
-0.206909 -0.763916 0.849121 -0.604980 0.197998 -0.248657
-0.246460 -0.794800 0.792725 -0.658813 0.199585 -0.145508
-0.238525 -0.726563 0.755127 -0.609009 0.158936 -0.110596
-0.184204 -0.656616 0.790649 -0.498657 0.048706 -0.148193
-0.136963 -0.631104 0.835938 -0.340820 -0.048584 -0.230225
-0.129395 -0.659668 0.842407 -0.134155 -0.105957 -0.335693
-0.132568 -0.689331 0.841919 0.063477 -0.153564 -0.432861
-0.135620 -0.716797 0.858765 0.172119 -0.191650 -0.470215
-0.129395 -0.716919 0.860596 0.161743 -0.195068 -0.432617
-0.128784 -0.681274 0.844360 0.036743 -0.166992 -0.344482
-0.135376 -0.669312 0.839355 -0.099121 -0.134033 -0.242188
-0.129028 -0.625244 0.833740 -0.194580 -0.111206 -0.166626
-0.134521 -0.610352 0.821899 -0.296875 -0.095215 -0.119995
-0.125732 -0.601929 0.829712 -0.317383 -0.108398 -0.105713
-0.110596 -0.595581 0.851563 -0.273804 -0.146484 -0.121948
-0.094727 -0.601929 0.872681 -0.194458 -0.184204 -0.159302
-0.079590 -0.602295 0.892944 -0.073730 -0.209839 -0.194336
-0.083130 -0.619019 0.902710 0.042236 -0.231201 -0.211060
-0.089722 -0.666260 0.903442 0.145752 -0.255249 -0.200562
-0.087769 -0.690186 0.913086 0.218994 -0.269287 -0.166504
-0.084839 -0.687134 0.897827 0.246948 -0.269165 -0.114258
-0.069946 -0.671143 0.887695 0.244751 -0.266113 -0.055176
-0.037354 -0.644531 0.898682 0.214233 -0.257935 0.000977
-0.022949 -0.641113 0.895142 0.199951 -0.241455 0.048584
-0.004395 -0.644165 0.895630 0.208984 -0.220337 0.081787
0.012451 -0.648926 0.904785 0.212524 -0.201172 0.094482
0.044189 -0.634277 0.935547 0.223511 -0.186523 0.084717
0.051025 -0.643066 0.929077 0.204712 -0.158936 0.080444
0.049683 -0.652832 0.921021 0.173218 -0.132568 0.079224
0.031250 -0.699097 0.914307 0.156250 -0.111816 0.096191
0.022705 -0.706665 0.901611 0.184814 -0.098022 0.114014
0.019165 -0.720581 0.874023 0.197021 -0.098389 0.141846
0.018677 -0.717041 0.858154 0.210693 -0.110229 0.157959
0.030396 -0.712646 0.841797 0.246826 -0.125977 0.167358
0.046021 -0.683716 0.840942 0.300903 -0.132080 0.170410
0.054565 -0.676270 0.830688 0.346558 -0.128540 0.177979
0.052002 -0.669556 0.818848 0.384888 -0.122070 0.187622
0.049194 -0.658936 0.799438 0.412598 -0.121704 0.198608
0.058105 -0.661621 0.808716 0.431396 -0.137207 0.212769
0.067627 -0.664063 0.808472 0.446533 -0.157715 0.224854
0.126221 -0.610718 0.915894 0.495117 -0.157959 0.224365
0.131836 -0.603638 0.875977 0.417725 -0.121216 0.245605
0.125732 -0.591431 0.876099 0.393799 -0.098511 0.244263
0.120605 -0.588867 0.866821 0.369263 -0.102905 0.245850
0.134155 -0.552734 0.871460 0.391846 -0.119263 0.239380
0.148560 -0.529297 0.885254 0.416504 -0.133789 0.235229
0.164795 -0.509888 0.908447 0.393799 -0.145020 0.243164
0.171997 -0.503906 0.926392 0.372437 -0.132080 0.260132
0.159302 -0.496094 0.914551 0.350098 -0.099243 0.290527
0.151978 -0.490601 0.907837 0.291138 -0.073364 0.334595
0.151855 -0.461426 0.905884 0.234497 -0.055298 0.375732
0.157959 -0.434082 0.896484 0.186890 -0.035889 0.416504
0.160767 -0.400757 0.901367 0.146118 -0.018555 0.435059
0.154053 -0.386719 0.896118 0.127563 0.005493 0.439941
0.147339 -0.392212 0.893555 0.127808 0.016113 0.422119
0.136353 -0.386230 0.890625 0.159668 -0.002686 0.382935
0.132813 -0.359131 0.895142 0.192505 -0.038696 0.331421
0.122925 -0.360352 0.902466 0.215820 -0.069580 0.295532
0.112549 -0.358032 0.910522 0.218018 -0.092407 0.278564
0.119385 -0.344727 0.929077 0.190308 -0.104004 0.281860
0.120483 -0.327393 0.932983 0.150757 -0.107544 0.283813
0.133179 -0.303955 0.948242 0.126343 -0.109375 0.275513
0.124756 -0.311401 0.959839 0.126465 -0.097778 0.267456
0.120972 -0.314087 0.973877 0.114624 -0.096802 0.263550
0.128296 -0.314575 0.985229 0.112305 -0.088257 0.260254
0.144653 -0.293823 1.013550 0.091064 -0.081177 0.258057
0.145386 -0.290161 1.015015 0.062134 -0.060791 0.255615
0.122681 -0.295532 0.996948 0.006714 -0.037842 0.254150
0.109863 -0.284546 0.985596 0.023315 -0.015381 0.253418
0.098877 -0.281006 0.972534 0.031860 -0.013428 0.253784
0.101074 -0.272339 0.972778 0.031860 -0.022705 0.247192
0.111328 -0.259888 1.001831 0.017090 -0.036865 0.233154
0.125000 -0.249878 1.015503 -0.000732 -0.042603 0.216797
0.121338 -0.240601 1.030884 -0.032593 -0.038940 0.203491
0.114746 -0.248901 1.010254 -0.060791 -0.023438 0.203613
0.102539 -0.245972 0.988647 -0.061768 -0.012085 0.188965
0.083496 -0.251221 0.974609 -0.038696 -0.017822 0.164551
0.088745 -0.232544 0.978149 -0.007202 -0.037476 0.142456
0.101563 -0.227417 0.997192 0.003906 -0.050171 0.122803
0.111084 -0.238037 1.031250 -0.006470 -0.047119 0.109009
0.104370 -0.251343 1.043213 -0.021362 -0.031006 0.091919
0.089355 -0.262451 1.038696 -0.036133 -0.014160 0.071777
0.069092 -0.273193 1.016235 -0.030396 -0.013184 0.051270
0.066284 -0.264526 1.009033 0.004639 -0.031494 0.024658
0.067017 -0.255737 1.013794 0.058228 -0.056152 -0.006470
0.082397 -0.242432 1.030029 0.114136 -0.082031 -0.040405
0.097534 -0.190796 1.017334 0.153076 -0.093018 -0.072876
0.104492 -0.162842 1.023560 0.135498 -0.072632 -0.086914
0.093384 -0.178223 1.025146 0.059082 -0.030762 -0.078247
0.066040 -0.181030 0.989990 -0.040161 0.010132 -0.060181
0.041016 -0.190186 0.957031 -0.125732 0.035278 -0.035645
0.041138 -0.194214 0.949097 -0.180908 0.035767 -0.026001
0.048584 -0.210205 0.968872 -0.197388 0.019043 -0.034302
0.062378 -0.238403 0.990479 -0.191772 0.001587 -0.054565
0.056274 -0.252930 0.996216 -0.159668 -0.012573 -0.088257
0.066162 -0.265381 1.018188 -0.085693 -0.030396 -0.129639
0.080566 -0.260254 1.051147 -0.032715 -0.050781 -0.165894
0.090942 -0.245117 1.069580 -0.021240 -0.045898 -0.187500
0.084229 -0.229492 1.065063 -0.059082 -0.011108 -0.184448
0.060669 -0.240234 1.046753 -0.128662 0.038086 -0.157715
0.038940 -0.268066 1.020264 -0.186523 0.072754 -0.129883
0.025757 -0.286621 1.009033 -0.194214 0.076538 -0.120361
0.045654 -0.290894 1.020630 -0.162720 0.056519 -0.131226
0.071655 -0.286133 1.062256 -0.137207 0.036743 -0.150513
0.094360 -0.283936 1.077148 -0.125244 0.038940 -0.163086
0.080566 -0.282227 1.061768 -0.128296 0.069214 -0.175049
0.055908 -0.290283 1.026245 -0.147339 0.102295 -0.184326
0.020752 -0.314453 0.996582 -0.158325 0.117920 -0.189209
-0.007813 -0.346313 0.993896 -0.152588 0.117432 -0.189819
-0.002808 -0.327271 1.003784 -0.140869 0.094849 -0.191406
-0.000244 -0.322266 1.020874 -0.154785 0.092773 -0.179321
0.012939 -0.319824 1.031006 -0.174316 0.100342 -0.165405
0.006470 -0.335449 1.029663 -0.218506 0.111572 -0.159058
-0.012451 -0.357910 1.022217 -0.235474 0.119263 -0.154053
-0.026001 -0.383301 1.016357 -0.224243 0.111450 -0.154785
-0.019409 -0.376587 1.029419 -0.173706 0.091675 -0.163574
-0.009277 -0.378418 1.048340 -0.121460 0.077271 -0.167969
-0.011841 -0.374146 1.055786 -0.099487 0.078247 -0.168457
-0.034790 -0.383789 1.023071 -0.089600 0.093018 -0.166870
-0.061157 -0.390137 0.985596 -0.075439 0.100220 -0.162231
-0.077271 -0.400879 0.962891 -0.068726 0.091675 -0.150391
-0.079956 -0.410767 0.965088 -0.076904 0.072754 -0.137817
-0.062988 -0.419312 0.990601 -0.090942 0.053833 -0.126343
-0.041260 -0.421753 1.007690 -0.102661 0.052612 -0.114502
-0.024902 -0.421631 1.023071 -0.114502 0.066162 -0.107178
-0.007568 -0.416992 1.033325 -0.121704 0.073486 -0.102661
-0.018677 -0.420654 1.026367 -0.116211 0.081177 -0.101318
-0.043823 -0.433228 0.984741 -0.084839 0.086426 -0.099609
-0.066162 -0.450317 0.958130 -0.053345 0.074219 -0.100464
-0.073730 -0.445923 0.948975 -0.025146 0.056396 -0.095581
-0.064209 -0.430420 0.945679 -0.011230 0.040894 -0.084351
-0.049683 -0.414917 0.949463 -0.020020 0.026489 -0.074341
-0.022583 -0.386963 0.958374 -0.031494 0.025146 -0.066528
-0.006104 -0.386719 0.971924 -0.060059 0.034546 -0.052979
0.001099 -0.396606 0.986572 -0.089233 0.051880 -0.053223
-0.018921 -0.426636 0.973145 -0.110840 0.066040 -0.058716
-0.046021 -0.454956 0.958130 -0.101196 0.069092 -0.059570
-0.060181 -0.468384 0.940063 -0.078125 0.057373 -0.056274
-0.060913 -0.463013 0.931641 -0.050171 0.039429 -0.049561
-0.051147 -0.445435 0.923462 -0.027954 0.021240 -0.041870
-0.043335 -0.436035 0.930786 -0.022339 0.005371 -0.036987
-0.023315 -0.402222 0.947021 -0.024902 -0.002930 -0.036377
-0.012451 -0.409424 0.963989 -0.047729 0.000488 -0.030884
-0.018921 -0.416504 0.972290 -0.071777 0.009033 -0.031616
-0.028931 -0.427246 0.961426 -0.089478 0.013428 -0.030151
-0.030884 -0.429321 0.956787 -0.101074 0.010254 -0.024536
-0.038452 -0.440063 0.949463 -0.105225 0.007935 -0.016724
-0.037231 -0.447388 0.952637 -0.082886 0.000244 -0.017456
