-0.019775 -0.430176 0.804321 -0.219238 0.049683 -0.395020
-0.041504 -0.463257 0.782471 -0.269409 0.075684 -0.384155
-0.060181 -0.503906 0.777954 -0.311890 0.083496 -0.379028
-0.086792 -0.631714 0.770752 -0.319458 0.071411 -0.341675
-0.110107 -0.740845 0.796997 -0.312256 0.064819 -0.303345
-0.128418 -0.798828 0.804199 -0.324097 0.041748 -0.263550
-0.149902 -0.837769 0.795044 -0.319214 -0.001953 -0.214844
-0.135742 -0.812744 0.811646 -0.285645 -0.058472 -0.180420
-0.108765 -0.773071 0.844849 -0.250244 -0.092407 -0.155762
-0.091309 -0.759888 0.877808 -0.206177 -0.102661 -0.141724
-0.093506 -0.760010 0.892944 -0.202271 -0.097412 -0.121094
-0.097412 -0.744751 0.883423 -0.226929 -0.091919 -0.105713
-0.097412 -0.726074 0.879150 -0.236328 -0.105957 -0.097412
-0.094116 -0.709351 0.888184 -0.205444 -0.130859 -0.105469
-0.093140 -0.725220 0.884766 -0.167480 -0.142578 -0.097900
-0.124023 -0.744507 0.861328 -0.143433 -0.146606 -0.087646
-0.136108 -0.757813 0.829834 -0.091064 -0.172363 -0.069824
-0.152832 -0.779053 0.812378 -0.026001 -0.212769 -0.042236
-0.151611 -0.794312 0.795044 0.035034 -0.266724 -0.012329
-0.090576 -0.779175 0.836792 0.115356 -0.318359 -0.003540
-0.045898 -0.755005 0.901733 0.172119 -0.327026 -0.003174
-0.030762 -0.730591 0.887207 0.206421 -0.289551 0.005493
-0.052734 -0.724609 0.834351 0.226074 -0.248291 0.005859
-0.059692 -0.727295 0.820679 0.227661 -0.236816 0.005615
-0.046875 -0.738281 0.830688 0.237793 -0.237427 0.031494
-0.037964 -0.773682 0.861816 0.243164 -0.230469 0.072632
-0.022705 -0.775635 0.874756 0.228394 -0.213135 0.101318
0.004272 -0.778931 0.916748 0.227905 -0.204346 0.135742
0.038452 -0.712402 0.882446 0.308594 -0.184570 0.146851
0.050049 -0.710815 0.888306 0.319824 -0.166626 0.156250
0.045654 -0.709106 0.867065 0.328125 -0.167114 0.165894
0.046265 -0.713867 0.863281 0.362793 -0.161743 0.179565
0.052734 -0.707153 0.859375 0.358032 -0.170166 0.204956
0.062134 -0.695557 0.863647 0.345459 -0.175049 0.234131
0.079712 -0.673096 0.868408 0.341797 -0.168579 0.260742
0.098633 -0.647461 0.867920 0.357910 -0.153564 0.290405
0.105957 -0.622681 0.855957 0.339600 -0.149048 0.303955
0.105957 -0.604858 0.842896 0.330811 -0.158081 0.308350
0.112915 -0.589233 0.856934 0.339600 -0.170776 0.312256
0.114868 -0.580566 0.855103 0.368408 -0.175171 0.318237
0.122070 -0.561401 0.852173 0.380127 -0.182251 0.329590
0.118896 -0.538208 0.838623 0.387695 -0.185913 0.332275
0.126709 -0.525635 0.821045 0.401489 -0.192139 0.326416
0.143921 -0.499023 0.836182 0.416748 -0.203613 0.306885
0.152344 -0.483398 0.847046 0.409790 -0.209717 0.288818
0.158081 -0.445679 0.862671 0.385742 -0.198242 0.286499
0.167969 -0.436768 0.870483 0.323608 -0.178467 0.315796
0.160400 -0.443604 0.874512 0.245850 -0.159424 0.352539
0.172607 -0.429932 0.886841 0.180542 -0.138062 0.377441
0.184448 -0.427124 0.890137 0.129028 -0.126709 0.386108
0.187988 -0.416870 0.904541 0.124268 -0.117676 0.367554
0.181885 -0.423950 0.912720 0.130371 -0.123535 0.345337
0.175415 -0.435547 0.912720 0.162476 -0.131470 0.322266
0.177856 -0.427734 0.930786 0.205444 -0.145142 0.304810
0.194214 -0.422241 0.959717 0.223145 -0.147339 0.304932
0.206055 -0.395508 0.973755 0.202637 -0.132324 0.305542
0.204956 -0.374268 0.969727 0.167236 -0.096191 0.314453
0.195190 -0.359375 0.967163 0.100952 -0.067017 0.323608
0.188232 -0.360718 0.961548 0.062500 -0.042969 0.325317
0.176758 -0.376587 0.960083 0.035767 -0.030762 0.325928
0.172607 -0.369751 0.976074 0.023071 -0.031494 0.319824
0.169067 -0.370361 0.973389 0.038086 -0.032715 0.306274
0.158691 -0.376709 0.966187 0.046997 -0.041992 0.280029
0.148682 -0.376099 0.965454 0.060425 -0.052856 0.254761
0.135254 -0.380493 0.959473 0.079834 -0.062988 0.243042
0.133911 -0.371216 0.962402 0.093384 -0.074829 0.227539
0.137817 -0.359131 0.966431 0.122803 -0.085083 0.219482
0.141479 -0.339111 0.974365 0.128052 -0.088257 0.203247
0.133911 -0.317749 0.963501 0.109375 -0.079102 0.194092
0.121338 -0.320190 0.955444 0.072876 -0.067261 0.197388
0.109863 -0.318481 0.957153 0.038208 -0.053345 0.199829
0.081543 -0.340942 0.949951 0.003662 -0.046387 0.208496
0.069458 -0.343628 0.938965 -0.011108 -0.057373 0.207642
0.072754 -0.329346 0.947510 0.000854 -0.075928 0.196899
0.076294 -0.318726 0.959839 -0.010254 -0.093506 0.185669
0.089844 -0.290039 0.967651 -0.009521 -0.093994 0.175049
0.096436 -0.261841 0.967896 -0.008301 -0.080811 0.162720
0.088135 -0.252075 0.969727 -0.024170 -0.068359 0.154175
0.081299 -0.255493 0.963501 -0.025024 -0.063477 0.139404
0.070190 -0.259766 0.978882 -0.022461 -0.066040 0.109619
0.068359 -0.265503 0.986084 -0.006348 -0.066772 0.086060
0.067261 -0.260498 0.996094 0.001343 -0.060425 0.073608
0.071045 -0.256714 1.005859 -0.020874 -0.045776 0.071411
0.082153 -0.243652 1.029785 -0.057495 -0.021362 0.078125
0.074341 -0.258057 1.019897 -0.096069 0.000977 0.085938
0.087280 -0.242920 1.037720 -0.099976 0.020752 0.074219
0.084351 -0.262085 1.033325 -0.103516 0.029175 0.059082
0.099731 -0.270996 1.050049 -0.111572 0.024292 0.044678
0.097412 -0.279907 1.057983 -0.120605 0.025513 0.033203
0.088623 -0.286865 1.035645 -0.100952 0.029541 0.020142
0.071777 -0.300049 1.012207 -0.047607 0.022339 0.004639
0.054321 -0.299438 0.986450 -0.001465 -0.000244 -0.017700
0.035400 -0.304565 0.961914 0.021729 -0.019287 -0.037109
0.043091 -0.289307 0.966309 0.026245 -0.035278 -0.039063
0.040405 -0.263428 0.967651 -0.004272 -0.031616 -0.043091
0.031860 -0.285400 0.965210 -0.042236 -0.015747 -0.036255
0.039429 -0.292603 0.972412 -0.067749 -0.010132 -0.041626
0.040527 -0.298462 0.989380 -0.080566 -0.009521 -0.054932
0.042358 -0.336060 1.002075 -0.099854 -0.010742 -0.054077
0.043701 -0.351074 1.010864 -0.103394 -0.011597 -0.052490
0.048706 -0.342407 1.013550 -0.104736 -0.009399 -0.048584
0.055542 -0.328613 1.019043 -0.113281 0.002319 -0.039063
0.061279 -0.334595 1.012451 -0.141357 0.016113 -0.027100
0.054688 -0.333618 1.007690 -0.171509 0.028931 -0.032959
0.046631 -0.340820 0.994507 -0.163086 0.033936 -0.044800
0.043335 -0.350464 0.988037 -0.130127 0.024658 -0.068237
0.033203 -0.360596 0.986206 -0.112915 0.009766 -0.085693
0.043335 -0.352539 0.983643 -0.083008 -0.000122 -0.092041
0.051636 -0.342529 0.975098 -0.073853 -0.005981 -0.097656
0.064819 -0.315063 0.984497 -0.077637 -0.005493 -0.112549
0.075928 -0.301880 0.993774 -0.097168 0.003174 -0.120605
0.069702 -0.320068 1.002197 -0.134277 0.021729 -0.116943
0.061646 -0.340210 1.013916 -0.178833 0.031494 -0.111328
0.053345 -0.343140 1.018433 -0.201294 0.033569 -0.108032
0.044678 -0.346802 1.018799 -0.193481 0.031616 -0.104126
0.036499 -0.359863 1.010132 -0.166870 0.019653 -0.103760
0.043335 -0.326294 1.012085 -0.116089 0.008667 -0.114380
0.047729 -0.339233 1.017090 -0.091553 0.012451 -0.118042
0.052856 -0.328125 1.005981 -0.088379 0.021606 -0.137329
0.041992 -0.338013 0.990967 -0.101929 0.040405 -0.151001
0.034912 -0.352051 0.979492 -0.129883 0.051147 -0.157349
0.040649 -0.377563 1.001709 -0.144287 0.055420 -0.156128
0.048462 -0.385376 1.035889 -0.137817 0.058350 -0.166504
0.051758 -0.394409 1.040894 -0.118652 0.059937 -0.174683
0.045288 -0.393066 1.040894 -0.084229 0.060669 -0.184204
0.038330 -0.395142 1.026367 -0.055298 0.064331 -0.199951
0.033325 -0.394775 1.004639 -0.034058 0.067139 -0.221313
0.025635 -0.401245 0.997437 -0.023682 0.072632 -0.232056
0.020996 -0.416992 1.008301 -0.041992 0.089478 -0.228516
0.018799 -0.437256 1.010376 -0.076172 0.114014 -0.212036
0.016724 -0.454468 1.018066 -0.098389 0.129517 -0.196045
0.016968 -0.461670 1.021118 -0.102295 0.132935 -0.185547
0.017700 -0.474365 1.022217 -0.102539 0.131592 -0.174561
0.015137 -0.474243 1.017700 -0.089111 0.124512 -0.173706
0.014526 -0.465210 1.004761 -0.051270 0.117065 -0.179932
0.013184 -0.447998 1.004395 -0.001953 0.109863 -0.189453
0.004395 -0.448975 0.992676 0.029419 0.108154 -0.188354
0.010010 -0.416504 0.979736 0.043701 0.108521 -0.182617
0.008179 -0.407104 0.982422 0.032593 0.116333 -0.172729
-0.009888 -0.412231 0.956665 -0.036865 0.135010 -0.156616
-0.020142 -0.417725 0.942627 -0.064209 0.141235 -0.151489
-0.022339 -0.414063 0.950928 -0.065308 0.132813 -0.149292
-0.019531 -0.426392 0.952148 -0.049194 0.120728 -0.144531
-0.013916 -0.433716 0.958130 -0.028687 0.108765 -0.141113
-0.018311 -0.447510 0.962524 -0.014893 0.097900 -0.141846
-0.023438 -0.459106 0.973755 -0.006104 0.086426 -0.143677
-0.023926 -0.451538 0.985474 0.006348 0.078735 -0.138428
-0.034424 -0.437866 0.960693 -0.005371 0.086670 -0.121826
-0.052612 -0.436646 0.930664 -0.022339 0.087524 -0.105103
-0.052124 -0.421387 0.924927 -0.031738 0.074707 -0.091187
