-0.075317 -0.632813 0.927612 0.371704 -0.253784 -0.152100
-0.080444 -0.727295 0.907715 0.353638 -0.248779 -0.097168
-0.090454 -0.707031 0.910645 0.255859 -0.232544 -0.086304
-0.116333 -0.722900 0.895508 0.178345 -0.229370 -0.037476
-0.116211 -0.739258 0.879639 0.174805 -0.241699 0.020264
-0.083496 -0.706665 0.920044 0.194946 -0.249634 0.047729
-0.049438 -0.677856 0.942993 0.224976 -0.239136 0.060669
-0.038696 -0.638794 0.939453 0.247070 -0.213623 0.050781
-0.053345 -0.627563 0.889160 0.238892 -0.194946 0.029419
-0.078613 -0.646606 0.850342 0.256592 -0.196533 0.020630
-0.069946 -0.648682 0.864990 0.325439 -0.210327 0.008057
-0.056152 -0.640503 0.876587 0.370605 -0.214233 0.002075
-0.052856 -0.630493 0.875366 0.407471 -0.216309 0.013672
-0.035645 -0.615601 0.873901 0.453735 -0.213623 0.037842
-0.014526 -0.586792 0.858276 0.478027 -0.209473 0.063110
-0.007568 -0.564453 0.872437 0.482544 -0.200073 0.072510
0.002075 -0.562256 0.867065 0.478271 -0.194458 0.080811
0.018311 -0.558472 0.882324 0.447266 -0.194946 0.086182
0.024414 -0.560059 0.899292 0.404663 -0.189697 0.098267
0.031128 -0.566772 0.918091 0.373413 -0.179810 0.117310
0.028687 -0.560303 0.910400 0.333984 -0.167603 0.131836
0.047241 -0.536377 0.947388 0.303345 -0.156494 0.144897
0.055786 -0.526611 0.949951 0.297607 -0.139038 0.166992
0.063599 -0.527100 0.947510 0.271240 -0.132446 0.184814
0.083862 -0.504639 0.963501 0.228516 -0.129150 0.202271
0.083740 -0.500854 0.961670 0.212158 -0.100464 0.230103
0.095337 -0.473633 0.955811 0.230591 -0.072021 0.237671
0.083008 -0.475098 0.947998 0.217529 -0.070801 0.236450
0.079956 -0.483765 0.954102 0.239502 -0.077271 0.225464
0.078491 -0.487427 0.958252 0.236816 -0.091309 0.220093
0.075439 -0.485596 0.954102 0.231567 -0.093506 0.221802
0.077148 -0.470093 0.940063 0.217041 -0.090698 0.221802
0.082520 -0.449097 0.937622 0.226318 -0.070801 0.222656
0.075806 -0.455200 0.931885 0.220093 -0.061401 0.228149
0.083618 -0.444336 0.941895 0.231567 -0.062744 0.230469
0.083862 -0.457764 0.953979 0.253784 -0.073486 0.239502
0.101318 -0.429932 0.957642 0.290161 -0.078857 0.237671
0.102905 -0.426392 0.954956 0.248657 -0.080811 0.258423
0.099609 -0.414551 0.944946 0.233154 -0.068604 0.276733
0.100952 -0.407959 0.942261 0.196655 -0.058350 0.303833
0.102905 -0.405884 0.941162 0.154297 -0.045410 0.329102
0.099609 -0.408081 0.948608 0.116455 -0.039307 0.345947
0.107422 -0.407959 0.948730 0.125366 -0.037231 0.355835
0.125244 -0.386719 0.974365 0.128906 -0.049194 0.353516
0.134155 -0.379761 0.980347 0.143555 -0.051392 0.343262
0.125244 -0.385132 0.976440 0.159058 -0.053467 0.332031
0.129272 -0.376587 0.977539 0.177979 -0.055542 0.317261
0.129883 -0.359253 0.979858 0.177246 -0.061035 0.305542
0.132080 -0.347168 0.988037 0.179932 -0.065063 0.297852
0.141479 -0.311523 0.990723 0.195679 -0.068115 0.282104
0.142456 -0.293823 0.996094 0.178101 -0.075806 0.265137
0.143433 -0.280762 0.995117 0.173462 -0.082642 0.257080
0.150391 -0.266968 1.009644 0.145874 -0.084839 0.257324
0.159302 -0.244019 1.014404 0.103394 -0.067383 0.263428
0.160278 -0.229492 1.010620 0.045044 -0.036499 0.272583
0.141235 -0.237793 0.980347 -0.014771 -0.002686 0.276978
0.114136 -0.245117 0.960449 -0.033691 0.019287 0.273193
0.096436 -0.256836 0.935059 -0.040771 0.012939 0.266357
0.089600 -0.257080 0.926758 -0.026123 -0.004761 0.253052
0.070801 -0.263184 0.917969 -0.001709 -0.020630 0.239746
0.075806 -0.262817 0.921997 0.023926 -0.045166 0.228638
0.075806 -0.258179 0.937500 0.020630 -0.061401 0.222412
0.068359 -0.254883 0.926880 0.006470 -0.065186 0.215820
0.067871 -0.239868 0.937988 -0.005981 -0.067627 0.207153
0.063721 -0.241333 0.929932 -0.034302 -0.065430 0.200928
0.060913 -0.239502 0.956787 -0.053711 -0.072388 0.189209
0.083984 -0.218018 0.988403 -0.045898 -0.078369 0.179077
0.088013 -0.233521 1.009033 -0.040161 -0.070557 0.173828
0.074463 -0.234253 1.010010 -0.048828 -0.060303 0.163574
0.080811 -0.223022 1.013184 -0.048462 -0.050293 0.159424
0.083374 -0.210327 1.015381 -0.069092 -0.034302 0.162476
0.085815 -0.199951 1.001709 -0.091187 -0.015869 0.160645
0.085083 -0.196533 0.992554 -0.095825 -0.004028 0.147827
0.069702 -0.206055 0.976563 -0.099121 0.001953 0.124878
0.065430 -0.221313 0.979492 -0.085449 -0.002808 0.095459
0.060059 -0.228638 0.981934 -0.076172 -0.013794 0.069214
0.062988 -0.227661 0.996338 -0.067749 -0.019531 0.053467
0.081055 -0.208740 1.015869 -0.067383 -0.022949 0.052368
0.086914 -0.205078 1.023560 -0.069702 -0.015747 0.056396
0.092896 -0.198608 1.027222 -0.074829 -0.008423 0.050171
0.107544 -0.185425 1.037598 -0.090698 -0.002197 0.036865
0.105469 -0.176636 1.031128 -0.108765 0.011963 0.021118
0.110718 -0.172119 1.020142 -0.121826 0.030762 0.005371
0.097046 -0.181763 1.014526 -0.137085 0.044678 -0.016357
0.080688 -0.191650 0.986084 -0.145020 0.056519 -0.037109
0.061279 -0.216064 0.975830 -0.155640 0.061523 -0.056030
0.044312 -0.231934 0.980469 -0.167969 0.066162 -0.071533
0.029907 -0.255371 0.983521 -0.153442 0.058838 -0.079956
0.034058 -0.260010 0.997803 -0.144409 0.038452 -0.090332
0.043091 -0.259888 1.021484 -0.126587 0.020752 -0.103638
0.044800 -0.247559 1.029541 -0.105591 0.012817 -0.123901
0.050903 -0.233276 1.029541 -0.097168 0.013184 -0.135498
0.057739 -0.221436 1.035278 -0.112915 0.021973 -0.148560
0.049683 -0.227539 1.035156 -0.147583 0.049805 -0.160645
0.035889 -0.237915 1.035400 -0.186523 0.076172 -0.167358
0.028809 -0.249756 1.042603 -0.216675 0.086670 -0.163452
0.020020 -0.268921 1.045654 -0.221680 0.094238 -0.162720
0.015503 -0.275513 1.042236 -0.206909 0.092407 -0.171631
0.004150 -0.278442 1.037720 -0.199341 0.086304 -0.177979
-0.003052 -0.276855 1.036621 -0.191650 0.078369 -0.182739
-0.013184 -0.288452 1.039917 -0.193848 0.075439 -0.182129
-0.020996 -0.287476 1.029663 -0.196777 0.072876 -0.176880
-0.014282 -0.275024 1.047729 -0.182617 0.074585 -0.182373
-0.002563 -0.261475 1.062134 -0.185669 0.078247 -0.193481
-0.009033 -0.271851 1.064209 -0.191650 0.087036 -0.209595
-0.024414 -0.300537 1.063477 -0.173462 0.089478 -0.214478
-0.025146 -0.313110 1.065063 -0.149780 0.093994 -0.221069
-0.028076 -0.327026 1.062866 -0.141968 0.100098 -0.225586
-0.026245 -0.330078 1.069580 -0.140869 0.109131 -0.229004
-0.033569 -0.341064 1.070801 -0.173096 0.112305 -0.225830
-0.031250 -0.349121 1.086670 -0.196167 0.119385 -0.223145
-0.049927 -0.374390 1.065186 -0.218140 0.127686 -0.211182
-0.074341 -0.385620 1.036133 -0.208374 0.127075 -0.201904
-0.084839 -0.411255 1.020630 -0.179565 0.112305 -0.187378
-0.078979 -0.387817 1.015625 -0.123901 0.087646 -0.184082
-0.067627 -0.379639 1.019775 -0.062744 0.069702 -0.186523
-0.055908 -0.370117 1.024536 -0.026489 0.055298 -0.197510
-0.040039 -0.348999 1.041138 -0.001953 0.056152 -0.210083
-0.040771 -0.354004 1.028442 -0.009155 0.072388 -0.213379
-0.040283 -0.353027 1.012329 -0.006836 0.088379 -0.216797
-0.045532 -0.352417 0.992798 -0.012085 0.098999 -0.218994
-0.049072 -0.358521 0.976685 -0.029663 0.104858 -0.213745
-0.057251 -0.362183 0.961914 -0.036987 0.110107 -0.203735
-0.069336 -0.389771 0.949341 -0.050781 0.110962 -0.176636
-0.067993 -0.396729 0.954224 -0.058350 0.109253 -0.156372
-0.058594 -0.390381 0.957520 -0.088013 0.105957 -0.146851
-0.064941 -0.396362 0.940063 -0.125366 0.110718 -0.135376
-0.071411 -0.414307 0.931152 -0.141846 0.109985 -0.122437
-0.069702 -0.428711 0.941040 -0.143433 0.101929 -0.115234
-0.063599 -0.437134 0.950195 -0.142944 0.098145 -0.113647
-0.062744 -0.440796 0.956787 -0.143921 0.098999 -0.116577
-0.064819 -0.455444 0.963501 -0.135376 0.093018 -0.124146
-0.061523 -0.465942 0.977051 -0.096802 0.075562 -0.142456
-0.068848 -0.482178 0.977051 -0.059082 0.064087 -0.156494
-0.079834 -0.487305 0.970947 -0.024414 0.059692 -0.159546
-0.085449 -0.483765 0.961426 -0.012573 0.053345 -0.147583
-0.077393 -0.482056 0.967529 -0.006592 0.049194 -0.141602
-0.071777 -0.468872 0.969238 -0.005371 0.052368 -0.134155
-0.079224 -0.467896 0.953247 -0.023315 0.057617 -0.109009
-0.080566 -0.472534 0.948608 -0.062988 0.060181 -0.074707
-0.075806 -0.480103 0.943970 -0.090332 0.063477 -0.042358
-0.071655 -0.474976 0.944458 -0.107178 0.067139 -0.026733
-0.079346 -0.479858 0.926636 -0.107422 0.066406 -0.023193
-0.084351 -0.477905 0.922119 -0.091553 0.055420 -0.029907
-0.083618 -0.483643 0.922119 -0.067017 0.034790 -0.039551
-0.080200 -0.461426 0.925293 -0.040771 0.011963 -0.043579
-0.074463 -0.472168 0.936646 -0.020630 -0.002563 -0.034424
-0.070679 -0.469360 0.938965 -0.022095 -0.012939 -0.034668
-0.066772 -0.467041 0.949097 -0.034302 -0.016479 -0.034790
-0.063965 -0.467285 0.963501 -0.031128 -0.018311 -0.037354
