0.380127 -0.432129 0.887085 -0.038330 0.003540 -0.026855
0.375732 -0.437134 0.896118 -0.040771 0.002930 -0.034790
0.383911 -0.440186 0.899170 -0.037476 0.001465 -0.034912
0.391602 -0.441528 0.895996 -0.033691 0.004761 -0.029663
0.384521 -0.439331 0.890869 -0.032593 0.005859 -0.028687
0.376221 -0.441040 0.889771 -0.028564 0.003174 -0.026855
0.377563 -0.446289 0.885132 -0.015259 0.008667 -0.013794
0.377563 -0.448730 0.890747 -0.003418 0.016724 0.000610
0.387329 -0.464478 0.899658 0.007935 0.031494 0.011108
0.409424 -0.485474 0.915894 0.025879 0.048340 0.015381
0.445435 -0.519043 0.946167 0.065063 0.093018 0.025879
0.452026 -0.588501 1.001953 0.125000 0.168091 0.045044
0.512329 -0.728882 1.111938 0.231201 0.254028 0.057983
0.512817 -0.791626 1.179565 0.412842 0.378418 0.078491
0.415527 -0.823608 1.219482 0.597900 0.481445 0.065430
0.373169 -0.812256 1.199707 0.807251 0.480347 0.032349
0.343140 -0.774902 1.156372 1.024048 0.444580 -0.010132
0.266724 -0.703613 1.115479 1.214233 0.386230 -0.062134
0.219482 -0.642334 1.057739 1.387451 0.316650 -0.085205
0.307373 -0.653320 1.061279 1.549316 0.238892 -0.099854
0.306641 -0.608765 1.070068 1.686768 0.216064 -0.125977
0.241821 -0.583740 1.065430 1.833862 0.231201 -0.101318
0.341309 -0.607178 1.066040 1.991943 0.189941 -0.086426
0.362061 -0.590210 1.091553 2.177124 0.174194 -0.096802
0.330933 -0.610107 1.104980 2.366577 0.144897 -0.156738
0.308472 -0.597778 1.103882 2.603882 0.088135 -0.187012
0.256104 -0.599731 1.068481 2.853760 0.034180 -0.201782
0.141235 -0.580444 1.049438 3.078125 -0.027588 -0.213135
0.078613 -0.541992 0.934326 3.275635 -0.245239 -0.262939
-0.122070 -0.395020 0.774048 3.416138 -0.520630 -0.331909
-0.300415 -0.124512 0.539185 3.492432 -0.911255 -0.420044
-0.439209 0.251465 0.330566 3.562012 -1.304810 -0.460693
-0.470825 0.526245 0.173462 3.467773 -1.559448 -0.459229
-0.297241 0.716431 0.018555 3.229492 -1.680542 -0.405762
0.010742 0.754272 -0.072876 2.869263 -1.573364 -0.250244
0.232178 0.810913 -0.043213 2.480225 -1.378662 -0.125854
0.383911 0.900635 -0.018677 2.141235 -1.198364 -0.076538
0.384277 1.013916 0.156738 1.867310 -0.994263 0.016235
0.454956 0.896484 0.356812 1.629761 -0.858398 0.056274
0.396362 0.799316 0.487549 1.558594 -0.825317 0.033936
0.418335 0.833740 0.464233 1.601196 -0.912231 0.011963
0.511108 0.851685 0.358887 1.633667 -0.957031 0.015015
0.576050 0.848877 0.227783 1.610962 -0.927002 0.010864
0.541382 0.847900 0.085449 1.552124 -0.864258 -0.011963
0.417603 0.864868 -0.033936 1.459106 -0.820557 -0.015137
0.409790 0.767212 -0.060913 1.332275 -0.825439 -0.004028
0.420654 0.758301 -0.072632 1.242065 -0.838867 0.020508
0.601318 0.809692 -0.087646 1.162964 -0.818359 0.093262
0.712036 0.928223 -0.050415 1.041992 -0.702637 0.181152
0.820557 1.015503 -0.041016 0.869263 -0.604614 0.186401
0.838867 1.027710 -0.035156 0.700317 -0.496704 0.152344
0.743774 0.965088 -0.024048 0.543701 -0.390381 0.092407
0.636353 0.928467 -0.036255 0.447510 -0.350342 0.039795
0.613403 0.936523 -0.096313 0.379395 -0.342773 0.016968
0.601685 0.996582 -0.161377 0.293213 -0.317261 0.011230
0.683228 1.006958 -0.184937 0.163940 -0.273804 0.007568
0.662964 1.028687 -0.159668 0.024292 -0.192627 -0.009277
0.681274 1.029053 -0.119995 -0.104126 -0.133423 -0.030151
0.733521 0.992798 -0.049561 -0.198853 -0.045654 -0.024292
0.691528 0.976074 0.016357 -0.273193 0.040894 -0.045044
0.723022 0.914429 0.084229 -0.336548 0.063354 -0.088623
0.669312 0.875000 0.115479 -0.377197 0.093994 -0.130249
0.606934 0.854736 0.132080 -0.400024 0.106079 -0.159302
0.564941 0.820923 0.136719 -0.423096 0.122437 -0.163330
0.514771 0.816650 0.133057 -0.445679 0.154907 -0.143188
0.510864 0.848633 0.106445 -0.470337 0.178223 -0.112427
0.553955 0.897705 0.068604 -0.524536 0.215576 -0.076294
0.624512 0.915039 0.048828 -0.613159 0.304321 -0.016479
0.675049 0.810669 0.194458 -0.707520 0.403320 0.032349
0.546631 0.738281 0.338379 -0.693726 0.415161 -0.046021
0.499634 0.778687 0.380005 -0.588867 0.310303 -0.107666
0.523438 0.812744 0.339233 -0.517334 0.237793 -0.113647
0.532959 0.849609 0.255493 -0.506592 0.221313 -0.112061
0.526978 0.929321 0.143433 -0.569824 0.252563 -0.105835
0.556396 1.033325 0.002197 -0.726074 0.332886 -0.088013
0.577881 1.090454 -0.083862 -0.974609 0.459106 -0.065186
0.620605 1.053101 -0.072754 -1.269531 0.604980 -0.043701
0.675049 0.964966 0.006470 -1.526489 0.777588 -0.024048
0.621460 0.912109 0.113281 -1.703125 0.922119 -0.033691
0.563477 0.860840 0.245361 -1.815186 0.988525 -0.056274
0.553345 0.774170 0.375000 -1.873047 0.990356 -0.076904
0.527832 0.733887 0.465698 -1.866821 0.972778 -0.090698
0.439697 0.701416 0.529663 -1.833984 0.917847 -0.123169
0.389160 0.638794 0.549438 -1.791870 0.810181 -0.158081
0.311523 0.585327 0.517090 -1.755737 0.726318 -0.156006
0.205811 0.548340 0.487915 -1.757202 0.647949 -0.130737
0.142944 0.543213 0.447388 -1.786499 0.533325 -0.104004
0.142212 0.553955 0.427612 -1.843506 0.435303 -0.049927
0.258545 0.469238 0.505737 -1.926270 0.410522 0.028809
0.336304 0.402222 0.624023 -1.986206 0.485718 0.105713
0.328979 0.337646 0.729492 -2.017334 0.543457 0.135986
0.399414 0.197266 0.838135 -2.013428 0.553589 0.143921
0.413330 0.128418 0.881348 -1.966187 0.611938 0.183472
0.240967 0.113770 0.887085 -1.909668 0.666748 0.221924
0.104736 0.127197 0.874634 -1.855103 0.558716 0.200195
-0.009766 0.129150 0.856445 -1.800415 0.355469 0.154175
-0.122681 0.152710 0.849243 -1.726074 0.178467 0.209106
-0.142334 0.187500 0.813599 -1.659546 0.012817 0.332275
-0.040039 0.220459 0.736694 -1.648438 -0.158569 0.419922
0.078369 0.049438 0.713379 -1.709717 -0.266968 0.483032
0.519653 0.019287 0.702271 -1.713135 -0.304810 0.702759
0.757568 -0.234619 0.851563 -1.802734 0.083130 0.754395
0.718994 -0.326904 0.985474 -1.817261 0.490601 0.736572
0.469727 -0.448975 1.154663 -1.795166 0.726440 0.596191
0.238892 -0.542480 1.280029 -1.673950 0.745728 0.443604
0.061890 -0.553955 1.328003 -1.457031 0.619263 0.326416
0.015869 -0.502197 1.289063 -1.194824 0.335693 0.197876
0.062256 -0.443726 1.191040 -0.966919 0.011353 0.051636
0.107544 -0.337280 1.056641 -0.809448 -0.203979 -0.039063
0.140869 -0.224609 0.916748 -0.743774 -0.279419 -0.049805
0.178223 -0.134277 0.813843 -0.766357 -0.262695 -0.019653
0.180054 -0.102051 0.759888 -0.864502 -0.193726 0.028320
0.217529 -0.120972 0.747803 -0.989624 -0.122559 0.087891
0.231323 -0.195435 0.798462 -1.097290 -0.050171 0.160645
0.230957 -0.289673 0.872559 -1.161011 0.001831 0.239624
0.232910 -0.382690 0.952148 -1.173828 0.021362 0.302856
0.270264 -0.471313 1.000610 -1.141846 -0.029907 0.305542
0.337402 -0.570313 1.050537 -1.046509 -0.126465 0.269287
0.401978 -0.593384 1.056763 -0.919922 -0.144653 0.257935
0.433105 -0.635132 1.051392 -0.797729 -0.135864 0.240112
0.439941 -0.630371 1.044189 -0.677368 -0.125610 0.219727
0.456909 -0.621826 1.015747 -0.580688 -0.112793 0.172729
0.411499 -0.603882 0.987671 -0.512329 -0.092651 0.099609
0.383423 -0.581543 0.973999 -0.466187 -0.102051 0.033936
0.326904 -0.564575 0.953979 -0.433960 -0.088623 0.012573
0.299927 -0.537842 0.920166 -0.403442 -0.080933 0.023193
0.328369 -0.547363 0.924561 -0.387207 -0.091675 0.009521
0.332031 -0.583984 0.964233 -0.360352 -0.067505 -0.000366
0.318848 -0.603516 0.990723 -0.323120 -0.021973 0.015259
0.330933 -0.630127 0.994019 -0.277710 -0.002441 0.027466
0.338013 -0.655273 1.001465 -0.218750 -0.016968 0.007080
0.301514 -0.630981 0.961670 -0.137085 -0.032104 -0.024292
0.251831 -0.574341 0.906006 -0.072021 -0.049194 -0.050171
0.213135 -0.524536 0.863525 -0.034912 -0.071167 -0.058350
0.203979 -0.477295 0.839844 -0.028564 -0.102417 -0.047119
0.242188 -0.468872 0.847900 -0.036987 -0.145386 -0.030273
0.313965 -0.486206 0.865112 -0.037842 -0.178955 -0.018555
0.376587 -0.494995 0.885742 -0.037964 -0.177002 -0.008423
0.431519 -0.501465 0.877563 -0.035522 -0.140259 -0.014526
0.413574 -0.487793 0.858765 -0.028687 -0.070679 -0.024658
0.404785 -0.473267 0.841309 -0.026123 -0.020630 -0.036499
0.374756 -0.476318 0.846924 -0.031128 0.021729 -0.057007
0.330200 -0.482788 0.878052 -0.034180 0.059326 -0.050781
0.300781 -0.495728 0.887207 -0.029297 0.078735 -0.033569
0.287720 -0.500732 0.885254 -0.019287 0.080811 -0.015503
0.265869 -0.494507 0.873047 -0.011597 0.064209 -0.008789
0.258301 -0.494873 0.872314 -0.008545 0.031738 -0.010132
0.247314 -0.498657 0.875977 -0.007446 0.013428 0.001953
0.275513 -0.510132 0.879639 -0.007568 -0.012329 0.014282
0.308228 -0.521729 0.888672 -0.000977 -0.027832 0.014160
