0.356079 -0.331055 0.945801 -0.024048 -0.006592 -0.024170
0.354370 -0.322632 0.945313 -0.021973 -0.012085 -0.030884
0.348389 -0.315308 0.936646 -0.020142 -0.015015 -0.034668
0.349365 -0.308350 0.930176 -0.021118 -0.011353 -0.033081
0.339478 -0.309814 0.933350 -0.023926 -0.003418 -0.030273
0.328735 -0.312622 0.931152 -0.026733 0.003662 -0.025024
0.328857 -0.320801 0.933472 -0.028320 0.003052 -0.017944
0.334595 -0.333252 0.939209 -0.029175 0.001221 -0.010620
0.341553 -0.342896 0.940308 -0.023926 0.005981 -0.003052
0.354614 -0.340820 0.943726 -0.009644 0.010010 -0.000977
0.378052 -0.358521 0.952026 -0.007202 0.020386 -0.000244
0.374878 -0.371826 0.976563 0.003418 0.045776 -0.000366
0.380859 -0.400513 0.997070 0.022461 0.056274 -0.006348
0.386719 -0.476074 1.049561 0.071655 0.068115 -0.015503
0.369263 -0.553223 1.148315 0.169922 0.075562 -0.045532
0.429321 -0.663574 1.222534 0.320190 0.072144 -0.076538
0.516846 -0.729736 1.281616 0.527100 0.144897 -0.068726
0.486572 -0.771118 1.335693 0.744507 0.297363 -0.045044
0.471191 -0.761597 1.337280 0.977051 0.422241 -0.013672
0.452637 -0.775269 1.314941 1.187622 0.466187 -0.042603
0.503540 -0.766235 1.266846 1.423828 0.440552 -0.129272
0.491821 -0.743896 1.221558 1.675293 0.420410 -0.245361
0.391724 -0.680786 1.190552 1.875122 0.378418 -0.348999
0.311401 -0.622314 1.148560 2.062622 0.296387 -0.416992
0.130371 -0.506470 1.114746 2.239258 0.194946 -0.482544
0.120850 -0.424316 1.039795 2.423950 0.031250 -0.522583
0.022949 -0.254272 0.931641 2.590942 -0.051025 -0.500366
-0.059814 -0.084229 0.810425 2.671387 -0.132202 -0.465942
-0.033813 0.049927 0.685791 2.697632 -0.226318 -0.414429
-0.029907 0.179565 0.600952 2.658936 -0.336914 -0.403320
0.015137 0.280029 0.527832 2.570801 -0.450928 -0.385864
0.021973 0.422974 0.528809 2.455566 -0.578979 -0.408203
0.095215 0.507935 0.536255 2.292236 -0.686768 -0.425781
0.220337 0.494019 0.605835 2.152222 -0.648804 -0.375610
0.104004 0.617676 0.633667 2.031494 -0.523438 -0.320801
0.145752 0.632202 0.613647 1.879639 -0.509399 -0.262451
0.146851 0.643555 0.583130 1.743286 -0.460327 -0.189453
0.149170 0.632080 0.532959 1.622559 -0.456177 -0.159790
0.158813 0.611694 0.527466 1.523315 -0.473877 -0.115723
0.191772 0.599121 0.546387 1.453735 -0.519775 -0.092407
0.228882 0.665649 0.522705 1.449829 -0.592896 -0.061157
0.247803 0.687378 0.485107 1.421753 -0.645020 -0.036011
0.325562 0.700806 0.423462 1.381226 -0.706787 -0.045776
0.353394 0.795410 0.352051 1.340088 -0.715820 -0.064941
0.436646 0.781250 0.337524 1.254395 -0.665405 -0.056152
0.428711 0.841187 0.320923 1.170166 -0.590332 -0.057129
0.413086 0.893555 0.295776 1.080811 -0.559326 -0.081787
0.430298 0.873901 0.296143 0.973145 -0.556763 -0.109863
0.467651 0.814209 0.307129 0.870605 -0.535889 -0.137573
0.423340 0.821045 0.308960 0.804199 -0.501343 -0.127808
0.374878 0.850098 0.273071 0.737671 -0.502930 -0.128540
0.372192 0.931396 0.189209 0.667114 -0.498779 -0.091919
0.380005 0.969727 0.132813 0.517212 -0.449951 -0.021362
0.424927 0.930054 0.138916 0.351929 -0.394287 0.041748
0.504395 0.868164 0.220703 0.222656 -0.314331 0.095093
0.449585 0.884888 0.316406 0.158936 -0.249634 0.111328
0.489502 0.919678 0.316772 0.139160 -0.290527 0.077515
0.480103 0.972900 0.267456 0.124390 -0.290527 0.073242
0.478271 0.963135 0.235107 0.048462 -0.278442 0.070679
0.568848 0.880859 0.241455 -0.057007 -0.276001 0.040161
0.539551 0.883911 0.246460 -0.109985 -0.225952 0.026245
0.509277 0.941895 0.247681 -0.147583 -0.172119 0.033691
0.572876 0.967651 0.223389 -0.216431 -0.131348 0.061890
0.580566 0.982544 0.205811 -0.323242 -0.055542 0.075684
0.578125 0.952393 0.207642 -0.459717 0.023926 0.063721
0.563110 0.857544 0.280273 -0.570801 0.131104 0.060547
0.429321 0.816528 0.366699 -0.605347 0.215332 0.053955
0.371094 0.793457 0.404785 -0.599365 0.181274 0.052124
0.384644 0.790771 0.411865 -0.576294 0.098022 0.067139
0.418457 0.832275 0.368042 -0.589478 0.037109 0.095459
0.429077 0.873657 0.326904 -0.674194 0.000244 0.110107
0.420776 0.895752 0.304810 -0.799561 -0.042236 0.112427
0.529541 0.953125 0.242310 -0.961670 -0.022461 0.145752
0.524414 0.905396 0.253418 -1.191284 0.123047 0.143555
0.596924 0.839966 0.318359 -1.375366 0.302734 0.197266
0.575195 0.821777 0.395142 -1.492432 0.501465 0.261230
0.502319 0.797607 0.445435 -1.591431 0.653076 0.301392
0.418335 0.743896 0.458862 -1.676025 0.737915 0.330933
0.320801 0.690430 0.449341 -1.739990 0.761963 0.345215
0.215088 0.659546 0.443237 -1.786011 0.734985 0.351807
0.127319 0.637939 0.442627 -1.829224 0.637207 0.338013
0.115234 0.632568 0.455078 -1.898804 0.457397 0.312988
0.164917 0.590942 0.480713 -1.992676 0.248291 0.290771
0.213135 0.526245 0.502686 -2.082886 0.135498 0.339478
0.269531 0.430664 0.542969 -2.163452 0.132568 0.444580
0.356689 0.326416 0.591553 -2.215210 0.163452 0.542236
0.481567 0.228760 0.628174 -2.240845 0.240479 0.630127
0.506836 0.116943 0.680420 -2.262329 0.422729 0.720947
0.517578 0.020386 0.728271 -2.256348 0.617798 0.795410
0.560791 -0.098877 0.817871 -2.223022 0.756226 0.783325
0.552246 -0.194336 0.894653 -2.162842 0.838135 0.715332
0.470947 -0.253418 0.982788 -2.063599 0.882568 0.637329
0.329468 -0.275269 1.041138 -1.920776 0.864380 0.560913
0.222290 -0.290039 1.073853 -1.762329 0.777466 0.505493
0.173584 -0.318970 1.087280 -1.604614 0.613281 0.430786
0.154541 -0.329468 1.089966 -1.447998 0.400024 0.343872
0.144531 -0.325928 1.073364 -1.299438 0.196045 0.286987
0.188721 -0.299316 1.017700 -1.177856 0.017334 0.270142
0.285400 -0.308228 0.978516 -1.103271 -0.076294 0.260376
0.346924 -0.352661 0.970581 -1.062378 -0.053467 0.258545
0.371582 -0.372314 0.980591 -1.020020 0.055176 0.309326
0.367065 -0.375610 1.012573 -0.990112 0.166382 0.340332
0.332520 -0.405884 1.038696 -0.966309 0.215698 0.313110
0.315186 -0.432861 1.068237 -0.927612 0.210205 0.267212
0.304077 -0.460083 1.085571 -0.869507 0.171265 0.210938
0.268555 -0.479004 1.098999 -0.793457 0.139893 0.172607
0.242798 -0.484741 1.100952 -0.711792 0.087036 0.154053
0.234741 -0.504761 1.083374 -0.629150 0.016968 0.136475
0.253662 -0.494141 1.045532 -0.540039 -0.064209 0.109009
0.303955 -0.499878 1.022705 -0.464600 -0.134644 0.058350
0.352661 -0.512939 1.010986 -0.404541 -0.151245 0.017456
0.394409 -0.516724 1.002075 -0.351196 -0.096802 -0.003662
0.353394 -0.505127 1.000732 -0.308472 -0.023438 -0.023926
0.295288 -0.488525 1.015747 -0.272583 -0.005615 -0.040283
0.268188 -0.487427 1.024292 -0.235596 -0.042847 -0.066895
0.250854 -0.475952 1.017700 -0.190796 -0.091064 -0.087646
0.230835 -0.460205 0.999390 -0.150146 -0.142944 -0.088623
0.225830 -0.445923 0.979980 -0.125977 -0.206543 -0.075195
0.238281 -0.432617 0.954590 -0.095459 -0.260254 -0.042480
0.294312 -0.419434 0.907959 -0.078003 -0.270630 -0.004883
0.348877 -0.399780 0.896851 -0.085815 -0.238037 0.000122
0.407471 -0.402954 0.900391 -0.104126 -0.173950 -0.013062
0.398804 -0.406860 0.937256 -0.115723 -0.064453 -0.023315
0.354126 -0.398193 0.965210 -0.107910 0.003052 -0.038940
0.345703 -0.417358 0.962646 -0.125122 -0.037354 -0.086060
0.339111 -0.420410 0.951538 -0.094971 -0.070557 -0.101685
0.346924 -0.406860 0.934204 -0.019775 -0.089844 -0.071167
0.354736 -0.383789 0.925903 0.022339 -0.096802 -0.040283
0.360596 -0.379272 0.904907 0.028564 -0.095703 -0.037842
0.354492 -0.387695 0.898193 0.026245 -0.087769 -0.041504
0.351685 -0.396484 0.898804 0.015991 -0.073975 -0.030396
0.384521 -0.416626 0.908081 0.003418 -0.048096 -0.014404
0.388428 -0.414917 0.925537 0.010498 -0.001343 -0.001343
0.366089 -0.411011 0.941284 0.015137 0.017456 -0.012329
0.342407 -0.396118 0.942871 0.022217 0.013672 -0.027100
0.325439 -0.380371 0.934814 0.031738 0.003906 -0.036133
0.319092 -0.374512 0.927246 0.032837 -0.007080 -0.039551
0.317627 -0.373779 0.916260 0.034058 -0.014038 -0.031372
0.302734 -0.372803 0.920166 0.032227 -0.015015 -0.012939
0.288696 -0.365967 0.916016 0.023193 -0.038330 -0.001953
0.305786 -0.376343 0.917236 0.010498 -0.080688 -0.002563
0.317993 -0.375000 0.919189 -0.003418 -0.106079 -0.009766
0.354736 -0.372681 0.918701 -0.007202 -0.132080 -0.026001
0.395630 -0.387329 0.924683 -0.004639 -0.140869 -0.050781
0.403076 -0.395874 0.927368 0.003296 -0.100830 -0.059448
0.388916 -0.388672 0.925659 0.012329 -0.059570 -0.054810
0.368896 -0.378418 0.932007 0.019897 -0.035645 -0.054199
0.356812 -0.372192 0.919434 0.029297 -0.033813 -0.057617
0.350708 -0.359619 0.909668 0.032593 -0.036011 -0.049316
0.349976 -0.362549 0.900757 0.021973 -0.040039 -0.038818
