0.252930 -0.188232 0.988770 -0.040894 -0.011108 -0.004639
0.259766 -0.191528 1.002197 -0.038452 -0.011719 -0.001831
0.273804 -0.196533 1.006348 -0.032349 -0.013062 -0.000366
0.276978 -0.201172 1.009277 -0.026245 -0.011230 -0.004150
0.302734 -0.217896 1.011719 -0.016846 -0.016479 -0.010498
0.300659 -0.223145 1.021851 -0.003174 -0.018921 -0.023315
0.303589 -0.225098 1.026001 0.018555 -0.023926 -0.034790
0.331543 -0.282104 1.055054 0.052490 -0.024414 -0.036133
0.401123 -0.394043 1.166504 0.140381 -0.021240 -0.029297
0.430176 -0.446289 1.286987 0.305054 0.013550 0.003662
0.356934 -0.522827 1.343994 0.469727 0.070068 -0.001343
0.356079 -0.566772 1.358154 0.680176 0.052856 -0.012695
0.374756 -0.555054 1.324585 0.934448 0.024536 -0.038696
0.333984 -0.528931 1.290894 1.172607 -0.003296 -0.121216
0.332397 -0.519165 1.251221 1.379272 -0.055176 -0.206055
0.251465 -0.518799 1.255981 1.566772 -0.101685 -0.282959
0.190552 -0.488159 1.276367 1.763794 -0.180908 -0.349121
0.208618 -0.463379 1.280273 1.975830 -0.216309 -0.347046
0.258301 -0.367798 1.237305 2.185913 -0.184204 -0.286621
0.194458 -0.278442 1.140625 2.350464 -0.122437 -0.239258
0.180176 -0.083374 0.987793 2.488403 -0.087646 -0.160278
0.064331 0.098999 0.825439 2.534790 -0.062012 -0.155762
0.088623 0.100464 0.721436 2.504150 -0.176880 -0.224609
0.095459 0.192261 0.695190 2.488770 -0.356812 -0.330811
0.062134 0.309448 0.701660 2.437866 -0.537964 -0.433594
0.198486 0.393799 0.700073 2.363281 -0.640503 -0.455078
0.146118 0.533936 0.651611 2.259155 -0.594849 -0.423584
0.185547 0.569946 0.593262 2.123779 -0.584351 -0.390381
0.267944 0.671753 0.458374 1.989868 -0.550781 -0.372925
0.080811 0.618408 0.467651 1.765015 -0.406860 -0.359375
0.102539 0.669434 0.409180 1.681763 -0.464722 -0.317017
0.116821 0.671509 0.369141 1.583862 -0.532593 -0.350220
0.100708 0.729858 0.362549 1.476074 -0.514648 -0.274902
0.108643 0.738037 0.326050 1.357056 -0.523682 -0.202393
0.229004 0.780762 0.386475 1.300049 -0.537964 -0.066650
0.288818 0.870605 0.360352 1.246460 -0.534180 0.020142
0.463745 0.934814 0.334351 1.161377 -0.519165 0.078735
0.491821 1.019775 0.267212 1.024780 -0.442017 0.043945
0.471069 1.031616 0.210815 0.837646 -0.368530 -0.015259
0.389771 0.953735 0.204956 0.663696 -0.278687 -0.063599
0.281738 0.875244 0.199585 0.545166 -0.224243 -0.102783
0.268188 0.864502 0.256348 0.488403 -0.242188 -0.087891
0.261719 0.903442 0.279419 0.442139 -0.274292 -0.075073
0.393433 0.898804 0.301392 0.388916 -0.286011 -0.042969
0.381470 0.919434 0.320313 0.304565 -0.216064 -0.013794
0.418945 0.912842 0.318848 0.202026 -0.176636 0.000488
0.432861 0.887085 0.328003 0.100952 -0.105591 0.015381
0.427490 0.874390 0.343506 0.002441 -0.066284 0.004395
0.473022 0.854004 0.367920 -0.073486 -0.059570 -0.025513
0.454590 0.864868 0.388550 -0.134888 -0.032959 -0.065552
0.483521 0.937500 0.359253 -0.186768 -0.051147 -0.120728
0.561157 1.033081 0.251221 -0.258911 -0.005981 -0.151978
0.513184 1.108398 0.130981 -0.417847 0.146484 -0.162842
0.486938 1.084351 0.105103 -0.642334 0.249023 -0.188721
0.378540 0.995117 0.173584 -0.867188 0.299805 -0.251465
0.289795 0.917725 0.260010 -1.000000 0.302979 -0.250977
0.197388 0.917114 0.320801 -1.045288 0.290649 -0.177612
0.184326 0.904785 0.333496 -1.100586 0.210083 -0.129150
0.184937 0.910645 0.309570 -1.191528 0.121216 -0.091675
0.214233 0.928955 0.258179 -1.348877 0.053711 -0.068604
0.266235 0.921265 0.224365 -1.578857 0.028564 -0.068237
0.259033 0.874023 0.227539 -1.842896 0.071289 -0.078857
0.227783 0.829346 0.225098 -2.096802 0.119019 -0.062134
0.185547 0.757202 0.241821 -2.350952 0.188354 0.009033
0.143066 0.639282 0.296021 -2.579590 0.281128 0.138428
0.084229 0.531860 0.381836 -2.743164 0.374512 0.308350
-0.109863 0.412231 0.446533 -2.784180 0.314697 0.523560
0.086304 0.472046 0.399414 -2.823730 0.204224 0.751831
0.082520 0.223022 0.521973 -3.034180 0.171143 0.659302
0.194214 0.074585 0.615845 -3.071899 0.000366 0.553589
0.319946 -0.099609 0.733032 -3.046143 -0.136963 0.414307
0.454468 -0.268311 0.855713 -2.959351 -0.181152 0.342896
0.469849 -0.337891 0.949341 -2.810669 -0.053101 0.407837
0.423706 -0.348877 0.988159 -2.680664 0.154175 0.591675
0.308960 -0.369629 0.979614 -2.595947 0.366089 0.785522
0.153076 -0.397583 0.927246 -2.499756 0.421631 0.912109
0.183960 -0.501343 0.964233 -2.394287 0.262939 0.906372
0.172363 -0.708374 1.173462 -2.198730 -0.017944 0.656860
0.279419 -0.846313 1.330688 -1.832520 -0.309082 0.415161
0.301392 -0.867432 1.358765 -1.451904 -0.456421 0.308472
0.460083 -0.793091 1.275024 -1.145996 -0.551758 0.277710
0.557739 -0.668335 1.119141 -0.919800 -0.465454 0.268921
0.484741 -0.520264 0.992554 -0.808960 -0.258179 0.302124
0.427124 -0.438599 0.937134 -0.782593 -0.099976 0.341187
0.648804 -0.541748 1.134399 -0.796021 0.052002 0.388916
0.361816 -0.764893 1.221069 -0.888428 0.211548 0.453125
0.304688 -0.635132 1.237305 -0.637207 0.131714 0.412964
0.293945 -0.714966 1.178467 -0.406250 -0.052490 0.164063
0.356934 -0.625854 1.125610 -0.195557 -0.122192 0.085938
0.357056 -0.581909 1.058716 -0.060059 -0.123779 0.011475
0.315430 -0.502075 0.995850 0.041138 -0.100342 -0.027344
0.312500 -0.414307 0.921021 0.112305 -0.074951 -0.049438
0.325806 -0.375244 0.904053 0.111938 -0.052246 -0.060059
0.327148 -0.336304 0.888184 0.087158 -0.018799 -0.045166
0.331909 -0.338013 0.899658 0.054199 -0.003296 -0.043579
0.304443 -0.355591 0.919556 0.034668 -0.000610 -0.052246
0.312012 -0.363770 0.926025 0.041138 -0.015381 -0.040894
0.328979 -0.380005 0.933838 0.052490 -0.019897 -0.020264
0.333862 -0.388916 0.938965 0.069702 -0.024536 -0.006836
0.363525 -0.393311 0.935059 0.096558 -0.028442 0.005615
0.395630 -0.380859 0.930908 0.121216 0.007080 0.024414
0.389038 -0.371582 0.927612 0.136597 0.051147 0.022095
0.358276 -0.352173 0.921021 0.143311 0.063110 0.004150
0.333374 -0.332642 0.905029 0.131836 0.033569 -0.022583
0.315552 -0.324097 0.905151 0.108398 0.005005 -0.042847
0.300537 -0.331055 0.910034 0.088745 -0.008545 -0.040405
0.287720 -0.343506 0.922119 0.070068 -0.014282 -0.025269
0.277588 -0.361938 0.939819 0.053589 -0.025024 -0.020386
0.276367 -0.354614 0.950684 0.053589 -0.033203 -0.010498
0.274658 -0.358276 0.949341 0.059204 -0.032471 -0.000732
0.297607 -0.350830 0.940796 0.071655 -0.021973 0.019043
0.326538 -0.351074 0.941406 0.081543 -0.009277 0.027710
0.326782 -0.346069 0.939575 0.083740 0.001465 0.024048
0.342407 -0.333618 0.932129 0.077515 -0.003296 0.014282
0.342651 -0.331665 0.929443 0.068970 -0.006348 -0.007202
0.330322 -0.319702 0.921997 0.044678 -0.018433 -0.014771
0.331299 -0.309326 0.934692 0.024658 -0.049194 -0.013184
0.298340 -0.306519 0.934448 0.012695 -0.057983 -0.006592
0.293579 -0.309082 0.936279 0.005127 -0.070190 0.018555
0.302124 -0.324707 0.940796 0.003662 -0.082275 0.044800
0.294800 -0.334229 0.945923 0.016968 -0.089722 0.077148
0.346191 -0.341797 0.950439 0.040894 -0.099731 0.104614
0.391113 -0.341919 0.944702 0.046143 -0.057373 0.094238
0.394409 -0.334106 0.952881 0.035645 -0.012085 0.052612
0.367065 -0.341187 0.966431 0.025635 0.010254 0.000854
0.337402 -0.331299 0.959717 0.029663 0.009644 -0.036987
0.320923 -0.328735 0.935303 0.031616 -0.014526 -0.056396
0.294800 -0.317871 0.948242 0.046875 -0.034912 -0.060913
0.265625 -0.307251 0.934082 0.049316 -0.063843 -0.057739
0.261230 -0.310425 0.929688 0.047119 -0.106201 -0.049683
0.304932 -0.314453 0.925781 0.042847 -0.133057 -0.023438
0.363037 -0.321289 0.922241 0.033936 -0.118652 0.009033
0.412231 -0.319092 0.917358 0.028809 -0.077759 0.020630
0.411621 -0.321533 0.933472 0.023193 -0.035767 0.008057
0.387939 -0.327881 0.951172 0.019043 -0.005127 -0.011475
0.360840 -0.316895 0.960449 0.024658 0.011597 -0.019897
0.320313 -0.294312 0.955322 0.030029 0.010498 -0.028442
0.311035 -0.288086 0.940430 0.030762 -0.014893 -0.034546
0.304077 -0.277954 0.924438 0.024658 -0.030762 -0.030273
0.302246 -0.278564 0.919800 0.005981 -0.041626 -0.016968
0.313232 -0.286133 0.922485 -0.016724 -0.047729 -0.002319
0.344727 -0.313232 0.934448 -0.036133 -0.050781 0.005005
0.369507 -0.325684 0.947388 -0.040894 -0.027710 0.012085
0.363159 -0.330933 0.958862 -0.040405 -0.003662 0.004761
0.365234 -0.331177 0.964966 -0.033447 0.003662 -0.008667
0.365112 -0.331665 0.964111 -0.024414 0.005127 -0.027710
0.333984 -0.314697 0.950806 -0.013916 0.009888 -0.037720
0.311401 -0.298340 0.942261 -0.010010 0.001831 -0.035889
0.305786 -0.298340 0.932373 -0.013184 -0.010498 -0.028931
0.312744 -0.304199 0.926392 -0.020874 -0.019531 -0.017212
