0.364868 -0.447510 0.923218 -0.047729 0.003784 0.005127
0.385010 -0.447632 0.920776 -0.032593 0.001465 -0.001221
0.394653 -0.442139 0.910400 -0.016357 0.022217 0.005127
0.381470 -0.442017 0.907837 -0.005005 0.052002 0.012329
0.370972 -0.445679 0.927490 0.014038 0.070679 0.027100
0.377441 -0.445923 0.916748 0.022339 0.078735 0.032104
0.385986 -0.455444 0.920044 0.030396 0.092529 0.034180
0.383423 -0.458984 0.930420 0.051025 0.122314 0.045532
0.384888 -0.487427 0.952271 0.072754 0.144287 0.047607
0.390503 -0.521851 0.986084 0.109497 0.161865 0.040405
0.395020 -0.553467 1.021240 0.172729 0.190308 0.023560
0.471802 -0.673218 1.082520 0.259521 0.227539 -0.001465
0.499390 -0.765259 1.173462 0.400757 0.291016 -0.051270
0.400269 -0.821045 1.254883 0.568726 0.321411 -0.152954
0.402832 -0.829956 1.272949 0.802734 0.281860 -0.235107
0.375610 -0.798950 1.226196 1.041504 0.281372 -0.309448
0.326416 -0.784790 1.191772 1.258423 0.259888 -0.413696
0.328979 -0.783569 1.163086 1.479614 0.187012 -0.525269
0.367432 -0.820557 1.158691 1.703369 0.124268 -0.620972
0.350220 -0.833374 1.199951 1.955566 0.119141 -0.664063
0.241211 -0.784180 1.203003 2.217773 0.150024 -0.662598
0.155884 -0.752808 1.180054 2.479248 0.095581 -0.648560
0.108521 -0.719116 1.124512 2.738159 -0.067139 -0.678467
0.002441 -0.555176 1.026123 3.003906 -0.222656 -0.666748
-0.117554 -0.457275 0.882446 3.170654 -0.385620 -0.656494
-0.045288 -0.366699 0.779175 3.311768 -0.641235 -0.657959
-0.136841 -0.193604 0.645142 3.428467 -0.831665 -0.673584
-0.031738 -0.098267 0.528320 3.499023 -1.015869 -0.629395
-0.046509 0.081299 0.457886 3.547729 -1.067505 -0.541870
-0.055176 0.196655 0.366089 3.516968 -1.100342 -0.454834
-0.045288 0.374023 0.292236 3.454102 -1.200684 -0.398315
0.111084 0.492310 0.176147 3.316650 -1.312012 -0.368530
0.180908 0.666748 0.087891 3.166504 -1.258667 -0.260986
0.170166 0.764160 0.024048 2.931274 -1.184692 -0.215576
0.339355 0.818115 0.028687 2.701050 -1.188110 -0.151855
0.338013 0.873657 0.063110 2.487061 -1.079346 -0.099854
0.365112 0.927368 0.059692 2.274414 -0.975464 -0.049683
0.419312 0.912842 0.073364 2.061279 -0.869629 0.006226
0.443970 0.893799 0.063843 1.884277 -0.800293 0.032471
0.495483 0.921509 0.017090 1.758789 -0.773193 0.052368
0.537842 0.952026 -0.043945 1.638184 -0.742188 0.039307
0.607056 0.979980 -0.126099 1.513550 -0.690063 0.042358
0.602905 0.939209 -0.136230 1.362061 -0.592773 0.040771
0.613647 0.931396 -0.188110 1.223877 -0.533447 0.016968
0.593994 0.924438 -0.224121 1.093384 -0.478394 -0.015381
0.604126 0.890137 -0.256836 0.964111 -0.461304 -0.056885
0.617554 0.935425 -0.259521 0.863647 -0.406250 -0.026489
0.607666 0.941406 -0.252930 0.732910 -0.345703 -0.018433
0.650879 0.976196 -0.235107 0.614746 -0.307129 -0.006714
0.637939 1.003906 -0.217407 0.474976 -0.246338 -0.009155
0.652588 0.991089 -0.171997 0.327637 -0.208374 -0.022217
0.651855 0.963013 -0.130737 0.209473 -0.158447 -0.027954
0.631348 0.987183 -0.147217 0.128906 -0.118408 -0.041992
0.595581 1.031738 -0.204468 0.056885 -0.085205 -0.056885
0.597290 1.034668 -0.236206 -0.046997 -0.052734 -0.066650
0.595459 0.992310 -0.220581 -0.169067 0.009766 -0.065674
0.526123 0.963379 -0.185059 -0.279663 0.065674 -0.084473
0.468018 0.937256 -0.136475 -0.364380 0.069336 -0.108276
0.504028 0.908325 -0.077026 -0.415649 0.053223 -0.097534
0.514771 0.895020 -0.020386 -0.454102 0.064087 -0.080322
0.562134 0.882324 0.038940 -0.488037 0.073730 -0.061157
0.565796 0.890625 0.081543 -0.523071 0.083008 -0.067505
0.582031 0.902344 0.076660 -0.555908 0.096313 -0.083618
0.547974 0.924683 0.046387 -0.603149 0.158081 -0.070313
0.542603 0.892822 0.035156 -0.684570 0.210815 -0.053955
0.515747 0.909668 -0.005737 -0.770386 0.250244 -0.048950
0.440918 0.956055 -0.054932 -0.884888 0.287354 -0.046265
0.403442 0.981079 -0.096802 -1.037598 0.294556 -0.026123
0.423706 1.002930 -0.115234 -1.209717 0.302246 0.013062
0.425171 0.995850 -0.121338 -1.398193 0.348755 0.061401
0.446167 0.981445 -0.105835 -1.579468 0.411011 0.114380
0.480225 0.986572 -0.088013 -1.754761 0.479492 0.166992
0.481445 0.970703 -0.036133 -1.932861 0.551147 0.223999
0.492798 0.907837 0.034424 -2.113159 0.610840 0.293335
0.491577 0.823853 0.150269 -2.277954 0.683716 0.368530
0.454468 0.734863 0.273926 -2.408081 0.751953 0.426636
0.395630 0.660400 0.416382 -2.471558 0.791870 0.475952
0.358887 0.589722 0.534180 -2.479858 0.774780 0.514771
0.378906 0.492188 0.596313 -2.438843 0.716309 0.507324
0.409668 0.415283 0.599365 -2.358643 0.626953 0.470215
0.413452 0.350342 0.581665 -2.295044 0.552124 0.441528
0.402222 0.295776 0.597656 -2.261597 0.503296 0.415894
0.382813 0.241455 0.626465 -2.240723 0.467163 0.392334
0.375610 0.191040 0.681641 -2.204102 0.445068 0.400269
0.371094 0.148071 0.718628 -2.140381 0.462646 0.452271
0.349121 0.119629 0.745605 -2.059204 0.503784 0.527954
0.312988 0.092407 0.767578 -1.998901 0.536255 0.617920
0.311035 0.060303 0.779785 -1.965210 0.553833 0.688110
0.326294 0.009399 0.807373 -1.934326 0.529053 0.682251
0.346558 -0.040649 0.842773 -1.902222 0.446899 0.624756
0.366455 -0.096924 0.901978 -1.842285 0.358643 0.576782
0.371582 -0.117065 0.947754 -1.766846 0.314819 0.551880
0.429321 -0.150146 0.966431 -1.702393 0.299683 0.521118
0.443237 -0.208130 0.992920 -1.634644 0.307129 0.449463
0.428101 -0.240234 0.997437 -1.538208 0.305054 0.399170
0.414429 -0.267944 0.998657 -1.432861 0.294312 0.384033
0.355103 -0.305054 1.027222 -1.337280 0.278320 0.360596
0.302246 -0.345215 1.062134 -1.223389 0.212036 0.328735
0.364990 -0.401123 1.078979 -1.086426 0.113037 0.280029
0.424316 -0.408936 1.094116 -0.941406 0.053467 0.211548
0.466919 -0.411987 1.095581 -0.830200 0.033936 0.150879
0.461304 -0.412598 1.080566 -0.753540 0.046143 0.119019
0.419800 -0.383301 1.047729 -0.697876 0.068481 0.114258
0.404053 -0.348755 1.015991 -0.659058 0.084106 0.120728
0.404053 -0.331055 0.976563 -0.638550 0.104614 0.119751
0.412964 -0.336182 0.961792 -0.621582 0.130005 0.130005
0.405640 -0.351563 0.977173 -0.605957 0.165405 0.132324
0.371704 -0.369019 0.988403 -0.586670 0.195190 0.125854
0.382690 -0.399902 1.025024 -0.552002 0.177734 0.113037
0.405884 -0.433594 1.053955 -0.503662 0.149902 0.072754
0.387451 -0.439331 1.051514 -0.437256 0.131470 0.027100
0.388306 -0.407227 1.020020 -0.369751 0.113525 0.021606
0.356079 -0.380371 0.980957 -0.329590 0.137695 0.060181
0.293213 -0.362305 0.957153 -0.307495 0.156006 0.096436
0.267090 -0.350464 0.938965 -0.283569 0.126465 0.112671
0.287842 -0.358032 0.936768 -0.270142 0.079712 0.096924
0.317261 -0.368042 0.940918 -0.255127 0.043335 0.075806
0.339844 -0.372681 0.945557 -0.238037 0.042847 0.067627
0.356201 -0.391357 0.955078 -0.225586 0.056030 0.061035
0.371826 -0.413696 0.973877 -0.213501 0.065186 0.050415
0.367554 -0.422974 0.980591 -0.190552 0.075684 0.038452
0.341675 -0.428589 0.990112 -0.158569 0.076416 0.026367
0.327637 -0.428833 0.982544 -0.125732 0.054688 0.009521
0.318970 -0.439087 0.969482 -0.093384 0.015747 -0.015015
0.307129 -0.433594 0.965210 -0.049683 -0.025879 -0.034790
0.302734 -0.413818 0.950684 -0.012207 -0.064941 -0.052490
0.319702 -0.392456 0.934326 0.015137 -0.098267 -0.056763
0.349365 -0.357788 0.901123 0.029053 -0.092896 -0.042847
0.345459 -0.333984 0.894775 0.026978 -0.048218 -0.010742
0.336182 -0.328491 0.904663 0.005493 -0.012207 0.010132
0.350220 -0.338623 0.917969 -0.016968 -0.005981 0.011841
0.361572 -0.348511 0.925903 -0.033813 -0.016479 -0.005005
0.379395 -0.351318 0.939819 -0.038574 -0.032471 -0.024536
0.377075 -0.351563 0.932739 -0.039551 -0.029785 -0.038086
0.362793 -0.348267 0.925415 -0.035767 -0.012329 -0.027832
0.360352 -0.338013 0.911133 -0.036255 0.001953 -0.014404
0.336182 -0.328857 0.906006 -0.043213 0.015625 0.004517
0.317017 -0.326904 0.904541 -0.055786 0.023438 0.034180
0.305176 -0.338989 0.899536 -0.068970 0.025513 0.067261
0.322632 -0.358643 0.899292 -0.078369 0.025635 0.097778
0.361572 -0.379272 0.907104 -0.084839 0.036255 0.104980
0.375000 -0.390381 0.925293 -0.085938 0.047119 0.081909
0.362549 -0.383179 0.949829 -0.077881 0.046631 0.053711
0.358398 -0.405151 0.961426 -0.073486 0.039673 0.020752
0.336182 -0.407227 0.957397 -0.058716 0.038818 -0.003174
0.308594 -0.409180 0.958984 -0.040405 0.019409 -0.021484
0.295166 -0.399048 0.949341 -0.023315 -0.002075 -0.026123
0.291016 -0.385254 0.936646 -0.011597 -0.012207 -0.013306
0.292725 -0.379395 0.929932 -0.012573 -0.020752 0.001831
0.315430 -0.381104 0.932251 -0.013794 -0.035400 0.009155
