0.380981 -0.402344 0.912598 0.006470 0.015015 -0.004150
0.381592 -0.406250 0.920288 0.013916 0.026245 -0.001465
0.372070 -0.415405 0.932129 0.024658 0.038818 -0.002686
0.359497 -0.448242 0.953979 0.042847 0.041138 -0.009766
0.339233 -0.482056 0.991943 0.079834 0.022095 -0.031250
0.344727 -0.533203 1.036255 0.141113 -0.012695 -0.064575
0.362671 -0.568237 1.071411 0.233887 -0.024170 -0.089111
0.391602 -0.596069 1.089355 0.340576 -0.002075 -0.099487
0.410767 -0.609131 1.113525 0.457764 0.042480 -0.105347
0.507935 -0.665283 1.151245 0.590576 0.126831 -0.096680
0.575684 -0.663940 1.177979 0.751587 0.299316 -0.065918
0.461304 -0.628174 1.177979 0.879150 0.509766 -0.024170
0.416138 -0.571777 1.142944 1.012939 0.608032 0.060913
0.390137 -0.497559 1.087524 1.166382 0.611450 0.130249
0.360718 -0.443359 1.028809 1.256958 0.571655 0.088013
0.474731 -0.451294 1.009521 1.317993 0.472290 -0.026123
0.482544 -0.413818 1.007813 1.409302 0.463379 -0.150635
0.351074 -0.405518 1.052612 1.491211 0.439209 -0.290283
0.234741 -0.407471 1.084839 1.596436 0.312988 -0.412720
0.190063 -0.464233 1.156494 1.752563 0.145264 -0.500610
0.206543 -0.469849 1.150146 1.958496 -0.011597 -0.587891
0.041748 -0.321533 1.080078 2.191284 -0.066284 -0.566040
-0.072144 -0.181274 0.925049 2.325806 -0.155640 -0.466675
0.036865 -0.140137 0.821167 2.362549 -0.317749 -0.431763
0.073486 -0.101318 0.768066 2.367676 -0.417603 -0.462769
0.076294 0.015747 0.718262 2.373047 -0.479126 -0.468506
0.015503 0.161743 0.714600 2.330078 -0.485229 -0.420654
0.031494 0.171875 0.735229 2.238770 -0.465576 -0.362915
-0.029541 0.213867 0.789795 2.192383 -0.499146 -0.302368
0.040771 0.150879 0.838989 2.212524 -0.669312 -0.315308
-0.005127 0.211914 0.847534 2.298950 -0.807251 -0.353638
0.028198 0.284180 0.774292 2.374634 -0.929688 -0.329834
0.061890 0.477417 0.610596 2.420776 -1.023926 -0.282471
0.158081 0.657715 0.412598 2.381836 -1.066040 -0.233032
0.347656 0.758423 0.289673 2.207886 -1.029175 -0.205322
0.353882 0.832886 0.244629 1.960083 -0.871338 -0.195801
0.390625 0.826904 0.281128 1.678589 -0.741577 -0.192139
0.402222 0.765991 0.363647 1.460938 -0.630981 -0.187866
0.308838 0.769531 0.391479 1.369751 -0.526733 -0.172241
0.290405 0.734497 0.428833 1.335571 -0.542114 -0.162231
0.320068 0.676147 0.396484 1.353882 -0.666626 -0.219604
0.278442 0.714355 0.346436 1.432373 -0.753418 -0.251587
0.352783 0.800537 0.262085 1.535400 -0.873047 -0.201294
0.511719 0.937012 0.136841 1.581177 -0.917725 -0.130737
0.581299 1.065552 0.000122 1.486328 -0.818237 -0.090088
0.642456 1.029053 -0.033936 1.262817 -0.674316 -0.060181
0.605469 0.972900 -0.024048 1.044189 -0.520874 -0.024536
0.486084 0.941284 0.023438 0.880493 -0.398682 0.009644
0.436035 0.924805 0.006104 0.753174 -0.362915 0.018433
0.487061 0.954346 -0.042114 0.651611 -0.366821 0.049805
0.547485 0.920288 -0.017334 0.541870 -0.338379 0.081055
0.503906 0.927002 0.009277 0.463379 -0.299561 0.070801
0.508911 0.989990 -0.008423 0.406860 -0.301270 0.070190
0.553589 1.038208 -0.047729 0.322754 -0.291748 0.082764
0.581055 1.056763 -0.071167 0.202026 -0.246582 0.085571
0.598877 1.067993 -0.075928 0.058350 -0.179199 0.087036
0.626099 1.101318 -0.097656 -0.105103 -0.104248 0.079224
0.630981 1.153320 -0.145264 -0.297974 -0.021973 0.063721
0.672974 1.118652 -0.145508 -0.541992 0.059326 0.037720
0.743408 1.080444 -0.132080 -0.749512 0.225952 0.072754
0.629395 1.079956 -0.135132 -0.940796 0.459717 0.097778
0.561279 1.017578 -0.080322 -1.137817 0.572144 0.093262
0.520874 0.952148 -0.013062 -1.300781 0.615845 0.091309
0.473999 0.905884 0.044556 -1.420410 0.626831 0.101929
0.479492 0.838989 0.151611 -1.509521 0.604614 0.113525
0.506714 0.788696 0.265503 -1.560181 0.550293 0.077026
0.501709 0.794067 0.346924 -1.582397 0.492432 0.009155
0.464233 0.800171 0.425903 -1.614746 0.460693 -0.034180
0.441406 0.780762 0.481201 -1.663086 0.448975 -0.036011
0.396851 0.742798 0.517090 -1.707764 0.463501 -0.015137
0.330566 0.685425 0.508301 -1.743774 0.481934 0.022827
0.317749 0.632446 0.497314 -1.779907 0.492676 0.091309
0.313477 0.567627 0.522583 -1.825317 0.512451 0.120728
0.290771 0.513184 0.544312 -1.848755 0.522949 0.115479
0.275146 0.483765 0.578369 -1.862671 0.482666 0.091064
0.271606 0.440674 0.622559 -1.887207 0.404419 0.068848
0.279907 0.420654 0.660889 -1.910156 0.307861 0.058105
0.272949 0.385254 0.697510 -1.933472 0.245239 0.077881
0.121460 0.293335 0.767944 -1.897949 0.199707 0.176270
0.332153 0.390381 0.718018 -1.774780 0.124634 0.446167
0.292480 0.326416 0.738892 -1.833374 0.274658 0.467651
0.281372 0.295532 0.727539 -1.861572 0.282959 0.409668
0.312256 0.261963 0.730225 -1.890747 0.230469 0.371094
0.397095 0.185425 0.751587 -1.941772 0.194946 0.327759
0.439331 0.128174 0.802979 -1.957275 0.208008 0.279907
0.417847 0.093506 0.840820 -1.962769 0.221313 0.230957
0.432007 0.019043 0.888672 -1.962524 0.222168 0.217773
0.371094 -0.010010 0.919067 -1.933716 0.260986 0.254639
0.310181 -0.016602 0.929321 -1.902954 0.273193 0.314819
0.314087 -0.090576 0.933350 -1.866943 0.251465 0.386475
0.337769 -0.161743 0.939087 -1.781128 0.278076 0.498413
0.336548 -0.185547 0.949829 -1.683960 0.323608 0.584106
0.399414 -0.254028 0.958618 -1.624878 0.301025 0.558838
0.469849 -0.344116 1.016479 -1.551636 0.265259 0.460083
0.455566 -0.389160 1.044678 -1.431274 0.295532 0.395264
0.414673 -0.395386 1.058472 -1.312988 0.330933 0.349731
0.333740 -0.433228 1.064331 -1.220581 0.313354 0.263428
0.265015 -0.448853 1.075684 -1.112061 0.249023 0.200684
0.197754 -0.443115 1.059326 -0.995972 0.169434 0.169189
0.142578 -0.416870 1.019653 -0.897949 0.055176 0.145996
0.165771 -0.409668 0.984131 -0.828491 -0.094849 0.106201
0.231689 -0.403442 0.959229 -0.782837 -0.192139 0.065063
0.300049 -0.411255 0.938110 -0.748657 -0.193115 0.058838
0.320190 -0.415649 0.920166 -0.726074 -0.155029 0.085327
0.366333 -0.435791 0.935913 -0.711060 -0.133179 0.112427
0.349121 -0.445435 0.937134 -0.694580 -0.071899 0.132690
0.305786 -0.455200 0.980957 -0.663208 -0.045898 0.130127
0.242920 -0.466553 1.001953 -0.613037 -0.078735 0.106079
0.210327 -0.463379 1.005127 -0.546509 -0.171509 0.081543
0.185425 -0.465332 0.991211 -0.480957 -0.300293 0.050659
0.209961 -0.459961 0.954346 -0.420044 -0.442627 0.031372
0.432861 -0.464844 0.867676 -0.360352 -0.507080 0.045776
0.541504 -0.455688 0.817993 -0.336914 -0.372925 0.049438
0.552979 -0.465576 0.843872 -0.361328 -0.223633 0.018188
0.513062 -0.523315 0.913696 -0.392700 -0.093140 0.000366
0.427856 -0.551270 0.989014 -0.387939 0.011475 0.022583
0.411011 -0.558105 1.001831 -0.338623 0.032349 0.040649
0.421509 -0.556274 0.973022 -0.277466 -0.000366 0.020996
0.412720 -0.537231 0.944702 -0.220093 -0.041748 -0.012085
0.354858 -0.519775 0.915161 -0.173584 -0.072388 -0.043823
0.311768 -0.513550 0.896240 -0.137451 -0.114136 -0.067017
0.334351 -0.511353 0.867920 -0.107544 -0.153442 -0.071777
0.397705 -0.509888 0.848389 -0.088135 -0.134644 -0.059204
0.394165 -0.519775 0.869385 -0.087646 -0.079346 -0.047852
0.399414 -0.530762 0.915771 -0.091431 -0.047241 -0.030396
0.412109 -0.542847 0.935547 -0.073975 -0.024414 -0.033691
0.398682 -0.521240 0.917114 -0.036011 -0.000854 -0.042969
0.367554 -0.498169 0.886475 -0.006348 0.003418 -0.052002
0.333618 -0.469604 0.860718 0.013794 -0.004395 -0.042603
0.328613 -0.448242 0.851318 0.016357 -0.033203 -0.034424
0.369385 -0.442139 0.827515 0.012939 -0.063721 -0.032959
0.395020 -0.438965 0.837036 0.014771 -0.049438 -0.014648
0.400024 -0.445190 0.858154 0.010742 -0.043213 -0.010864
0.395142 -0.451416 0.864258 0.006714 -0.044434 -0.017090
0.391357 -0.456055 0.873413 0.003052 -0.052124 -0.033203
0.381348 -0.461182 0.872681 0.007446 -0.062744 -0.047485
0.393799 -0.453247 0.862549 0.006470 -0.056763 -0.040527
0.395508 -0.464966 0.864136 -0.001953 -0.027832 -0.026855
0.388550 -0.466064 0.869263 -0.001465 -0.006226 -0.011230
0.404541 -0.481323 0.870605 -0.001343 -0.000122 -0.010254
0.396240 -0.479736 0.875854 0.004883 0.005737 -0.009521
0.379150 -0.472290 0.873779 0.006226 -0.000122 -0.015015
0.376343 -0.450684 0.854248 -0.000977 -0.020508 -0.030151
0.380737 -0.439331 0.841797 -0.006836 -0.034180 -0.040283
0.384888 -0.431396 0.845825 -0.007813 -0.027344 -0.030029
0.369629 -0.433472 0.850464 -0.010010 -0.013794 -0.013184
0.367310 -0.440552 0.867920 -0.015381 -0.025757 -0.009277
0.367676 -0.449219 0.870483 -0.014160 -0.041992 -0.006226
0.377930 -0.448853 0.876953 -0.010010 -0.051270 -0.002563
0.397827 -0.454956 0.870605 -0.006836 -0.051392 -0.003906
