0.261597 -0.295532 1.109009 0.243286 -0.209351 0.046753
0.275879 -0.340332 1.156372 0.360596 -0.215210 0.132935
0.308350 -0.339355 1.177002 0.503052 -0.200439 0.246216
0.280518 -0.338501 1.186523 0.621216 -0.150757 0.319092
0.297729 -0.375732 1.207397 0.741089 -0.147705 0.355103
0.301758 -0.392944 1.197388 0.883911 -0.156860 0.352661
0.265991 -0.365356 1.198364 1.042358 -0.180664 0.347168
0.223022 -0.373657 1.187988 1.198364 -0.258789 0.314453
0.276733 -0.353760 1.174316 1.367798 -0.396118 0.294312
0.337891 -0.315308 1.163208 1.501343 -0.440308 0.260986
0.297974 -0.246216 1.165527 1.598022 -0.377686 0.220581
0.326294 -0.293823 1.233154 1.670532 -0.360229 0.172974
0.470947 -0.347656 1.265625 1.798462 -0.336182 0.165527
0.401001 -0.343018 1.336792 1.983276 -0.239136 0.185913
0.356812 -0.373291 1.397705 2.199341 -0.299072 0.081055
0.257324 -0.273315 1.334351 2.462646 -0.501709 -0.087402
0.166382 -0.144897 1.226685 2.707886 -0.672852 -0.204102
0.088989 -0.001099 1.033569 2.876709 -0.845825 -0.358887
0.123413 0.198364 0.765259 2.993774 -0.963135 -0.399414
0.086060 0.359863 0.542969 2.979492 -0.981079 -0.369995
0.212158 0.604858 0.336426 2.862305 -1.054199 -0.386230
0.236938 0.738647 0.201660 2.546387 -0.952759 -0.500122
0.257446 0.626221 0.302246 2.236450 -0.789673 -0.555542
0.317993 0.630737 0.382202 2.106812 -0.753296 -0.544800
0.202148 0.726196 0.459961 2.017578 -0.736938 -0.469360
0.143311 0.729614 0.481323 1.926025 -0.777832 -0.462280
0.233032 0.782715 0.359985 1.907227 -0.848145 -0.447510
0.313110 0.808228 0.277832 1.858276 -0.832886 -0.449707
0.363037 0.890869 0.124390 1.764893 -0.796631 -0.493042
0.423218 0.974609 0.023438 1.591309 -0.681641 -0.517578
0.401489 1.064331 -0.071045 1.335327 -0.536255 -0.593994
0.379761 1.027466 -0.092773 1.027466 -0.340088 -0.665771
0.271118 0.952271 -0.079712 0.753174 -0.172607 -0.692261
0.256714 0.947266 -0.054688 0.586548 -0.131836 -0.689209
0.219360 0.909912 0.005371 0.474487 -0.118286 -0.626831
0.261597 0.939209 0.049438 0.412598 -0.123047 -0.487915
0.232422 0.992798 0.040283 0.338989 -0.092773 -0.377563
0.237915 0.984985 0.027588 0.231079 -0.065918 -0.282837
0.156128 0.922363 0.017090 0.125977 -0.044434 -0.197266
0.155396 0.862183 0.071655 0.057861 -0.093994 -0.130005
0.197510 0.815796 0.133667 -0.006836 -0.124634 -0.123901
0.254028 0.858032 0.195190 -0.054199 -0.128906 -0.108276
0.299683 0.923584 0.222778 -0.093018 -0.121338 -0.099487
0.336670 0.950806 0.235352 -0.146240 -0.095093 -0.081299
0.360596 0.976196 0.197998 -0.212646 -0.041626 -0.054199
0.385010 0.987793 0.144287 -0.302124 0.038208 -0.004639
0.423706 1.015259 0.135864 -0.420776 0.175781 0.045898
0.369751 1.051636 0.130493 -0.582031 0.317505 0.056519
0.368896 1.003784 0.189697 -0.756348 0.400146 0.049072
0.262451 0.863770 0.343872 -0.894409 0.395874 -0.023560
0.143066 0.839233 0.425171 -0.917236 0.213257 -0.097534
0.212158 0.794067 0.444946 -0.900269 -0.056152 -0.114624
0.228271 0.916748 0.364746 -0.796997 -0.117920 -0.042236
0.163208 1.044434 0.237183 -0.796753 -0.065063 0.042114
0.219971 1.082153 0.151978 -0.924072 -0.015137 0.101807
0.238647 1.141846 0.090698 -1.114746 0.138184 0.176514
0.197388 1.124512 0.065918 -1.396362 0.320557 0.239624
0.099243 1.045898 0.082153 -1.700317 0.468262 0.341675
0.025024 0.937866 0.110107 -1.981079 0.542969 0.510498
-0.011841 0.811890 0.126221 -2.238647 0.563843 0.695190
0.006226 0.690063 0.201904 -2.419189 0.490479 0.786621
0.217529 0.623047 0.266479 -2.509766 0.265747 0.719604
0.374268 0.538574 0.362183 -2.589600 0.113525 0.605347
0.435669 0.478760 0.455444 -2.676514 0.123535 0.585083
0.539551 0.376465 0.556030 -2.776367 0.228271 0.638672
0.537354 0.288940 0.616089 -2.840454 0.432617 0.712769
0.363159 0.192627 0.679077 -2.899536 0.687378 0.779175
0.061646 0.034912 0.747437 -2.912598 0.846313 0.935425
-0.190430 -0.098633 0.899780 -2.844849 0.794800 0.997925
-0.306274 -0.298706 1.057983 -2.692017 0.399048 0.820313
0.017212 -0.522705 1.161011 -2.358154 -0.238892 0.593384
0.538940 -0.590454 1.249878 -1.922119 -0.717041 0.419556
0.917114 -0.546387 1.282959 -1.568237 -0.820801 0.316162
1.055054 -0.432495 1.240967 -1.306396 -0.497681 0.319092
0.788208 -0.244873 1.181396 -1.163086 -0.003418 0.386719
0.414551 -0.153320 1.111694 -1.121826 0.330200 0.493164
0.170776 -0.111694 1.054077 -1.089111 0.385498 0.552368
0.115479 -0.102417 1.028809 -1.017944 0.223389 0.522705
0.242310 -0.133301 0.993896 -0.913330 0.016602 0.438599
0.549683 -0.191406 0.993164 -0.819946 -0.118896 0.323486
0.819092 -0.333008 1.065918 -0.775146 -0.057983 0.211304
0.758545 -0.377319 1.179688 -0.718140 0.137573 0.107178
0.532104 -0.354126 1.246948 -0.613281 0.290649 0.042480
0.371582 -0.338989 1.252075 -0.489136 0.324707 0.005127
0.315308 -0.341797 1.188110 -0.354004 0.300415 -0.003784
0.272583 -0.301270 1.112183 -0.232666 0.225830 0.001221
0.199463 -0.273071 1.044189 -0.163818 0.133789 -0.004395
0.155396 -0.239014 0.977051 -0.131348 0.035278 0.007202
0.219604 -0.234497 0.941162 -0.109009 -0.049316 0.021851
0.337280 -0.263550 0.921387 -0.104004 -0.082275 0.010986
0.420288 -0.261475 0.926514 -0.121094 -0.039673 0.004761
0.358521 -0.236084 0.952759 -0.155518 0.063599 0.001221
0.319214 -0.254761 1.006226 -0.182007 0.152344 0.002441
0.257446 -0.263184 1.038940 -0.180298 0.189087 0.001709
0.217529 -0.263062 1.064941 -0.144775 0.180176 0.005005
0.209106 -0.288574 1.067383 -0.094482 0.144775 0.013550
0.250854 -0.288452 1.048340 -0.035034 0.066895 0.052612
0.256104 -0.277710 1.014526 0.011597 -0.026245 0.079956
0.345825 -0.260498 0.988770 0.040649 -0.078613 0.118286
0.385864 -0.223511 0.967407 0.057373 -0.066528 0.100464
0.354370 -0.203003 0.961548 0.037964 -0.023193 0.047485
0.308350 -0.180176 0.973267 0.014282 0.013428 0.011719
0.270874 -0.155396 0.992554 0.004883 0.040771 -0.016235
0.250244 -0.144897 1.002930 0.001587 0.045166 -0.046265
0.240601 -0.129150 0.992065 0.000366 0.029175 -0.072021
0.237549 -0.123901 0.968506 -0.011841 -0.005249 -0.088623
0.242065 -0.118408 0.943726 -0.026611 -0.039673 -0.094360
0.299438 -0.134888 0.918091 -0.046265 -0.056763 -0.082397
0.349243 -0.159180 0.928345 -0.074707 -0.013794 -0.061401
0.332886 -0.170410 0.963501 -0.110229 0.038208 -0.058594
0.296265 -0.185303 0.995605 -0.130737 0.061523 -0.063354
0.292480 -0.208008 1.011597 -0.131470 0.064087 -0.049194
0.299927 -0.227295 1.006348 -0.119751 0.062866 -0.030884
0.297363 -0.236938 1.010620 -0.093262 0.051758 -0.011108
0.292236 -0.235718 1.024658 -0.069946 0.022217 -0.002686
0.279297 -0.236694 1.034302 -0.054688 -0.007935 -0.015747
0.270996 -0.247437 1.034790 -0.039063 -0.030640 -0.027710
0.301636 -0.247437 1.021729 -0.025146 -0.045166 -0.030640
0.319702 -0.247070 1.002808 -0.020874 -0.035278 -0.037598
0.304199 -0.238159 0.991577 -0.022583 -0.003662 -0.040527
0.274658 -0.210449 0.982910 -0.023315 0.029907 -0.032471
0.250732 -0.195923 0.981079 -0.024658 0.048340 -0.015015
0.235352 -0.195435 0.991699 -0.027344 0.060791 0.011719
0.232666 -0.190918 0.999390 -0.022095 0.042114 0.025879
0.246460 -0.189941 1.007690 -0.011475 0.006226 0.029053
0.295898 -0.200317 0.992554 -0.003784 -0.018799 0.030762
0.345581 -0.212158 0.979736 -0.003662 -0.014404 0.028564
0.327881 -0.210693 0.978760 -0.013550 0.003540 0.012817
0.303833 -0.203735 0.969849 -0.018311 0.007690 0.004517
0.288818 -0.203125 0.975220 -0.024658 0.016968 0.010132
0.257202 -0.197632 0.980591 -0.027832 0.012695 0.008789
0.237549 -0.201904 0.982422 -0.027100 -0.016235 0.010376
0.247559 -0.199829 0.985107 -0.028564 -0.041748 0.029297
0.265991 -0.197998 0.970581 -0.026489 -0.041260 0.053955
0.268677 -0.199951 0.959106 -0.033936 -0.034790 0.063354
0.307495 -0.219360 0.949463 -0.047607 -0.038086 0.065796
0.342773 -0.230347 0.960693 -0.057983 -0.033936 0.051514
0.327881 -0.203857 0.970093 -0.069702 -0.019043 0.033691
0.312744 -0.200073 0.976074 -0.078369 -0.016846 0.005249
0.317505 -0.203003 0.986694 -0.082153 -0.027832 -0.012695
0.305176 -0.193237 1.003174 -0.079346 -0.042114 -0.026245
0.305176 -0.189697 0.998413 -0.076294 -0.063354 -0.023315
0.324951 -0.192505 0.993408 -0.071045 -0.072388 -0.016846
0.310181 -0.202148 0.977661 -0.067871 -0.061157 -0.017822
0.307861 -0.216431 0.972168 -0.061768 -0.050781 -0.009399
0.316528 -0.229004 0.964478 -0.053467 -0.029419 0.001099
0.295410 -0.226807 0.978027 -0.045776 -0.005127 0.002441
0.282715 -0.224609 0.988770 -0.040894 0.003784 -0.005371
0.274170 -0.224487 0.998901 -0.035034 0.002808 -0.018921
0.265259 -0.214233 0.993530 -0.024658 -0.013306 -0.029297
