0.342651 -0.265503 0.947021 -0.011841 -0.008545 -0.023071
0.345581 -0.255005 0.946289 -0.015015 -0.007446 -0.021729
0.346069 -0.257690 0.946289 -0.020264 -0.006470 -0.022095
0.344238 -0.259399 0.948120 -0.024414 -0.001831 -0.022339
0.334717 -0.258789 0.951660 -0.028076 0.000732 -0.022095
0.338501 -0.261108 0.954712 -0.032104 -0.005493 -0.022095
0.336792 -0.260132 0.958618 -0.031860 -0.005371 -0.023315
0.330566 -0.263672 0.960815 -0.032593 -0.001709 -0.023193
0.323730 -0.264404 0.956299 -0.033691 0.000122 -0.021973
0.322266 -0.271729 0.963623 -0.034790 -0.003662 -0.019043
0.338623 -0.286621 0.963989 -0.033936 -0.004272 -0.018188
0.346558 -0.291748 0.957764 -0.027222 0.007935 -0.013062
0.333984 -0.305664 0.959229 -0.022095 0.021118 0.000000
0.359497 -0.345215 0.938110 0.010986 0.037231 0.032959
0.359741 -0.358154 0.992188 0.097656 0.069458 0.101685
0.362305 -0.407959 1.010132 0.187988 0.101563 0.200806
0.354736 -0.421509 1.054199 0.301147 0.132446 0.332764
0.370605 -0.414185 1.100098 0.400391 0.141479 0.434448
0.377441 -0.433105 1.130737 0.464722 0.109863 0.417969
0.433105 -0.499512 1.221313 0.537231 0.075317 0.292480
0.504883 -0.676880 1.368652 0.660767 0.005127 0.091064
0.545654 -0.752319 1.493164 0.921753 -0.046265 -0.102905
0.514404 -0.796021 1.566772 1.244019 -0.073730 -0.272095
0.468140 -0.753296 1.496338 1.585938 -0.069580 -0.372192
0.407104 -0.676392 1.401123 1.882690 -0.063110 -0.474731
0.352173 -0.600952 1.259033 2.158447 -0.086914 -0.559814
0.236816 -0.445068 1.098999 2.369995 -0.081055 -0.525146
0.214233 -0.400024 1.044312 2.462402 -0.106323 -0.449829
0.232544 -0.318359 0.989502 2.528076 -0.182617 -0.453735
0.184082 -0.221680 0.937012 2.571533 -0.316895 -0.553467
0.266602 -0.170166 0.909912 2.608276 -0.480835 -0.682861
0.125244 -0.035767 0.860352 2.669556 -0.547729 -0.804565
-0.029785 0.101196 0.742798 2.682007 -0.707153 -0.908203
0.082642 0.218018 0.637451 2.703003 -0.965820 -0.974243
0.128906 0.311035 0.581299 2.707275 -1.006592 -0.941528
0.101074 0.480591 0.472656 2.697144 -0.950806 -0.883301
0.140625 0.688599 0.375854 2.583252 -0.846191 -0.767090
0.305664 0.759277 0.304443 2.340088 -0.683960 -0.660889
0.309326 0.708862 0.252563 2.042969 -0.395386 -0.525757
0.083374 0.731079 0.330933 1.802490 -0.200928 -0.372681
-0.011108 0.712402 0.336792 1.657471 -0.274048 -0.366699
0.080322 0.655884 0.362915 1.571655 -0.350586 -0.291382
0.035889 0.725708 0.302490 1.537476 -0.433594 -0.287720
0.154053 0.869019 0.162354 1.503174 -0.543457 -0.212646
0.242554 0.917114 0.085938 1.371216 -0.511475 -0.134766
0.303589 0.945313 0.008545 1.197876 -0.462646 -0.082275
0.307251 1.048828 -0.031006 1.040405 -0.385620 -0.025146
0.325684 1.068848 0.004028 0.861084 -0.347900 -0.000977
0.398804 1.076294 0.019653 0.683228 -0.325317 0.016113
0.431030 1.048096 0.079834 0.503540 -0.271240 0.013916
0.491211 0.980835 0.153809 0.342407 -0.236450 -0.019409
0.486328 0.915527 0.248657 0.236816 -0.187256 -0.054443
0.476074 0.847900 0.350708 0.165649 -0.157715 -0.100342
0.371826 0.875366 0.343628 0.145874 -0.164185 -0.127930
0.371338 0.875000 0.311157 0.119629 -0.220337 -0.090210
0.386230 0.839111 0.301880 0.058960 -0.244019 -0.047241
0.373413 0.843872 0.287231 -0.001953 -0.250977 -0.011597
0.405640 0.863159 0.274902 -0.058838 -0.244751 0.025513
0.433960 0.958374 0.222290 -0.119385 -0.203491 0.070190
0.454712 1.039795 0.178833 -0.231812 -0.142944 0.103516
0.536133 1.056641 0.154419 -0.394653 -0.084106 0.104126
0.549316 1.088745 0.135986 -0.546021 0.046875 0.088989
0.504028 1.112915 0.129395 -0.707397 0.187378 0.042603
0.468384 1.101929 0.134399 -0.877808 0.263306 -0.005005
0.414551 1.072998 0.140381 -1.056763 0.310913 -0.036011
0.351807 1.027832 0.147827 -1.240601 0.312866 -0.053345
0.319336 0.980469 0.150635 -1.426147 0.278931 -0.051392
0.241821 0.902466 0.171387 -1.606812 0.264648 0.005615
0.170288 0.853271 0.212891 -1.756958 0.258789 0.160278
0.152588 0.809937 0.250610 -1.892822 0.300781 0.357910
0.125122 0.737183 0.300293 -2.031860 0.398438 0.524536
0.120728 0.664429 0.361816 -2.147217 0.449097 0.644165
0.171021 0.560669 0.411255 -2.243164 0.387085 0.683228
0.242310 0.462524 0.475952 -2.285156 0.272827 0.702026
0.346436 0.437012 0.499146 -2.337524 0.264526 0.731812
0.294800 0.373413 0.591919 -2.468506 0.390015 0.726318
0.285400 0.294434 0.647705 -2.575684 0.419434 0.729370
0.346436 0.190063 0.673706 -2.632813 0.360962 0.715210
0.436157 0.056274 0.676636 -2.647949 0.334229 0.708130
0.569092 -0.031006 0.730957 -2.587891 0.403198 0.715332
0.614868 -0.110107 0.807617 -2.520142 0.535278 0.704834
0.571411 -0.190063 0.882935 -2.458374 0.636963 0.695190
0.484741 -0.242188 0.920166 -2.382813 0.673828 0.708496
0.280762 -0.295776 1.001099 -2.276733 0.625122 0.680054
0.050293 -0.286377 1.098145 -2.107300 0.501709 0.622681
0.003784 -0.311401 1.143799 -1.899658 0.285889 0.568359
0.163818 -0.387085 1.135010 -1.696167 0.072632 0.498779
0.385254 -0.449219 1.088013 -1.504761 -0.013062 0.419312
0.534790 -0.461548 1.039917 -1.333374 0.000366 0.329834
0.519897 -0.454712 1.036133 -1.212769 0.054199 0.226074
0.439331 -0.467651 1.065552 -1.131958 0.111572 0.152344
0.353027 -0.471436 1.085205 -1.041748 0.158936 0.117188
0.296143 -0.440308 1.071777 -0.936279 0.126343 0.077637
0.318604 -0.476318 1.080566 -0.856567 0.001953 0.029297
0.344727 -0.525513 1.130615 -0.757446 -0.102905 0.016846
0.352051 -0.550049 1.142944 -0.616943 -0.120239 0.052612
0.327148 -0.538940 1.128540 -0.494263 -0.122803 0.107788
0.378296 -0.520874 1.100098 -0.408081 -0.156616 0.141357
0.398804 -0.506836 1.078735 -0.334106 -0.156372 0.112427
0.382690 -0.480347 1.057617 -0.261475 -0.161255 0.076538
0.386230 -0.448486 1.027466 -0.199829 -0.185913 0.035400
0.413818 -0.416870 0.993408 -0.157471 -0.215942 -0.025269
0.473145 -0.407837 0.968750 -0.117554 -0.210571 -0.089966
0.462402 -0.402954 0.959473 -0.080444 -0.121948 -0.114624
0.402344 -0.385986 0.977539 -0.062012 -0.036133 -0.083496
0.319092 -0.371460 0.978027 -0.052124 0.004639 -0.020752
0.296753 -0.359863 0.973145 -0.039673 0.005371 0.070679
0.369019 -0.341431 0.936523 -0.026489 0.023438 0.171753
0.445190 -0.354370 0.909302 -0.023315 0.090454 0.211792
0.392822 -0.346313 0.910522 -0.021362 0.146362 0.194214
0.354736 -0.348511 0.939331 -0.023804 0.111328 0.145386
0.336426 -0.349854 0.958008 -0.009888 0.043823 0.066406
0.331177 -0.330322 0.947021 0.015259 -0.015625 -0.002930
0.323730 -0.296265 0.927368 0.020874 -0.071045 -0.050903
0.305664 -0.282349 0.917969 0.014282 -0.121582 -0.089966
0.295288 -0.284058 0.903198 0.004883 -0.170166 -0.120605
0.356201 -0.298828 0.889648 -0.007935 -0.195313 -0.112793
0.420410 -0.308716 0.892700 -0.024780 -0.124512 -0.069092
0.411621 -0.336304 0.913330 -0.048462 -0.030518 -0.028687
0.401733 -0.356445 0.943237 -0.058472 0.022827 0.015015
0.381592 -0.357056 0.954834 -0.063843 0.052002 0.047729
0.395264 -0.357788 0.958496 -0.066406 0.051147 0.044434
0.380981 -0.364014 0.960205 -0.060303 0.042969 0.012939
0.347168 -0.345581 0.954834 -0.041626 0.021484 -0.018433
0.303467 -0.328369 0.947754 -0.026123 -0.023560 -0.050049
0.301514 -0.312012 0.923096 -0.021606 -0.079834 -0.062378
0.323853 -0.308838 0.898926 -0.026489 -0.119019 -0.060425
0.362427 -0.313965 0.895508 -0.038696 -0.128174 -0.040527
0.388550 -0.337158 0.900879 -0.046875 -0.073853 -0.001587
0.377319 -0.348877 0.921631 -0.046875 -0.007935 0.041748
0.378784 -0.364502 0.940796 -0.045044 0.031616 0.064575
0.381714 -0.361084 0.946777 -0.035278 0.041504 0.063965
0.388428 -0.360107 0.945679 -0.031738 0.025635 0.032593
0.396118 -0.345825 0.936523 -0.029663 -0.005249 -0.011475
0.389282 -0.328003 0.931396 -0.028809 -0.026855 -0.047852
0.365112 -0.317261 0.931396 -0.038452 -0.027832 -0.064697
0.360596 -0.316284 0.921265 -0.048340 -0.030518 -0.069092
0.370728 -0.323608 0.909790 -0.052490 -0.015625 -0.071167
0.364136 -0.328247 0.914307 -0.063599 0.008301 -0.070313
0.340820 -0.343384 0.928955 -0.074097 0.036743 -0.060547
0.324341 -0.357422 0.950684 -0.075317 0.042358 -0.046143
0.320190 -0.378418 0.959717 -0.065308 0.020752 -0.033081
0.338501 -0.372192 0.963379 -0.039795 -0.008667 -0.010132
0.369873 -0.362427 0.944702 -0.020752 -0.030273 -0.005859
0.383667 -0.357666 0.934448 -0.012573 -0.046265 -0.020020
0.385010 -0.348145 0.922241 -0.007324 -0.048584 -0.030396
0.373413 -0.345703 0.923950 -0.007690 -0.039429 -0.042603
0.375854 -0.338013 0.920532 -0.011597 -0.030884 -0.053101
0.371338 -0.338989 0.920654 -0.019409 -0.019531 -0.062378
0.369507 -0.333008 0.916870 -0.020752 -0.011475 -0.065186
