0.327393 -0.388184 0.916382 -0.032959 -0.018555 -0.015259
0.328369 -0.393799 0.918945 -0.036133 -0.016235 -0.017700
0.322876 -0.396118 0.923950 -0.038086 -0.011230 -0.014893
0.327026 -0.400879 0.928955 -0.037231 -0.004150 -0.009033
0.326050 -0.407471 0.925659 -0.035645 0.005859 -0.003174
0.318970 -0.411621 0.932739 -0.030640 0.012085 0.001221
0.310913 -0.419067 0.937500 -0.024658 0.012451 0.001709
0.305542 -0.426636 0.942993 -0.016235 0.008911 0.004150
0.304565 -0.461182 0.964233 -0.003052 0.001953 0.004028
0.306396 -0.536743 1.010986 0.032593 -0.012085 -0.009155
0.328491 -0.646484 1.102661 0.110107 -0.024658 -0.030396
0.307739 -0.791382 1.224731 0.240601 -0.021362 -0.061401
0.339600 -0.927246 1.345459 0.454102 -0.039429 -0.117798
0.335571 -0.959229 1.374023 0.737549 -0.037109 -0.196289
0.282349 -0.929199 1.345093 1.037476 -0.054565 -0.309082
0.296143 -0.863403 1.260498 1.300049 -0.122803 -0.428833
0.411865 -0.795044 1.182983 1.543213 -0.140747 -0.515015
0.437256 -0.671875 1.107788 1.769897 -0.033325 -0.514893
0.447998 -0.596191 1.095337 1.922974 0.068970 -0.498901
0.454590 -0.523438 1.060791 2.056030 0.176270 -0.453613
0.367188 -0.476318 1.057129 2.179810 0.282104 -0.397949
0.329468 -0.467407 1.101563 2.279907 0.255493 -0.456787
0.332397 -0.467651 1.093994 2.427246 0.134521 -0.563843
0.223145 -0.376953 1.050293 2.625732 0.035645 -0.620483
0.115479 -0.290283 0.975220 2.772583 -0.128540 -0.681641
0.164551 -0.224976 0.869629 2.902832 -0.373047 -0.755371
0.104736 -0.132080 0.745361 3.058960 -0.480591 -0.758057
-0.018555 0.061035 0.616943 3.155151 -0.604614 -0.771362
-0.062256 0.209106 0.458618 3.160645 -0.793335 -0.785156
0.023438 0.285400 0.350952 3.106323 -0.925781 -0.721680
-0.009399 0.438232 0.296387 2.997192 -0.947754 -0.659302
0.082153 0.563843 0.236938 2.807495 -0.963745 -0.581177
0.187012 0.645386 0.252319 2.580200 -0.902222 -0.495605
0.231201 0.652954 0.287476 2.336792 -0.789185 -0.425659
0.212891 0.703735 0.302124 2.134766 -0.688232 -0.370117
0.105347 0.746094 0.288818 1.982300 -0.616821 -0.314941
0.119141 0.702881 0.333984 1.869629 -0.629150 -0.235718
0.159180 0.736328 0.281860 1.809326 -0.660522 -0.148682
0.178223 0.747803 0.256714 1.773926 -0.666992 -0.034790
0.213135 0.783691 0.262451 1.754272 -0.706177 0.069824
0.289185 0.803589 0.279175 1.731079 -0.776367 0.123657
0.356812 0.832397 0.261597 1.717773 -0.846558 0.150757
0.416992 0.929443 0.180664 1.714355 -0.873047 0.163940
0.541992 0.977905 0.056152 1.654663 -0.850708 0.159180
0.598755 0.999390 -0.034058 1.536743 -0.761719 0.121460
0.605225 0.988770 -0.068726 1.373169 -0.677124 0.055786
0.573364 1.039551 -0.124023 1.225220 -0.597900 0.007446
0.567505 1.043701 -0.174927 1.056396 -0.486084 -0.008911
0.497070 0.991577 -0.186157 0.873901 -0.351807 -0.008179
0.479370 0.925781 -0.191895 0.717163 -0.303711 0.003906
0.454468 0.930908 -0.208374 0.595703 -0.288574 0.035400
0.496460 0.944702 -0.220337 0.476807 -0.307007 0.049194
0.558472 1.005859 -0.248535 0.375732 -0.289063 0.065063
0.619873 1.027344 -0.232910 0.240845 -0.231445 0.063843
0.664307 1.044067 -0.207275 0.100586 -0.146484 0.049683
0.626587 1.067993 -0.188965 -0.032837 -0.061646 0.021729
0.657837 1.007202 -0.113037 -0.153809 -0.029175 -0.020874
0.623413 0.947388 -0.020142 -0.219116 -0.006104 -0.075073
0.558838 0.946411 0.006958 -0.238037 -0.003540 -0.127563
0.518188 0.929810 0.013062 -0.265381 0.002563 -0.148071
0.518433 0.892700 0.026245 -0.306641 0.024658 -0.148682
0.464722 0.920776 0.005615 -0.351563 0.064941 -0.154297
0.427734 0.946533 -0.027832 -0.425049 0.108765 -0.133789
0.458618 0.942505 -0.006592 -0.516968 0.148926 -0.080200
0.497314 0.929932 0.016724 -0.612915 0.184814 -0.064331
0.509766 0.986694 -0.008667 -0.693848 0.253784 -0.047363
0.510254 1.033936 -0.052979 -0.799805 0.354980 -0.021362
0.544434 1.016357 -0.070557 -0.950928 0.460327 0.006836
0.612061 0.976563 -0.039917 -1.100220 0.568237 0.006104
0.590820 1.010010 -0.042114 -1.215576 0.652832 -0.047607
0.523560 1.038696 -0.022583 -1.358643 0.712036 -0.090332
0.471802 1.009033 0.020508 -1.520142 0.730835 -0.118286
0.415771 0.965210 0.087891 -1.673584 0.685547 -0.155396
0.339233 0.911133 0.165894 -1.815918 0.603638 -0.190186
0.232544 0.859619 0.236694 -1.923096 0.520508 -0.188721
0.151367 0.806885 0.260498 -1.978027 0.455811 -0.118774
0.085938 0.754272 0.264282 -2.016357 0.427368 0.000122
0.057129 0.698853 0.262573 -2.067261 0.411011 0.135376
0.113403 0.634521 0.308105 -2.128052 0.379028 0.244385
0.226318 0.558960 0.376587 -2.182617 0.317505 0.268799
0.324951 0.498291 0.488037 -2.229736 0.244751 0.257813
0.326416 0.448608 0.579468 -2.271362 0.226074 0.252930
0.302612 0.409912 0.652222 -2.284790 0.228027 0.285278
0.270020 0.363770 0.687134 -2.279785 0.223511 0.346191
0.266113 0.322632 0.680176 -2.291626 0.216797 0.428711
0.257324 0.268066 0.700806 -2.295288 0.238525 0.519775
0.299683 0.251709 0.703247 -2.256836 0.266846 0.611694
0.303345 0.210327 0.694824 -2.238770 0.326538 0.671143
0.283081 0.168091 0.691772 -2.251221 0.323608 0.682617
0.277954 0.094482 0.725342 -2.273438 0.255249 0.665405
0.284424 0.002808 0.779907 -2.253052 0.192017 0.662476
0.332642 -0.063843 0.836426 -2.174316 0.196167 0.705811
0.429443 -0.107422 0.881836 -2.101929 0.243042 0.755859
0.504395 -0.176636 0.940063 -2.067139 0.328369 0.775024
0.458130 -0.220703 0.968750 -2.036377 0.389038 0.744385
0.349731 -0.267090 0.997314 -1.968506 0.319824 0.687378
0.179688 -0.307983 1.026611 -1.871338 0.165161 0.632813
0.069214 -0.324463 1.057617 -1.727905 -0.101563 0.609863
0.063477 -0.391357 1.082275 -1.555542 -0.408325 0.600708
0.157715 -0.449951 1.081299 -1.369629 -0.640137 0.640381
0.413940 -0.489868 1.040405 -1.189087 -0.717773 0.693359
0.767456 -0.562622 0.980591 -1.074097 -0.578979 0.657227
1.053833 -0.606689 0.969971 -0.984375 -0.229370 0.594971
0.934692 -0.583740 1.018921 -0.932617 0.235962 0.517212
0.597656 -0.592773 1.135742 -0.884155 0.511597 0.369019
0.350586 -0.626587 1.266479 -0.759521 0.456787 0.184814
0.271729 -0.659302 1.317383 -0.551758 0.199219 -0.001465
0.304321 -0.633789 1.261475 -0.300537 -0.046509 -0.135010
0.351563 -0.530762 1.113281 -0.095947 -0.227295 -0.213379
0.414185 -0.409424 0.947021 0.005981 -0.310669 -0.223633
0.428955 -0.300659 0.806519 -0.005615 -0.262695 -0.195557
0.412354 -0.243652 0.750610 -0.096558 -0.142578 -0.122314
0.365112 -0.244995 0.770752 -0.215210 0.007080 -0.019287
0.370361 -0.292480 0.828003 -0.323242 0.134277 0.089844
0.374146 -0.335205 0.883667 -0.387451 0.243774 0.187256
0.385986 -0.372192 0.935913 -0.413452 0.295532 0.235229
0.384521 -0.408569 0.969238 -0.412720 0.293335 0.236938
0.362671 -0.431030 0.989014 -0.389771 0.262451 0.222412
0.352539 -0.452026 0.993408 -0.340576 0.191895 0.179321
0.367920 -0.463867 0.981934 -0.274170 0.111816 0.114258
0.395020 -0.487183 0.968262 -0.205078 0.077393 0.053833
0.393799 -0.491211 0.979248 -0.144897 0.074829 0.004150
0.352783 -0.484375 0.982910 -0.096924 0.074707 -0.037354
0.310059 -0.459106 0.964111 -0.055054 0.042358 -0.074951
0.324341 -0.414917 0.921143 -0.024902 -0.038940 -0.118530
0.365845 -0.395630 0.897095 -0.005737 -0.106323 -0.153687
0.344604 -0.363892 0.885010 -0.009521 -0.087769 -0.141602
0.322632 -0.359741 0.889282 -0.034302 -0.067261 -0.105591
0.326904 -0.354492 0.880981 -0.061646 -0.062256 -0.060547
0.354736 -0.355957 0.879517 -0.087646 -0.051147 -0.022339
0.383423 -0.365479 0.887207 -0.106323 -0.022827 0.013428
0.394409 -0.393311 0.908813 -0.116943 0.016846 0.046509
0.392822 -0.433105 0.950317 -0.108643 0.042847 0.060547
0.388306 -0.458374 0.969849 -0.076538 0.029053 0.040894
0.364624 -0.456177 0.949829 -0.038452 0.005493 0.009766
0.346436 -0.434326 0.918701 -0.014893 -0.024780 -0.012207
0.354248 -0.416138 0.893799 -0.000488 -0.053467 -0.031372
0.331909 -0.392578 0.877930 -0.005249 -0.052002 -0.034790
0.344971 -0.384521 0.883667 -0.017944 -0.062012 -0.040283
0.373169 -0.393188 0.893066 -0.025757 -0.062134 -0.039917
0.375244 -0.390991 0.906006 -0.027832 -0.051147 -0.033325
0.383789 -0.392334 0.915039 -0.026489 -0.056396 -0.032349
0.395630 -0.385376 0.903320 -0.022461 -0.055298 -0.029785
0.404663 -0.388306 0.896362 -0.019775 -0.034546 -0.020752
0.390991 -0.395996 0.902222 -0.017700 -0.007568 -0.008911
0.371948 -0.403320 0.903931 -0.018066 -0.001099 -0.005615
0.372559 -0.410278 0.906128 -0.017944 -0.016968 -0.008423
0.364746 -0.410278 0.905640 -0.013062 -0.023438 -0.007202
0.355347 -0.411499 0.901245 -0.013184 -0.039063 -0.010498
0.359253 -0.409546 0.908081 -0.012207 -0.067017 -0.022461
