0.389771 -0.341919 0.927124 -0.012329 0.018677 -0.023926
0.398193 -0.341064 0.922485 -0.007202 0.026123 -0.026489
0.400757 -0.338135 0.921143 -0.003296 0.040039 -0.031250
0.383423 -0.334839 0.931396 -0.001953 0.054688 -0.036743
0.356567 -0.332520 0.938599 0.000854 0.061768 -0.036865
0.358398 -0.335083 0.940430 0.009888 0.056030 -0.031250
0.358643 -0.330566 0.932251 0.023926 0.053223 -0.024902
0.349976 -0.332520 0.932495 0.023926 0.054077 -0.016235
0.377808 -0.346680 0.937744 0.022461 0.062500 -0.003174
0.380615 -0.355713 0.953369 0.034180 0.096313 0.010010
0.365356 -0.359619 0.964355 0.048096 0.127808 0.018555
0.368286 -0.379395 0.981201 0.061401 0.145020 0.023682
0.390747 -0.398804 0.999268 0.084229 0.158447 0.025879
0.395386 -0.416992 1.011841 0.114990 0.182373 0.013672
0.402832 -0.448730 1.037231 0.160889 0.210571 0.002075
0.450317 -0.534424 1.102173 0.231201 0.244019 -0.008667
0.440430 -0.583252 1.177612 0.344360 0.301514 -0.024048
0.401978 -0.619873 1.232422 0.486938 0.356323 -0.041504
0.346680 -0.627319 1.254395 0.653809 0.378784 -0.061157
0.305420 -0.635132 1.250000 0.836182 0.364136 -0.095459
0.279907 -0.647949 1.251587 1.045654 0.297241 -0.154541
0.390137 -0.726685 1.280640 1.281738 0.210571 -0.232788
0.358398 -0.731201 1.308716 1.549194 0.178833 -0.350586
0.381836 -0.741333 1.299316 1.807129 0.130127 -0.488037
0.489868 -0.777588 1.290527 2.085571 0.119141 -0.609253
0.500854 -0.707764 1.215454 2.403198 0.234253 -0.691162
0.266357 -0.563721 1.107910 2.683105 0.311890 -0.749146
0.188354 -0.463501 0.951172 2.930298 0.162109 -0.770508
0.057495 -0.333740 0.841675 3.139771 -0.001343 -0.806396
-0.059204 -0.162231 0.737671 3.302490 -0.166260 -0.776123
-0.251831 0.042725 0.703857 3.352539 -0.321655 -0.742188
-0.111816 0.199585 0.612915 3.304077 -0.578979 -0.726929
-0.089111 0.343018 0.556152 3.190063 -0.637329 -0.721802
-0.142212 0.517822 0.416382 3.037354 -0.653564 -0.695435
-0.065430 0.579346 0.397583 2.877686 -0.697388 -0.628296
0.062012 0.625854 0.383423 2.632446 -0.680298 -0.503296
0.103027 0.659302 0.385742 2.395386 -0.613037 -0.384644
0.174438 0.635254 0.422363 2.187134 -0.612183 -0.326782
0.238525 0.720337 0.371948 2.078613 -0.635010 -0.308228
0.250854 0.793457 0.340088 1.973022 -0.604126 -0.289185
0.270264 0.785156 0.289795 1.838501 -0.568359 -0.273926
0.286255 0.862061 0.198608 1.735962 -0.508423 -0.231689
0.244873 0.963623 0.072021 1.607178 -0.472534 -0.236328
0.303345 0.897949 0.056519 1.446167 -0.461792 -0.244141
0.268677 0.941528 0.051147 1.323608 -0.428223 -0.186768
0.223755 0.964966 0.010742 1.220093 -0.440918 -0.131470
0.290405 1.011475 -0.034424 1.110840 -0.462891 -0.043335
0.275391 1.016479 -0.063477 0.955933 -0.460815 -0.015747
0.267944 1.021484 -0.064697 0.841187 -0.487671 -0.001465
0.292725 1.004028 -0.034546 0.704956 -0.485229 0.017090
0.440552 1.014038 -0.024902 0.584961 -0.387939 0.052002
0.372192 1.053101 0.030884 0.442871 -0.238525 0.060425
0.418457 1.048462 0.083984 0.292358 -0.216553 0.002197
0.383545 1.016724 0.137939 0.174683 -0.170654 -0.005981
0.382080 0.912720 0.241455 0.080933 -0.177490 -0.022949
0.385864 0.887451 0.272583 0.068237 -0.238770 -0.032837
0.353149 0.927490 0.255127 0.074951 -0.254272 0.003906
0.389038 0.953003 0.197876 0.044800 -0.258545 0.030273
0.480835 0.973999 0.135498 -0.029541 -0.241455 0.038330
0.520264 1.017822 0.112549 -0.131958 -0.119019 0.062500
0.479858 1.064697 0.093262 -0.270752 0.040649 0.057983
0.538086 1.073486 0.073975 -0.430786 0.151367 0.036621
0.486328 1.078003 0.068970 -0.591187 0.277710 0.014404
0.432373 1.068848 0.070190 -0.738281 0.342163 -0.017578
0.367188 1.047241 0.076172 -0.869507 0.357544 -0.035645
0.289307 1.017700 0.112305 -0.985962 0.312988 -0.047607
0.254517 0.972290 0.148438 -1.097656 0.170410 -0.072021
0.419434 0.890137 0.259521 -1.204834 0.029297 -0.064453
0.599121 0.849609 0.321167 -1.254395 0.167358 0.004395
0.385498 0.945313 0.353394 -1.236694 0.453613 0.067749
0.319458 0.927246 0.380371 -1.289307 0.498901 0.085571
0.342163 0.876709 0.368896 -1.364746 0.490967 0.120117
0.227783 0.814209 0.333374 -1.466553 0.536011 0.131714
0.050659 0.774536 0.306885 -1.590088 0.526611 0.152710
-0.084351 0.728271 0.293457 -1.735474 0.442505 0.223145
-0.133423 0.661011 0.329102 -1.872803 0.329956 0.346680
-0.055908 0.632324 0.383301 -1.961548 0.210327 0.487183
0.111084 0.605225 0.453613 -2.012939 0.122681 0.588501
0.261963 0.562988 0.550171 -2.073364 0.074341 0.605347
0.343994 0.465942 0.624023 -2.141846 0.070679 0.567627
0.427856 0.376709 0.685669 -2.194580 0.091064 0.549438
0.476440 0.319336 0.754883 -2.205322 0.168823 0.557739
0.456909 0.248413 0.801636 -2.169434 0.254028 0.522949
0.446533 0.205200 0.828857 -2.107910 0.306030 0.484619
0.401733 0.169800 0.856812 -2.044922 0.370117 0.468384
0.318970 0.148071 0.863037 -1.984253 0.419189 0.483643
0.214844 0.136963 0.883179 -1.932007 0.435181 0.535156
0.143188 0.138062 0.901978 -1.890015 0.389160 0.568848
0.147583 0.107666 0.907227 -1.843628 0.281860 0.551270
0.191895 0.055664 0.903442 -1.788696 0.156494 0.492188
0.243774 0.039551 0.875122 -1.734619 0.066284 0.447998
0.336670 0.008667 0.848022 -1.703247 0.041016 0.437134
0.352173 -0.025879 0.828003 -1.712402 0.089355 0.405029
0.341919 -0.053467 0.817993 -1.744995 0.115601 0.370483
0.309326 -0.112183 0.833984 -1.770142 0.079468 0.327393
0.269409 -0.184326 0.904907 -1.762207 0.006348 0.306519
0.233765 -0.251587 0.953857 -1.717529 -0.039429 0.335327
0.246948 -0.326294 1.016113 -1.648804 -0.062988 0.396362
0.269409 -0.412231 1.068604 -1.562744 -0.060913 0.447144
0.305908 -0.475952 1.081421 -1.460571 -0.046631 0.489624
0.349365 -0.539673 1.082153 -1.357910 -0.033203 0.503540
0.373535 -0.589966 1.094116 -1.250000 -0.032349 0.489624
0.407227 -0.643799 1.139404 -1.117920 -0.063110 0.438599
0.445313 -0.696533 1.160767 -0.974609 -0.058228 0.345581
0.471191 -0.710449 1.198608 -0.804565 -0.049927 0.240234
0.458862 -0.698364 1.187378 -0.627075 -0.033813 0.140137
0.420410 -0.646729 1.163208 -0.483032 -0.015869 0.072021
0.384644 -0.592896 1.118652 -0.371460 -0.008301 0.030762
0.419189 -0.572510 1.137695 -0.281128 -0.011230 -0.016846
0.367310 -0.704102 1.179688 -0.269653 0.094604 -0.017578
0.265015 -0.535278 1.087402 -0.169312 0.149536 0.048706
0.259644 -0.456909 0.975586 -0.047974 0.025635 -0.028076
0.288086 -0.385742 0.896118 0.000977 -0.077637 -0.093140
0.259521 -0.345581 0.883057 0.000122 -0.103760 -0.118652
0.235352 -0.341309 0.898193 -0.031250 -0.086426 -0.094604
0.247681 -0.369995 0.927856 -0.053345 -0.058594 -0.044556
0.300659 -0.386230 0.934937 -0.048950 -0.047119 -0.005127
0.378296 -0.390869 0.928223 -0.032837 -0.047607 -0.000244
0.403442 -0.380737 0.918701 -0.014282 -0.012451 -0.001709
0.385010 -0.375122 0.917236 -0.008667 0.031250 -0.009399
0.359619 -0.366333 0.920288 -0.000122 0.058472 -0.009399
0.325073 -0.361572 0.919067 -0.002930 0.061646 -0.009155
0.307007 -0.375977 0.919922 -0.018799 0.044067 -0.008789
0.294922 -0.385498 0.935913 -0.033569 0.016235 -0.010498
0.267944 -0.385742 0.940796 -0.045654 -0.017578 -0.010986
0.260498 -0.378662 0.938965 -0.052124 -0.057983 -0.003906
0.287354 -0.382690 0.935547 -0.055908 -0.089966 0.002686
0.315918 -0.383789 0.929810 -0.058594 -0.103149 -0.001221
0.371826 -0.393311 0.932251 -0.055664 -0.098022 -0.023438
0.375000 -0.394165 0.938721 -0.043579 -0.065674 -0.053223
0.351440 -0.385498 0.940674 -0.031006 -0.032349 -0.074463
0.341309 -0.370850 0.924927 -0.019287 -0.013306 -0.083618
0.321167 -0.363525 0.913452 -0.009277 0.012085 -0.070068
0.318359 -0.356567 0.902466 -0.018433 0.010498 -0.053467
0.313110 -0.358398 0.909058 -0.032715 -0.001709 -0.035645
0.309814 -0.361694 0.915894 -0.039429 0.002075 -0.004883
0.330200 -0.367798 0.915527 -0.040527 0.002930 0.023438
0.349731 -0.369629 0.913818 -0.040161 0.011963 0.037842
0.363647 -0.366699 0.913696 -0.045776 0.027832 0.037720
0.365479 -0.373657 0.925049 -0.061035 0.050049 0.025513
0.333130 -0.384644 0.938721 -0.069580 0.066162 0.012451
0.305664 -0.390137 0.947021 -0.070801 0.065186 0.000000
0.292725 -0.391724 0.946167 -0.074097 0.045898 -0.013062
0.305420 -0.388062 0.925903 -0.087646 0.023560 -0.021118
0.309326 -0.389526 0.907593 -0.102661 0.024902 -0.032227
0.303223 -0.391235 0.918091 -0.112305 0.041016 -0.044067
0.321533 -0.403320 0.923706 -0.108887 0.049683 -0.056763
0.331421 -0.402100 0.924683 -0.098633 0.067261 -0.068481
0.317749 -0.399292 0.931763 -0.084839 0.082153 -0.076904
0.299927 -0.385132 0.934692 -0.070435 0.083740 -0.068604
