0.347168 -0.318970 0.943359 -0.023560 -0.019653 -0.042114
0.355347 -0.320679 0.933594 -0.024048 -0.012695 -0.032837
0.349976 -0.326416 0.939087 -0.028198 -0.000977 -0.020386
0.356079 -0.332520 0.942017 -0.030029 -0.000610 -0.009766
0.368530 -0.334839 0.947754 -0.023926 -0.000244 0.000732
0.372437 -0.338989 0.940796 -0.017944 0.009399 0.005127
0.374878 -0.335571 0.941406 -0.009766 0.020020 0.010132
0.390381 -0.346558 0.949341 -0.001221 0.034912 0.013672
0.415894 -0.360718 0.964355 0.017578 0.066650 0.019653
0.412964 -0.381104 0.998291 0.040039 0.113037 0.026001
0.416504 -0.421631 1.031128 0.073120 0.155029 0.031250
0.423218 -0.489868 1.057617 0.135010 0.201904 0.043701
0.410522 -0.555542 1.125244 0.233398 0.228516 0.048584
0.421753 -0.614990 1.196655 0.362305 0.248535 0.054810
0.452393 -0.624390 1.234253 0.529541 0.305298 0.078491
0.428955 -0.602661 1.223755 0.704712 0.386719 0.104858
0.423218 -0.600098 1.192017 0.858276 0.433350 0.086304
0.431030 -0.643799 1.203491 1.025146 0.453003 0.056519
0.386841 -0.631592 1.214111 1.208008 0.438232 -0.011230
0.272583 -0.605103 1.209229 1.384521 0.380249 -0.116943
0.225708 -0.529053 1.165405 1.561768 0.251709 -0.221191
0.248413 -0.505493 1.143188 1.710815 0.130615 -0.315308
0.315674 -0.487915 1.119263 1.856689 0.062378 -0.376099
0.316528 -0.433716 1.098511 2.024414 0.100952 -0.371094
0.233765 -0.351563 1.076660 2.185669 0.167847 -0.328491
0.149414 -0.283325 1.040649 2.316895 0.151611 -0.339355
0.068115 -0.177368 0.941040 2.464355 0.005249 -0.404663
-0.026733 -0.061523 0.838379 2.571655 -0.218018 -0.483276
-0.040894 -0.017822 0.774536 2.629639 -0.480835 -0.547729
0.046509 -0.005005 0.735229 2.706421 -0.691284 -0.562744
0.061279 0.115967 0.755615 2.790527 -0.758057 -0.531372
0.115356 0.218628 0.696777 2.838745 -0.833984 -0.493164
0.211304 0.385742 0.587891 2.859009 -0.802368 -0.393311
0.076172 0.630981 0.422974 2.728271 -0.665283 -0.324951
0.118896 0.758179 0.251831 2.443726 -0.653687 -0.269043
0.203491 0.802246 0.178101 2.124023 -0.629150 -0.214722
0.213013 0.799316 0.216919 1.834351 -0.542114 -0.177734
0.159546 0.762207 0.405273 1.589844 -0.482666 -0.126709
0.162842 0.747192 0.531006 1.452759 -0.493896 -0.065063
0.215332 0.757080 0.532959 1.397461 -0.508911 0.028564
0.348022 0.776855 0.479736 1.358887 -0.510132 0.103027
0.359375 0.869995 0.361938 1.288086 -0.472168 0.114868
0.400757 0.912964 0.257813 1.145630 -0.430542 0.085327
0.445679 0.920654 0.191040 0.955811 -0.339233 0.024170
0.421387 0.861328 0.217163 0.781128 -0.251465 -0.020752
0.375244 0.928223 0.224976 0.711670 -0.255127 -0.037476
0.369629 0.958130 0.217285 0.629272 -0.282837 -0.052368
0.330811 0.968506 0.170532 0.531738 -0.284912 -0.037598
0.303467 0.932495 0.127319 0.432739 -0.341309 -0.038574
0.369019 0.879639 0.138794 0.348877 -0.399414 -0.014648
0.458984 0.870972 0.189209 0.264526 -0.391968 0.029053
0.472290 0.957031 0.239502 0.193115 -0.322754 0.070190
0.525757 0.953003 0.284180 0.086670 -0.272461 0.080933
0.545898 0.919067 0.308472 -0.020386 -0.218506 0.067139
0.572266 0.826416 0.361084 -0.115601 -0.171143 0.030151
0.596924 0.814697 0.391113 -0.157715 -0.116577 0.011475
0.527832 0.912842 0.348511 -0.187988 -0.029419 0.013794
0.553223 0.941650 0.291016 -0.283325 0.036255 0.018311
0.571167 0.926025 0.257568 -0.420654 0.125366 0.008423
0.528687 0.929443 0.266846 -0.558105 0.205566 -0.025269
0.449341 0.927002 0.294800 -0.684692 0.266113 -0.054199
0.455322 0.878540 0.339600 -0.799316 0.279541 -0.065674
0.499268 0.846924 0.386963 -0.889404 0.284180 -0.062500
0.498291 0.840332 0.427490 -0.966064 0.294556 -0.066650
0.494507 0.832764 0.434326 -1.036499 0.318726 -0.063232
0.494507 0.800537 0.455933 -1.111694 0.377686 -0.036621
0.459106 0.771606 0.476563 -1.184448 0.461914 -0.019165
0.398438 0.756104 0.486938 -1.234009 0.527710 -0.004883
0.322021 0.731567 0.494629 -1.282471 0.571655 0.026733
0.270264 0.704468 0.525879 -1.324829 0.591431 0.071777
0.178955 0.669678 0.557739 -1.349609 0.592163 0.102539
0.087402 0.656006 0.583862 -1.344849 0.539429 0.147095
0.061035 0.632080 0.599121 -1.331543 0.413696 0.171753
0.078979 0.598511 0.619141 -1.326782 0.258667 0.176514
0.212158 0.534180 0.659424 -1.346680 0.122192 0.182739
0.336060 0.489380 0.708374 -1.387939 0.097778 0.209839
0.321045 0.469116 0.742676 -1.432373 0.165649 0.240479
0.285522 0.438965 0.738892 -1.473877 0.214966 0.259033
0.249390 0.399414 0.731079 -1.521851 0.236084 0.268555
0.192017 0.375122 0.739868 -1.561035 0.224609 0.289185
0.157349 0.350708 0.753784 -1.590088 0.182617 0.308472
0.193359 0.326904 0.768921 -1.624512 0.101440 0.318115
0.248901 0.288696 0.788330 -1.658447 0.005615 0.292480
0.276001 0.257813 0.796753 -1.681274 -0.052124 0.261841
0.285034 0.213623 0.808350 -1.697876 -0.081421 0.256836
0.406616 0.128052 0.840942 -1.704224 -0.083862 0.283569
0.485962 0.043091 0.884399 -1.703369 -0.024658 0.320679
0.555908 -0.034668 0.940918 -1.678711 0.056641 0.346924
0.577881 -0.095093 0.989014 -1.623901 0.165649 0.368774
0.490479 -0.118774 1.017822 -1.545532 0.303711 0.386230
0.368652 -0.146484 1.031860 -1.434082 0.363281 0.386597
0.297241 -0.167358 1.032471 -1.304932 0.298706 0.370850
0.245850 -0.170532 1.018555 -1.175781 0.200684 0.349243
0.240723 -0.173462 1.035034 -1.060547 0.085693 0.321533
0.248657 -0.163818 1.017456 -0.985718 -0.014282 0.278809
0.300903 -0.200195 1.005615 -0.959961 -0.105469 0.202515
0.376709 -0.244141 0.999023 -0.949707 -0.156860 0.124512
0.478027 -0.296143 1.031982 -0.924072 -0.134399 0.083374
0.460205 -0.299683 1.063721 -0.887085 -0.015259 0.077148
0.339600 -0.238037 1.053589 -0.849365 0.093628 0.106689
0.299316 -0.230103 1.043701 -0.845093 0.061890 0.103149
0.228394 -0.238525 1.034180 -0.828491 -0.017578 0.078247
0.098022 -0.182129 0.999878 -0.782593 -0.087036 0.105225
0.000610 -0.138550 0.934570 -0.762451 -0.220337 0.145752
0.058716 -0.188721 0.863281 -0.786743 -0.411621 0.174805
0.479492 -0.386475 0.826294 -0.821533 -0.523560 0.192627
0.781494 -0.512939 0.865112 -0.835449 -0.346924 0.219849
0.753296 -0.520508 0.970825 -0.838379 0.042969 0.280273
0.509033 -0.506836 1.088623 -0.820801 0.366943 0.310303
0.358398 -0.533447 1.161987 -0.750366 0.439697 0.275269
0.306885 -0.551636 1.183105 -0.617920 0.338013 0.206787
0.307373 -0.536133 1.143066 -0.461548 0.166016 0.125977
0.307739 -0.498779 1.072144 -0.330688 0.011719 0.061890
0.251709 -0.454834 1.007446 -0.237183 -0.071411 0.027588
0.222778 -0.437622 0.949951 -0.182983 -0.129272 0.010498
0.300781 -0.477295 0.917114 -0.163696 -0.160645 0.013916
0.410889 -0.517334 0.921265 -0.147949 -0.113525 0.034424
0.399048 -0.514038 0.971191 -0.125488 0.005249 0.042847
0.314575 -0.500732 1.028564 -0.089966 0.089722 0.039429
0.295288 -0.479126 1.044800 -0.032349 0.075073 0.019897
0.344482 -0.458252 1.035645 0.032349 0.016479 -0.016602
0.361938 -0.434570 0.994385 0.089844 -0.013428 -0.048218
0.324829 -0.395752 0.961914 0.126587 -0.034180 -0.080078
0.285767 -0.377319 0.924927 0.145996 -0.078369 -0.112793
0.304688 -0.374390 0.919800 0.151489 -0.133423 -0.138184
0.338867 -0.375732 0.920044 0.148438 -0.156006 -0.153442
0.337158 -0.353394 0.913940 0.141602 -0.129272 -0.139771
0.318115 -0.337402 0.919434 0.144775 -0.081177 -0.109619
0.302490 -0.325073 0.913086 0.141968 -0.071411 -0.096802
0.312866 -0.314697 0.912720 0.133667 -0.103760 -0.088257
0.324341 -0.311646 0.905518 0.115601 -0.127075 -0.083008
0.338135 -0.307007 0.906372 0.101074 -0.132690 -0.068359
0.366821 -0.317871 0.911743 0.088013 -0.120239 -0.051514
0.409668 -0.329468 0.916138 0.078125 -0.091064 -0.037842
0.409546 -0.326050 0.922241 0.071045 -0.045288 -0.031006
0.387329 -0.325928 0.937744 0.073242 -0.006348 -0.025635
0.371582 -0.315186 0.935669 0.074585 0.003784 -0.026123
0.357178 -0.307373 0.934814 0.069580 -0.008667 -0.035400
0.342163 -0.301392 0.928711 0.064697 -0.035034 -0.049072
0.324707 -0.295288 0.922852 0.063354 -0.055786 -0.053223
0.310547 -0.287720 0.915649 0.058960 -0.059570 -0.036621
0.309204 -0.289307 0.906860 0.047119 -0.047241 0.003296
0.326416 -0.313354 0.912354 0.023193 -0.032104 0.047729
0.357666 -0.338501 0.936768 0.009155 -0.004517 0.089844
0.402222 -0.360962 0.944458 0.009277 0.045654 0.119263
0.377319 -0.345947 0.948242 0.013062 0.111084 0.132202
0.361816 -0.326538 0.957397 0.010986 0.103394 0.113037
0.376343 -0.324097 0.953857 0.015869 0.028198 0.048828
0.386719 -0.311646 0.954956 0.027710 -0.036743 -0.019409
0.389526 -0.289795 0.942383 0.036499 -0.064575 -0.053101
