0.287842 -0.318115 0.988403 -0.047241 0.016357 -0.002075
0.284668 -0.329468 1.021484 -0.020508 0.043091 0.005127
0.319214 -0.346802 1.009644 0.007568 0.053711 0.004761
0.306763 -0.359619 1.040039 0.040161 0.085693 0.005127
0.316528 -0.414551 1.065308 0.072021 0.098389 -0.001953
0.380249 -0.493774 1.120850 0.134888 0.139282 0.002197
0.354980 -0.571167 1.208740 0.249634 0.205811 -0.010620
0.255859 -0.618774 1.297974 0.405396 0.218994 -0.062988
0.213745 -0.632324 1.321289 0.596069 0.152222 -0.128418
0.214722 -0.659668 1.325806 0.790894 0.061646 -0.204468
0.263794 -0.650024 1.289673 0.994873 -0.011719 -0.270874
0.274414 -0.645508 1.305176 1.201416 -0.021606 -0.313477
0.270996 -0.640381 1.286133 1.393677 -0.010742 -0.351440
0.281494 -0.658936 1.302490 1.581665 0.010498 -0.345337
0.271118 -0.622437 1.290771 1.804443 0.020508 -0.314575
0.184204 -0.589233 1.283325 2.038574 0.016724 -0.293945
0.172241 -0.532593 1.201660 2.258057 -0.072876 -0.279663
0.069214 -0.480469 1.148926 2.505249 -0.149170 -0.249268
0.042847 -0.414551 1.068481 2.747437 -0.307739 -0.255371
-0.086914 -0.276367 0.958374 2.967163 -0.496338 -0.272217
-0.129639 -0.143066 0.821411 3.100220 -0.728760 -0.302124
-0.017944 0.010864 0.636597 3.174072 -0.943726 -0.314209
0.067139 0.119263 0.507080 3.151001 -1.031982 -0.312988
0.203003 0.301880 0.341919 3.081299 -1.018433 -0.273315
0.134644 0.486328 0.296997 2.927856 -0.855713 -0.228394
0.139648 0.531128 0.307617 2.664551 -0.818481 -0.256470
0.201782 0.569214 0.332031 2.447510 -0.836304 -0.279663
0.206299 0.560425 0.404053 2.278320 -0.767578 -0.251709
0.144653 0.578125 0.451904 2.175537 -0.752075 -0.221313
0.248657 0.641113 0.414673 2.139771 -0.810181 -0.168457
0.239258 0.685303 0.377930 2.097656 -0.801514 -0.137207
0.421753 0.737671 0.318848 2.052246 -0.839355 -0.112793
0.466553 0.825562 0.247192 1.989990 -0.778931 -0.115601
0.445313 0.825928 0.240723 1.869995 -0.737793 -0.140137
0.452393 0.791748 0.280884 1.793701 -0.754883 -0.168335
0.402466 0.753174 0.294067 1.775146 -0.787354 -0.199097
0.294312 0.756226 0.213867 1.825317 -0.810059 -0.165283
0.317505 0.782715 0.117676 1.887451 -0.906982 -0.144775
0.313721 0.759399 0.008667 1.881104 -0.981934 -0.187378
0.326294 0.867188 -0.182495 1.894287 -1.013306 -0.169434
0.372192 0.930786 -0.309082 1.795166 -0.970703 -0.107178
0.478394 1.041382 -0.439209 1.601074 -0.874756 -0.051514
0.544434 1.088257 -0.513550 1.305420 -0.663452 -0.013550
0.527954 1.051147 -0.442139 0.982666 -0.407227 0.000244
0.505859 0.979614 -0.321167 0.728149 -0.253174 -0.021729
0.469360 0.973755 -0.241943 0.576294 -0.160522 -0.027954
0.461304 0.975586 -0.190186 0.488525 -0.139526 -0.025024
0.541748 1.005005 -0.206543 0.447754 -0.190063 -0.012207
0.642090 1.016479 -0.234131 0.414673 -0.195801 -0.013306
0.626831 1.020874 -0.235596 0.377930 -0.132690 -0.032104
0.513794 1.048584 -0.291260 0.319824 -0.080811 -0.070923
0.443970 1.062744 -0.366699 0.225464 -0.057861 -0.074341
0.421265 1.047974 -0.408081 0.085693 -0.010254 -0.035889
0.459839 0.991333 -0.391235 -0.081665 0.045410 0.003296
0.423096 1.010254 -0.377441 -0.230225 0.109619 0.019287
0.426025 1.037964 -0.358521 -0.370483 0.141602 0.024780
0.469482 1.032471 -0.299927 -0.488159 0.161865 0.038330
0.535522 0.993164 -0.217285 -0.580566 0.181152 0.039429
0.553101 0.987305 -0.146973 -0.632568 0.164917 -0.010620
0.526245 1.029053 -0.131104 -0.675049 0.133911 -0.076538
0.478882 1.052856 -0.134155 -0.763062 0.123779 -0.119629
0.477905 1.056152 -0.181519 -0.893921 0.112305 -0.131592
0.437378 1.067993 -0.239624 -1.064575 0.136353 -0.127563
0.358521 1.084595 -0.312988 -1.292969 0.215210 -0.095459
0.294189 1.070190 -0.349976 -1.577393 0.318604 -0.021606
0.340576 0.994507 -0.329224 -1.875610 0.432861 0.081055
0.349854 0.917969 -0.287720 -2.121826 0.600708 0.178589
0.345337 0.865356 -0.156738 -2.298828 0.747070 0.234131
0.379150 0.835083 -0.002197 -2.425293 0.818481 0.262329
0.398682 0.868896 0.223267 -2.482788 0.831665 0.274902
0.399292 0.881592 0.433960 -2.499512 0.794312 0.276978
0.491821 0.798340 0.492432 -2.485718 0.702271 0.280518
0.532837 0.642212 0.406494 -2.465210 0.704834 0.307373
0.412720 0.532349 0.304443 -2.461792 0.820190 0.354004
0.233643 0.479980 0.267578 -2.476074 0.889771 0.382080
0.132446 0.441284 0.289673 -2.506958 0.835449 0.394653
0.114868 0.396729 0.366699 -2.533081 0.723877 0.391479
0.150391 0.352295 0.420532 -2.549683 0.609009 0.391357
0.205078 0.281494 0.492554 -2.570801 0.575073 0.438354
0.227539 0.205322 0.555054 -2.573975 0.572510 0.469116
0.285767 0.134644 0.617920 -2.549438 0.543945 0.481079
0.281860 0.095947 0.678833 -2.515259 0.572510 0.489136
0.235596 0.061035 0.741455 -2.484009 0.604492 0.521118
0.234131 -0.023926 0.802490 -2.451172 0.613281 0.587036
0.262329 -0.120972 0.868286 -2.411377 0.601563 0.641968
0.283447 -0.204102 0.925903 -2.350952 0.584351 0.661377
0.279907 -0.291748 0.982300 -2.256836 0.589844 0.652832
0.288696 -0.329468 0.999023 -2.113525 0.602905 0.643799
0.223755 -0.360962 1.064087 -1.969849 0.572876 0.586914
0.140991 -0.429688 1.149414 -1.817139 0.402588 0.441650
0.126587 -0.512573 1.232422 -1.630127 0.160034 0.273071
0.204590 -0.523193 1.281128 -1.393677 -0.082397 0.160522
0.301392 -0.508545 1.263794 -1.177979 -0.193970 0.117920
0.406128 -0.477539 1.185669 -1.016602 -0.146851 0.132324
0.408325 -0.421753 1.115479 -0.906128 -0.000610 0.173462
0.317139 -0.375732 1.074097 -0.848877 0.136719 0.199463
0.246094 -0.373901 1.082153 -0.821533 0.167114 0.200806
0.206665 -0.380737 1.087036 -0.785278 0.123047 0.190796
0.243164 -0.416748 1.093750 -0.744751 0.078125 0.184937
0.293945 -0.464233 1.113403 -0.696411 0.068604 0.174683
0.337280 -0.497681 1.132446 -0.642944 0.083618 0.146362
0.358643 -0.520874 1.149780 -0.571899 0.111328 0.116333
0.326294 -0.518799 1.158203 -0.496094 0.138306 0.084351
0.306030 -0.506592 1.161255 -0.409546 0.119751 0.047485
0.307373 -0.505005 1.139038 -0.317627 0.091553 0.010864
0.275146 -0.494507 1.113525 -0.218262 0.079224 -0.020874
0.242188 -0.474731 1.087524 -0.123413 0.039185 -0.058716
0.219116 -0.439453 1.046509 -0.038818 -0.014893 -0.088867
0.196655 -0.398193 0.997437 0.017212 -0.051880 -0.096558
0.226196 -0.366821 0.952148 0.047241 -0.080811 -0.091553
0.252686 -0.330200 0.922119 0.061157 -0.098877 -0.087524
0.266479 -0.302856 0.910278 0.051758 -0.086060 -0.069458
0.270386 -0.286499 0.926147 0.030396 -0.062744 -0.048706
0.267334 -0.271118 0.939331 0.017212 -0.044922 -0.028931
0.274048 -0.256836 0.955322 0.008301 -0.042969 -0.021851
0.296509 -0.263550 0.958740 -0.000122 -0.044312 -0.025391
0.297852 -0.262085 0.962646 -0.003662 -0.036621 -0.028687
0.298828 -0.266235 0.960693 -0.012695 -0.039551 -0.032104
0.293701 -0.264404 0.950928 -0.018921 -0.033203 -0.026489
0.273438 -0.273071 0.952148 -0.030762 -0.015991 -0.009644
0.275513 -0.288818 0.952271 -0.044678 0.000366 0.010986
0.284668 -0.304199 0.958008 -0.059570 0.010132 0.016479
0.276611 -0.316895 0.971191 -0.073486 0.014771 0.009888
0.264648 -0.340820 0.992432 -0.078247 0.015991 0.008667
0.261963 -0.353149 1.003418 -0.068481 0.014160 0.014404
0.276978 -0.360229 1.000732 -0.049683 0.001831 0.012085
0.276489 -0.351563 0.999756 -0.024414 -0.016602 -0.001343
0.271362 -0.338135 0.993164 -0.003906 -0.037109 -0.021118
0.283813 -0.332153 0.980713 0.010864 -0.060669 -0.044312
0.294678 -0.333862 0.968750 0.029053 -0.065063 -0.055908
0.298950 -0.320435 0.964233 0.046875 -0.058838 -0.044312
0.307983 -0.297241 0.953369 0.054688 -0.044800 -0.025757
0.332275 -0.301636 0.940308 0.047241 -0.026001 -0.010376
0.324585 -0.287720 0.940918 0.033936 -0.017334 0.005005
0.318604 -0.278076 0.950073 0.020508 0.000854 0.021606
0.304688 -0.281006 0.949707 0.009888 0.019043 0.027344
0.297485 -0.277466 0.950195 0.003784 0.033813 0.022827
0.264160 -0.272827 0.949585 -0.005127 0.038696 0.010864
0.250122 -0.261719 0.948242 -0.007080 0.017456 0.003296
0.235352 -0.260498 0.949951 -0.010132 -0.004883 0.005493
0.233643 -0.263184 0.948364 -0.021484 -0.022583 0.018677
0.247681 -0.273193 0.942017 -0.038086 -0.029541 0.029541
0.291138 -0.298706 0.942261 -0.048950 -0.020264 0.037476
0.295166 -0.314575 0.975342 -0.052979 -0.003540 0.026733
0.270020 -0.328735 1.011963 -0.048828 0.000366 0.014038
0.278442 -0.331055 1.028687 -0.029785 -0.011108 0.015137
0.269531 -0.330933 1.025879 -0.013428 -0.006226 0.023071
0.271973 -0.322754 1.001831 0.004150 -0.004639 0.030273
0.267944 -0.308472 0.979126 0.014648 -0.011230 0.032227
0.267456 -0.297485 0.959595 0.015747 -0.018677 0.035889
