0.221680 -0.483765 1.026245 0.057739 -0.005737 -0.011108
0.255615 -0.561768 1.125244 0.154907 0.016846 0.011841
0.291382 -0.689331 1.248657 0.275391 0.051270 0.010132
0.351318 -0.783325 1.346802 0.468140 0.093994 0.005493
0.328857 -0.864624 1.408936 0.705078 0.199707 0.002075
0.359863 -0.886841 1.441650 0.988159 0.239258 -0.006104
0.282593 -0.873413 1.450562 1.308350 0.244873 -0.068970
0.160400 -0.819214 1.407104 1.643677 0.167725 -0.135620
0.048828 -0.754395 1.323486 1.947632 -0.004639 -0.224854
-0.007080 -0.679565 1.221680 2.193359 -0.223267 -0.340820
-0.067505 -0.609253 1.145752 2.378662 -0.428589 -0.429199
0.007568 -0.539795 1.077515 2.551514 -0.566040 -0.419800
-0.003052 -0.428223 1.025757 2.665039 -0.547485 -0.367554
-0.081299 -0.299927 0.937134 2.741455 -0.524048 -0.326172
-0.157349 -0.228760 0.884033 2.768188 -0.586670 -0.325073
-0.115723 -0.180664 0.811401 2.811768 -0.784546 -0.337769
-0.077271 -0.149902 0.747559 2.848999 -0.995239 -0.384644
-0.030518 -0.130981 0.732910 2.927612 -1.209229 -0.475708
-0.016968 0.059448 0.651367 3.030151 -1.381226 -0.515625
0.043091 0.166870 0.603882 3.058472 -1.434204 -0.476685
0.024658 0.314453 0.513428 3.051392 -1.422241 -0.421509
0.020630 0.427734 0.397949 2.985596 -1.397949 -0.352173
0.095947 0.472900 0.326172 2.881104 -1.406738 -0.293335
0.194946 0.492065 0.254761 2.770508 -1.411865 -0.263672
0.212524 0.439575 0.330444 2.670532 -1.425415 -0.290283
0.062622 0.407593 0.455444 2.676270 -1.542358 -0.387695
0.068970 0.512573 0.311523 2.777832 -1.730103 -0.423096
0.168457 0.628418 0.137939 2.874634 -1.787109 -0.342041
0.286499 0.750244 -0.083130 2.899536 -1.782227 -0.299194
0.403320 0.915161 -0.322510 2.826172 -1.709229 -0.272461
0.456543 1.040527 -0.472412 2.623047 -1.503174 -0.214966
0.532593 1.091675 -0.589600 2.296997 -1.238647 -0.155396
0.586670 1.021973 -0.575928 1.897339 -0.943359 -0.122925
0.520508 1.020264 -0.564087 1.554321 -0.677612 -0.082275
0.569702 0.946777 -0.478271 1.259644 -0.506226 -0.030762
0.602905 0.925903 -0.425659 1.047363 -0.407471 0.008789
0.608765 0.988647 -0.457764 0.898560 -0.347290 0.040649
0.650513 0.984131 -0.457153 0.768799 -0.324463 0.051392
0.702637 0.981934 -0.458374 0.682373 -0.334839 0.028687
0.818359 1.050781 -0.508545 0.629272 -0.318726 0.020996
0.712891 1.136719 -0.532471 0.475342 -0.172363 -0.056030
0.647339 1.103882 -0.495605 0.270508 -0.094604 -0.144165
0.563721 1.083984 -0.491821 0.113770 -0.054443 -0.185791
0.453369 1.036011 -0.472656 -0.053101 -0.007568 -0.193970
0.437134 0.955322 -0.402588 -0.201050 0.017700 -0.163086
0.407104 0.927612 -0.316162 -0.307251 0.032471 -0.122314
0.392334 0.943970 -0.246826 -0.397217 0.035278 -0.102051
0.432129 0.949341 -0.193726 -0.469971 0.034668 -0.066284
0.468506 0.962891 -0.163574 -0.535400 0.042358 -0.027466
0.500977 0.969971 -0.153076 -0.599365 0.058716 0.003418
0.564575 0.971436 -0.161377 -0.666016 0.085205 0.012695
0.615723 1.001221 -0.196167 -0.745850 0.153809 0.002319
0.625488 1.043091 -0.244263 -0.868774 0.252808 -0.014282
0.601074 1.078369 -0.311035 -1.038574 0.372559 -0.032593
0.535522 1.071899 -0.330933 -1.253174 0.486572 -0.050293
0.462158 1.043335 -0.345459 -1.486328 0.566406 -0.061890
0.385010 0.993896 -0.308594 -1.709351 0.608032 -0.049316
0.342041 0.930298 -0.242676 -1.897217 0.611206 -0.014526
0.327148 0.883179 -0.193604 -2.041992 0.599731 0.030640
0.288330 0.865479 -0.149048 -2.166992 0.611084 0.090454
0.248047 0.838745 -0.080444 -2.288208 0.632324 0.158569
0.302612 0.771729 0.006348 -2.389526 0.629028 0.223999
0.388062 0.719604 0.121216 -2.458984 0.636597 0.286987
0.336304 0.694580 0.279297 -2.510864 0.715454 0.335083
0.310303 0.689087 0.419678 -2.526489 0.746582 0.407837
0.337158 0.627319 0.528076 -2.524414 0.750610 0.495117
0.393799 0.503052 0.578613 -2.506958 0.768799 0.545898
0.429077 0.371826 0.586426 -2.443359 0.773071 0.527588
0.383301 0.285889 0.562500 -2.371094 0.743408 0.475586
0.311279 0.268188 0.546631 -2.305664 0.674683 0.440186
0.262817 0.243164 0.548950 -2.274902 0.603027 0.414673
0.272217 0.200195 0.561401 -2.263306 0.539185 0.402832
0.316650 0.166748 0.595215 -2.246338 0.488770 0.399780
0.333008 0.141846 0.640137 -2.241821 0.473755 0.398193
0.328491 0.111694 0.678711 -2.250977 0.492065 0.407593
0.274536 0.065063 0.730469 -2.264526 0.550171 0.436646
0.197876 0.018433 0.789917 -2.265991 0.596436 0.480469
0.128174 -0.035278 0.856445 -2.245972 0.590576 0.544067
0.168091 -0.124634 0.922241 -2.203125 0.523315 0.600464
0.376953 -0.248413 1.004028 -2.130615 0.451050 0.651978
0.479736 -0.308838 1.114746 -2.022949 0.499023 0.672119
0.474609 -0.361938 1.210815 -1.898804 0.573730 0.619751
0.454590 -0.397095 1.273682 -1.735718 0.551025 0.526978
0.411987 -0.434082 1.284424 -1.548340 0.481812 0.414795
0.337036 -0.433350 1.275635 -1.350952 0.416870 0.329590
0.233643 -0.426880 1.244385 -1.169800 0.335815 0.271851
0.158081 -0.414551 1.192749 -1.017212 0.232544 0.232056
0.184326 -0.425415 1.141357 -0.881836 0.120117 0.211792
0.291626 -0.427002 1.087646 -0.776367 0.045654 0.198120
0.327393 -0.434692 1.077393 -0.713013 0.080566 0.191650
0.284058 -0.439941 1.090454 -0.678833 0.164429 0.198730
0.209351 -0.442505 1.110474 -0.639771 0.213745 0.216553
0.144775 -0.448975 1.125122 -0.582642 0.188721 0.227417
0.130737 -0.438232 1.119263 -0.501831 0.087769 0.219116
0.147339 -0.416992 1.097168 -0.422852 -0.044312 0.188843
0.173584 -0.416382 1.088501 -0.353271 -0.172241 0.149170
0.261597 -0.412476 1.063110 -0.271484 -0.259155 0.125000
0.388794 -0.401245 1.046143 -0.191528 -0.291382 0.080200
0.484009 -0.391235 1.043213 -0.139771 -0.241699 0.004761
0.454224 -0.349609 1.052734 -0.092163 -0.114624 -0.050659
0.410889 -0.310303 1.029175 -0.033691 -0.000977 -0.063232
0.354248 -0.272095 1.018066 0.025635 0.071777 -0.049561
0.327637 -0.242065 0.983032 0.064209 0.062744 -0.053101
0.309326 -0.229004 0.950562 0.076294 0.019165 -0.062744
0.282471 -0.219238 0.914917 0.065796 -0.009033 -0.060669
0.263062 -0.202881 0.901855 0.037598 -0.024780 -0.046143
0.277710 -0.199951 0.875732 -0.005981 -0.020630 -0.018555
0.282104 -0.224487 0.900879 -0.055542 0.033936 0.019165
0.295288 -0.248291 0.929321 -0.095215 0.066895 0.039917
0.306152 -0.265991 0.959473 -0.121582 0.070190 0.045654
0.315063 -0.286255 0.987793 -0.133301 0.079346 0.048462
0.308716 -0.293457 1.009399 -0.128784 0.092773 0.050293
0.325562 -0.307251 1.002686 -0.111450 0.077148 0.038452
0.313721 -0.313599 1.005737 -0.088135 0.074219 0.020142
0.298218 -0.311646 0.998413 -0.071533 0.049194 -0.005371
0.309448 -0.322998 0.986206 -0.057495 0.026489 -0.022827
0.293823 -0.314941 0.989014 -0.041748 0.042847 -0.019287
0.288208 -0.316040 0.992554 -0.031738 0.058228 -0.011108
0.272217 -0.305786 0.992676 -0.019775 0.057007 -0.006470
0.254517 -0.291016 0.987305 -0.011108 0.043457 -0.003784
0.249268 -0.286743 0.974487 -0.009888 0.009033 -0.009888
0.252686 -0.284302 0.962280 -0.008911 -0.020020 -0.014771
0.263306 -0.277954 0.953491 -0.009155 -0.034912 -0.012207
0.257813 -0.279907 0.959106 -0.016602 -0.033447 -0.005615
0.286621 -0.281372 0.963989 -0.021484 -0.044678 0.000732
0.330566 -0.285156 0.967896 -0.024902 -0.038574 -0.000488
0.331055 -0.291138 0.975708 -0.030029 -0.012939 -0.010254
0.327637 -0.282349 0.979248 -0.030640 0.001221 -0.021240
0.308228 -0.281494 0.986816 -0.030884 0.013672 -0.021729
0.283813 -0.276001 0.979004 -0.029175 0.020874 -0.014771
0.274170 -0.277832 0.969482 -0.026489 0.013306 -0.009277
0.266968 -0.282349 0.959717 -0.026611 0.001099 -0.006348
0.246948 -0.284546 0.962158 -0.028198 -0.006714 -0.001709
0.248535 -0.291016 0.963867 -0.027954 -0.013550 0.010620
0.249146 -0.294312 0.971313 -0.027222 -0.011353 0.025757
0.276367 -0.305664 0.966919 -0.029419 -0.018066 0.032959
0.311401 -0.308716 0.973267 -0.026489 -0.014526 0.033813
0.312622 -0.309326 0.984009 -0.023804 0.000000 0.018311
0.318115 -0.304565 0.995850 -0.012817 0.007080 0.006714
0.314087 -0.291748 0.992798 0.000488 0.014893 -0.002075
0.300903 -0.280884 0.984619 0.004272 0.011597 -0.016968
0.284058 -0.274414 0.973999 0.001221 -0.001709 -0.030518
0.257935 -0.265503 0.965698 -0.005737 -0.012939 -0.035278
0.244995 -0.269775 0.954224 -0.016113 -0.033203 -0.032593
0.257080 -0.269043 0.943848 -0.021729 -0.046021 -0.017212
0.275269 -0.264771 0.936890 -0.028931 -0.037354 0.001953
0.266113 -0.264526 0.937134 -0.043457 -0.010620 0.023193
0.258301 -0.272339 0.953613 -0.058594 -0.002808 0.037231
0.294067 -0.293213 0.962402 -0.063843 -0.008301 0.044312
0.324341 -0.302368 0.978760 -0.063110 -0.007690 0.031006
