0.248047 -0.365845 0.976563 -0.023926 0.001099 -0.011719
0.252441 -0.366211 0.976929 -0.013916 0.003662 -0.009277
0.250000 -0.369995 0.975464 -0.004639 0.005493 -0.007202
0.256958 -0.381714 0.982666 0.004517 0.002197 -0.008179
0.266846 -0.415039 1.001709 0.022827 0.009399 -0.008423
0.278931 -0.464600 1.020020 0.058105 0.014404 -0.022461
0.340576 -0.563843 1.114258 0.119385 0.014526 -0.051270
0.376709 -0.635010 1.185425 0.228149 0.051758 -0.070801
0.304565 -0.720947 1.300659 0.367798 0.108398 -0.112305
0.299316 -0.778320 1.354980 0.579224 0.107056 -0.147583
0.295898 -0.781372 1.357544 0.814087 0.124146 -0.154785
0.311890 -0.743042 1.321777 1.061890 0.138184 -0.188477
0.305786 -0.715942 1.271973 1.291016 0.128662 -0.277344
0.306152 -0.724365 1.227417 1.470459 0.081909 -0.360962
0.232666 -0.693481 1.232056 1.671143 0.012329 -0.463257
0.160400 -0.671875 1.257935 1.910767 -0.134766 -0.564575
0.201538 -0.672607 1.242676 2.181152 -0.254761 -0.588867
0.092407 -0.581177 1.256836 2.459595 -0.211426 -0.531616
-0.035400 -0.485107 1.171509 2.688354 -0.210693 -0.467773
-0.058228 -0.403076 1.063965 2.866821 -0.291626 -0.398560
-0.050171 -0.321289 0.974243 3.018677 -0.417114 -0.361938
-0.092651 -0.191406 0.808838 3.129150 -0.587769 -0.365967
-0.074219 -0.047119 0.674438 3.159790 -0.810059 -0.372437
0.114136 -0.019653 0.576660 3.136353 -1.003174 -0.360840
0.127441 0.098267 0.531616 3.119751 -1.088867 -0.389160
0.087769 0.250366 0.472168 3.085938 -1.219849 -0.397827
0.047852 0.401123 0.456055 3.039917 -1.285645 -0.367065
0.039795 0.461914 0.351685 2.971436 -1.301514 -0.344849
0.103027 0.498535 0.260254 2.895264 -1.258423 -0.244629
0.097290 0.501953 0.179810 2.792358 -1.253540 -0.235107
0.176514 0.548706 0.136719 2.705078 -1.343872 -0.244263
0.144775 0.616333 0.135986 2.598999 -1.325806 -0.226929
0.227173 0.654541 0.118652 2.480713 -1.331787 -0.209961
0.358765 0.737671 0.093384 2.373413 -1.307861 -0.174438
0.443970 0.797852 0.079956 2.246826 -1.242798 -0.156250
0.543579 0.874512 0.044189 2.140015 -1.160400 -0.165894
0.571045 0.932861 -0.081421 2.042969 -1.013672 -0.165894
0.506592 0.948486 -0.170532 1.919800 -0.860352 -0.173462
0.449097 0.946167 -0.267456 1.791748 -0.776733 -0.175415
0.409302 0.908569 -0.362793 1.627197 -0.696411 -0.170044
0.387451 0.951538 -0.418457 1.464111 -0.630493 -0.139893
0.342529 0.998657 -0.460327 1.287109 -0.561768 -0.095581
0.354126 1.003906 -0.453857 1.086548 -0.474121 -0.025635
0.368042 1.010864 -0.432251 0.902832 -0.411499 0.024292
0.480835 1.025513 -0.431763 0.742188 -0.360596 0.078857
0.487915 1.097046 -0.472168 0.584595 -0.257324 0.132813
0.526245 1.135132 -0.500732 0.406372 -0.195068 0.139282
0.678467 1.156982 -0.513306 0.239990 -0.132813 0.151123
0.718262 1.187988 -0.502197 0.061157 -0.017334 0.128296
0.691528 1.153564 -0.434082 -0.124023 0.060303 0.061768
0.662720 1.082520 -0.349121 -0.276611 0.098511 -0.006348
0.584106 1.005005 -0.281372 -0.378784 0.118774 -0.078491
0.550659 0.937256 -0.221313 -0.434570 0.101440 -0.119507
0.572998 0.893433 -0.174438 -0.487549 0.089233 -0.117920
0.510132 0.920654 -0.161743 -0.546021 0.116821 -0.127197
0.491333 0.952637 -0.163086 -0.622681 0.138916 -0.112183
0.517700 0.966553 -0.176147 -0.728516 0.183960 -0.085815
0.586548 0.967041 -0.179077 -0.842285 0.272339 -0.046387
0.554443 0.983643 -0.160278 -0.962402 0.403687 -0.029785
0.508911 1.006348 -0.147827 -1.081543 0.469604 -0.035156
0.509888 1.024170 -0.127808 -1.195435 0.516968 -0.032593
0.486816 1.027100 -0.139282 -1.330566 0.585693 -0.041260
0.432251 1.038696 -0.157715 -1.470215 0.618896 -0.040039
0.324951 1.017700 -0.151245 -1.636719 0.620728 -0.035034
0.274780 0.959595 -0.120972 -1.809082 0.563477 -0.025146
0.281616 0.885742 -0.079102 -1.971802 0.498901 0.005859
0.299561 0.844849 -0.006226 -2.113525 0.488770 0.069458
0.262085 0.820679 0.092773 -2.232178 0.535400 0.134155
0.243530 0.796021 0.242432 -2.319946 0.550293 0.202637
0.296631 0.744507 0.402588 -2.375366 0.529663 0.285034
0.347534 0.647217 0.489258 -2.394653 0.524780 0.368286
0.420288 0.511597 0.489380 -2.381470 0.541626 0.442261
0.539551 0.381104 0.489990 -2.345581 0.615234 0.456909
0.477173 0.318481 0.535645 -2.288574 0.735596 0.427246
0.351318 0.319946 0.586914 -2.213135 0.779053 0.424561
0.232666 0.325684 0.603638 -2.152100 0.731934 0.460938
0.245728 0.322144 0.594849 -2.109741 0.654419 0.506104
0.248657 0.253052 0.601807 -2.101563 0.591431 0.459961
0.272339 0.213623 0.626831 -2.095703 0.510620 0.417603
0.287476 0.187134 0.673218 -2.086060 0.456787 0.374878
0.304443 0.163574 0.730957 -2.083618 0.419189 0.344482
0.340332 0.153564 0.778687 -2.085693 0.400146 0.332642
0.373169 0.107056 0.808716 -2.099243 0.419434 0.341064
0.352417 0.040161 0.836060 -2.107910 0.468384 0.362305
0.266602 -0.022339 0.873901 -2.096069 0.509644 0.403076
0.192505 -0.050171 0.905273 -2.051636 0.486938 0.456421
0.179688 -0.088013 0.922363 -1.995361 0.451294 0.520752
0.260254 -0.197998 0.961792 -1.926147 0.416504 0.550171
0.332886 -0.315308 1.037354 -1.815186 0.400757 0.529419
0.331665 -0.367920 1.128296 -1.667358 0.382568 0.477417
0.308472 -0.392822 1.189209 -1.516602 0.307739 0.410889
0.309692 -0.425293 1.207764 -1.369141 0.207153 0.352783
0.313599 -0.423340 1.199463 -1.209839 0.139771 0.333008
0.285889 -0.420288 1.177612 -1.068848 0.133911 0.348633
0.253418 -0.410156 1.147583 -0.959595 0.136475 0.371094
0.240356 -0.413574 1.124146 -0.880249 0.099121 0.363525
0.310547 -0.425537 1.082520 -0.806641 0.012695 0.320801
0.391724 -0.442139 1.073486 -0.741699 -0.029419 0.245850
0.415039 -0.450439 1.090454 -0.683716 0.003052 0.169556
0.372803 -0.455688 1.115967 -0.631592 0.074463 0.129761
0.306519 -0.460815 1.137085 -0.577271 0.123413 0.122559
0.269531 -0.461426 1.139038 -0.503418 0.113525 0.125244
0.248535 -0.451904 1.122803 -0.415771 0.072144 0.126099
0.240601 -0.436035 1.091797 -0.331909 0.021484 0.124878
0.238403 -0.416504 1.066406 -0.252075 -0.015503 0.129883
0.282715 -0.411743 1.025757 -0.186768 -0.043823 0.115845
0.310547 -0.407837 1.017700 -0.130493 -0.053467 0.075317
0.303345 -0.396851 1.025269 -0.083618 -0.072876 0.015503
0.309326 -0.377930 1.015259 -0.043945 -0.097290 -0.028320
0.314209 -0.355103 0.999268 -0.018921 -0.099121 -0.047974
0.316162 -0.324463 0.974731 0.000977 -0.080078 -0.042969
0.291016 -0.290527 0.966797 0.013794 -0.064941 -0.028687
0.288940 -0.270630 0.955322 0.014648 -0.089478 -0.022217
0.290771 -0.273560 0.943848 0.010376 -0.107056 -0.015503
0.286987 -0.255981 0.942627 0.008179 -0.116699 0.002441
0.292603 -0.261597 0.939575 -0.008179 -0.145752 0.011597
0.357422 -0.274902 0.922363 -0.025879 -0.161865 0.021240
0.400757 -0.295288 0.920898 -0.045288 -0.094116 0.033203
0.388916 -0.306030 0.938965 -0.067261 -0.007813 0.033203
0.360596 -0.312134 0.957886 -0.077881 0.045044 0.028320
0.337524 -0.310059 0.976807 -0.074707 0.064697 0.023682
0.327637 -0.315186 0.977051 -0.067017 0.054443 0.017212
0.321899 -0.315918 0.973755 -0.054199 0.035034 0.010254
0.309448 -0.312012 0.971191 -0.046265 0.016602 0.006592
0.300659 -0.313843 0.959229 -0.046265 0.001831 0.007568
0.302124 -0.308838 0.963379 -0.041748 -0.006836 0.010132
0.310303 -0.311279 0.953735 -0.039795 -0.017456 0.007202
0.322754 -0.308472 0.941650 -0.040039 -0.002441 0.006592
0.302124 -0.306030 0.948853 -0.044800 0.030518 0.010620
0.279785 -0.309814 0.959717 -0.049683 0.040894 0.016113
0.284302 -0.311768 0.967529 -0.051880 0.029785 0.024170
0.322144 -0.324463 0.959473 -0.053467 0.013184 0.017212
0.333740 -0.320801 0.964111 -0.045776 0.029785 0.011719
0.320557 -0.309570 0.959473 -0.037231 0.036621 0.002686
0.318604 -0.309570 0.959595 -0.035400 0.019043 -0.012695
0.314575 -0.302002 0.950195 -0.034790 0.010010 -0.021606
0.302368 -0.297607 0.941528 -0.040894 0.014771 -0.016968
0.284424 -0.292603 0.937256 -0.053711 0.027832 0.002197
0.285278 -0.297363 0.936279 -0.067139 0.039673 0.022705
0.283325 -0.304688 0.940186 -0.077148 0.042236 0.034424
0.266602 -0.311401 0.947998 -0.085571 0.043823 0.043335
0.265869 -0.319336 0.971436 -0.087402 0.036011 0.052734
0.278442 -0.328735 0.978516 -0.083740 0.015747 0.056152
0.276855 -0.330811 0.973755 -0.078125 -0.004761 0.057251
0.313721 -0.346558 0.965210 -0.075684 -0.017212 0.054321
0.356079 -0.359131 0.964966 -0.070435 -0.019409 0.027344
0.360840 -0.346924 0.949707 -0.066895 -0.007446 -0.000488
0.305054 -0.344238 0.979614 -0.056030 0.039185 -0.006470
0.302368 -0.334473 0.970825 -0.043213 0.047607 -0.002563
0.305786 -0.333496 0.963257 -0.034180 0.048340 -0.005859
