0.225220 -0.280518 0.972778 -0.027954 -0.013062 -0.018066
0.229614 -0.280518 0.979370 -0.029297 -0.015503 -0.016479
0.225220 -0.280640 0.984131 -0.032837 -0.018188 -0.016846
0.220825 -0.281616 0.987793 -0.033325 -0.021484 -0.014038
0.212158 -0.280884 0.986084 -0.032837 -0.027222 -0.008667
0.216919 -0.278442 0.976196 -0.033325 -0.036499 -0.002441
0.224121 -0.280151 0.975830 -0.033691 -0.037720 0.002075
0.217896 -0.283936 0.981689 -0.038452 -0.036621 0.004150
0.232544 -0.311768 0.988770 -0.038696 -0.038574 0.008423
0.230957 -0.371948 1.037598 -0.024414 -0.052246 -0.012329
0.209351 -0.436035 1.091431 0.026123 -0.099731 -0.062988
0.251221 -0.530762 1.189697 0.131470 -0.156982 -0.105713
0.290894 -0.672729 1.333130 0.282959 -0.142212 -0.124512
0.252686 -0.722168 1.451172 0.478760 -0.055542 -0.106689
0.133423 -0.748657 1.461792 0.651245 0.007080 -0.099731
0.025513 -0.758545 1.430664 0.857788 -0.070801 -0.120483
-0.005493 -0.721191 1.329956 1.113525 -0.252319 -0.145874
-0.005615 -0.692261 1.246216 1.401978 -0.441528 -0.140747
-0.009766 -0.679565 1.243530 1.661133 -0.646118 -0.190430
0.067261 -0.697144 1.246094 1.898804 -0.871582 -0.299072
0.076050 -0.677612 1.223877 2.176514 -1.011841 -0.368164
0.077026 -0.676758 1.215210 2.432617 -1.143555 -0.457397
0.204102 -0.640137 1.155151 2.719116 -1.312256 -0.583130
0.302856 -0.540039 1.081665 3.005859 -1.373047 -0.656372
0.319824 -0.479614 0.972900 3.199951 -1.348145 -0.723267
0.397095 -0.415039 0.894897 3.372437 -1.289917 -0.744507
0.283691 -0.307007 0.794800 3.528809 -1.224487 -0.804443
0.235962 -0.182251 0.644653 3.669189 -1.287964 -0.872925
0.133057 -0.054688 0.529907 3.743042 -1.402100 -0.960327
0.146851 0.091187 0.337524 3.818848 -1.504517 -1.029907
0.058838 0.302124 0.118286 3.825195 -1.473511 -1.007935
0.005737 0.518433 -0.090210 3.733032 -1.452759 -0.932983
0.094849 0.610596 -0.243652 3.540649 -1.434448 -0.837158
0.145020 0.651611 -0.294189 3.318237 -1.390381 -0.775024
0.061523 0.699829 -0.310669 3.116089 -1.270630 -0.671753
0.053833 0.751587 -0.385986 2.910645 -1.180542 -0.539551
0.191772 0.824463 -0.476929 2.682739 -1.091309 -0.383667
0.371338 0.934448 -0.626831 2.435425 -0.972168 -0.256470
0.518921 1.012451 -0.601074 2.148315 -0.865845 -0.189087
0.598999 1.140869 -0.645142 1.856445 -0.770264 -0.156006
0.642090 1.186890 -0.643066 1.557251 -0.646240 -0.123657
0.773804 1.127686 -0.587646 1.283447 -0.504639 -0.105835
0.671387 1.130493 -0.608521 1.065186 -0.318115 -0.123535
0.567871 1.097046 -0.606323 0.876465 -0.231567 -0.156494
0.495239 1.079712 -0.612305 0.724609 -0.206055 -0.156006
0.457764 1.043213 -0.611938 0.560547 -0.172485 -0.130981
0.509521 1.019653 -0.595581 0.381470 -0.126953 -0.071411
0.508423 1.062866 -0.573853 0.199585 -0.057617 -0.029907
0.528687 1.100342 -0.544678 0.017944 -0.007568 -0.021362
0.549316 1.116211 -0.483887 -0.153198 0.032959 -0.023071
0.553223 1.108154 -0.443604 -0.308594 0.057251 -0.032959
0.572998 1.058350 -0.389160 -0.457153 0.079956 -0.041870
0.618042 1.012207 -0.320679 -0.587646 0.105713 -0.070679
0.574463 1.005493 -0.264893 -0.691406 0.139648 -0.110474
0.535034 1.000366 -0.229614 -0.783447 0.147705 -0.141479
0.536987 0.990356 -0.222534 -0.876221 0.168335 -0.147339
0.515015 0.997559 -0.252441 -0.981445 0.241943 -0.126709
0.476196 1.025024 -0.323120 -1.122925 0.333984 -0.092529
0.408447 1.023315 -0.347412 -1.308716 0.422729 -0.048950
0.397461 1.013916 -0.377808 -1.517578 0.489380 0.000854
0.383545 1.009766 -0.395142 -1.743286 0.563599 0.052124
0.330811 0.984619 -0.370483 -1.976440 0.630981 0.089111
0.330688 0.959595 -0.336060 -2.195679 0.653809 0.117676
0.337524 0.909180 -0.271606 -2.402222 0.680908 0.148071
0.362427 0.856445 -0.174927 -2.583008 0.705566 0.180908
0.394165 0.813843 -0.079346 -2.729492 0.735840 0.220093
0.388428 0.762329 0.047852 -2.844360 0.793823 0.278442
0.334229 0.723755 0.190552 -2.953369 0.859985 0.343872
0.243164 0.656860 0.313721 -3.007568 0.846558 0.451660
0.371338 0.552612 0.346313 -3.017212 0.786743 0.571289
0.444702 0.334717 0.386719 -3.054565 0.817627 0.531128
0.467773 0.203735 0.380981 -3.046631 0.872314 0.466675
0.398315 0.136108 0.404907 -3.025513 0.942017 0.392090
0.327148 0.080811 0.430664 -3.011230 0.958252 0.322510
0.322021 0.020752 0.508057 -2.997803 0.939331 0.283813
0.322388 -0.037842 0.622070 -2.968506 0.915405 0.247803
0.292236 -0.123901 0.731079 -2.906128 0.890381 0.204590
0.252563 -0.177246 0.831787 -2.798462 0.860229 0.197388
0.196167 -0.238770 0.892944 -2.676880 0.837769 0.212891
0.148193 -0.280151 0.963623 -2.534058 0.805298 0.248535
0.137085 -0.325073 1.012085 -2.387451 0.781128 0.314819
0.101318 -0.460571 1.082031 -2.267944 0.784302 0.370850
0.015015 -0.592163 1.217651 -2.093872 0.698608 0.356201
0.014771 -0.684814 1.348877 -1.825317 0.454468 0.295044
0.092041 -0.728516 1.464111 -1.545776 0.223145 0.198120
0.219727 -0.722656 1.473022 -1.257690 0.074707 0.121826
0.218506 -0.675049 1.435547 -1.014038 0.090210 0.140381
0.140991 -0.616333 1.379395 -0.831787 0.153442 0.161499
0.130737 -0.564819 1.292114 -0.673218 0.161011 0.164429
0.142212 -0.501709 1.213501 -0.533813 0.167480 0.176636
0.139771 -0.457764 1.155151 -0.438843 0.175415 0.163696
0.152588 -0.418457 1.113525 -0.362915 0.166504 0.132935
0.158203 -0.401978 1.110962 -0.284180 0.145508 0.102905
0.185303 -0.380493 1.116577 -0.207153 0.113892 0.079468
0.178833 -0.340698 1.125366 -0.132690 0.085327 0.062256
0.182861 -0.294434 1.097290 -0.073608 0.050537 0.049927
0.182251 -0.253906 1.063232 -0.026733 0.011597 0.039063
0.207397 -0.224487 1.024536 0.005127 -0.035889 0.016602
0.239868 -0.189575 0.984619 0.029175 -0.080811 -0.010864
0.230957 -0.167969 0.973267 0.038330 -0.104492 -0.025757
0.251831 -0.159180 0.942505 0.030884 -0.121582 -0.022339
0.264893 -0.143921 0.931274 0.021729 -0.121826 -0.007080
0.269287 -0.147827 0.924194 -0.000610 -0.124146 -0.001587
0.294556 -0.149780 0.933228 -0.016479 -0.117188 0.013306
0.306030 -0.157349 0.946533 -0.036621 -0.091064 0.027710
0.309814 -0.163574 0.961182 -0.064819 -0.061035 0.041016
0.293823 -0.177490 0.980225 -0.095947 -0.030273 0.045654
0.275269 -0.181763 0.989990 -0.120728 -0.015991 0.041382
0.277954 -0.197388 0.999512 -0.141235 -0.001953 0.033691
0.265747 -0.211548 1.000488 -0.155151 0.018066 0.026367
0.246582 -0.223755 1.004517 -0.162476 0.026001 0.012207
0.242798 -0.237549 1.001831 -0.161621 0.021484 0.000244
0.216919 -0.243774 1.006836 -0.154663 0.024658 0.002930
0.204590 -0.253784 1.006958 -0.149536 0.016357 0.008545
0.222534 -0.269531 1.016357 -0.143188 0.002075 0.009155
0.225220 -0.279053 1.026245 -0.135742 0.000732 0.008301
0.239258 -0.285645 1.033203 -0.120117 0.004395 0.005249
0.234009 -0.284790 1.038330 -0.091919 0.005249 0.003662
0.234253 -0.282959 1.028442 -0.061768 -0.000854 0.005005
0.220337 -0.276733 1.021240 -0.034790 -0.001831 0.008789
0.204590 -0.259644 1.009766 -0.013306 -0.018921 0.004395
0.212158 -0.250366 0.991211 -0.002319 -0.046387 0.000122
0.208862 -0.237061 0.980469 -0.005615 -0.057739 -0.003418
0.220703 -0.228638 0.971313 -0.015137 -0.069580 0.002197
0.241943 -0.229492 0.966431 -0.029785 -0.067383 0.013916
0.244141 -0.229248 0.974243 -0.039673 -0.045532 0.029663
0.235596 -0.233521 0.990234 -0.043457 -0.035645 0.036133
0.243774 -0.247803 1.002441 -0.038940 -0.038940 0.037109
0.264893 -0.251953 1.002197 -0.027954 -0.047852 0.032837
0.251343 -0.249512 1.008667 -0.015991 -0.040649 0.032104
0.239380 -0.246582 1.004883 -0.003540 -0.041748 0.034790
0.246216 -0.242065 0.995605 0.005249 -0.052612 0.040039
0.251953 -0.235107 0.972412 0.009033 -0.063721 0.038208
0.251465 -0.235962 0.980591 0.010620 -0.066162 0.035156
0.256104 -0.234131 0.979736 0.004028 -0.062012 0.035278
0.257568 -0.228760 0.973022 -0.004517 -0.043335 0.050049
0.242676 -0.234619 0.981201 -0.020508 -0.015625 0.062500
0.227173 -0.239258 0.988525 -0.031494 -0.010254 0.065552
0.222168 -0.236816 0.995239 -0.035889 -0.027222 0.062134
0.229736 -0.242920 0.993530 -0.039429 -0.046997 0.058105
0.251953 -0.258057 0.990723 -0.042114 -0.049194 0.054443
0.277710 -0.257568 0.993774 -0.042236 -0.042358 0.046997
0.289185 -0.261597 1.009155 -0.044434 -0.024414 0.026367
0.270874 -0.257202 1.014282 -0.042236 -0.000732 0.007446
0.265381 -0.253540 1.012695 -0.031250 -0.002686 -0.010620
0.265991 -0.249756 1.001587 -0.022461 -0.017456 -0.038452
0.264038 -0.239624 0.991821 -0.015503 -0.028564 -0.051392
0.265503 -0.246338 0.985718 -0.011108 -0.028809 -0.054810
0.270752 -0.248413 0.989868 -0.012695 -0.012329 -0.047241
0.264038 -0.251587 0.996094 -0.017090 0.006714 -0.042603
