0.277466 -0.374756 0.989868 -0.007446 0.027100 -0.011353
0.272949 -0.409790 1.020630 0.003906 0.043457 -0.032227
0.283325 -0.449585 1.049683 0.040161 0.043335 -0.061523
0.256104 -0.470459 1.117432 0.104614 0.058350 -0.082397
0.251465 -0.497437 1.137939 0.187256 0.051880 -0.091553
0.243774 -0.514526 1.154663 0.287720 0.076782 -0.086792
0.322876 -0.557617 1.166870 0.406128 0.078613 -0.101074
0.304077 -0.612061 1.230713 0.531982 0.091064 -0.165039
0.328491 -0.646606 1.274048 0.695923 0.088257 -0.214111
0.352905 -0.679199 1.292236 0.881348 0.130127 -0.230713
0.335327 -0.656128 1.296753 1.057617 0.204224 -0.247192
0.246094 -0.675659 1.287842 1.198975 0.222656 -0.320801
0.119141 -0.707397 1.332275 1.402832 0.106323 -0.423950
0.138062 -0.661987 1.275146 1.664795 -0.117920 -0.491943
0.018921 -0.567017 1.264648 1.902222 -0.196899 -0.521240
-0.030151 -0.480469 1.172974 2.093994 -0.274048 -0.488770
0.007690 -0.377319 1.077148 2.240479 -0.305054 -0.394043
0.127930 -0.284668 0.951416 2.308350 -0.282715 -0.294922
0.048706 -0.125488 0.824341 2.324219 -0.173462 -0.208130
0.026245 -0.035767 0.746338 2.264771 -0.125732 -0.142822
0.010864 0.020996 0.721436 2.188965 -0.172852 -0.126099
0.028076 -0.121094 0.842407 2.106934 -0.314819 -0.192627
0.050171 -0.152466 0.962158 2.185669 -0.520874 -0.278320
0.001221 -0.129761 1.042603 2.347656 -0.693359 -0.350464
-0.021118 -0.072266 1.013794 2.561523 -0.820435 -0.346680
-0.142456 0.081177 0.846680 2.773193 -0.873901 -0.265137
-0.101196 0.175537 0.569458 2.880371 -1.004639 -0.176514
0.015991 0.198730 0.392212 2.918213 -1.163452 -0.127686
0.118164 0.319702 0.228638 2.912720 -1.321045 -0.140503
0.213379 0.475586 0.119751 2.862061 -1.376587 -0.129761
0.220581 0.569458 0.107178 2.738281 -1.322632 -0.102417
0.310913 0.618286 0.106812 2.593140 -1.288208 -0.080078
0.328979 0.682129 0.141479 2.470337 -1.204224 -0.056763
0.315063 0.738281 0.166992 2.367188 -1.161377 -0.053833
0.446045 0.810913 0.134766 2.321167 -1.141968 -0.046753
0.463013 0.889282 0.131958 2.288696 -1.062134 -0.066040
0.538818 0.994995 0.070801 2.246338 -1.002808 -0.096313
0.576904 1.089233 -0.057129 2.146729 -0.920898 -0.126221
0.628784 1.078979 -0.143188 1.979614 -0.807861 -0.141846
0.527222 0.995483 -0.192627 1.824341 -0.688599 -0.186523
0.423950 0.936890 -0.257813 1.702637 -0.668457 -0.233398
0.346558 0.952881 -0.354004 1.603394 -0.652954 -0.197876
0.360596 0.959961 -0.455566 1.451538 -0.643311 -0.156494
0.409546 1.006714 -0.530518 1.241821 -0.606323 -0.106812
0.435303 1.042358 -0.533081 0.976440 -0.494629 -0.055542
0.452637 1.065552 -0.506714 0.707031 -0.357788 0.013550
0.541626 1.077759 -0.425415 0.478760 -0.252930 0.069824
0.654907 1.087158 -0.354248 0.310303 -0.195190 0.064087
0.733276 1.097290 -0.278564 0.188721 -0.150513 0.004639
0.717773 1.120605 -0.239014 0.096558 -0.095215 -0.076660
0.613647 1.043579 -0.213379 0.006592 -0.063110 -0.165527
0.551758 1.005737 -0.242676 -0.019653 -0.080078 -0.189087
0.436157 0.940186 -0.265991 -0.098022 -0.061523 -0.213379
0.361450 0.921021 -0.288940 -0.187744 -0.042847 -0.212524
0.350098 0.942993 -0.304321 -0.274292 -0.002808 -0.158691
0.362427 0.952515 -0.277344 -0.394287 0.057007 -0.088989
0.416992 0.926636 -0.161011 -0.504761 0.092773 -0.023804
0.425415 0.920898 -0.041016 -0.556519 0.106079 0.006836
0.457886 0.927979 0.027344 -0.563477 0.093872 0.021484
0.503662 0.955811 0.036133 -0.546631 0.076538 0.029175
0.572144 0.990234 0.014282 -0.537598 0.070801 -0.000244
0.571289 1.055054 -0.077271 -0.585693 0.127197 -0.056763
0.492798 1.092773 -0.164551 -0.721558 0.236694 -0.088501
0.433105 1.097900 -0.249512 -0.914795 0.324585 -0.089233
0.402344 1.080444 -0.288452 -1.142822 0.381958 -0.081299
0.420288 1.016602 -0.269775 -1.386841 0.426880 -0.077515
0.402954 0.992432 -0.233032 -1.583496 0.490479 -0.050171
0.374878 0.991821 -0.205566 -1.751099 0.550415 -0.016235
0.339478 0.981934 -0.161621 -1.915039 0.579468 0.021973
0.367798 0.919067 -0.079346 -2.067017 0.594971 0.078247
0.390015 0.863281 0.049194 -2.180054 0.624878 0.140259
0.376953 0.841064 0.183960 -2.234497 0.643555 0.178101
0.344360 0.832275 0.338501 -2.242920 0.608276 0.199829
0.369019 0.785034 0.448242 -2.227295 0.536133 0.210327
0.377075 0.685791 0.458252 -2.200684 0.494141 0.208740
0.358154 0.595337 0.389282 -2.175537 0.497437 0.220215
0.238892 0.528687 0.351563 -2.177368 0.550903 0.258057
0.120605 0.487793 0.335327 -2.199707 0.579712 0.329346
0.102173 0.441528 0.377930 -2.234741 0.562134 0.424194
0.195557 0.392822 0.442627 -2.268921 0.544678 0.517212
0.285034 0.346802 0.497559 -2.298096 0.560669 0.549072
0.306274 0.282959 0.553955 -2.341797 0.581299 0.553223
0.300537 0.223267 0.593994 -2.385376 0.602905 0.565063
0.255493 0.170410 0.630127 -2.412598 0.646362 0.608398
0.195313 0.124634 0.679565 -2.424438 0.707275 0.660034
0.150879 0.083740 0.710571 -2.434937 0.735596 0.688110
0.143555 0.028564 0.754150 -2.430664 0.721191 0.708252
0.119263 -0.035278 0.818604 -2.408691 0.655151 0.686890
0.126953 -0.092407 0.879639 -2.365479 0.526245 0.671875
0.283081 -0.228516 0.967651 -2.313232 0.402954 0.682495
0.474487 -0.377197 1.062988 -2.200317 0.426270 0.687256
0.480347 -0.455566 1.192749 -2.006714 0.574097 0.637207
0.382202 -0.513306 1.306396 -1.799561 0.631836 0.525146
0.273804 -0.527466 1.371094 -1.559692 0.544922 0.395752
0.191650 -0.495361 1.363525 -1.302734 0.414673 0.304932
0.121338 -0.450195 1.337280 -1.081299 0.288818 0.253174
0.104248 -0.403442 1.261597 -0.898315 0.169434 0.248901
0.149658 -0.362427 1.180786 -0.757080 0.099976 0.266357
0.260254 -0.292358 1.064453 -0.661987 0.058838 0.250122
0.361816 -0.272583 0.961182 -0.640259 0.098755 0.223022
0.347168 -0.267456 0.949341 -0.678223 0.209473 0.204224
0.299561 -0.286011 0.968750 -0.727783 0.286377 0.181274
0.260132 -0.332275 1.024170 -0.753662 0.310547 0.143311
0.212646 -0.368286 1.084229 -0.739624 0.303589 0.111816
0.176025 -0.405518 1.121216 -0.696167 0.266235 0.095093
0.164917 -0.436035 1.132935 -0.629517 0.211426 0.099365
0.167358 -0.458130 1.120728 -0.545166 0.171875 0.115356
0.181274 -0.469604 1.101196 -0.454712 0.141479 0.117310
0.206787 -0.463135 1.071655 -0.373413 0.113892 0.097534
0.228027 -0.440918 1.053833 -0.312866 0.101563 0.068481
0.222168 -0.420776 1.034180 -0.272461 0.118530 0.056396
0.190674 -0.413208 1.031128 -0.240601 0.140869 0.048218
0.171509 -0.405640 1.028076 -0.198242 0.124634 0.037476
0.156372 -0.393311 1.034180 -0.157349 0.079712 0.017212
0.141479 -0.385010 1.029419 -0.124878 0.029175 0.001221
0.132813 -0.378784 1.031372 -0.093750 -0.022217 -0.006836
0.151489 -0.375610 1.013672 -0.068115 -0.074707 -0.011108
0.196899 -0.370361 0.993652 -0.044922 -0.082153 -0.000610
0.214844 -0.357666 0.981689 -0.034424 -0.046875 0.009888
0.228271 -0.334839 0.968994 -0.031860 -0.010010 0.015137
0.216309 -0.327026 0.970093 -0.044312 0.020386 0.014160
0.208862 -0.320679 0.973145 -0.052856 0.019165 0.007080
0.206909 -0.317627 0.974854 -0.060181 -0.003540 -0.003174
0.198608 -0.324585 0.976807 -0.065186 -0.021362 -0.005981
0.201416 -0.320679 0.959351 -0.067627 -0.038452 -0.000488
0.206543 -0.331909 0.955566 -0.073730 -0.033447 0.008423
0.217651 -0.346680 0.956299 -0.080688 -0.021606 0.011475
0.226807 -0.362305 0.968140 -0.085083 -0.022339 -0.004517
0.208374 -0.366577 0.992188 -0.081787 -0.014404 -0.020996
0.186523 -0.369385 0.999878 -0.071167 -0.012329 -0.025757
0.188477 -0.367188 0.990479 -0.055542 -0.019897 -0.022827
0.202637 -0.370605 0.984863 -0.040771 -0.023193 -0.025513
0.204468 -0.359741 0.975220 -0.027832 -0.028809 -0.032227
0.187134 -0.345825 0.976440 -0.022949 -0.023682 -0.033691
0.168457 -0.335327 0.972900 -0.022827 -0.020874 -0.029053
0.160889 -0.335327 0.970703 -0.023682 -0.037964 -0.023804
0.180420 -0.335693 0.962280 -0.028931 -0.059937 -0.017822
0.196411 -0.332397 0.956421 -0.037231 -0.058105 -0.005859
0.193604 -0.336792 0.958984 -0.047241 -0.040161 0.003296
0.211304 -0.348389 0.964722 -0.054443 -0.035034 0.010986
0.226685 -0.346191 0.976563 -0.055664 -0.028198 0.018066
0.220825 -0.347046 0.981689 -0.057495 -0.018433 0.011475
0.234985 -0.355713 0.976807 -0.053589 -0.020630 0.001831
0.233521 -0.363770 0.973999 -0.044556 -0.014160 -0.012207
0.199707 -0.359741 0.976563 -0.036987 -0.009277 -0.027344
0.171509 -0.353516 0.979004 -0.031860 -0.022461 -0.029175
0.177612 -0.351563 0.965698 -0.028687 -0.040405 -0.015259
0.202271 -0.354858 0.956299 -0.031250 -0.043701 -0.000610
0.202271 -0.351807 0.966675 -0.037354 -0.042969 -0.000122
0.213013 -0.352051 0.968872 -0.037964 -0.048462 -0.004150
