0.290405 -0.401123 0.931274 -0.019409 -0.013550 -0.014038
0.293335 -0.399414 0.924561 -0.019897 -0.020874 -0.014771
0.292236 -0.401367 0.931641 -0.019775 -0.027832 -0.014893
0.290283 -0.399780 0.927734 -0.016235 -0.029907 -0.008423
0.299805 -0.406006 0.922241 -0.014771 -0.028809 -0.002441
0.304688 -0.400513 0.921021 -0.012695 -0.017944 0.000732
0.303101 -0.402710 0.924316 -0.014160 -0.008545 0.001953
0.298828 -0.412354 0.938232 -0.013306 -0.005371 0.005859
0.323486 -0.438599 0.957397 -0.005249 -0.001343 0.008057
0.363159 -0.488647 0.980103 0.017578 0.015747 0.001465
0.356079 -0.539307 1.027466 0.062134 0.047363 -0.022583
0.324219 -0.593262 1.082275 0.140015 0.060425 -0.065674
0.313110 -0.645996 1.102295 0.256226 0.035889 -0.121826
0.302734 -0.662964 1.115967 0.383545 -0.023682 -0.182983
0.299561 -0.681763 1.123779 0.509277 -0.117432 -0.240967
0.351685 -0.705322 1.136108 0.654175 -0.212036 -0.276367
0.349365 -0.683350 1.130615 0.828003 -0.222534 -0.303589
0.381226 -0.670654 1.130615 0.991455 -0.208984 -0.324585
0.381592 -0.615479 1.142212 1.171143 -0.145752 -0.318970
0.398193 -0.633545 1.195557 1.327393 -0.060303 -0.325073
0.361328 -0.594238 1.221436 1.511719 0.024658 -0.302612
0.291260 -0.572632 1.221680 1.683594 0.094849 -0.277466
0.292847 -0.596802 1.216187 1.841187 0.064209 -0.299683
0.329590 -0.607666 1.193848 2.032593 0.014893 -0.301270
0.373413 -0.566528 1.183960 2.258911 0.001099 -0.313232
0.353394 -0.489868 1.122925 2.481567 0.004028 -0.332520
0.253296 -0.398071 1.032959 2.629883 0.011841 -0.320801
0.166748 -0.325806 0.948486 2.758789 -0.050171 -0.296997
0.116089 -0.228149 0.857910 2.882813 -0.180298 -0.327271
0.193359 -0.137573 0.767700 2.991699 -0.315918 -0.363403
0.156006 -0.050415 0.675781 3.085327 -0.271240 -0.289185
-0.023315 0.185425 0.557251 3.118042 -0.173828 -0.153687
-0.137817 0.289673 0.424805 3.018555 -0.288696 -0.080933
-0.063232 0.376709 0.299438 2.900879 -0.552490 -0.017578
-0.020142 0.481445 0.229736 2.743042 -0.735840 0.067505
0.011475 0.478638 0.270142 2.517212 -0.889404 0.127930
0.123047 0.499268 0.360352 2.345093 -1.070313 0.144409
0.293945 0.630859 0.408203 2.255981 -1.172729 0.175293
0.293945 0.748779 0.417480 2.184814 -1.142822 0.219360
0.441650 0.859619 0.252075 2.064941 -1.100342 0.223877
0.568726 0.917969 0.114990 1.860474 -0.990112 0.202515
0.681030 0.900391 0.082397 1.587158 -0.843140 0.137329
0.539795 0.856812 0.157593 1.355713 -0.698853 0.065430
0.459839 0.757690 0.257935 1.229126 -0.628784 0.039917
0.401367 0.819702 0.183960 1.203003 -0.641357 0.049805
0.493286 0.858032 0.089966 1.158325 -0.726685 0.046509
0.517212 0.899170 0.030884 1.078979 -0.772705 0.015747
0.564209 0.957031 -0.013672 0.987793 -0.776611 -0.001831
0.514282 1.023560 -0.057007 0.883301 -0.703125 0.006104
0.629395 1.027100 -0.076904 0.730835 -0.625244 0.027954
0.655151 1.016846 -0.063599 0.556152 -0.489868 0.046021
0.716797 0.900879 0.040527 0.385986 -0.370605 0.024170
0.601196 0.948486 0.083618 0.322144 -0.263916 0.013062
0.542236 0.961182 0.079590 0.285767 -0.244995 -0.001709
0.551025 0.910278 0.095825 0.248169 -0.264404 -0.021851
0.523682 0.924927 0.054932 0.209229 -0.283203 -0.050781
0.622314 0.896973 0.058228 0.148682 -0.285156 -0.060425
0.608643 0.910645 0.093140 0.072754 -0.210815 -0.052856
0.604736 0.904785 0.120605 -0.017944 -0.152832 -0.054932
0.601196 0.916504 0.107422 -0.094116 -0.078613 -0.033691
0.644775 0.904785 0.093750 -0.188965 -0.010986 -0.019287
0.680664 0.875366 0.127197 -0.285400 0.065552 -0.028931
0.620483 0.878052 0.168213 -0.352905 0.113892 -0.080078
0.578125 0.893921 0.164185 -0.400879 0.100220 -0.131714
0.565918 0.895386 0.149780 -0.453613 0.068848 -0.160645
0.600586 0.883301 0.133789 -0.519043 0.045654 -0.180176
0.613892 0.931274 0.091064 -0.592773 0.059326 -0.187744
0.605469 1.020874 0.009644 -0.714600 0.109253 -0.195923
0.605835 1.090088 -0.060425 -0.912231 0.194214 -0.190063
0.591675 1.104736 -0.094727 -1.166626 0.331665 -0.164063
0.555298 1.048706 -0.037231 -1.409424 0.498779 -0.134644
0.496338 0.983276 0.083374 -1.592163 0.646729 -0.090576
0.448486 0.922974 0.211548 -1.712158 0.722778 -0.044556
0.455078 0.840332 0.307739 -1.771362 0.736450 -0.013550
0.457642 0.770142 0.335205 -1.805786 0.727783 0.002319
0.425659 0.694946 0.344482 -1.844116 0.728638 0.022217
0.398560 0.630249 0.359497 -1.890137 0.733887 0.047119
0.344116 0.594849 0.383667 -1.935181 0.741821 0.065308
0.258789 0.570190 0.408813 -1.987183 0.704468 0.067993
0.217407 0.566895 0.404907 -2.046265 0.627686 0.101440
0.167358 0.565430 0.393677 -2.127808 0.581543 0.183105
0.120483 0.524048 0.401855 -2.228882 0.532715 0.271240
0.090576 0.469849 0.436646 -2.321045 0.472412 0.356201
0.070801 0.391968 0.480347 -2.410400 0.415283 0.427368
0.119019 0.316162 0.528076 -2.470703 0.344116 0.507813
0.278564 0.208862 0.573853 -2.526245 0.297485 0.584717
0.441162 0.083008 0.630127 -2.565552 0.340698 0.621948
0.557495 -0.044189 0.711670 -2.594482 0.454956 0.620850
0.595825 -0.163696 0.815063 -2.598633 0.601196 0.596313
0.520020 -0.243652 0.919556 -2.540771 0.740479 0.576294
0.357910 -0.297119 0.998169 -2.427856 0.817627 0.579346
0.193848 -0.318237 1.061890 -2.272705 0.776489 0.585205
0.081665 -0.315063 1.086914 -2.079834 0.607056 0.568359
0.065186 -0.310791 1.092651 -1.880493 0.384644 0.540527
0.055908 -0.340942 1.065430 -1.712891 0.167358 0.503540
0.092285 -0.366089 1.032593 -1.575806 -0.037598 0.513672
0.189941 -0.442871 1.023071 -1.462402 -0.174438 0.542480
0.383423 -0.496582 0.976929 -1.365723 -0.203735 0.570557
0.525635 -0.555908 0.996460 -1.346558 -0.084473 0.530396
0.554932 -0.632446 1.039307 -1.322754 0.108398 0.491821
0.484985 -0.664673 1.097534 -1.257080 0.315186 0.496094
0.380859 -0.678955 1.167114 -1.135254 0.416016 0.462646
0.302246 -0.699585 1.212769 -0.992798 0.402954 0.380371
0.253662 -0.701538 1.218018 -0.820190 0.322266 0.295654
0.198364 -0.681396 1.184692 -0.633789 0.209229 0.211792
0.185547 -0.643555 1.132324 -0.464478 0.075439 0.132080
0.214844 -0.604736 1.063354 -0.328247 -0.033813 0.057495
0.287476 -0.582642 1.005737 -0.236328 -0.093506 -0.017456
0.359009 -0.576416 0.977661 -0.171875 -0.097534 -0.071777
0.360352 -0.535034 0.975220 -0.129517 -0.035889 -0.077637
0.276855 -0.489624 0.987549 -0.116089 0.026245 -0.072144
0.240845 -0.458496 0.998535 -0.105103 0.007568 -0.081909
0.257813 -0.440063 0.992065 -0.081787 -0.052368 -0.094482
0.275635 -0.426025 0.967529 -0.049438 -0.091797 -0.096313
0.270264 -0.403564 0.935547 -0.018066 -0.098145 -0.078979
0.257080 -0.391235 0.912964 -0.003418 -0.090088 -0.055908
0.271606 -0.385498 0.895264 -0.006714 -0.090942 -0.044434
0.281250 -0.376465 0.876587 -0.017822 -0.071289 -0.036255
0.307251 -0.379272 0.877197 -0.034058 -0.040161 -0.018677
0.319336 -0.403076 0.896729 -0.048950 0.003540 -0.005615
0.331421 -0.407715 0.916382 -0.044434 0.032837 -0.005127
0.307739 -0.405518 0.940308 -0.027832 0.043457 -0.017944
0.293335 -0.404541 0.949707 -0.012329 0.018066 -0.035400
0.286865 -0.390869 0.941040 -0.000366 -0.021240 -0.045288
0.292358 -0.391602 0.926147 -0.001221 -0.053955 -0.042236
0.294678 -0.401123 0.913696 -0.012573 -0.066040 -0.019165
0.281250 -0.413208 0.913818 -0.025391 -0.069214 0.011719
0.258423 -0.425049 0.917969 -0.033447 -0.065552 0.038086
0.256836 -0.435669 0.933594 -0.025269 -0.083130 0.059326
0.285645 -0.445557 0.940063 -0.006958 -0.104370 0.063721
0.291748 -0.446289 0.947510 0.019409 -0.089355 0.063843
0.291260 -0.430664 0.953491 0.034912 -0.078491 0.048950
0.310669 -0.417969 0.951660 0.048462 -0.083130 0.023071
0.302979 -0.403687 0.948730 0.056885 -0.079102 -0.007202
0.299194 -0.386475 0.939941 0.059448 -0.076660 -0.021606
0.309570 -0.376221 0.920776 0.054077 -0.074341 -0.028809
0.314697 -0.368774 0.912720 0.044189 -0.070679 -0.033936
0.302490 -0.360718 0.903320 0.023315 -0.060669 -0.034302
0.311035 -0.354004 0.881104 -0.001831 -0.061157 -0.027710
0.321899 -0.368530 0.899902 -0.029175 -0.047974 -0.021118
0.327393 -0.387329 0.905273 -0.048828 -0.030640 -0.015625
0.321289 -0.394775 0.936035 -0.053467 -0.029785 -0.015259
0.315063 -0.403442 0.946045 -0.047852 -0.037964 -0.015625
0.323364 -0.412231 0.940430 -0.038696 -0.043701 -0.014648
0.308472 -0.417358 0.933105 -0.028198 -0.034180 -0.004150
0.291382 -0.413818 0.928711 -0.023071 -0.036377 0.007690
0.282349 -0.406738 0.915649 -0.018921 -0.052612 0.012085
0.296265 -0.404541 0.915405 -0.012329 -0.059814 0.018433
0.291382 -0.402588 0.922241 -0.010742 -0.057617 0.023926
0.311157 -0.404541 0.921143 -0.015015 -0.058228 0.024414
