0.271118 -0.456299 0.910034 -0.021973 -0.014893 -0.018311
0.276367 -0.452759 0.910767 -0.018311 -0.025024 -0.016113
0.292725 -0.447021 0.902832 -0.014038 -0.029541 -0.012573
0.307129 -0.449463 0.900635 -0.013184 -0.029663 -0.011230
0.310791 -0.451050 0.904785 -0.015381 -0.025513 -0.014526
0.314331 -0.454712 0.905396 -0.016235 -0.016357 -0.015503
0.306641 -0.453857 0.909302 -0.016479 -0.005493 -0.014038
0.297119 -0.459473 0.911621 -0.015137 -0.001953 -0.014038
0.289429 -0.463623 0.905518 -0.009521 -0.002686 -0.011719
0.293579 -0.473267 0.913452 -0.001587 -0.006348 -0.011719
0.325562 -0.500610 0.926636 0.011230 -0.008545 -0.019653
0.327148 -0.547241 0.962158 0.033325 0.002686 -0.042236
0.318604 -0.606934 1.006470 0.089233 0.005005 -0.076904
0.333252 -0.692383 1.076172 0.186035 0.000244 -0.111694
0.347778 -0.750366 1.167236 0.328613 0.027832 -0.116577
0.335815 -0.795044 1.227417 0.491699 0.087158 -0.105591
0.340942 -0.810059 1.221558 0.672729 0.129028 -0.104004
0.312744 -0.790283 1.187012 0.870728 0.156860 -0.116943
0.363159 -0.829224 1.181396 1.084717 0.149780 -0.145508
0.353516 -0.768311 1.158936 1.321289 0.160034 -0.184082
0.293945 -0.774780 1.158325 1.490234 0.149170 -0.277344
0.248291 -0.749146 1.160645 1.675659 0.070923 -0.372559
0.217896 -0.710693 1.140137 1.868652 -0.046631 -0.471436
0.269409 -0.672729 1.127563 2.067993 -0.154297 -0.535034
0.235107 -0.561890 1.086914 2.256348 -0.175049 -0.539673
0.190308 -0.516113 1.032715 2.415039 -0.147095 -0.499390
0.266357 -0.503906 1.014282 2.572144 -0.150269 -0.461670
0.180298 -0.453857 0.991699 2.702881 -0.217285 -0.571167
0.117676 -0.346069 0.923462 2.856689 -0.382813 -0.701172
0.033691 -0.265625 0.849487 2.970093 -0.525757 -0.789795
0.027832 -0.128662 0.780396 3.028687 -0.689209 -0.824585
0.000610 -0.037231 0.709717 3.017944 -0.756470 -0.797241
-0.039185 0.039673 0.631226 2.997925 -0.821289 -0.742065
-0.058105 0.134888 0.570190 3.009521 -0.932129 -0.686890
-0.011108 0.233154 0.504883 3.019775 -1.032471 -0.602661
0.033691 0.416504 0.379883 3.010986 -1.071167 -0.511353
0.080811 0.603760 0.239014 2.924194 -1.052856 -0.436890
0.175781 0.768066 0.103149 2.759277 -0.999878 -0.362305
0.291382 0.891479 0.038696 2.512329 -0.894531 -0.288330
0.355347 0.966431 0.028198 2.224121 -0.732056 -0.229004
0.419556 0.887329 0.145874 1.937744 -0.575928 -0.215942
0.365112 0.793091 0.291992 1.738770 -0.479614 -0.240356
0.315430 0.750610 0.379761 1.693237 -0.484741 -0.278931
0.298706 0.731445 0.366333 1.712524 -0.545044 -0.255859
0.289185 0.746216 0.287964 1.765625 -0.576172 -0.189331
0.345459 0.829468 0.148682 1.792358 -0.643311 -0.117065
0.456543 0.978516 -0.012329 1.721069 -0.646484 -0.063965
0.455078 0.915405 -0.078613 1.479492 -0.494751 -0.083496
0.493652 0.994019 -0.126709 1.329224 -0.477295 -0.004272
0.504395 0.974854 -0.105225 1.209717 -0.474487 -0.003540
0.431274 0.936035 -0.103149 1.062134 -0.449097 -0.026245
0.408569 0.922241 -0.126343 0.961914 -0.426758 -0.017090
0.432861 0.968140 -0.186401 0.877808 -0.415527 -0.012207
0.454102 1.046631 -0.263306 0.758057 -0.373535 -0.007324
0.478638 1.082764 -0.271118 0.598755 -0.312256 0.030151
0.574707 1.059082 -0.220093 0.427246 -0.248413 0.062988
0.626953 1.090332 -0.176270 0.275269 -0.154785 0.089478
0.598633 1.116943 -0.138672 0.133911 -0.088623 0.062256
0.629150 1.105591 -0.111084 0.023682 -0.071411 0.029175
0.578613 1.077148 -0.097534 -0.077881 -0.039429 -0.022461
0.538086 1.011841 -0.088379 -0.168823 -0.023315 -0.072021
0.512329 0.937500 -0.057495 -0.244141 0.009155 -0.086792
0.465088 0.908569 -0.014160 -0.296875 0.044434 -0.091187
0.409180 0.930054 0.002075 -0.339844 0.055908 -0.093750
0.411865 0.946899 0.024902 -0.397705 0.058960 -0.066650
0.476440 0.922607 0.060913 -0.471313 0.072998 -0.033569
0.510986 0.945435 0.082764 -0.535156 0.116455 -0.010864
0.485718 1.002197 0.063110 -0.606323 0.167603 0.001831
0.476074 1.028076 0.033081 -0.719360 0.220215 0.034668
0.527588 1.019897 0.003662 -0.873169 0.280029 0.062500
0.543335 0.973389 0.012817 -1.028931 0.343506 0.026001
0.505859 0.981079 0.012329 -1.132935 0.382324 -0.048706
0.427734 1.018555 0.000732 -1.237671 0.411377 -0.083008
0.360474 1.007568 0.001709 -1.378662 0.420288 -0.080688
0.444824 0.924438 0.046509 -1.516602 0.402588 -0.055786
0.532349 0.888306 0.094604 -1.630371 0.440308 -0.017700
0.478027 0.905029 0.157715 -1.725342 0.533447 0.008789
0.382690 0.897217 0.249512 -1.830566 0.594604 0.031982
0.316284 0.862549 0.356079 -1.935669 0.587769 0.073242
0.236450 0.781616 0.451050 -2.008911 0.550537 0.122803
0.143921 0.694336 0.491089 -2.013672 0.465698 0.168457
0.201172 0.574707 0.498169 -1.984985 0.315552 0.212769
0.312256 0.473633 0.533447 -1.963379 0.194214 0.260010
0.401001 0.445313 0.577515 -1.937744 0.149414 0.274292
0.465942 0.405884 0.642578 -1.905884 0.146240 0.250488
0.492798 0.391235 0.740234 -1.874390 0.175293 0.234863
0.454712 0.398926 0.766724 -1.829590 0.237671 0.228027
0.397217 0.408936 0.746460 -1.785278 0.298950 0.239380
0.282227 0.404297 0.707397 -1.781494 0.339966 0.253052
0.165283 0.397339 0.677734 -1.785156 0.334351 0.274292
0.176514 0.375244 0.683228 -1.788330 0.268188 0.289307
0.189209 0.336426 0.691040 -1.805054 0.201660 0.284058
0.186523 0.320313 0.713989 -1.801392 0.137939 0.280151
0.274536 0.252686 0.733032 -1.806885 0.054077 0.263184
0.373657 0.161987 0.781738 -1.799561 -0.025269 0.269897
0.431519 0.178223 0.763550 -1.809937 0.037720 0.369141
0.423828 0.118164 0.808716 -1.872070 0.132935 0.335815
0.403198 0.033813 0.863037 -1.896484 0.168701 0.332031
0.307861 0.005371 0.922729 -1.876953 0.242188 0.390381
0.177734 0.003052 0.919434 -1.838623 0.247681 0.431763
0.113647 0.007202 0.881958 -1.807495 0.105469 0.428345
0.145874 -0.057129 0.844604 -1.792969 -0.082886 0.403198
0.326050 -0.247803 0.823730 -1.778687 -0.199219 0.423218
0.700684 -0.385132 0.865601 -1.743286 -0.244751 0.508911
0.669800 -0.430420 0.995605 -1.689819 -0.063843 0.622314
0.485107 -0.455444 1.079346 -1.589478 0.100708 0.654541
0.416260 -0.515137 1.121948 -1.463867 0.132202 0.621826
0.271240 -0.528687 1.139282 -1.309448 0.115112 0.574707
0.131714 -0.481567 1.107788 -1.115845 -0.029175 0.516724
0.079590 -0.468262 1.033691 -0.944092 -0.268921 0.444580
0.347778 -0.571777 0.968140 -0.795288 -0.482666 0.387329
0.731323 -0.634521 0.923218 -0.698120 -0.470337 0.353394
0.810547 -0.598755 0.985474 -0.672607 -0.192993 0.315796
0.634888 -0.591919 1.083374 -0.657104 0.098389 0.236572
0.409058 -0.578125 1.132813 -0.582031 0.251587 0.197021
0.338745 -0.533691 1.093506 -0.461670 0.232910 0.164673
0.358398 -0.491333 1.042480 -0.331543 0.114868 0.080078
0.327271 -0.449829 0.984375 -0.223145 0.006104 -0.020752
0.278687 -0.407959 0.948120 -0.145630 -0.095703 -0.076904
0.241699 -0.376343 0.918823 -0.103516 -0.188232 -0.091431
0.275269 -0.355591 0.865601 -0.094849 -0.236206 -0.037231
0.412842 -0.374390 0.840820 -0.117554 -0.231567 0.039551
0.555176 -0.372437 0.835938 -0.154907 -0.147339 0.101074
0.528442 -0.359131 0.875366 -0.206055 -0.008179 0.117798
0.462646 -0.370483 0.918701 -0.241211 0.107788 0.130493
0.426636 -0.384888 0.942627 -0.255127 0.163818 0.150024
0.415161 -0.404785 0.948364 -0.243408 0.151001 0.142578
0.403320 -0.430908 0.958008 -0.207642 0.107300 0.111572
0.371216 -0.454590 0.961304 -0.158081 0.056641 0.076294
0.330078 -0.470337 0.955444 -0.102173 -0.003174 0.044922
0.375122 -0.491943 0.924194 -0.053223 -0.052368 0.035034
0.433594 -0.477295 0.879517 -0.018433 -0.059326 0.040527
0.392090 -0.441895 0.885498 -0.018433 -0.028564 0.016357
0.332520 -0.439209 0.910034 -0.031982 -0.025024 -0.022095
0.331909 -0.432983 0.909424 -0.023315 -0.048950 -0.023560
0.334351 -0.410522 0.909546 -0.012451 -0.059937 -0.012695
0.334229 -0.385254 0.891602 -0.016724 -0.075439 -0.010132
0.334717 -0.358398 0.877441 -0.029541 -0.097778 -0.002930
0.359741 -0.359497 0.873535 -0.044434 -0.108276 0.015259
0.474121 -0.395874 0.868896 -0.061646 -0.101318 0.021729
0.489868 -0.421753 0.907959 -0.072998 -0.038696 0.021973
0.445801 -0.435669 0.940186 -0.063843 0.029297 0.020142
0.425171 -0.440552 0.942871 -0.040649 0.057129 0.026245
0.396729 -0.423828 0.906372 -0.020630 0.051880 0.017578
0.383423 -0.411011 0.875488 -0.010376 0.017822 -0.010010
0.359375 -0.404053 0.868774 -0.006348 -0.004028 -0.027466
0.355347 -0.407593 0.865356 -0.012207 -0.007202 -0.018799
0.364014 -0.416748 0.873169 -0.022583 -0.011108 -0.014771
0.361328 -0.429565 0.892212 -0.024536 -0.019775 -0.014404
0.363892 -0.422974 0.900635 -0.017456 -0.026978 -0.003418
