0.207764 -0.309448 0.964355 -0.046021 -0.023315 -0.051636
0.214111 -0.305664 0.966553 -0.045898 -0.021729 -0.045898
0.219604 -0.310303 0.966064 -0.048706 -0.016602 -0.043335
0.218872 -0.303345 0.967651 -0.050415 -0.011841 -0.038086
0.225586 -0.309204 0.968506 -0.054810 -0.013794 -0.035645
0.224976 -0.318726 0.974609 -0.057617 -0.020386 -0.035889
0.225586 -0.321411 0.980835 -0.060181 -0.028076 -0.034912
0.228027 -0.328735 0.976929 -0.061890 -0.033936 -0.031372
0.234985 -0.343872 0.970337 -0.060303 -0.026611 -0.023926
0.226929 -0.367798 0.978394 -0.059692 -0.020752 -0.022339
0.220337 -0.415039 1.002441 -0.047485 -0.017578 -0.019897
0.233154 -0.512695 1.057739 -0.015625 -0.028687 -0.032349
0.294067 -0.615356 1.139404 0.062256 -0.052856 -0.072021
0.268921 -0.702271 1.265381 0.191406 -0.028687 -0.123413
0.229614 -0.763062 1.381836 0.392700 -0.007202 -0.167603
0.232666 -0.818848 1.461060 0.638794 -0.010986 -0.204590
0.220947 -0.904663 1.524048 0.899292 -0.026611 -0.279541
0.284180 -0.989136 1.552490 1.225220 -0.122803 -0.405640
0.252319 -1.033325 1.543213 1.610107 -0.260864 -0.591919
0.197021 -1.030273 1.523071 2.017456 -0.464600 -0.816650
0.120483 -1.002441 1.459229 2.439941 -0.706055 -1.025635
0.154663 -1.003662 1.375977 2.856689 -0.892456 -1.161499
0.074219 -0.879761 1.246704 3.278076 -0.927979 -1.146606
0.002930 -0.722656 1.072144 3.578613 -0.881958 -1.055298
-0.046509 -0.635620 0.927124 3.810791 -0.857910 -0.984253
-0.094849 -0.516113 0.744751 3.999878 -0.900146 -0.896606
-0.178101 -0.472046 0.633301 3.999878 -0.964966 -0.829590
-0.210571 -0.340820 0.476074 3.999878 -1.123169 -0.778687
-0.313599 -0.085815 0.232910 3.999878 -1.283691 -0.742432
-0.264038 0.192627 -0.040161 3.999878 -1.364624 -0.655273
-0.106201 0.395020 -0.224121 3.999878 -1.349854 -0.521484
0.008179 0.534424 -0.321533 3.999878 -1.260620 -0.408813
0.046997 0.706909 -0.427002 3.696167 -1.166992 -0.317993
0.169678 0.810547 -0.453491 3.362793 -1.087280 -0.220093
0.232422 0.909668 -0.519653 3.008545 -0.977173 -0.142212
0.259521 0.937500 -0.468384 2.652832 -0.871460 -0.064575
0.326416 0.989502 -0.438599 2.358398 -0.809937 0.033936
0.459106 1.007813 -0.460938 2.106323 -0.745605 0.130615
0.488770 1.051270 -0.515015 1.888672 -0.674072 0.189453
0.491699 1.074097 -0.585083 1.679199 -0.646729 0.212891
0.584717 1.091797 -0.673584 1.463257 -0.615356 0.207886
0.635742 1.134766 -0.752197 1.231445 -0.536255 0.181763
0.679810 1.139893 -0.760620 0.974731 -0.446167 0.145142
0.776611 1.140625 -0.710083 0.724243 -0.341675 0.131714
0.752319 1.157593 -0.673462 0.476440 -0.211670 0.106567
0.724121 1.176758 -0.665039 0.250610 -0.111816 0.084717
0.717407 1.184692 -0.644775 0.034912 -0.045166 0.053101
0.666992 1.168091 -0.626221 -0.192261 0.025391 0.021118
0.600708 1.141846 -0.596191 -0.424683 0.111084 0.019897
0.555420 1.094971 -0.560303 -0.661621 0.198364 0.034546
0.568481 1.058105 -0.502686 -0.884033 0.284424 0.052368
0.586670 1.022583 -0.418457 -1.095825 0.359131 0.038696
0.585205 1.026245 -0.352539 -1.276855 0.418945 -0.006470
0.541138 1.042114 -0.309570 -1.451172 0.478882 -0.046997
0.521606 1.014771 -0.259888 -1.632080 0.524902 -0.071655
0.525513 0.968750 -0.207520 -1.812500 0.546997 -0.105957
0.514526 0.940552 -0.179077 -1.998779 0.576782 -0.146484
0.465820 0.904541 -0.133301 -2.194702 0.635742 -0.173462
0.400146 0.826294 -0.058228 -2.378296 0.704468 -0.159424
0.416992 0.708374 0.050781 -2.526855 0.769409 -0.097290
0.406494 0.635742 0.187744 -2.615723 0.866211 -0.011230
0.306152 0.595215 0.345825 -2.642944 0.922119 0.043091
0.224121 0.558594 0.490845 -2.607910 0.877441 0.086670
0.166382 0.516724 0.562866 -2.516235 0.781006 0.159424
0.125488 0.463501 0.574097 -2.397095 0.669678 0.246948
0.173584 0.434937 0.509033 -2.295410 0.578003 0.331299
0.209839 0.397461 0.435913 -2.276367 0.567261 0.387329
0.259766 0.364380 0.435425 -2.308960 0.570190 0.428833
0.339478 0.316040 0.471680 -2.357178 0.573364 0.426514
0.369385 0.270386 0.554932 -2.410889 0.615845 0.416626
0.368774 0.216431 0.628906 -2.460083 0.666992 0.399902
0.303589 0.154663 0.691284 -2.493042 0.692505 0.356812
0.230957 0.101318 0.711792 -2.500244 0.676270 0.350220
0.179688 0.057861 0.739746 -2.459106 0.663208 0.387207
0.102173 0.031128 0.764893 -2.404785 0.654541 0.422241
0.088135 -0.019531 0.798828 -2.352539 0.629517 0.488159
0.162842 -0.104614 0.854858 -2.309570 0.593750 0.551147
0.258789 -0.212280 0.939331 -2.280640 0.572388 0.573853
0.331055 -0.308105 1.030640 -2.211670 0.585693 0.572510
0.373169 -0.400513 1.110718 -2.111938 0.625977 0.551392
0.334717 -0.495605 1.244995 -1.958862 0.633423 0.473999
0.261230 -0.561523 1.353027 -1.740967 0.523560 0.329102
0.215332 -0.609985 1.413940 -1.489136 0.331787 0.175903
0.172363 -0.625000 1.425171 -1.209106 0.153320 0.072998
0.136597 -0.575928 1.386597 -0.928223 0.016602 0.054565
0.144287 -0.515625 1.302490 -0.716187 -0.050537 0.102783
0.168579 -0.463501 1.196655 -0.600586 -0.052246 0.162354
0.238525 -0.412720 1.082275 -0.530518 -0.013306 0.215210
0.282471 -0.382080 1.015015 -0.480835 0.060791 0.251709
0.290039 -0.364746 1.014648 -0.472900 0.142090 0.230469
0.272583 -0.360474 1.052734 -0.466309 0.170044 0.172729
0.241821 -0.378906 1.098511 -0.441040 0.169800 0.115967
0.209595 -0.383423 1.137329 -0.386475 0.151489 0.081909
0.201416 -0.376221 1.138428 -0.307617 0.096436 0.059692
0.194824 -0.366333 1.129517 -0.232544 0.029053 0.042847
0.209351 -0.366577 1.099976 -0.155762 -0.050903 0.027832
0.215088 -0.356445 1.067139 -0.068604 -0.128662 0.014404
0.223877 -0.324097 1.032593 -0.014282 -0.200439 0.010254
0.240356 -0.294678 1.000366 0.004517 -0.232422 0.012451
0.250610 -0.267334 0.967163 0.003662 -0.232056 0.017700
0.298706 -0.251831 0.920776 -0.016724 -0.213867 0.018555
0.332031 -0.228149 0.905396 -0.008057 -0.143677 0.051758
0.326416 -0.218140 0.898193 -0.022339 -0.054810 0.064209
0.307007 -0.231567 0.939087 -0.031128 0.015259 0.078613
0.288696 -0.240479 0.962891 -0.046021 0.049805 0.084473
0.295288 -0.254761 0.990234 -0.054199 0.053101 0.079956
0.284912 -0.262573 0.999023 -0.056885 0.051025 0.068115
0.265137 -0.267700 1.009399 -0.050049 0.041016 0.054810
0.255981 -0.264282 0.994629 -0.049561 0.021851 0.041626
0.262695 -0.269775 0.977783 -0.053711 0.016846 0.032837
0.242920 -0.267334 0.967285 -0.062378 0.025391 0.025513
0.228149 -0.277832 0.963135 -0.070679 0.019409 0.019043
0.227905 -0.288086 0.980347 -0.074219 0.004883 0.014404
0.230835 -0.296021 0.990479 -0.072021 -0.007813 0.011963
0.240356 -0.307251 0.997314 -0.068726 -0.020142 0.012085
0.258911 -0.304199 1.005859 -0.054565 -0.015991 0.021729
0.254150 -0.301758 1.007324 -0.044189 -0.006714 0.020020
0.246826 -0.297607 0.998169 -0.032349 -0.015503 0.016602
0.262817 -0.290771 0.994995 -0.013306 -0.027832 0.017700
0.269043 -0.284424 0.986206 -0.004639 -0.030396 0.007446
0.263306 -0.279297 0.983765 -0.002075 -0.029541 -0.003540
0.257446 -0.279907 0.976563 -0.005127 -0.035522 -0.011963
0.254883 -0.276611 0.974243 -0.008057 -0.037842 -0.008423
0.252808 -0.268921 0.975830 -0.008545 -0.035767 -0.000366
0.260864 -0.270264 0.963989 -0.017456 -0.029175 0.008789
0.259766 -0.265747 0.969482 -0.026245 -0.002808 0.020142
0.243042 -0.271362 0.974731 -0.037964 0.001343 0.023926
0.249756 -0.274902 0.976807 -0.042603 -0.023193 0.018921
0.275513 -0.281738 0.975830 -0.041748 -0.036255 0.007446
0.264648 -0.279907 0.983887 -0.037598 -0.031128 0.001099
0.249023 -0.278320 0.974976 -0.037476 -0.036621 -0.004761
0.274780 -0.289307 0.975098 -0.035034 -0.051025 -0.013794
0.294800 -0.290405 0.982788 -0.030029 -0.043579 -0.028809
0.268555 -0.283813 0.990356 -0.031372 -0.021973 -0.040039
0.267944 -0.284790 0.983032 -0.030273 -0.013550 -0.036011
0.270996 -0.282715 0.980103 -0.025269 -0.004028 -0.026489
0.269531 -0.280151 0.973633 -0.024048 0.004761 -0.021484
0.254150 -0.273804 0.973267 -0.022705 0.008789 -0.016968
0.231934 -0.276855 0.979492 -0.022583 0.004761 -0.009644
0.229736 -0.273926 0.977661 -0.024536 -0.008179 -0.002075
0.234009 -0.272705 0.969604 -0.030396 -0.025391 0.002075
0.247070 -0.275269 0.964722 -0.036499 -0.038086 -0.002441
0.246826 -0.277588 0.973877 -0.042358 -0.044800 -0.007202
0.270142 -0.288086 0.968994 -0.045166 -0.044434 -0.008179
0.283447 -0.288818 0.979248 -0.044678 -0.021973 -0.004883
0.300415 -0.299072 0.989990 -0.049927 0.003296 -0.011475
0.323242 -0.305176 0.991699 -0.046143 0.034790 -0.019531
0.338867 -0.317993 1.006470 -0.032959 0.072510 -0.031860
0.328369 -0.307129 1.011719 -0.005127 0.120483 -0.034790
0.292969 -0.302612 1.010254 0.023071 0.159668 -0.032104
