0.249512 -0.383423 0.994263 -0.052490 0.000977 0.005737
0.260376 -0.389648 0.997192 -0.040894 -0.009277 -0.001953
0.264160 -0.388916 0.992065 -0.026001 -0.010376 -0.003296
0.271362 -0.384399 0.981934 -0.010010 -0.015137 -0.002319
0.279297 -0.381714 0.976440 0.000977 -0.020752 -0.007324
0.289063 -0.377563 0.973389 0.011963 -0.019409 -0.007935
0.306641 -0.376709 0.964722 0.022827 -0.005371 -0.004517
0.327759 -0.414673 0.979858 0.035400 0.020142 -0.006714
0.321899 -0.490356 1.041626 0.064575 0.038818 -0.026001
0.285400 -0.582275 1.133789 0.137573 0.025635 -0.082397
0.282959 -0.665039 1.246582 0.284546 -0.026245 -0.147949
0.315430 -0.711304 1.285645 0.494751 -0.045532 -0.196289
0.246948 -0.737793 1.305786 0.713501 -0.029053 -0.270386
0.227905 -0.735718 1.293579 0.943970 -0.082520 -0.349365
0.228394 -0.710571 1.264893 1.183472 -0.144775 -0.417480
0.237549 -0.670776 1.220459 1.385620 -0.196411 -0.487183
0.257935 -0.686646 1.174561 1.560059 -0.239136 -0.552246
0.367188 -0.704834 1.189087 1.756958 -0.259399 -0.579834
0.305542 -0.698364 1.228394 1.962158 -0.253296 -0.645386
0.215576 -0.715210 1.289551 2.176025 -0.348511 -0.763794
0.135132 -0.675659 1.293091 2.442261 -0.481812 -0.831543
0.055908 -0.580200 1.213501 2.732910 -0.549927 -0.806030
-0.031738 -0.431152 1.085693 2.957397 -0.640869 -0.770142
-0.022339 -0.339722 0.930420 3.129883 -0.810303 -0.770508
0.034058 -0.262329 0.792725 3.282471 -0.957153 -0.748535
0.072144 -0.139404 0.681763 3.392700 -1.041260 -0.726196
0.038330 -0.022949 0.557861 3.451660 -1.103638 -0.704102
0.097046 0.166260 0.426880 3.450928 -1.207397 -0.675171
0.125366 0.293457 0.308716 3.378296 -1.247314 -0.663818
0.171753 0.391113 0.244507 3.267822 -1.277832 -0.664795
0.148438 0.471924 0.182983 3.168457 -1.292725 -0.670654
0.149780 0.555786 0.154419 3.077026 -1.310913 -0.665894
0.138306 0.656250 0.070190 2.976807 -1.312378 -0.648804
0.133301 0.723389 -0.016846 2.840820 -1.233276 -0.556885
0.107788 0.774780 -0.041260 2.685059 -1.136353 -0.462769
0.195557 0.816284 -0.081055 2.525391 -1.084473 -0.379150
0.284180 0.847412 -0.134644 2.368530 -0.966675 -0.285400
0.328857 0.893555 -0.169922 2.227661 -0.852173 -0.230713
0.452148 0.976807 -0.290649 2.090576 -0.795776 -0.183350
0.484863 0.985596 -0.356323 1.904297 -0.694092 -0.131958
0.487549 0.988403 -0.428833 1.711914 -0.630371 -0.115845
0.521362 0.969482 -0.447510 1.543335 -0.556030 -0.081421
0.450806 0.994263 -0.496826 1.370239 -0.448242 -0.037476
0.446411 1.031860 -0.532349 1.185669 -0.383911 0.021118
0.475342 1.050171 -0.557251 0.969971 -0.317017 0.078491
0.532715 1.033691 -0.531250 0.751343 -0.254517 0.100220
0.587891 1.044556 -0.496338 0.572144 -0.212402 0.100830
0.609863 1.057495 -0.440430 0.423462 -0.160034 0.087036
0.623657 1.107666 -0.429810 0.298584 -0.118164 0.064697
0.640381 1.165405 -0.449341 0.165161 -0.078369 0.037354
0.667725 1.167847 -0.474854 -0.007202 -0.025269 0.009399
0.624268 1.110352 -0.450806 -0.199341 0.064575 -0.022339
0.510864 1.032715 -0.380249 -0.368530 0.129517 -0.058228
0.434692 0.975708 -0.317505 -0.485229 0.131226 -0.078125
0.466064 0.907593 -0.233521 -0.565186 0.110962 -0.068237
0.447510 0.911987 -0.169800 -0.601807 0.105957 -0.061157
0.432861 0.949707 -0.134155 -0.634644 0.087891 -0.061157
0.487305 0.979370 -0.139526 -0.696899 0.082031 -0.044189
0.528931 1.018555 -0.171631 -0.796021 0.127197 -0.024048
0.567261 1.051880 -0.216919 -0.936890 0.209839 -0.016724
0.609741 1.076050 -0.290405 -1.114502 0.346069 -0.005493
0.529907 1.079712 -0.310669 -1.322266 0.538574 0.005859
0.466919 1.060181 -0.294800 -1.541138 0.660156 0.011230
0.436890 1.002686 -0.263428 -1.749878 0.734375 0.019653
0.387695 0.940186 -0.200073 -1.917603 0.776123 0.038452
0.350830 0.903442 -0.159058 -2.048706 0.763794 0.059082
0.304688 0.876221 -0.112915 -2.170898 0.733032 0.095825
0.305664 0.826050 -0.053101 -2.283691 0.722046 0.157959
0.315063 0.774536 0.044189 -2.365601 0.737183 0.229126
0.293579 0.735596 0.177002 -2.420288 0.749512 0.286499
0.343506 0.696289 0.347168 -2.443604 0.726196 0.350830
0.375732 0.669556 0.515869 -2.436157 0.707642 0.401001
0.414063 0.603149 0.592407 -2.413940 0.690063 0.432617
0.473877 0.480225 0.579712 -2.394165 0.686157 0.435913
0.486938 0.346436 0.532349 -2.376953 0.724121 0.399170
0.414063 0.282104 0.506470 -2.354370 0.796875 0.364014
0.309570 0.272827 0.534424 -2.326538 0.831543 0.343628
0.241943 0.287476 0.549438 -2.307251 0.806519 0.346069
0.191284 0.266724 0.569946 -2.323853 0.786255 0.397705
0.143677 0.220703 0.591431 -2.346069 0.763550 0.460938
0.109741 0.161133 0.614136 -2.366333 0.731934 0.519165
0.079956 0.090332 0.648315 -2.375977 0.667603 0.557007
0.070801 0.032104 0.688354 -2.371460 0.555054 0.565796
0.132813 -0.042236 0.725220 -2.365479 0.440552 0.570801
0.311035 -0.181030 0.803467 -2.358154 0.408569 0.592651
0.446289 -0.285522 0.908081 -2.313354 0.505737 0.605713
0.412964 -0.361084 1.011963 -2.236328 0.690552 0.602661
0.258545 -0.410522 1.117310 -2.118164 0.815674 0.584229
0.090820 -0.427734 1.218384 -1.947998 0.763062 0.543823
0.026489 -0.443604 1.273315 -1.744751 0.563232 0.496460
0.042969 -0.464355 1.270264 -1.531372 0.315674 0.435303
0.113403 -0.477051 1.225220 -1.326172 0.106689 0.380005
0.219360 -0.493164 1.173950 -1.148804 -0.020264 0.335327
0.302368 -0.523560 1.151733 -1.002930 -0.062378 0.296509
0.389893 -0.512573 1.129639 -0.891479 -0.043579 0.274292
0.412598 -0.514038 1.145020 -0.817017 0.043579 0.233643
0.339966 -0.512817 1.167969 -0.750122 0.145142 0.203979
0.274536 -0.523682 1.208130 -0.678223 0.187744 0.179810
0.238159 -0.533691 1.233154 -0.586670 0.168213 0.157593
0.220703 -0.540161 1.222778 -0.471191 0.114014 0.130493
0.198853 -0.528442 1.182861 -0.345459 0.054688 0.100586
0.187988 -0.498779 1.133667 -0.220459 -0.004272 0.070679
0.208618 -0.472412 1.081787 -0.119507 -0.053833 0.035034
0.241943 -0.450684 1.038086 -0.043701 -0.071289 0.004517
0.246826 -0.400024 1.016479 0.004272 -0.061401 -0.019043
0.229858 -0.336426 0.988892 0.026489 -0.053223 -0.044556
0.221191 -0.291748 0.957886 0.031128 -0.040039 -0.044312
0.209717 -0.263184 0.946167 0.026123 -0.032715 -0.033203
0.224854 -0.240112 0.942993 0.021362 -0.067383 -0.024048
0.249634 -0.218384 0.931885 0.011963 -0.103638 -0.015137
0.264893 -0.214111 0.920532 -0.007202 -0.118530 -0.000610
0.299805 -0.227783 0.922607 -0.033447 -0.118530 0.019043
0.369629 -0.252441 0.927246 -0.056885 -0.099487 0.033081
0.371826 -0.270630 0.955444 -0.083740 -0.045410 0.024048
0.338623 -0.279663 0.979736 -0.100342 -0.002075 0.009399
0.314819 -0.276733 0.988525 -0.109253 0.026245 0.013306
0.292236 -0.278198 0.974976 -0.120483 0.047852 0.029297
0.275146 -0.284058 0.954956 -0.133545 0.059204 0.043335
0.225952 -0.294189 0.961060 -0.140747 0.067261 0.054321
0.208984 -0.316406 0.982788 -0.133789 0.036133 0.052368
0.210083 -0.330322 0.994507 -0.114136 -0.007080 0.047852
0.217285 -0.345337 1.003784 -0.098267 -0.038086 0.039185
0.260986 -0.364258 1.007935 -0.079956 -0.055298 0.030396
0.284546 -0.370239 0.998413 -0.063354 -0.042114 0.017822
0.275146 -0.372437 1.006348 -0.047974 -0.018188 -0.004761
0.275635 -0.362793 1.003418 -0.024048 -0.015625 -0.031250
0.268433 -0.346191 0.984985 -0.001709 -0.022705 -0.048462
0.252686 -0.321411 0.969849 0.012939 -0.026123 -0.035034
0.243530 -0.296753 0.956177 0.016479 -0.032715 -0.014771
0.268555 -0.272339 0.924072 0.014160 -0.056396 -0.002808
0.278564 -0.255127 0.910278 -0.004395 -0.054810 0.010498
0.282471 -0.252319 0.907227 -0.036255 -0.035767 0.025391
0.301392 -0.263062 0.911865 -0.064209 -0.014038 0.039429
0.292358 -0.264038 0.929199 -0.088257 0.019043 0.048218
0.292480 -0.286255 0.951050 -0.112549 0.036377 0.047607
0.305176 -0.307129 0.965698 -0.128906 0.035767 0.036011
0.283813 -0.338379 0.994263 -0.133789 0.043091 0.022339
0.255371 -0.356201 1.016602 -0.119873 0.043457 0.011841
0.233765 -0.380615 1.027954 -0.097656 0.021362 -0.001587
0.220093 -0.394043 1.027832 -0.067993 -0.005493 -0.008545
0.212036 -0.400146 1.016479 -0.036255 -0.033813 -0.012085
0.210815 -0.392822 1.009033 -0.007080 -0.057251 -0.011475
0.231201 -0.377441 0.984741 0.015625 -0.072876 -0.005615
0.239990 -0.352051 0.974609 0.027710 -0.070068 0.002441
0.248657 -0.327637 0.960693 0.031860 -0.066406 0.005493
0.275757 -0.302734 0.947144 0.034180 -0.066040 0.007935
0.297119 -0.298706 0.943237 0.024780 -0.056885 0.004395
0.310425 -0.298462 0.938354 0.010986 -0.042725 -0.002563
0.315674 -0.297852 0.946655 0.000732 -0.031372 -0.012451
0.309814 -0.294800 0.951050 -0.004272 -0.022461 -0.020264
