0.227173 -0.344727 0.963745 -0.034790 0.033569 -0.014893
0.231201 -0.345459 0.966064 -0.032104 0.022949 -0.011108
0.252686 -0.347290 0.964355 -0.027466 0.016724 -0.012085
0.252441 -0.347168 0.971558 -0.027954 0.033325 -0.010986
0.244873 -0.348633 0.965698 -0.027222 0.039551 -0.011230
0.246094 -0.363525 0.971313 -0.027222 0.034546 -0.012817
0.260986 -0.366699 0.974976 -0.025757 0.041870 -0.004028
0.265747 -0.391968 0.989258 -0.026855 0.073975 0.004028
0.261475 -0.462158 1.031738 -0.011108 0.132813 0.014526
0.257813 -0.614136 1.167847 0.053589 0.180908 0.027100
0.315918 -0.774414 1.328369 0.194580 0.281372 0.065918
0.163696 -0.893066 1.502075 0.414795 0.438599 0.073364
0.056885 -0.946411 1.575439 0.739746 0.431152 0.072876
0.089111 -0.937744 1.513550 1.141968 0.268433 0.041138
0.080444 -0.871094 1.385132 1.500977 0.116699 -0.062622
0.062866 -0.776367 1.243774 1.801758 -0.036743 -0.141724
0.027344 -0.694458 1.167603 2.043945 -0.183472 -0.228394
-0.048340 -0.614990 1.113403 2.240112 -0.326904 -0.312256
-0.044556 -0.623047 1.110107 2.407349 -0.492554 -0.371826
-0.070068 -0.572632 1.126465 2.571533 -0.628296 -0.417969
-0.048706 -0.546143 1.095581 2.744385 -0.745850 -0.412720
-0.060303 -0.459595 1.037842 2.910156 -0.844849 -0.392090
0.014038 -0.397217 0.951904 3.057007 -1.027832 -0.419189
0.120117 -0.269653 0.831543 3.194336 -1.188721 -0.436768
0.183228 -0.169922 0.707275 3.290039 -1.216064 -0.456177
0.007568 -0.030884 0.597168 3.339600 -1.216797 -0.488281
0.008667 0.026001 0.514526 3.350586 -1.367676 -0.514404
0.049927 0.110229 0.428589 3.387207 -1.496338 -0.516724
0.004028 0.234863 0.285767 3.386597 -1.541992 -0.498535
0.031006 0.434448 0.093506 3.329468 -1.568359 -0.429443
0.146606 0.617920 -0.080322 3.182617 -1.531250 -0.332031
0.211304 0.730225 -0.150879 2.933228 -1.407349 -0.252808
0.286621 0.814087 -0.186035 2.676758 -1.297485 -0.188843
0.325806 0.855103 -0.157959 2.438354 -1.177002 -0.114990
0.374390 0.899414 -0.148804 2.235107 -1.108276 -0.077881
0.504639 0.954468 -0.175537 2.085815 -1.085083 -0.045288
0.585938 0.949463 -0.156494 1.944214 -1.008789 -0.021484
0.592651 0.981934 -0.193481 1.837524 -0.955444 -0.026001
0.590576 1.004639 -0.235718 1.747192 -0.913818 -0.035156
0.612183 1.012085 -0.321167 1.636475 -0.880615 -0.057617
0.646606 1.033936 -0.397705 1.494873 -0.829590 -0.077759
0.661011 1.057373 -0.463623 1.307617 -0.739258 -0.089600
0.609497 1.097656 -0.522095 1.060913 -0.584351 -0.087646
0.592285 1.081787 -0.510986 0.780273 -0.431396 -0.073975
0.590332 1.007080 -0.435913 0.514038 -0.287598 -0.043335
0.647705 0.935059 -0.288818 0.308716 -0.163940 -0.014282
0.571167 0.986816 -0.213989 0.198120 -0.095337 -0.033447
0.582642 1.066406 -0.198975 0.134888 -0.112549 -0.045288
0.629272 1.078125 -0.204590 0.058228 -0.109375 -0.043457
0.634155 1.037354 -0.196411 -0.050781 -0.071777 -0.065186
0.575317 1.026001 -0.202759 -0.163330 -0.015747 -0.096680
0.502197 1.025024 -0.240234 -0.287354 0.045654 -0.114990
0.466431 1.009521 -0.269043 -0.433838 0.106934 -0.094849
0.481079 0.994629 -0.275391 -0.589111 0.164307 -0.059204
0.475708 1.014771 -0.279297 -0.742310 0.218506 -0.031616
0.497192 1.052246 -0.304810 -0.900024 0.249634 -0.015259
0.556763 1.081787 -0.314575 -1.082642 0.269287 -0.005737
0.648438 1.066895 -0.301025 -1.308594 0.314697 -0.011963
0.676025 1.027588 -0.267700 -1.541748 0.438721 -0.023926
0.657104 0.982178 -0.221313 -1.753418 0.574463 -0.051270
0.591553 0.963013 -0.182739 -1.927124 0.670166 -0.094116
0.493164 0.934326 -0.139648 -2.072876 0.723022 -0.128174
0.400391 0.901855 -0.103394 -2.215576 0.739624 -0.125366
0.286499 0.846313 -0.057495 -2.350830 0.744507 -0.085693
0.200806 0.790161 -0.008423 -2.469360 0.717896 -0.012695
0.171753 0.729858 0.052734 -2.578003 0.670776 0.079834
0.166382 0.639160 0.120483 -2.686279 0.640137 0.165771
0.259399 0.541382 0.206421 -2.780884 0.625854 0.276489
0.391602 0.428955 0.333496 -2.855103 0.700562 0.388794
0.463623 0.339478 0.471313 -2.894043 0.837646 0.459595
0.469849 0.249512 0.609131 -2.890503 0.952148 0.486328
0.490479 0.161621 0.668091 -2.845093 1.007568 0.481689
0.430542 0.078857 0.685669 -2.791138 1.058228 0.425659
0.294800 0.038330 0.681274 -2.703979 1.057373 0.365112
0.169067 0.021118 0.693604 -2.601196 0.987793 0.323242
0.085449 0.004883 0.709351 -2.502197 0.840698 0.276123
0.067017 -0.000488 0.725342 -2.426636 0.670166 0.262817
0.098267 -0.049194 0.745361 -2.388428 0.542725 0.264893
0.175659 -0.104370 0.789063 -2.374878 0.480957 0.294922
0.260498 -0.194336 0.847168 -2.373047 0.513306 0.346680
0.273438 -0.324951 0.949097 -2.378540 0.628662 0.411987
0.264038 -0.501221 1.135742 -2.324707 0.724243 0.443115
0.187988 -0.636353 1.329590 -2.165039 0.712280 0.393311
0.095093 -0.727783 1.462280 -1.907837 0.565308 0.293945
0.066406 -0.753296 1.495117 -1.594238 0.359741 0.205688
0.024414 -0.739990 1.479736 -1.283081 0.230835 0.176147
0.015503 -0.671509 1.394165 -1.002319 0.143311 0.198486
0.055786 -0.609619 1.274048 -0.786743 0.084229 0.222534
0.116821 -0.560303 1.177734 -0.632813 0.072754 0.238159
0.155151 -0.500610 1.121216 -0.523682 0.078369 0.225586
0.154663 -0.430420 1.078857 -0.465454 0.098389 0.203369
0.119263 -0.385376 1.073975 -0.438110 0.124634 0.201660
0.111816 -0.362671 1.085693 -0.409790 0.101196 0.190430
0.138672 -0.353271 1.082031 -0.367310 0.021606 0.166626
0.174561 -0.344116 1.073120 -0.312012 -0.060913 0.143311
0.219971 -0.336914 1.072388 -0.246948 -0.130737 0.118164
0.296143 -0.348022 1.063965 -0.178223 -0.164917 0.090454
0.369385 -0.346924 1.060791 -0.104736 -0.162598 0.063232
0.402588 -0.323486 1.060059 -0.051392 -0.126465 0.030518
0.380127 -0.294678 1.030884 -0.020752 -0.054932 0.023315
0.334961 -0.261230 0.995972 -0.007813 0.018677 0.032227
0.291992 -0.244141 0.960693 -0.006592 0.048462 0.028931
0.263672 -0.238037 0.935425 -0.009766 0.031006 0.011475
0.261841 -0.242554 0.917480 -0.022705 -0.013550 -0.017700
0.242798 -0.255249 0.932983 -0.046753 -0.029663 -0.034668
0.206177 -0.269409 0.955444 -0.071411 -0.025269 -0.029663
0.214478 -0.283203 0.976685 -0.093506 -0.032104 -0.022949
0.233643 -0.297119 0.997803 -0.104370 -0.030273 -0.020020
0.237671 -0.312622 1.013794 -0.111206 -0.018066 -0.022827
0.243286 -0.328125 1.025635 -0.106567 -0.006104 -0.025635
0.233154 -0.334839 1.034424 -0.087402 -0.006592 -0.032471
0.232300 -0.338745 1.031616 -0.059326 -0.009644 -0.039307
0.225464 -0.336182 1.013062 -0.031860 -0.012817 -0.047485
0.206909 -0.315918 1.002441 -0.004028 -0.018433 -0.047485
0.191528 -0.299927 0.992676 0.014771 -0.029541 -0.040039
0.197510 -0.278809 0.969849 0.023682 -0.045044 -0.029785
0.212158 -0.268188 0.960571 0.017944 -0.055664 -0.022583
0.229004 -0.260986 0.951050 0.003052 -0.045776 -0.008667
0.237305 -0.263794 0.955322 -0.015259 -0.025879 0.006836
0.260376 -0.266968 0.965942 -0.030396 -0.017456 0.018311
0.264648 -0.280151 0.982056 -0.041870 -0.010864 0.016602
0.254272 -0.283936 0.993530 -0.042847 -0.015259 0.008911
0.253784 -0.287598 0.992432 -0.033691 -0.022583 0.008179
0.250488 -0.286743 0.989136 -0.024414 -0.019043 0.012329
0.229980 -0.283569 0.984863 -0.021606 -0.016602 0.013794
0.214966 -0.274536 0.969727 -0.018311 -0.021118 0.020630
0.205444 -0.266357 0.960938 -0.023682 -0.021851 0.030884
0.196167 -0.269165 0.957642 -0.035767 -0.028687 0.041870
0.197876 -0.278809 0.967285 -0.052002 -0.035645 0.056519
0.235596 -0.296265 0.963501 -0.063599 -0.037476 0.070435
0.269409 -0.308594 0.978394 -0.073486 -0.027222 0.066284
0.275146 -0.324097 1.000366 -0.071655 -0.015137 0.044922
0.271729 -0.325806 1.020264 -0.056519 -0.018433 0.019165
0.265625 -0.325928 1.023438 -0.030762 -0.027588 0.003418
0.268066 -0.307007 1.008911 -0.004639 -0.032959 -0.005371
0.256348 -0.291748 0.992065 0.009521 -0.034302 -0.013916
0.234741 -0.277344 0.975464 0.012695 -0.036011 -0.019287
0.223877 -0.276245 0.967773 0.009155 -0.040527 -0.021362
0.222412 -0.272949 0.970215 0.000732 -0.043213 -0.019531
0.219116 -0.270874 0.958496 -0.010132 -0.045654 -0.013428
0.232666 -0.277954 0.954956 -0.021362 -0.045898 -0.001343
0.239868 -0.276978 0.956665 -0.037354 -0.039429 0.010010
0.254150 -0.280273 0.952515 -0.051270 -0.031250 0.013062
0.254028 -0.281006 0.965820 -0.062256 -0.019165 0.014526
0.257080 -0.288208 0.979858 -0.067993 -0.011963 0.012085
0.271484 -0.298584 0.985352 -0.067627 -0.012085 0.004761
0.260742 -0.305298 0.990479 -0.061768 -0.006958 -0.003540
0.231567 -0.306274 0.998657 -0.056519 -0.004395 -0.007813
0.229004 -0.303467 0.994385 -0.047852 -0.019043 -0.009644
0.236084 -0.298950 0.983521 -0.043579 -0.029419 -0.011841
