0.207275 -0.351318 0.981445 -0.036499 -0.000244 -0.013184
0.208130 -0.351074 0.979248 -0.034180 0.001343 -0.012573
0.197388 -0.349365 0.978027 -0.032959 0.007324 -0.010986
0.192505 -0.352661 0.978271 -0.029907 0.004150 -0.006470
0.199219 -0.355347 0.974731 -0.028809 -0.006836 -0.003906
0.194214 -0.351074 0.973022 -0.024658 -0.007935 0.001587
0.205566 -0.354126 0.967651 -0.023438 -0.010986 0.005127
0.233032 -0.356201 0.972900 -0.023926 -0.010132 0.004639
0.256958 -0.379272 0.979858 -0.024292 0.010742 0.000244
0.281860 -0.415771 0.994263 -0.026733 0.039551 -0.014404
0.304199 -0.468994 1.030640 -0.021240 0.057983 -0.046143
0.316650 -0.576660 1.098267 0.027710 0.055298 -0.082520
0.349121 -0.743164 1.213257 0.172607 0.019409 -0.086548
0.410522 -0.796265 1.301514 0.430054 0.039063 -0.006104
0.364136 -0.820923 1.386353 0.730591 0.119263 0.013672
0.155396 -0.824219 1.430542 1.018799 0.199585 -0.028564
0.053833 -0.845947 1.503052 1.279053 0.078613 -0.093018
0.046875 -0.838867 1.474243 1.592163 -0.133423 -0.210938
-0.017456 -0.812378 1.458008 1.900024 -0.263550 -0.332397
-0.004761 -0.822388 1.423340 2.176636 -0.438110 -0.472534
0.041626 -0.740601 1.335449 2.478516 -0.542236 -0.563110
0.015015 -0.682129 1.250366 2.714111 -0.571655 -0.624756
0.041138 -0.602661 1.118652 2.924927 -0.624023 -0.649780
-0.003540 -0.505127 1.029419 3.071167 -0.628052 -0.653442
-0.034058 -0.496704 0.973511 3.194458 -0.699097 -0.700562
0.031616 -0.492065 0.931641 3.373047 -0.877930 -0.798218
-0.009033 -0.372314 0.843872 3.589844 -1.011841 -0.841797
-0.175903 -0.169434 0.719849 3.768433 -1.051758 -0.827637
-0.246094 0.036865 0.550537 3.860107 -1.108154 -0.742798
-0.320557 0.108276 0.405518 3.880371 -1.151245 -0.662354
-0.295410 0.304932 0.177734 3.867188 -1.255127 -0.577271
-0.187500 0.382202 0.000977 3.751953 -1.311523 -0.469116
0.017578 0.352661 -0.031738 3.577026 -1.347778 -0.429810
0.152466 0.518677 -0.167480 3.424561 -1.357788 -0.407227
0.186035 0.715210 -0.233521 3.209839 -1.269043 -0.361572
0.281006 0.867432 -0.288574 2.910156 -1.146362 -0.304932
0.319824 0.993530 -0.303589 2.581665 -1.001587 -0.268555
0.285889 1.030029 -0.279053 2.236084 -0.880859 -0.231934
0.315430 1.126953 -0.343018 1.982300 -0.760498 -0.090820
0.467041 1.119751 -0.383423 1.743408 -0.622681 -0.002197
0.401855 1.172607 -0.489990 1.539795 -0.458130 0.000732
0.376221 1.164795 -0.586426 1.331787 -0.411011 -0.004639
0.419922 1.128296 -0.655762 1.131836 -0.390869 0.025757
0.450073 1.083008 -0.677124 0.916626 -0.386841 0.021606
0.601563 1.082520 -0.682495 0.727783 -0.410400 0.013916
0.618408 1.183228 -0.678101 0.536011 -0.341064 0.010132
0.615601 1.219360 -0.638794 0.290894 -0.273071 0.001099
0.646973 1.180542 -0.543335 0.028687 -0.199951 0.018555
0.606689 1.093018 -0.437988 -0.223267 -0.085938 0.008179
0.557617 1.064575 -0.367676 -0.408569 0.011353 0.018555
0.522949 1.044067 -0.309570 -0.576416 0.104004 0.039795
0.504883 1.050903 -0.293457 -0.737793 0.178589 0.052734
0.446899 1.080322 -0.277832 -0.905640 0.248779 0.052368
0.433594 1.082397 -0.273315 -1.092407 0.282349 0.030151
0.454956 1.104492 -0.292358 -1.283936 0.283325 0.004395
0.418091 1.121582 -0.287231 -1.504395 0.288452 -0.017578
0.381470 1.100098 -0.239746 -1.748779 0.292480 -0.024658
0.377441 1.056885 -0.175537 -1.976318 0.318970 0.004883
0.370361 1.034668 -0.105713 -2.171021 0.382446 0.034424
0.307861 1.020264 -0.006592 -2.349487 0.453369 0.066284
0.236084 0.944214 0.121704 -2.516357 0.493408 0.120728
0.231567 0.801270 0.224243 -2.642822 0.486206 0.187012
0.227295 0.630005 0.275635 -2.706055 0.492065 0.269653
0.210938 0.497925 0.298096 -2.712158 0.528198 0.375366
0.211670 0.433472 0.317017 -2.688965 0.560059 0.462646
0.226318 0.383057 0.357056 -2.669800 0.597656 0.535400
0.254395 0.338379 0.424805 -2.659058 0.647217 0.622559
0.286133 0.302734 0.484253 -2.661743 0.682251 0.671387
0.270020 0.261597 0.536133 -2.665771 0.667480 0.656372
0.264160 0.207764 0.543457 -2.670410 0.598022 0.642944
0.219971 0.133179 0.584229 -2.658813 0.561035 0.651123
0.210083 0.082886 0.632080 -2.634888 0.537598 0.647339
0.240601 0.034912 0.693848 -2.594727 0.501465 0.613159
0.266113 -0.022095 0.779419 -2.547852 0.471802 0.573608
0.337280 -0.082520 0.846924 -2.492554 0.441284 0.535400
0.410645 -0.157593 0.909180 -2.434937 0.457153 0.486206
0.451294 -0.241455 0.998779 -2.366821 0.546631 0.436401
0.414551 -0.350586 1.108032 -2.272583 0.652344 0.366211
0.350464 -0.437622 1.220581 -2.100220 0.668213 0.291870
0.238892 -0.479004 1.334961 -1.871460 0.579712 0.193359
0.185425 -0.525146 1.390137 -1.617798 0.401855 0.077148
0.244263 -0.520508 1.385742 -1.332275 0.232910 0.044556
0.293457 -0.523926 1.336792 -1.088867 0.180298 0.061279
0.272827 -0.484741 1.272827 -0.893555 0.185913 0.118652
0.240356 -0.442871 1.204956 -0.747803 0.183838 0.203979
0.207520 -0.418701 1.150879 -0.650024 0.158081 0.248047
0.232300 -0.406006 1.117188 -0.569092 0.114502 0.246338
0.253174 -0.385376 1.096680 -0.503418 0.094482 0.219238
0.282593 -0.377563 1.099609 -0.454346 0.094360 0.175049
0.280151 -0.391235 1.121094 -0.412231 0.098145 0.112549
0.248657 -0.386475 1.138428 -0.351807 0.085327 0.057983
0.254395 -0.381592 1.142456 -0.275146 0.060181 0.028809
0.244385 -0.354736 1.118408 -0.190186 0.046265 0.025513
0.233521 -0.327759 1.096802 -0.111816 0.035889 0.036621
0.214111 -0.306641 1.080444 -0.039917 0.008667 0.045166
0.246338 -0.290649 1.042603 0.022827 -0.034912 0.041992
0.269165 -0.259155 1.008423 0.064697 -0.058105 0.035522
0.292236 -0.229126 0.988037 0.080322 -0.073364 0.017822
0.294434 -0.208618 0.962158 0.078979 -0.077026 0.004028
0.295654 -0.188599 0.960815 0.066650 -0.069092 0.004272
0.301758 -0.188843 0.962158 0.042480 -0.060791 -0.002563
0.297852 -0.189941 0.969360 0.024536 -0.046997 0.001831
0.284912 -0.190063 0.986084 0.010986 -0.038574 0.012451
0.283813 -0.193848 0.988403 0.003418 -0.043335 0.021118
0.293579 -0.189453 0.987671 0.002075 -0.035156 0.038452
0.296021 -0.191284 0.987305 -0.002075 -0.020020 0.039795
0.282104 -0.195557 0.980591 -0.012939 -0.007202 0.034058
0.282227 -0.201904 0.978516 -0.020508 0.000488 0.030762
0.287964 -0.203003 0.977783 -0.027222 0.009277 0.015137
0.273804 -0.212646 0.983887 -0.038574 0.012573 -0.004517
0.253174 -0.216064 1.000000 -0.047363 0.014160 -0.006348
0.234375 -0.221313 1.009277 -0.052734 0.012695 0.003662
0.230957 -0.226685 1.007202 -0.051636 -0.003784 0.017212
0.234497 -0.226563 1.009888 -0.044312 -0.031250 0.031982
0.248535 -0.223145 1.003296 -0.037231 -0.052612 0.042603
0.279541 -0.215820 0.988892 -0.028687 -0.053833 0.046143
0.286499 -0.217041 0.985474 -0.029541 -0.021606 0.039795
0.266479 -0.212158 0.988770 -0.032837 -0.004272 0.025269
0.253174 -0.212769 0.990601 -0.034912 -0.013062 0.017334
0.261597 -0.216797 0.993652 -0.037476 -0.026245 0.014282
0.265869 -0.218994 0.991455 -0.038086 -0.035767 0.011475
0.262695 -0.223877 0.993652 -0.037231 -0.042236 0.013184
0.253662 -0.222656 0.994141 -0.037842 -0.051636 0.018555
0.256226 -0.218628 0.993164 -0.037598 -0.063110 0.026489
0.282837 -0.217163 0.985718 -0.040649 -0.063843 0.034424
0.286987 -0.215942 0.992432 -0.047119 -0.041504 0.035645
0.300537 -0.216187 0.990356 -0.049194 -0.030151 0.029419
0.304565 -0.213135 0.995483 -0.049072 -0.023560 0.012939
0.286987 -0.213501 0.999146 -0.052368 -0.010986 0.002808
0.282593 -0.219238 0.995117 -0.054077 -0.010254 -0.001831
0.289063 -0.222290 0.991333 -0.050293 -0.013184 -0.002930
0.276978 -0.223999 0.985229 -0.052002 -0.007080 -0.002319
0.262451 -0.234375 0.991943 -0.054688 -0.013184 -0.004028
0.243408 -0.235352 0.999756 -0.051147 -0.032959 -0.004639
0.228149 -0.232422 0.996460 -0.047363 -0.060059 -0.001831
0.238159 -0.233765 0.991821 -0.041016 -0.086792 0.010864
0.244141 -0.233887 0.988892 -0.028442 -0.095947 0.033203
0.274292 -0.236328 0.983154 -0.018066 -0.083984 0.055054
0.291626 -0.220947 0.976929 -0.005371 -0.048950 0.086670
0.295288 -0.215942 0.977783 -0.020996 -0.009033 0.093750
0.305298 -0.226440 0.987793 -0.040161 0.000000 0.065186
0.327026 -0.225708 0.985840 -0.039917 -0.013916 0.036133
0.325806 -0.223267 0.990967 -0.034546 -0.010132 0.016602
0.311646 -0.222046 0.995239 -0.029907 -0.000122 0.008179
0.287354 -0.223999 0.996338 -0.029907 0.002808 0.006226
0.270386 -0.226807 0.986450 -0.030396 -0.004639 0.009399
0.254395 -0.226807 0.985718 -0.030518 -0.020508 0.014526
0.248413 -0.226685 0.978760 -0.027344 -0.041138 0.019775
0.257690 -0.231079 0.970703 -0.026733 -0.060181 0.017456
0.277832 -0.238281 0.975342 -0.025757 -0.061768 0.013184
