0.420776 -0.449097 0.971436 0.048706 0.137451 -0.033936
0.423096 -0.464722 0.975464 0.087158 0.200806 -0.047119
0.356689 -0.464478 0.987427 0.126465 0.272095 -0.046875
0.324829 -0.503540 1.000610 0.155151 0.267700 -0.073853
0.316162 -0.541260 1.023315 0.208008 0.245361 -0.090820
0.316406 -0.596313 1.057007 0.290894 0.226929 -0.086914
0.309082 -0.662354 1.119019 0.380249 0.222656 -0.098145
0.314453 -0.726196 1.160278 0.487671 0.226440 -0.114502
0.256836 -0.800293 1.224243 0.631836 0.241089 -0.130737
0.320190 -0.850708 1.253906 0.818848 0.195801 -0.200562
0.343872 -0.876831 1.259521 1.065186 0.183350 -0.280396
0.307129 -0.830322 1.244995 1.325195 0.157959 -0.375000
0.300903 -0.789185 1.189819 1.555054 0.068481 -0.497559
0.286133 -0.733154 1.147095 1.787598 -0.027466 -0.584473
0.178955 -0.641113 1.124878 1.982788 -0.117676 -0.660889
0.055542 -0.544800 1.062500 2.144043 -0.269043 -0.745972
0.005981 -0.405273 0.976440 2.297974 -0.439575 -0.748535
0.007080 -0.304565 0.899780 2.390015 -0.563599 -0.723267
0.075439 -0.224487 0.838135 2.455322 -0.619995 -0.651123
0.136108 -0.105225 0.762573 2.506958 -0.590820 -0.547485
0.113647 -0.014893 0.712158 2.526855 -0.553833 -0.480713
0.154663 0.082520 0.650879 2.519897 -0.617676 -0.466675
0.156006 0.105957 0.656738 2.497803 -0.727539 -0.451294
0.129272 0.112793 0.700562 2.471924 -0.912231 -0.504761
0.181519 0.115723 0.735107 2.476563 -1.135742 -0.559814
0.287354 0.122070 0.713623 2.535034 -1.231445 -0.552490
0.260498 0.192749 0.668945 2.630371 -1.182251 -0.516235
0.361328 0.267578 0.577881 2.681885 -1.171021 -0.499146
0.404541 0.440308 0.471436 2.704346 -1.065796 -0.437500
0.339478 0.639771 0.356079 2.617554 -0.891357 -0.391113
0.424072 0.728027 0.265869 2.452271 -0.807861 -0.381470
0.436035 0.727539 0.274780 2.286255 -0.679077 -0.383057
0.422241 0.628174 0.334717 2.160522 -0.645142 -0.449341
0.382324 0.665283 0.321045 2.134277 -0.713379 -0.529297
0.318970 0.756226 0.245605 2.158081 -0.749756 -0.540039
0.305054 0.814697 0.170044 2.158203 -0.792969 -0.493408
0.410767 0.841553 0.052002 2.125732 -0.864014 -0.449463
0.454102 0.915283 -0.078003 2.067383 -0.799683 -0.376221
0.419067 0.962036 -0.146362 1.929199 -0.709839 -0.315063
0.421875 0.962524 -0.184448 1.741821 -0.681274 -0.274658
0.453125 0.946899 -0.201660 1.542847 -0.622192 -0.234131
0.456299 0.960693 -0.247070 1.368042 -0.527466 -0.183594
0.446167 0.952271 -0.218872 1.196167 -0.430176 -0.139282
0.445435 0.951782 -0.196655 1.053345 -0.395508 -0.115845
0.458374 1.010986 -0.241577 0.936279 -0.380127 -0.089722
0.526001 1.043457 -0.264526 0.807983 -0.350952 -0.058350
0.579712 1.072754 -0.293091 0.669434 -0.266357 -0.026123
0.541748 1.068604 -0.273804 0.504150 -0.139526 -0.001953
0.524170 0.999512 -0.210083 0.355713 -0.077271 -0.006470
0.492920 0.976807 -0.165894 0.271240 -0.057739 -0.031250
0.457031 0.995605 -0.154297 0.226318 -0.078613 -0.067871
0.477783 0.995361 -0.132446 0.187256 -0.119019 -0.093140
0.483887 1.024536 -0.168457 0.142090 -0.150879 -0.126099
0.485229 1.030518 -0.213501 0.067627 -0.135986 -0.132813
0.446289 1.028809 -0.246460 -0.025879 -0.060181 -0.099976
0.461914 0.973267 -0.225708 -0.160522 0.012329 -0.059692
0.463013 0.928833 -0.181519 -0.280151 0.084595 -0.018555
0.420288 0.912231 -0.129883 -0.353394 0.132568 0.005737
0.401855 0.928101 -0.095825 -0.386230 0.113281 0.015137
0.424927 0.948120 -0.087646 -0.414307 0.075317 0.036621
0.454468 0.967651 -0.104126 -0.458496 0.044678 0.043213
0.463379 1.002441 -0.128662 -0.520508 0.022095 0.029785
0.495361 1.027954 -0.165039 -0.634888 0.022827 0.021240
0.503540 1.074219 -0.222290 -0.788574 0.055664 0.004639
0.521851 1.103394 -0.276611 -0.978394 0.130737 0.013428
0.562012 1.106689 -0.297852 -1.202148 0.262573 0.066162
0.540039 1.098267 -0.300781 -1.434204 0.448608 0.130737
0.471558 1.064087 -0.254761 -1.664429 0.603149 0.174072
0.468994 1.014893 -0.174072 -1.862061 0.683228 0.218384
0.440796 0.962769 -0.106934 -2.010254 0.740112 0.237549
0.388550 0.915161 -0.030029 -2.107666 0.755249 0.244385
0.337524 0.857666 0.039795 -2.183838 0.729126 0.261353
0.284302 0.806763 0.100708 -2.247437 0.670044 0.291382
0.246704 0.762207 0.192017 -2.294434 0.593628 0.345825
0.214355 0.698120 0.296021 -2.337891 0.509277 0.410400
0.234131 0.642822 0.390625 -2.362183 0.425049 0.492065
0.286743 0.568359 0.495728 -2.366211 0.374146 0.566040
0.449585 0.448120 0.588257 -2.359131 0.348389 0.601807
0.641357 0.339966 0.650024 -2.341431 0.416260 0.619263
0.650391 0.259888 0.678589 -2.306030 0.577637 0.593994
0.555420 0.216797 0.717163 -2.268066 0.673950 0.543701
0.440918 0.206299 0.707397 -2.243164 0.709839 0.506226
0.322876 0.174683 0.668701 -2.217773 0.722900 0.499634
0.180786 0.161621 0.647827 -2.172852 0.707397 0.518433
0.120361 0.170654 0.638062 -2.111816 0.610718 0.541626
0.128052 0.142212 0.665894 -2.063843 0.475342 0.537109
0.156982 0.103027 0.709839 -2.020630 0.356812 0.532593
0.229492 0.067261 0.756470 -1.988647 0.282349 0.541748
0.340332 0.004272 0.793213 -1.976807 0.262695 0.568481
0.437622 -0.052490 0.833984 -1.964600 0.325439 0.637939
0.443115 -0.099976 0.861938 -1.957275 0.472290 0.729980
0.393799 -0.166260 0.909424 -1.945679 0.607910 0.786865
0.317749 -0.234253 0.956787 -1.914917 0.638550 0.782837
0.255127 -0.287842 0.994873 -1.821655 0.534546 0.739868
0.192993 -0.333008 1.046753 -1.707886 0.397583 0.671875
0.179688 -0.377930 1.091064 -1.564453 0.224609 0.596069
0.233154 -0.409790 1.102295 -1.401367 0.033691 0.506714
0.342651 -0.446289 1.079346 -1.251831 -0.127808 0.411865
0.484375 -0.487183 1.066284 -1.128540 -0.217773 0.315430
0.627441 -0.538818 1.048584 -1.028442 -0.183960 0.260254
0.618652 -0.541748 1.069092 -0.940063 0.000610 0.265259
0.535278 -0.542603 1.107666 -0.867188 0.155884 0.271851
0.423706 -0.540039 1.115479 -0.793823 0.233398 0.272095
0.346924 -0.523071 1.102051 -0.707031 0.224731 0.247437
0.319824 -0.520752 1.090332 -0.605835 0.162231 0.195801
0.304565 -0.515015 1.059204 -0.495850 0.096313 0.141479
0.288940 -0.510254 1.061035 -0.397705 0.050659 0.103516
0.293091 -0.501587 1.047974 -0.319702 0.003784 0.065674
0.315674 -0.489258 1.023682 -0.251831 -0.047974 0.026855
0.355591 -0.473877 1.003906 -0.199585 -0.070679 0.008789
0.379883 -0.451782 0.983521 -0.169556 -0.041870 0.014404
0.357544 -0.436890 0.981079 -0.158691 0.007568 0.030640
0.328979 -0.426025 0.983398 -0.146240 0.033081 0.036865
0.325806 -0.415771 0.980103 -0.121582 0.031494 0.033447
0.337402 -0.406006 0.958740 -0.094849 0.013916 0.026733
0.325195 -0.406006 0.974121 -0.072388 0.009155 0.018555
0.348999 -0.400146 0.949463 -0.048950 -0.005127 0.010376
0.383911 -0.396362 0.936035 -0.024414 0.000122 0.004517
0.383667 -0.389160 0.947266 -0.009277 0.015259 -0.009277
0.371826 -0.376953 0.946777 0.000732 0.015747 -0.022949
0.366211 -0.360596 0.931030 0.004883 0.013184 -0.024658
0.354980 -0.350464 0.918701 -0.003052 0.010254 -0.024902
0.356812 -0.351685 0.901367 -0.011597 0.008789 -0.021851
0.348022 -0.355469 0.900635 -0.018433 0.008423 -0.027100
0.330322 -0.354492 0.903442 -0.027588 -0.005493 -0.038330
0.317627 -0.348145 0.915161 -0.033081 -0.028442 -0.041748
0.315918 -0.344360 0.904663 -0.042480 -0.045288 -0.032715
0.346924 -0.350098 0.902100 -0.050293 -0.052734 -0.023926
0.376343 -0.359131 0.912231 -0.054932 -0.039307 -0.023193
0.378662 -0.362915 0.929565 -0.056763 -0.009155 -0.019653
0.369873 -0.365479 0.940308 -0.056030 0.016724 -0.013672
0.362183 -0.361450 0.948730 -0.051758 0.034546 -0.004395
0.351929 -0.361328 0.942993 -0.043213 0.041016 0.003296
0.337402 -0.362427 0.929810 -0.040527 0.038696 0.005493
0.327637 -0.360962 0.925659 -0.033691 0.033936 0.013306
0.321899 -0.363770 0.918701 -0.031372 0.032593 0.024658
0.336182 -0.372559 0.920166 -0.032837 0.033081 0.035645
0.342041 -0.374878 0.922241 -0.035645 0.041748 0.040527
0.340698 -0.386475 0.930908 -0.040161 0.051025 0.041626
0.332397 -0.390259 0.938721 -0.041382 0.048706 0.036865
0.325562 -0.391724 0.947144 -0.037354 0.033325 0.027710
0.344482 -0.396606 0.941284 -0.022949 0.013184 0.015503
0.354248 -0.385864 0.936768 -0.006104 0.014282 0.011475
0.345581 -0.372803 0.934692 0.007568 0.030762 0.011719
0.338135 -0.363281 0.935181 0.016479 0.026245 0.002563
0.338623 -0.355103 0.921021 0.019897 0.017822 0.001587
0.350952 -0.352905 0.908325 0.018066 0.021118 0.005493
0.347046 -0.345581 0.905151 0.011841 0.031860 0.005371
0.329346 -0.337646 0.907471 0.000366 0.028809 0.000732
0.314087 -0.339233 0.910156 -0.015381 0.014282 -0.004517
