0.252319 -0.294800 0.984619 -0.050903 0.009644 -0.014282
0.257568 -0.292114 0.985840 -0.047974 0.006714 -0.009277
0.267578 -0.299316 0.983765 -0.052490 0.006958 -0.015015
0.257813 -0.306152 0.992432 -0.055298 0.015625 -0.016357
0.250244 -0.308228 0.996094 -0.050903 0.019409 -0.013062
0.241577 -0.313110 0.994385 -0.042847 0.013550 -0.010986
0.244995 -0.315674 0.993652 -0.027466 0.006104 -0.007080
0.268555 -0.331665 0.995361 -0.010864 0.006226 -0.000488
0.286255 -0.349365 1.015747 0.013794 0.019287 0.001221
0.324463 -0.381592 1.027832 0.038086 0.032104 -0.011353
0.354248 -0.429321 1.059814 0.079102 0.076172 -0.014771
0.361816 -0.531494 1.177490 0.141113 0.132568 -0.027466
0.458496 -0.644165 1.274780 0.253296 0.177979 -0.056152
0.408936 -0.703247 1.379395 0.416870 0.299561 -0.088623
0.365967 -0.750488 1.436157 0.617676 0.381348 -0.117188
0.260620 -0.714600 1.414795 0.889771 0.390381 -0.160156
0.204468 -0.675049 1.353271 1.185791 0.263916 -0.228638
0.208862 -0.663208 1.310059 1.485718 0.054077 -0.319702
0.306152 -0.670044 1.254028 1.777100 -0.175171 -0.446411
0.288330 -0.714355 1.281372 2.075195 -0.274292 -0.560059
0.140259 -0.734497 1.360596 2.382690 -0.400269 -0.669067
0.104248 -0.708130 1.330688 2.707520 -0.576904 -0.727783
0.058350 -0.592041 1.261230 3.010498 -0.640503 -0.705444
0.056030 -0.513794 1.097534 3.275269 -0.574829 -0.598633
-0.051025 -0.470703 1.047363 3.457764 -0.431763 -0.505737
-0.170288 -0.371460 0.865112 3.657715 -0.504761 -0.481323
-0.228271 -0.259521 0.707153 3.815552 -0.719849 -0.481567
-0.171509 -0.164063 0.537842 3.924805 -1.009644 -0.480103
-0.275269 0.068848 0.409058 3.996826 -1.199097 -0.494751
-0.404663 0.222778 0.349731 3.947510 -1.294556 -0.479004
-0.502563 0.334106 0.256592 3.853027 -1.389648 -0.418701
-0.291626 0.316040 0.078613 3.732422 -1.496704 -0.278076
0.012085 0.358154 -0.161987 3.564453 -1.531006 -0.154175
0.224243 0.542847 -0.395386 3.383057 -1.527344 -0.106201
0.313354 0.862061 -0.552856 3.153198 -1.438965 -0.071533
0.335815 1.064819 -0.646973 2.763672 -1.215698 0.022095
0.318359 1.125244 -0.553833 2.292725 -0.966309 0.156006
0.363159 1.059448 -0.448853 1.887329 -0.807739 0.247070
0.387207 1.042969 -0.375732 1.609741 -0.719482 0.287598
0.393921 1.075684 -0.428223 1.446655 -0.690063 0.299683
0.500122 1.162476 -0.548218 1.338257 -0.692871 0.298462
0.611938 1.238159 -0.684692 1.182251 -0.633179 0.283447
0.690186 1.209961 -0.715210 0.943604 -0.533081 0.243896
0.749756 1.152466 -0.659790 0.688721 -0.453735 0.178345
0.736694 1.158569 -0.608765 0.462402 -0.367188 0.122925
0.749390 1.081299 -0.498535 0.242798 -0.271606 0.079468
0.771362 1.025391 -0.387329 0.089233 -0.174438 0.061523
0.685669 1.001099 -0.313110 -0.023682 -0.106689 0.024292
0.629883 0.980103 -0.270508 -0.134766 -0.082397 -0.015991
0.635010 0.925293 -0.202026 -0.248169 -0.050781 -0.017944
0.628906 0.897583 -0.123779 -0.353149 0.002197 -0.020264
0.527710 0.946655 -0.120972 -0.418701 0.046997 -0.045410
0.452026 1.008789 -0.145996 -0.477539 0.035522 -0.061890
0.484741 0.991943 -0.150757 -0.562988 0.006348 -0.055298
0.588379 0.996460 -0.163574 -0.654785 0.074463 -0.011719
0.558960 1.066772 -0.222656 -0.770752 0.214355 0.007324
0.621948 1.121948 -0.265381 -0.945435 0.303101 -0.002319
0.640015 1.113525 -0.284668 -1.175903 0.460449 -0.014771
0.613892 1.086670 -0.270996 -1.416382 0.613525 -0.045288
0.593140 1.038818 -0.237549 -1.640015 0.708008 -0.088623
0.539917 0.995850 -0.196533 -1.833862 0.818848 -0.104980
0.412231 0.923828 -0.106323 -2.006226 0.903442 -0.122803
0.345215 0.823975 0.009766 -2.131104 0.907227 -0.126709
0.350586 0.759399 0.167480 -2.181641 0.837769 -0.111694
0.324585 0.749878 0.301392 -2.161987 0.746582 -0.098999
0.313477 0.740234 0.401855 -2.098633 0.635132 -0.076538
0.356079 0.707764 0.399780 -2.036743 0.528809 -0.050659
0.342651 0.680420 0.313232 -2.012695 0.504272 -0.003662
0.331787 0.647705 0.256104 -2.048584 0.551147 0.047974
0.290527 0.587158 0.265869 -2.152588 0.608887 0.054932
0.281006 0.502319 0.337036 -2.261475 0.645142 0.075317
0.301880 0.445923 0.408325 -2.344971 0.683594 0.123291
0.259399 0.429199 0.440308 -2.416626 0.744141 0.171997
0.208862 0.405640 0.461914 -2.488892 0.777710 0.232300
0.173828 0.360840 0.457520 -2.570313 0.797119 0.279907
0.131226 0.315796 0.435181 -2.655273 0.777710 0.315918
0.094971 0.240112 0.446655 -2.733276 0.716553 0.344238
0.046631 0.165039 0.490479 -2.799805 0.641479 0.349731
0.053101 0.087280 0.533936 -2.854980 0.535156 0.378296
0.086548 -0.029419 0.606323 -2.907593 0.463867 0.419556
0.119873 -0.153564 0.678833 -2.937988 0.420654 0.450684
0.236816 -0.283813 0.739990 -2.931641 0.422485 0.528442
0.442993 -0.472290 0.888184 -2.895020 0.547852 0.613892
0.384644 -0.600342 1.070068 -2.802246 0.787109 0.659790
0.185181 -0.668823 1.236572 -2.611328 0.923462 0.659790
0.020264 -0.803833 1.410278 -2.333374 0.818604 0.590698
-0.097534 -0.917603 1.595947 -1.934448 0.439453 0.382080
-0.092285 -0.953857 1.674194 -1.450439 -0.114990 0.122803
0.055298 -0.916992 1.627808 -0.965454 -0.579834 -0.042358
0.306763 -0.871460 1.495850 -0.570190 -0.740967 -0.084961
0.488525 -0.773071 1.337280 -0.317383 -0.590332 -0.058960
0.531372 -0.646973 1.198975 -0.201782 -0.290161 0.005005
0.399780 -0.517944 1.145264 -0.181030 0.004150 0.055664
0.245239 -0.437134 1.082397 -0.174316 0.139526 0.066162
0.180298 -0.370850 1.052002 -0.152710 0.180420 0.092407
0.171021 -0.318970 1.007935 -0.129883 0.164673 0.102661
0.186890 -0.277466 0.990479 -0.113892 0.136108 0.104614
0.208740 -0.264404 0.980591 -0.124634 0.097046 0.082275
0.228638 -0.260742 0.971313 -0.128418 0.052124 0.052002
0.261597 -0.257324 0.956177 -0.116333 0.039673 0.057739
0.289429 -0.252563 0.951294 -0.115112 0.063477 0.081177
0.289917 -0.244873 0.943115 -0.127563 0.113403 0.097778
0.270142 -0.239624 0.935669 -0.139038 0.150635 0.109009
0.255615 -0.236694 0.935425 -0.149048 0.142822 0.097290
0.251221 -0.250122 0.945068 -0.155396 0.100220 0.071777
0.252930 -0.266479 0.965088 -0.153076 0.064453 0.059937
0.245239 -0.276367 0.962646 -0.149658 0.036377 0.058105
0.248413 -0.291260 0.951660 -0.147461 0.007080 0.052734
0.255493 -0.302612 0.951904 -0.151855 -0.011108 0.047974
0.262207 -0.330200 0.973999 -0.159302 -0.012329 0.042969
0.238037 -0.340332 1.000732 -0.164795 -0.002319 0.030518
0.211060 -0.368164 1.027832 -0.168091 -0.003906 0.010498
0.176636 -0.382446 1.054321 -0.156372 -0.019653 0.001953
0.148560 -0.389648 1.059814 -0.131958 -0.059692 -0.004883
0.130005 -0.376343 1.057007 -0.105347 -0.122559 -0.015869
0.114624 -0.361328 1.046875 -0.095337 -0.201050 -0.032715
0.143433 -0.341675 1.012695 -0.115479 -0.299072 -0.059937
0.293579 -0.359375 0.951904 -0.126343 -0.350952 -0.068481
0.373047 -0.340942 0.923584 -0.109619 -0.241455 -0.043579
0.365356 -0.331177 0.940918 -0.085571 -0.076538 -0.010132
0.350220 -0.321289 0.951782 -0.065186 0.035156 0.008667
0.309082 -0.321777 0.963013 -0.049072 0.090698 0.005615
0.273438 -0.324951 0.970947 -0.035034 0.100708 0.001099
0.255737 -0.322266 0.959106 -0.018433 0.073975 0.000732
0.240967 -0.318970 0.947754 -0.010620 0.036621 -0.004150
0.211548 -0.314941 0.940918 -0.008179 0.008301 0.004150
0.201172 -0.312500 0.930664 -0.016968 -0.018799 0.025757
0.229248 -0.320068 0.925537 -0.035889 -0.036255 0.038940
0.250854 -0.337891 0.930542 -0.054199 -0.012573 0.053711
0.240601 -0.347778 0.959717 -0.069092 0.021362 0.053955
0.226929 -0.361938 0.991455 -0.064575 0.026123 0.045288
0.227173 -0.362061 1.001831 -0.047729 0.013062 0.036865
0.238647 -0.362549 1.004272 -0.032471 -0.015381 0.017090
0.236694 -0.339722 0.986450 -0.014648 -0.033936 0.008057
0.236328 -0.329346 0.965210 -0.008789 -0.052246 0.003540
0.232422 -0.325806 0.947632 -0.010986 -0.063354 0.006104
0.251221 -0.322754 0.934937 -0.020874 -0.057861 0.011230
0.263184 -0.326782 0.928955 -0.025024 -0.033813 0.021973
0.260254 -0.328857 0.947144 -0.038574 -0.004395 0.026611
0.274536 -0.340210 0.951294 -0.050537 0.015381 0.023315
0.281738 -0.341187 0.978394 -0.054810 0.037231 0.004272
0.290649 -0.359863 1.000366 -0.062134 0.050537 -0.030029
0.278564 -0.360962 1.005981 -0.055298 0.076294 -0.054077
0.268677 -0.367310 1.000732 -0.028076 0.078247 -0.064941
0.245972 -0.366089 0.989624 -0.002686 0.067871 -0.072998
0.215332 -0.351807 0.981445 0.033081 0.046753 -0.055908
0.205078 -0.341309 0.961060 0.053711 0.025391 -0.022339
0.187134 -0.330200 0.952148 0.057617 0.018311 0.012817
0.188721 -0.324341 0.944458 0.053101 0.001831 0.043457
0.200317 -0.321899 0.944336 0.050293 -0.016724 0.071411
