0.191772 -0.448120 1.064941 -0.367188 0.020264 0.097046
0.192261 -0.514404 1.108032 -0.272583 -0.035278 0.077271
0.220093 -0.557617 1.152954 -0.144531 -0.092773 0.039673
0.234131 -0.632935 1.215942 -0.009277 -0.137451 -0.014648
0.255127 -0.717896 1.302856 0.149658 -0.198730 -0.100952
0.367554 -0.791870 1.383789 0.361328 -0.240479 -0.176880
0.422852 -0.808350 1.442749 0.587402 -0.136230 -0.199707
0.337524 -0.814209 1.473389 0.784180 0.034790 -0.220215
0.290527 -0.866089 1.461304 1.006836 0.121704 -0.248535
0.254883 -0.883789 1.441772 1.297363 0.098877 -0.321045
0.199585 -0.920410 1.412720 1.650391 -0.059326 -0.508301
0.141479 -0.956421 1.401367 2.053223 -0.371826 -0.766357
0.204956 -0.951172 1.343506 2.501587 -0.709106 -0.993530
0.286255 -0.901123 1.303345 2.930298 -0.838135 -1.098389
0.138916 -0.783813 1.206055 3.274780 -0.804688 -1.126709
0.148926 -0.772705 1.124878 3.538818 -0.790649 -1.102417
0.110229 -0.692871 1.005127 3.819824 -0.727783 -1.051270
-0.023682 -0.575195 0.851196 3.999878 -0.704590 -1.030640
-0.116455 -0.450439 0.673340 3.999878 -0.814209 -1.009888
-0.066895 -0.345337 0.517212 3.999878 -1.002686 -0.996338
-0.156860 -0.149292 0.313354 3.999878 -1.134155 -0.990234
-0.243896 0.046997 0.174683 3.999878 -1.231812 -1.019165
-0.215332 0.278809 -0.126343 3.999878 -1.276855 -0.907471
-0.307617 0.447876 -0.312500 3.999878 -1.198975 -0.785767
-0.267822 0.509033 -0.552856 3.999878 -1.201294 -0.662231
-0.121338 0.679077 -0.840332 3.999878 -1.173340 -0.482910
-0.008179 0.839355 -0.971313 3.644409 -1.078979 -0.309937
0.085449 0.992432 -0.990479 3.116089 -0.911743 -0.074463
0.154053 1.089355 -0.851685 2.557495 -0.734375 0.156250
0.292725 1.091797 -0.670288 2.030884 -0.611450 0.317993
0.585815 1.094482 -0.501709 1.633789 -0.474487 0.441284
0.663940 1.117065 -0.455078 1.383423 -0.340942 0.409912
0.725342 1.149536 -0.477905 1.254150 -0.331909 0.317627
0.717407 1.173462 -0.598877 1.156738 -0.327637 0.221802
0.748413 1.155273 -0.719360 1.024780 -0.298950 0.154053
0.712646 1.162842 -0.810425 0.835083 -0.213989 0.087280
0.578613 1.117432 -0.774414 0.571899 -0.110352 -0.001099
0.469604 1.066895 -0.706055 0.330566 -0.066406 -0.071777
0.380493 1.042725 -0.648560 0.147339 -0.056885 -0.087402
0.354004 1.059692 -0.625854 -0.012451 -0.067505 -0.050293
0.428955 1.081299 -0.602173 -0.179321 -0.062622 0.019897
0.536133 1.097900 -0.548096 -0.366699 -0.003052 0.069092
0.555298 1.114014 -0.478882 -0.558105 0.084106 0.043823
0.529785 1.118652 -0.435791 -0.737671 0.162842 0.016479
0.489746 1.084961 -0.392822 -0.900513 0.223389 0.010010
0.536865 1.034180 -0.351074 -1.039185 0.247070 -0.008057
0.540527 1.039063 -0.357788 -1.164673 0.267822 -0.056152
0.522217 1.084717 -0.398682 -1.302490 0.288452 -0.105469
0.456055 1.093140 -0.426514 -1.497559 0.330688 -0.139526
0.458130 1.098267 -0.477661 -1.756226 0.385620 -0.137207
0.385986 1.038940 -0.480469 -2.062622 0.479370 -0.114624
0.287231 0.956909 -0.446167 -2.354248 0.576538 -0.053467
0.240112 0.898926 -0.449707 -2.592529 0.638550 0.054565
0.133667 0.840454 -0.392944 -2.814331 0.728394 0.207520
0.063599 0.777222 -0.337646 -3.031860 0.802734 0.380737
0.069214 0.726074 -0.251831 -3.216064 0.846680 0.563232
0.141846 0.666870 -0.119507 -3.379395 0.862305 0.642578
0.239990 0.577148 0.041138 -3.509644 0.821411 0.594971
0.365234 0.480469 0.250977 -3.605225 0.720459 0.525879
0.571533 0.366943 0.405518 -3.654297 0.616211 0.441895
0.652222 0.158569 0.451538 -3.657349 0.669922 0.346802
0.538452 -0.017090 0.438232 -3.600586 0.853271 0.340332
0.280151 -0.091187 0.431152 -3.513916 1.055664 0.408936
-0.006592 -0.136597 0.486206 -3.397705 1.144165 0.497925
-0.142334 -0.229736 0.567505 -3.259155 1.060547 0.556763
-0.112671 -0.386597 0.737793 -3.065552 0.830566 0.541504
-0.006104 -0.500854 0.971436 -2.818359 0.513184 0.416626
0.156982 -0.520508 1.153809 -2.531616 0.210327 0.300781
0.320923 -0.484497 1.278198 -2.259888 0.064941 0.257935
0.394287 -0.447144 1.332031 -2.048340 0.110229 0.259399
0.432007 -0.426636 1.304077 -1.903076 0.243042 0.313843
0.418945 -0.562500 1.341797 -1.778564 0.388916 0.333252
0.283569 -0.715454 1.463257 -1.556885 0.350830 0.179810
0.200317 -0.744507 1.560669 -1.192139 0.084717 -0.035522
0.177734 -0.692383 1.627441 -0.803711 -0.189819 -0.192017
0.259644 -0.624390 1.592896 -0.467896 -0.342651 -0.235840
0.382080 -0.572998 1.458862 -0.230469 -0.274048 -0.162964
0.353027 -0.466309 1.307251 -0.066772 -0.062622 -0.018066
0.289795 -0.361206 1.156738 -0.015625 0.107178 0.054932
0.214722 -0.269653 1.015869 -0.003662 0.201050 0.098389
0.182617 -0.194824 0.913940 -0.017212 0.227539 0.130981
0.190063 -0.145630 0.875244 -0.066895 0.218262 0.143311
0.205688 -0.130981 0.872925 -0.133911 0.202515 0.154663
0.249023 -0.132080 0.904053 -0.195435 0.148438 0.145142
0.290649 -0.138062 0.953369 -0.235718 0.084351 0.123291
0.331665 -0.145142 0.985840 -0.256836 0.049927 0.110962
0.398682 -0.135498 1.001709 -0.260864 0.055298 0.102051
0.426270 -0.133667 1.006836 -0.259033 0.095337 0.093872
0.413086 -0.126221 1.003784 -0.249023 0.133423 0.084229
0.384888 -0.136353 1.014038 -0.232788 0.122803 0.049194
0.366455 -0.145630 1.003906 -0.209351 0.086060 0.004517
0.357666 -0.152344 0.991211 -0.166382 0.057251 -0.026489
0.317627 -0.166870 0.997314 -0.144775 0.052490 -0.049805
0.279785 -0.171875 1.000366 -0.136719 0.044189 -0.060425
0.244995 -0.178101 0.993530 -0.140503 0.041016 -0.061279
0.233521 -0.177734 0.986328 -0.143066 0.036865 -0.047729
0.210938 -0.186401 0.994629 -0.156250 0.053345 -0.018921
0.196411 -0.192749 0.993286 -0.170410 0.069336 0.018066
0.208252 -0.204102 0.998413 -0.184448 0.070068 0.038086
0.229126 -0.224365 1.019165 -0.195679 0.046753 0.022217
0.247192 -0.236206 1.039063 -0.199097 0.016479 -0.015747
0.282471 -0.257446 1.057007 -0.196777 -0.018066 -0.077881
0.310669 -0.267578 1.068726 -0.179810 -0.041748 -0.139282
0.322510 -0.258911 1.064941 -0.148926 -0.046753 -0.177124
0.318604 -0.228882 1.031128 -0.117065 -0.032227 -0.175415
0.310547 -0.220337 0.989990 -0.095947 -0.004639 -0.160400
0.275513 -0.200684 0.970215 -0.066650 0.024414 -0.112061
0.246216 -0.180664 0.957153 -0.051025 0.032471 -0.065674
0.235718 -0.170044 0.939819 -0.049683 0.015869 -0.035889
0.253540 -0.161621 0.944458 -0.059937 0.000366 -0.012817
0.268311 -0.167358 0.949707 -0.077393 -0.006592 0.003662
0.267578 -0.180176 0.968994 -0.092773 -0.008545 0.015625
0.286011 -0.193970 0.981323 -0.102539 -0.014893 0.018188
0.317627 -0.206665 0.996216 -0.116455 -0.018188 -0.005127
0.318237 -0.216919 1.006104 -0.127075 -0.008179 -0.037354
0.313599 -0.220825 1.010620 -0.127563 0.008667 -0.049316
0.310059 -0.227539 1.007690 -0.122803 0.027832 -0.041992
0.291016 -0.233154 0.999023 -0.117188 0.040771 -0.039673
0.241211 -0.241455 1.004150 -0.110352 0.042236 -0.049805
0.196289 -0.232910 0.994263 -0.091919 0.028198 -0.041504
0.197144 -0.236694 0.979126 -0.073120 -0.007202 -0.027100
0.222900 -0.231445 0.965454 -0.060181 -0.025391 0.002075
0.237671 -0.226563 0.960815 -0.061768 -0.021729 0.027588
0.245605 -0.229980 0.973633 -0.062378 -0.022705 0.043579
0.261841 -0.238037 0.984619 -0.060303 -0.037476 0.040894
0.280518 -0.244995 1.007813 -0.051392 -0.056641 0.030640
0.290771 -0.255493 1.015503 -0.036621 -0.075562 0.020874
0.303833 -0.256104 1.015503 -0.027344 -0.074585 0.017822
0.301147 -0.253906 1.020142 -0.013428 -0.068604 0.014771
0.300781 -0.256104 1.020020 -0.001343 -0.060425 0.005493
0.302002 -0.255005 1.017334 0.007568 -0.060303 -0.013428
0.282959 -0.257446 1.023071 0.023560 -0.063599 -0.030518
0.260986 -0.255615 1.023193 0.045898 -0.065674 -0.033569
0.234497 -0.255737 1.018799 0.065918 -0.069702 -0.030273
0.192383 -0.253418 1.006104 0.085693 -0.081787 -0.023804
0.167114 -0.249756 0.987671 0.105713 -0.114624 -0.017944
0.167603 -0.231934 0.977539 0.120972 -0.152832 -0.010132
0.161255 -0.216431 0.968018 0.126709 -0.182495 0.009277
0.172729 -0.199219 0.967041 0.129517 -0.212891 0.038086
0.229858 -0.186035 0.968384 0.133667 -0.246704 0.067505
0.324341 -0.176270 0.972900 0.128418 -0.269287 0.083252
0.436157 -0.171753 0.969482 0.112305 -0.250122 0.076904
0.483032 -0.160278 0.978149 0.087524 -0.180054 0.056519
0.473633 -0.151733 0.989502 0.058716 -0.105713 0.036255
0.458496 -0.142700 0.984985 0.035278 -0.050415 0.014404
0.425659 -0.146240 0.983765 0.013550 -0.004761 -0.011841
0.395142 -0.139282 0.962769 0.004761 0.018311 -0.028442
0.377808 -0.141235 0.932129 -0.006958 0.008057 -0.055786
0.340698 -0.149658 0.933228 -0.031250 0.012207 -0.073486
0.306274 -0.156006 0.946777 -0.058228 0.026733 -0.069580
