0.345459 -0.376465 0.903198 -0.000854 0.019409 -0.020996
0.338379 -0.382080 0.909058 -0.006714 0.033569 -0.020874
0.342896 -0.393921 0.913696 -0.006592 0.039551 -0.026978
0.343506 -0.408081 0.926514 0.000488 0.052368 -0.033936
0.335327 -0.420654 0.941650 0.017700 0.080322 -0.033569
0.346558 -0.464722 0.964111 0.043579 0.104248 -0.032959
0.349243 -0.530762 1.044189 0.100098 0.133179 -0.035156
0.364380 -0.590332 1.101196 0.187256 0.159790 -0.043091
0.351807 -0.646606 1.157104 0.298584 0.203735 -0.055786
0.321289 -0.678101 1.190063 0.445557 0.230103 -0.067505
0.333984 -0.681763 1.192749 0.600342 0.215088 -0.105591
0.371216 -0.681396 1.154785 0.737671 0.208496 -0.163086
0.381226 -0.684448 1.168457 0.873657 0.246216 -0.187256
0.458984 -0.683105 1.161133 0.993164 0.233276 -0.233398
0.456055 -0.614502 1.123047 1.122803 0.292969 -0.269653
0.352051 -0.545044 1.097412 1.230713 0.382446 -0.262695
0.317993 -0.505371 1.057739 1.305908 0.371948 -0.273682
0.268799 -0.473511 1.040649 1.402100 0.344727 -0.311401
0.252563 -0.523193 1.070068 1.540283 0.306885 -0.340454
0.232300 -0.611816 1.169556 1.747559 0.270386 -0.390137
0.108765 -0.668823 1.284790 2.025391 0.201904 -0.491821
-0.135254 -0.659424 1.301392 2.339722 0.058960 -0.587891
-0.258545 -0.611816 1.254028 2.653320 -0.265503 -0.662354
-0.315674 -0.521851 1.109497 2.944214 -0.587524 -0.691162
-0.225342 -0.304199 0.855103 3.177490 -0.859985 -0.651001
-0.113525 -0.125610 0.602783 3.279541 -0.930298 -0.506470
-0.107666 0.098999 0.423950 3.276733 -0.876221 -0.381592
-0.010620 0.241455 0.304688 3.180054 -0.860107 -0.288330
-0.021484 0.295654 0.358887 3.005249 -0.849243 -0.247070
0.023804 0.349609 0.436768 2.852295 -0.929810 -0.244141
0.089600 0.449463 0.461182 2.757202 -0.935547 -0.184204
0.020020 0.559082 0.471680 2.691528 -0.884277 -0.130493
0.193237 0.633057 0.411865 2.647217 -0.983765 -0.083862
0.340332 0.692993 0.367676 2.585449 -1.005493 -0.020996
0.378174 0.723633 0.362793 2.474854 -0.992554 0.002686
0.406494 0.758057 0.334106 2.373047 -1.013794 -0.009033
0.423828 0.794556 0.285767 2.298340 -1.031006 -0.030884
0.460571 0.781494 0.238647 2.224976 -1.046143 -0.055054
0.483521 0.851563 0.097656 2.167114 -1.035400 -0.092163
0.471680 0.905151 -0.030884 2.064941 -0.967896 -0.109985
0.449829 0.807129 -0.007935 1.915649 -0.935303 -0.141113
0.422485 0.812622 -0.055786 1.813477 -0.918823 -0.160156
0.383423 0.844604 -0.129028 1.698730 -0.848633 -0.133789
0.448975 0.838501 -0.154053 1.567017 -0.812622 -0.081665
0.497314 0.867920 -0.191162 1.431274 -0.748779 -0.056519
0.537720 0.940918 -0.254883 1.286865 -0.651489 -0.021973
0.541138 1.014648 -0.297119 1.112549 -0.515747 0.021729
0.637695 0.997437 -0.282959 0.929810 -0.415649 0.048218
0.617798 1.031006 -0.245483 0.798584 -0.339722 0.031006
0.578003 1.062866 -0.249146 0.674194 -0.287231 0.014282
0.581299 1.027588 -0.214478 0.559570 -0.257813 0.008545
0.586548 1.017944 -0.216431 0.482666 -0.259033 -0.037720
0.547119 1.004395 -0.244751 0.389893 -0.227051 -0.073730
0.519287 0.989380 -0.243408 0.291748 -0.180054 -0.083618
0.452271 0.974243 -0.224609 0.205688 -0.154541 -0.103882
0.441528 0.977051 -0.247559 0.125244 -0.146362 -0.092407
0.500000 0.985962 -0.280518 0.030884 -0.108276 -0.046509
0.574463 1.015625 -0.290649 -0.076050 -0.040527 -0.011597
0.568848 1.060059 -0.291748 -0.196655 0.038818 -0.028442
0.571411 1.078369 -0.285889 -0.329834 0.105103 -0.062744
0.552124 1.022705 -0.231689 -0.460205 0.156006 -0.094116
0.536621 0.937622 -0.147705 -0.538574 0.169556 -0.112305
0.492554 0.897949 -0.080811 -0.557251 0.151978 -0.128662
0.469849 0.885254 -0.038818 -0.550537 0.114502 -0.132935
0.453491 0.912720 -0.047729 -0.557617 0.083618 -0.135498
0.422974 0.960327 -0.084473 -0.612061 0.081665 -0.125854
0.422607 1.002441 -0.145386 -0.726807 0.094849 -0.104858
0.423218 1.054810 -0.220947 -0.898682 0.124390 -0.086670
0.438110 1.076782 -0.273682 -1.132568 0.172241 -0.065308
0.484009 1.052124 -0.279785 -1.386230 0.269531 -0.009033
0.567505 0.999512 -0.241577 -1.625000 0.419556 0.050537
0.559326 0.981812 -0.191650 -1.823608 0.580200 0.078247
0.489990 0.983032 -0.130249 -1.984985 0.686279 0.082642
0.443970 0.962769 -0.062134 -2.116455 0.732178 0.094849
0.386230 0.931152 -0.024536 -2.223511 0.745850 0.109497
0.283691 0.887329 0.037598 -2.314453 0.745361 0.138916
0.189087 0.834839 0.109741 -2.397339 0.689453 0.178223
0.157471 0.767700 0.167480 -2.468872 0.596436 0.235840
0.164795 0.690308 0.246216 -2.531982 0.527954 0.295776
0.231201 0.611572 0.318481 -2.578979 0.469971 0.359375
0.323853 0.506226 0.430298 -2.623047 0.459839 0.414063
0.426147 0.397217 0.525879 -2.638794 0.479370 0.446411
0.536011 0.290771 0.624512 -2.608887 0.527832 0.448975
0.553589 0.215088 0.680298 -2.548218 0.632080 0.441162
0.457886 0.184570 0.694946 -2.474731 0.764771 0.456543
0.305298 0.156860 0.689087 -2.412476 0.850952 0.477905
0.171021 0.126465 0.672974 -2.351440 0.841187 0.487427
0.087891 0.077759 0.671997 -2.298218 0.765869 0.513550
0.100952 0.022949 0.693848 -2.252686 0.645264 0.544800
0.111328 -0.004639 0.730835 -2.214600 0.519043 0.554321
0.172729 -0.040894 0.774536 -2.193237 0.389282 0.558838
0.310669 -0.113892 0.830322 -2.192261 0.293335 0.554321
0.482910 -0.219116 0.891846 -2.194702 0.301025 0.526978
0.527832 -0.313965 0.956543 -2.170776 0.458252 0.524902
0.458374 -0.437500 1.088745 -2.095703 0.671631 0.529541
0.314941 -0.574463 1.292358 -1.932617 0.736328 0.436890
0.181030 -0.669312 1.474121 -1.659790 0.570068 0.255249
0.119995 -0.703247 1.571167 -1.297974 0.279907 0.074097
0.153442 -0.633301 1.536255 -0.904663 0.020996 -0.030518
0.204712 -0.485596 1.370483 -0.578247 -0.080811 -0.041626
0.250122 -0.288452 1.118408 -0.390137 -0.017334 0.032959
0.264160 -0.098267 0.844116 -0.375854 0.154175 0.183105
0.227417 0.015869 0.686035 -0.506104 0.368530 0.330566
0.187988 0.017822 0.648438 -0.699951 0.479004 0.395386
0.170288 -0.071167 0.728516 -0.891968 0.469971 0.385010
0.154785 -0.221313 0.887939 -1.009644 0.355713 0.305420
0.155396 -0.361816 1.068359 -1.024414 0.153442 0.156738
0.260010 -0.539307 1.219971 -0.967773 -0.046143 0.009399
0.368408 -0.672607 1.316406 -0.838501 -0.120239 -0.052246
0.391968 -0.691406 1.337769 -0.650879 -0.025391 -0.017456
0.337280 -0.652344 1.299683 -0.458618 0.126953 0.054443
0.248169 -0.579834 1.220947 -0.287354 0.210938 0.080078
0.183960 -0.500610 1.123413 -0.144409 0.173950 0.052246
0.151245 -0.418457 1.027466 -0.044067 0.086426 0.013794
0.133545 -0.332397 0.944824 0.007446 0.001831 -0.017944
0.138062 -0.286133 0.888062 0.007080 -0.067749 -0.027710
0.186768 -0.268433 0.873535 -0.026489 -0.107178 -0.016968
0.259888 -0.259766 0.879150 -0.073242 -0.108643 0.001099
0.317261 -0.264404 0.909546 -0.126831 -0.045288 0.035767
0.296997 -0.265503 0.948120 -0.172363 0.046387 0.067627
0.255737 -0.281616 0.993652 -0.191162 0.099487 0.079712
0.236816 -0.315918 1.026245 -0.185425 0.090088 0.072510
0.239380 -0.341187 1.036133 -0.155762 0.040649 0.054565
0.241333 -0.377563 1.029663 -0.123291 -0.005859 0.030884
0.245728 -0.395386 1.015259 -0.085571 -0.029785 0.016235
0.247559 -0.417969 1.011353 -0.052612 -0.030396 0.000488
0.254395 -0.410767 1.014282 -0.023682 -0.018066 -0.009277
0.223267 -0.397339 1.025635 0.001831 -0.000488 -0.018555
0.202637 -0.376221 1.020630 0.026001 -0.012573 -0.020752
0.198486 -0.353638 1.004883 0.046265 -0.051270 -0.025513
0.197754 -0.323730 0.975952 0.057739 -0.089600 -0.029785
0.199585 -0.297485 0.957275 0.057129 -0.117310 -0.024902
0.205933 -0.285034 0.941162 0.040039 -0.136963 -0.018066
0.249268 -0.275269 0.907471 0.020508 -0.152466 -0.005859
0.308228 -0.281128 0.904297 -0.003540 -0.118042 0.012939
0.336670 -0.293579 0.922119 -0.035767 -0.049072 0.020508
0.335693 -0.301025 0.954102 -0.055420 0.000122 0.012939
0.327393 -0.312866 0.975464 -0.062744 0.017578 -0.010376
0.308350 -0.320068 0.985229 -0.056274 0.012329 -0.037231
0.272217 -0.324951 0.976685 -0.043823 0.007690 -0.055420
0.240479 -0.320923 0.966431 -0.032593 -0.003906 -0.062988
0.211792 -0.312012 0.949463 -0.027588 -0.024658 -0.064941
0.186035 -0.298096 0.938354 -0.034790 -0.037109 -0.047974
0.169067 -0.285645 0.921021 -0.052490 -0.039185 -0.015381
0.154175 -0.282227 0.917114 -0.081055 -0.040649 0.022339
0.184326 -0.303223 0.926025 -0.110229 -0.044678 0.055420
0.225708 -0.326416 0.947266 -0.132446 -0.044922 0.071899
0.284546 -0.354004 0.983887 -0.145630 -0.036743 0.073364
0.315430 -0.385742 1.025757 -0.138428 -0.007324 0.049316
0.316162 -0.417358 1.066162 -0.098755 0.009277 0.005005
