0.192139 -0.116699 0.980713 -0.015869 -0.024414 -0.016968
0.186768 -0.110718 0.961792 -0.022827 -0.016724 -0.015625
0.176514 -0.097046 0.926270 -0.030273 -0.010498 -0.015991
0.180054 -0.096924 0.872437 -0.038696 -0.013428 -0.022461
0.168213 -0.109863 0.814453 -0.057129 -0.019165 -0.032837
0.160400 -0.147827 0.757690 -0.101807 -0.023193 -0.029663
0.086670 -0.183350 0.722290 -0.120239 -0.017090 -0.036133
0.048096 -0.198730 0.674316 -0.119629 -0.029663 -0.029663
0.000122 -0.228271 0.625122 -0.142334 -0.071777 -0.025757
0.003662 -0.262451 0.598145 -0.166138 -0.135376 -0.010376
0.026733 -0.267944 0.574097 -0.185181 -0.191040 0.001953
0.098999 -0.247314 0.587402 -0.202637 -0.249878 0.006470
0.199097 -0.227783 0.605957 -0.216553 -0.307373 -0.001465
0.286133 -0.203003 0.603882 -0.225098 -0.330566 -0.015991
0.343384 -0.170410 0.593750 -0.240601 -0.318237 -0.030640
0.362427 -0.148804 0.597046 -0.280762 -0.263306 -0.035156
0.320190 -0.154297 0.622437 -0.335083 -0.186523 -0.031616
0.290283 -0.179443 0.641113 -0.387451 -0.130005 -0.027222
0.221191 -0.212769 0.676147 -0.432739 -0.089478 -0.030151
0.126953 -0.262695 0.717773 -0.467163 -0.055176 -0.011108
0.078125 -0.284058 0.766113 -0.499023 -0.045288 0.025635
0.047729 -0.328491 0.825562 -0.537231 -0.083008 0.045044
0.205933 -0.365845 0.904419 -0.557983 -0.169800 0.057373
0.268066 -0.410278 1.031372 -0.567871 -0.197998 0.040894
0.267944 -0.425537 1.148193 -0.546753 -0.186523 0.029419
0.254883 -0.413452 1.238281 -0.502197 -0.183350 0.020630
0.267212 -0.401001 1.308594 -0.451782 -0.193115 0.018433
0.331177 -0.361328 1.354736 -0.400024 -0.191528 0.019043
0.335083 -0.340576 1.392700 -0.346191 -0.167847 0.002563
0.315796 -0.304199 1.395264 -0.311279 -0.121948 0.015991
0.343140 -0.289185 1.381470 -0.304810 -0.123657 0.022827
0.438721 -0.257935 1.391724 -0.297119 -0.152832 0.002075
0.441162 -0.270386 1.421875 -0.290405 -0.148438 -0.028442
0.411621 -0.243774 1.396851 -0.276001 -0.065796 -0.016968
0.439697 -0.277710 1.390137 -0.264404 -0.049438 -0.040161
0.396118 -0.297974 1.374756 -0.245850 0.000732 -0.055420
0.313721 -0.320557 1.371948 -0.236328 0.037354 -0.052368
0.249634 -0.342041 1.349243 -0.193970 0.040039 -0.042603
0.234863 -0.367676 1.339966 -0.135620 0.000854 -0.036133
0.273682 -0.381226 1.323975 -0.071411 -0.039429 -0.028442
0.303711 -0.393799 1.322144 -0.014893 -0.058960 -0.026245
0.320068 -0.359741 1.293457 0.041382 -0.069458 -0.031128
0.370483 -0.311523 1.239136 0.074707 -0.080200 -0.035767
0.401978 -0.290283 1.239990 0.070557 -0.035522 -0.023193
0.395630 -0.278198 1.266968 0.049561 0.040649 -0.001099
0.385010 -0.303955 1.329224 0.031982 0.090454 0.008789
0.340210 -0.342773 1.391968 0.039917 0.126099 0.013306
0.298706 -0.378418 1.431885 0.072876 0.135376 0.018433
0.296021 -0.410889 1.461304 0.129028 0.112549 0.013306
0.281616 -0.430664 1.483887 0.195801 0.076172 -0.006592
0.303345 -0.433228 1.491211 0.274048 0.036377 -0.027832
0.313965 -0.419678 1.477051 0.351563 0.020630 -0.040649
0.318481 -0.391357 1.429443 0.414307 0.022339 -0.041748
0.350342 -0.360596 1.368896 0.445801 0.024658 -0.041992
0.394653 -0.342896 1.328247 0.450562 0.040039 -0.046265
0.369995 -0.333008 1.300781 0.438843 0.091553 -0.048950
0.334717 -0.321899 1.268066 0.427124 0.130859 -0.049072
0.342163 -0.329712 1.235229 0.416504 0.136841 -0.052979
0.296387 -0.330566 1.195801 0.434448 0.151855 -0.065674
0.254395 -0.317139 1.121704 0.473145 0.145020 -0.078003
0.248535 -0.309082 1.031494 0.503296 0.105225 -0.099365
0.226807 -0.279785 0.923462 0.522949 0.085938 -0.113403
0.176147 -0.242554 0.832275 0.515503 0.087524 -0.112793
0.113159 -0.194336 0.711426 0.479004 0.072510 -0.097534
0.123535 -0.180786 0.628174 0.404785 0.013184 -0.077515
0.077026 -0.158936 0.558228 0.339233 0.012695 -0.045044
0.064697 -0.143066 0.525513 0.275757 0.017700 0.003052
0.058350 -0.161621 0.517456 0.201660 0.020874 0.069336
0.143799 -0.193848 0.527832 0.142822 0.005127 0.117554
0.210083 -0.223145 0.552368 0.110840 -0.000244 0.111206
0.192871 -0.219971 0.592896 0.102539 0.011719 0.060791
0.164917 -0.191040 0.628662 0.116821 -0.006714 0.002197
0.157471 -0.151367 0.635864 0.137817 -0.049316 -0.036621
0.170654 -0.101196 0.619751 0.143799 -0.077026 -0.042358
0.199463 -0.078857 0.612549 0.125488 -0.084351 -0.032715
0.219360 -0.066772 0.634033 0.094360 -0.079224 -0.021606
0.239746 -0.046021 0.659058 0.058472 -0.059570 -0.004761
0.254395 -0.047729 0.693115 0.021973 -0.032959 0.012939
0.281250 -0.056885 0.723022 -0.006470 -0.009766 0.021851
0.319092 -0.076416 0.746094 -0.025024 0.022461 0.018677
0.298584 -0.087769 0.781738 -0.035645 0.063110 -0.002441
0.245361 -0.095703 0.818115 -0.042969 0.082275 -0.029541
0.217651 -0.104614 0.859863 -0.050537 0.076416 -0.043457
0.207642 -0.119263 0.899536 -0.060547 0.048340 -0.054565
0.206177 -0.130005 0.937378 -0.070313 0.017944 -0.060425
0.217651 -0.141724 0.964722 -0.081665 0.007080 -0.051270
0.224121 -0.164307 0.989624 -0.095825 0.015381 -0.032227
0.236938 -0.194214 1.003662 -0.104614 0.026367 -0.018311
0.236450 -0.211548 1.019287 -0.102783 0.039185 -0.018188
0.200806 -0.203979 1.036743 -0.096436 0.045532 -0.026733
0.189941 -0.201294 1.056152 -0.087646 0.033081 -0.027222
0.195190 -0.197876 1.067017 -0.075195 0.024048 -0.019287
0.183838 -0.186523 1.066528 -0.061646 0.017456 -0.010742
0.221558 -0.178955 1.060913 -0.048950 -0.005981 -0.006836
0.241577 -0.169922 1.056519 -0.038574 -0.017212 -0.010742
0.223389 -0.156738 1.052368 -0.033569 -0.011230 -0.015503
0.237549 -0.157104 1.048828 -0.031006 -0.008423 -0.012329
0.228394 -0.149780 1.046021 -0.030029 -0.002197 -0.012329
0.215210 -0.145874 1.047119 -0.028687 -0.004150 -0.015015
0.199219 -0.145386 1.044434 -0.025879 -0.009766 -0.011353
0.201782 -0.145020 1.037231 -0.022095 -0.020874 -0.005737
0.199219 -0.143188 1.034912 -0.021118 -0.024902 0.000610
0.196655 -0.135620 1.026001 -0.021606 -0.022095 0.011475
0.224365 -0.142944 1.010010 -0.025757 -0.028564 0.016846
0.231201 -0.144653 1.014038 -0.032471 -0.024048 0.013184
0.223755 -0.154663 1.025757 -0.036377 -0.014282 0.007813
0.211548 -0.153320 1.041626 -0.031860 -0.013184 0.001221
0.209106 -0.154053 1.041992 -0.020508 -0.019653 -0.003906
0.207520 -0.151489 1.031128 -0.009521 -0.024658 -0.001099
0.208496 -0.146729 1.016846 -0.004517 -0.024658 0.004883
0.206787 -0.151855 1.007202 -0.004761 -0.023682 0.012695
0.197510 -0.146606 0.994263 -0.006836 -0.026489 0.020020
0.206909 -0.143066 0.994263 -0.011353 -0.028320 0.025146
0.205811 -0.144653 0.994995 -0.015015 -0.026001 0.030396
0.226074 -0.147949 0.988403 -0.019775 -0.025513 0.033081
0.235352 -0.147339 0.997925 -0.024536 -0.020142 0.025513
0.239868 -0.153931 1.002319 -0.028687 -0.017334 0.017578
0.242065 -0.156494 1.007446 -0.029175 -0.013184 0.006958
0.232300 -0.158569 1.011353 -0.028442 -0.009766 -0.003296
0.212524 -0.156006 1.013062 -0.027100 -0.006592 -0.004761
0.210571 -0.156738 1.011841 -0.025757 -0.006592 0.000366
0.213257 -0.160278 1.005005 -0.025635 -0.011353 0.003906
0.214233 -0.154419 1.007568 -0.025879 -0.012817 0.004150
0.213501 -0.150024 1.010254 -0.023560 -0.009155 0.006592
0.221924 -0.150024 1.008545 -0.022705 -0.011963 0.005737
0.231079 -0.141724 1.003174 -0.022217 -0.014526 0.003662
0.237671 -0.138672 1.010132 -0.026245 -0.011597 -0.002686
0.230713 -0.139771 1.011597 -0.030884 -0.010132 -0.008545
0.225342 -0.146606 1.013550 -0.034180 -0.010254 -0.008545
0.221924 -0.150513 1.014648 -0.035034 -0.009766 -0.005371
0.217773 -0.155396 1.014526 -0.034790 -0.012573 -0.003784
0.221802 -0.161133 1.010742 -0.031738 -0.019043 -0.008423
0.218506 -0.159790 1.007568 -0.028442 -0.021851 -0.014893
0.233154 -0.159668 1.004150 -0.025269 -0.024292 -0.020996
0.239990 -0.156982 1.004028 -0.024902 -0.017578 -0.027344
0.227783 -0.158325 1.013184 -0.026733 -0.009033 -0.032471
0.215454 -0.159912 1.018921 -0.026123 -0.007690 -0.032837
0.210205 -0.161743 1.012939 -0.023315 -0.008911 -0.028931
0.207642 -0.158813 1.014038 -0.022461 -0.017456 -0.026855
0.218384 -0.153198 1.014160 -0.021118 -0.026978 -0.027100
0.206543 -0.148804 1.012939 -0.021484 -0.026245 -0.028076
0.210327 -0.139648 1.008545 -0.021729 -0.022095 -0.020996
0.239258 -0.141968 1.006226 -0.026367 -0.017578 -0.013306
0.229736 -0.139282 1.013794 -0.032349 -0.001465 -0.012329
0.231201 -0.145020 1.019409 -0.036011 0.003540 -0.014160
0.232178 -0.153076 1.025757 -0.036133 0.007202 -0.016113
0.220215 -0.154175 1.021851 -0.033081 0.010864 -0.016602
0.213867 -0.161377 1.018188 -0.031372 0.008545 -0.019531
0.187012 -0.162354 1.016846 -0.029297 0.007446 -0.021484
0.195557 -0.161499 1.012329 -0.029297 -0.001587 -0.016235
