0.220215 -0.056885 1.021484 -0.016235 -0.009766 -0.020630
0.219238 -0.053955 1.021973 -0.017578 -0.006470 -0.021484
0.218018 -0.058350 1.014893 -0.019897 -0.003662 -0.021729
0.216309 -0.067139 1.013916 -0.020874 -0.000244 -0.020508
0.210938 -0.067749 1.008667 -0.019043 -0.000610 -0.022583
0.203613 -0.068237 0.989624 -0.015503 -0.003296 -0.024658
0.195068 -0.062988 0.977905 -0.014893 -0.005005 -0.023926
0.185913 -0.065796 0.965698 -0.019409 -0.005249 -0.022949
0.184326 -0.071899 0.955566 -0.024292 -0.008301 -0.021362
0.214600 -0.101929 0.955200 -0.026123 -0.009644 -0.020020
0.159424 -0.076294 0.942139 -0.017456 -0.001587 -0.025391
0.147461 -0.066040 0.924194 -0.013916 -0.024780 -0.032593
0.160278 -0.065552 0.894531 -0.014648 -0.041504 -0.023926
0.153809 -0.067383 0.878418 -0.020020 -0.034790 -0.009277
0.174683 -0.053345 0.864258 -0.030640 -0.042358 -0.004517
0.196045 -0.053101 0.862061 -0.047119 -0.042358 0.003052
0.206909 -0.060791 0.857056 -0.063477 -0.022949 0.016357
0.227661 -0.069824 0.855347 -0.078003 -0.007446 0.026001
0.249268 -0.091797 0.852173 -0.090454 0.000488 0.024414
0.257324 -0.105591 0.852417 -0.095581 0.016479 0.018311
0.233887 -0.115601 0.843994 -0.098389 0.032227 0.006104
0.206909 -0.117798 0.828247 -0.100464 0.037476 -0.001099
0.166138 -0.111572 0.809814 -0.114502 0.022583 -0.014404
0.147217 -0.110474 0.793823 -0.137817 -0.010254 -0.026123
0.110474 -0.110718 0.802490 -0.166992 -0.031128 -0.025269
0.095947 -0.104370 0.816528 -0.192871 -0.049927 -0.010010
0.125488 -0.094604 0.849365 -0.221436 -0.077759 0.014404
0.193726 -0.100586 0.876709 -0.246826 -0.108398 0.037720
0.280273 -0.103027 0.912842 -0.266235 -0.120605 0.042603
0.319336 -0.093872 0.948608 -0.280273 -0.098633 0.028564
0.318359 -0.094116 0.979858 -0.289429 -0.067505 0.007568
0.320801 -0.108643 0.982910 -0.290649 -0.042236 -0.010132
0.279297 -0.125610 0.994019 -0.288452 -0.023804 -0.034424
0.221558 -0.140991 0.982910 -0.277100 -0.014404 -0.045044
0.162842 -0.157837 0.975342 -0.266357 -0.019653 -0.046631
0.138306 -0.168213 0.959229 -0.255127 -0.035400 -0.042358
0.119141 -0.155273 0.961182 -0.246948 -0.058594 -0.033691
0.117554 -0.145996 0.972046 -0.245850 -0.085815 -0.019897
0.178589 -0.156372 0.991577 -0.249023 -0.102661 0.005371
0.217651 -0.154785 1.008911 -0.245605 -0.094849 0.020752
0.252808 -0.161011 1.015625 -0.236572 -0.082153 0.019653
0.286865 -0.174805 1.022583 -0.241699 -0.079590 0.006714
0.308838 -0.185425 1.024536 -0.239868 -0.077759 -0.027466
0.275269 -0.178589 1.029297 -0.220459 -0.082886 -0.086548
0.263062 -0.190430 1.058594 -0.222778 -0.094360 -0.120850
0.241455 -0.207275 1.100098 -0.215820 -0.095093 -0.137573
0.228027 -0.209473 1.132813 -0.194092 -0.100342 -0.139771
0.252075 -0.195313 1.162354 -0.178467 -0.103516 -0.125244
0.292358 -0.174927 1.172363 -0.173462 -0.083496 -0.093018
0.340088 -0.153687 1.177734 -0.188599 -0.014526 -0.048218
0.316406 -0.141235 1.204834 -0.225830 0.076782 -0.006958
0.287842 -0.161255 1.226196 -0.260132 0.139160 0.024292
0.285767 -0.181274 1.228760 -0.258545 0.128906 0.027100
0.249023 -0.210938 1.233154 -0.241089 0.106079 0.012939
0.224121 -0.235107 1.204102 -0.208496 0.080811 0.002319
0.188599 -0.259277 1.199097 -0.172119 0.035645 -0.017700
0.174927 -0.255981 1.178223 -0.119629 -0.016235 -0.030640
0.197388 -0.230225 1.169800 -0.090698 -0.072266 -0.023926
0.211426 -0.192139 1.150879 -0.074341 -0.087891 -0.008423
0.243530 -0.195801 1.152710 -0.073364 -0.080322 0.018433
0.287720 -0.201782 1.181519 -0.083862 -0.048462 0.054077
0.298096 -0.226196 1.229492 -0.078125 -0.023193 0.053345
0.302979 -0.247192 1.256592 -0.048950 -0.026489 0.034180
0.307739 -0.251709 1.241821 -0.001465 -0.046875 0.000732
0.286133 -0.221191 1.189209 0.045166 -0.048950 -0.021973
0.259888 -0.180420 1.107178 0.072876 -0.042480 -0.036133
0.225464 -0.162354 1.035156 0.077637 -0.034058 -0.044678
0.217285 -0.144043 0.961670 0.070190 -0.023071 -0.033569
0.217407 -0.134033 0.901611 0.049072 -0.014648 -0.022583
0.194092 -0.135620 0.871216 0.011475 -0.005615 -0.017212
0.172485 -0.154663 0.880249 -0.029053 -0.013306 -0.012573
0.173584 -0.184570 0.906250 -0.054565 -0.038696 -0.002930
0.194946 -0.219727 0.950684 -0.063477 -0.062256 0.008545
0.235352 -0.230347 1.005737 -0.061157 -0.076416 0.016724
0.291016 -0.241943 1.068604 -0.052734 -0.090210 0.013062
0.328857 -0.249878 1.104004 -0.037354 -0.079956 0.006104
0.324341 -0.240356 1.095215 -0.019897 -0.055786 -0.008667
0.271362 -0.225342 1.044312 -0.007935 -0.025391 -0.016357
0.225220 -0.221191 1.002075 -0.008911 -0.002075 -0.009033
0.212646 -0.227539 0.972412 -0.011475 0.000732 0.000244
0.220581 -0.235840 0.961670 -0.009033 -0.018066 -0.004761
0.205566 -0.225098 0.971924 -0.004028 -0.040527 -0.017700
0.205200 -0.217285 1.000977 0.000000 -0.058350 -0.020386
0.230469 -0.212769 1.025635 0.007813 -0.076172 -0.018188
0.260742 -0.196045 1.036621 0.014771 -0.086182 -0.014648
0.287964 -0.189453 1.036377 0.011353 -0.073120 -0.006470
0.283936 -0.192017 1.020264 -0.000732 -0.037842 0.003906
0.282227 -0.202026 1.021484 -0.012451 -0.011597 0.007080
0.266113 -0.203247 1.033813 -0.017700 0.008301 0.006592
0.254395 -0.192627 1.048584 -0.014893 0.019287 0.006592
0.275635 -0.191895 1.083130 -0.012573 0.026855 0.011230
0.289063 -0.192505 1.122559 -0.009644 0.040161 0.008545
0.294189 -0.188965 1.158691 0.000122 0.044922 -0.004761
0.283203 -0.182617 1.189087 0.013428 0.045288 -0.017578
0.296265 -0.192627 1.216187 0.025024 0.058350 -0.016602
0.293091 -0.212891 1.239990 0.033691 0.083008 -0.015503
0.270874 -0.218872 1.253540 0.043823 0.101074 -0.020508
0.278198 -0.229492 1.267090 0.058350 0.106934 -0.024536
0.266968 -0.233521 1.270142 0.079834 0.125366 -0.021484
0.249390 -0.235962 1.262695 0.108032 0.135742 -0.021851
0.244995 -0.232544 1.248901 0.140869 0.125854 -0.031006
0.238647 -0.218506 1.229614 0.174438 0.110840 -0.047852
0.221191 -0.200562 1.207031 0.199585 0.093018 -0.068115
0.200439 -0.175415 1.189331 0.215820 0.081055 -0.080444
0.184082 -0.158813 1.167358 0.226929 0.070801 -0.078735
0.174683 -0.156006 1.146240 0.242065 0.058960 -0.078613
0.203857 -0.155640 1.137817 0.250610 0.050903 -0.066650
0.204468 -0.135620 1.125122 0.264771 0.060913 -0.059082
0.162476 -0.159302 1.106445 0.243896 0.076050 -0.095215
0.186401 -0.159180 1.080444 0.252563 0.050293 -0.083008
0.204956 -0.132813 1.049683 0.259399 0.040527 -0.032715
0.212402 -0.109375 1.012695 0.243774 0.008911 -0.025391
0.239990 -0.104980 0.983643 0.212891 -0.030762 -0.042236
0.230347 -0.102539 0.972168 0.167603 -0.051270 -0.069336
0.237671 -0.105957 0.970215 0.127930 -0.068726 -0.090576
0.240479 -0.119385 0.979614 0.097046 -0.039429 -0.085327
0.196411 -0.138550 1.005127 0.083496 0.022339 -0.059570
0.166748 -0.142944 1.012573 0.091553 0.057739 -0.028564
0.174072 -0.173584 1.003418 0.110107 0.051514 -0.020874
0.198608 -0.172729 0.993286 0.145264 0.032959 -0.005859
0.207275 -0.161987 0.977905 0.170776 0.032227 -0.001099
0.200684 -0.136353 0.952881 0.185303 0.018311 -0.014160
0.203491 -0.116943 0.931030 0.176880 -0.011108 -0.042480
0.220093 -0.117188 0.917236 0.161865 -0.024902 -0.060913
0.210449 -0.117554 0.916748 0.154175 -0.000366 -0.053955
0.177856 -0.113892 0.913208 0.149414 0.021973 -0.047241
0.147217 -0.111084 0.922607 0.149902 0.021362 -0.034424
0.131836 -0.104370 0.928345 0.155396 0.014160 -0.010620
0.149292 -0.101929 0.919556 0.162964 0.006836 0.021973
0.183228 -0.099243 0.903198 0.168945 0.001099 0.044678
0.209961 -0.097900 0.884766 0.163818 0.009155 0.050659
0.177734 -0.082886 0.870850 0.167847 0.028198 0.036499
0.165283 -0.061523 0.866821 0.172607 0.026001 0.015259
0.153564 -0.040161 0.868042 0.161133 0.013794 0.000366
0.173706 -0.031250 0.885498 0.141113 0.002808 -0.003784
0.193848 -0.034668 0.894897 0.111450 -0.006836 -0.003418
0.169556 -0.031128 0.901367 0.098633 -0.016235 -0.013916
0.173462 -0.031494 0.888794 0.102417 -0.039917 -0.020508
0.177734 -0.028687 0.876221 0.098633 -0.058838 -0.021118
0.198242 -0.028076 0.871948 0.088989 -0.062134 -0.013916
0.216797 -0.028076 0.870117 0.078247 -0.047241 -0.002563
0.205078 -0.022583 0.870605 0.062256 -0.024658 -0.004883
0.197754 -0.009888 0.872314 0.041504 -0.012573 -0.006714
0.212036 -0.012695 0.884521 0.009033 -0.005127 0.003784
0.189941 -0.015503 0.894653 -0.000732 0.008667 0.004150
0.194092 -0.015869 0.900757 -0.010498 0.009644 0.008423
0.187622 -0.020142 0.914673 -0.022705 0.002441 0.004028
0.178589 -0.020386 0.932251 -0.031982 -0.016968 -0.001587
0.202026 -0.031250 0.942993 -0.037964 -0.041504 -0.001953
0.209473 -0.037109 0.952515 -0.038452 -0.052368 -0.003784
