0.221436 -0.056641 0.968262 -0.022217 -0.005859 -0.011963
0.230103 -0.045898 0.965576 -0.024902 -0.006592 -0.011475
0.230225 -0.037109 0.968628 -0.029053 -0.005371 -0.010132
0.243530 -0.042480 0.967041 -0.033569 -0.005859 -0.012573
0.244263 -0.046021 0.964722 -0.034424 -0.001221 -0.014526
0.235474 -0.052490 0.954956 -0.033569 0.003784 -0.016479
0.219604 -0.059448 0.955811 -0.031860 0.010254 -0.012451
0.217285 -0.068726 0.939941 -0.026733 0.016357 -0.000366
0.214233 -0.079468 0.920654 -0.021484 0.029663 0.016846
0.234009 -0.101685 0.905762 -0.013428 0.054810 0.038330
0.234375 -0.102905 0.890869 -0.001709 0.079712 0.044556
0.220825 -0.103638 0.883423 0.009521 0.084229 0.034058
0.206787 -0.091919 0.880249 0.020752 0.076538 0.014771
0.198486 -0.089478 0.877319 0.034912 0.055786 -0.005249
0.225952 -0.076172 0.852539 0.032593 0.028442 -0.003784
0.216797 -0.072021 0.843262 0.019531 -0.001099 -0.020752
0.210938 -0.075806 0.847168 0.014648 -0.047119 -0.018677
0.243408 -0.063232 0.846924 0.001343 -0.053833 -0.004395
0.227173 -0.071411 0.865479 -0.026001 -0.030762 -0.012085
0.218750 -0.047485 0.872070 -0.033569 -0.019165 -0.005249
0.213623 -0.031128 0.873901 -0.046875 -0.029053 -0.008789
0.213867 -0.033813 0.882690 -0.061646 -0.073364 -0.014160
0.239990 -0.011963 0.862427 -0.072632 -0.120605 -0.024780
0.246460 -0.030273 0.856567 -0.123169 -0.131836 -0.054565
0.234253 -0.049683 0.852905 -0.165894 -0.132324 -0.064941
0.164917 -0.060181 0.851929 -0.200806 -0.127808 -0.068604
0.144775 -0.055176 0.869751 -0.236450 -0.136475 -0.045776
0.173218 -0.069214 0.911377 -0.277344 -0.145386 -0.007446
0.252075 -0.081421 0.934937 -0.306152 -0.148560 0.033691
0.272583 -0.096069 0.977905 -0.342163 -0.110596 0.045654
0.258911 -0.102783 1.012451 -0.350830 -0.080200 0.050049
0.237427 -0.119629 1.027832 -0.345703 -0.077515 0.048096
0.232422 -0.140137 1.017700 -0.330811 -0.101074 0.038086
0.217896 -0.139648 0.996338 -0.316040 -0.142700 0.011230
0.190308 -0.124146 0.983887 -0.310669 -0.182373 -0.017578
0.235474 -0.131226 0.969727 -0.315186 -0.207153 -0.032471
0.263672 -0.119873 1.006348 -0.349609 -0.187256 -0.024780
0.240479 -0.130371 1.051758 -0.374390 -0.146362 -0.010498
0.239136 -0.156128 1.103516 -0.394775 -0.127075 0.020508
0.268311 -0.193359 1.125000 -0.392456 -0.124756 0.046265
0.290283 -0.219849 1.108521 -0.366821 -0.117188 0.060303
0.286255 -0.239502 1.097168 -0.333008 -0.084473 0.067383
0.252808 -0.250610 1.085815 -0.303467 -0.053223 0.064209
0.241089 -0.228516 1.091919 -0.283325 -0.054810 0.057617
0.264282 -0.222412 1.125488 -0.276489 -0.076050 0.050293
0.287598 -0.216797 1.155884 -0.254395 -0.094971 0.032104
0.303223 -0.222534 1.174316 -0.243896 -0.108276 0.027832
0.313599 -0.238403 1.177734 -0.216919 -0.122925 0.005127
0.339233 -0.233032 1.169556 -0.171631 -0.144653 -0.022705
0.604126 -0.364502 1.361572 -0.160645 -0.122559 -0.027710
0.177612 -0.410767 1.425171 -0.127197 0.031982 -0.058472
0.059937 -0.209717 1.197388 0.044922 0.026367 0.020508
0.233765 -0.126953 1.035767 0.050415 -0.135498 0.045776
0.378906 -0.064453 0.948730 -0.002563 -0.169922 0.059082
0.368286 -0.105347 1.012451 -0.094971 -0.070435 0.068848
0.301270 -0.152100 1.073853 -0.132935 0.029907 0.087769
0.314331 -0.187378 1.086182 -0.120972 -0.000732 0.055420
0.371948 -0.197388 1.092163 -0.087769 -0.057251 0.004517
0.382446 -0.180786 1.108276 -0.049316 -0.072998 -0.043091
0.360840 -0.159058 1.123657 -0.021729 -0.060669 -0.069824
0.402222 -0.167969 1.173462 -0.011108 -0.055908 -0.079224
0.414185 -0.185547 1.199829 -0.013184 -0.011475 -0.071167
0.334961 -0.189697 1.155884 -0.013550 0.041626 -0.064697
0.237915 -0.190674 1.081421 -0.016724 0.070435 -0.049194
0.180420 -0.206543 1.019165 -0.022583 0.072144 -0.019653
0.181152 -0.225220 0.972046 -0.019409 0.042847 0.005371
0.190674 -0.236206 0.936890 -0.012329 0.003906 0.016968
0.243774 -0.237305 0.922607 -0.002930 -0.041138 0.014771
0.271484 -0.216309 0.922607 0.000854 -0.072021 -0.001343
0.306885 -0.198608 0.950195 -0.006714 -0.086182 -0.014282
0.336426 -0.192627 0.979614 -0.018799 -0.071289 -0.012451
0.360718 -0.202515 1.005981 -0.032349 -0.044067 -0.008423
0.359619 -0.217407 1.006104 -0.041504 -0.015137 -0.013916
0.304688 -0.219238 1.008789 -0.043579 0.006836 -0.023926
0.256348 -0.223022 0.993896 -0.039063 0.011963 -0.021851
0.243896 -0.226929 0.979492 -0.029907 0.000977 -0.012085
0.245117 -0.221436 0.980225 -0.024170 -0.014038 -0.004761
0.268677 -0.213501 0.990845 -0.021606 -0.028687 -0.000488
0.313354 -0.208862 1.005859 -0.022705 -0.038086 -0.001953
0.309204 -0.215576 1.007568 -0.028320 -0.025269 -0.012329
0.304077 -0.209839 1.015503 -0.029053 -0.020874 -0.015381
0.297119 -0.198975 1.019043 -0.031128 -0.014038 -0.011841
0.298340 -0.200684 1.007202 -0.030396 -0.006348 -0.007690
0.302490 -0.202881 1.006104 -0.030396 -0.000488 -0.007324
0.282471 -0.202881 1.013306 -0.033325 0.005737 -0.007568
0.279663 -0.206665 1.035767 -0.032837 0.003540 -0.006470
0.288452 -0.213013 1.052002 -0.032837 0.002563 -0.001953
0.296265 -0.215942 1.090942 -0.033325 0.000732 -0.003296
0.322144 -0.211548 1.124512 -0.027588 0.003174 -0.000244
0.344971 -0.206055 1.151733 -0.014038 0.013306 -0.005127
0.362061 -0.197510 1.166992 -0.002808 0.029907 -0.011719
0.361206 -0.205444 1.196045 -0.000366 0.065674 -0.015259
0.345703 -0.229248 1.229980 -0.002441 0.104248 -0.017456
0.342896 -0.243530 1.258545 -0.000366 0.117920 -0.028442
0.302368 -0.247070 1.273560 0.004883 0.129761 -0.055664
0.284546 -0.243896 1.276611 0.049683 0.107666 -0.078735
0.291382 -0.215698 1.248901 0.101563 0.064819 -0.083496
0.295654 -0.200195 1.215576 0.130615 0.041260 -0.094360
0.289185 -0.177124 1.182861 0.146362 0.027588 -0.103027
0.258423 -0.158447 1.178955 0.139160 0.030884 -0.089722
0.243896 -0.157227 1.161865 0.159668 0.043945 -0.075073
0.256104 -0.156006 1.142334 0.186401 0.045654 -0.053467
0.288818 -0.160034 1.104980 0.195923 0.061646 -0.025879
0.298096 -0.168945 1.071045 0.190063 0.083130 -0.017822
0.281250 -0.177856 1.057495 0.177490 0.087158 -0.031128
0.269165 -0.192505 1.051636 0.163940 0.076660 -0.048706
0.251099 -0.187378 1.057861 0.150269 0.073853 -0.055420
0.247314 -0.189209 1.049072 0.165771 0.079834 -0.060303
0.245361 -0.191284 1.042969 0.170166 0.077637 -0.062256
0.243408 -0.203247 1.040527 0.170532 0.077515 -0.055542
0.230469 -0.211060 1.036987 0.177246 0.092773 -0.036133
0.203979 -0.214844 1.025269 0.187866 0.108154 -0.012329
0.214478 -0.215698 1.017700 0.201660 0.101929 0.006470
0.222534 -0.201416 0.993652 0.215820 0.080811 0.001221
0.228882 -0.181030 0.961670 0.223145 0.062622 -0.017090
0.240601 -0.152832 0.941284 0.223633 0.051636 -0.033813
0.239014 -0.120850 0.934692 0.216431 0.057495 -0.038208
0.201660 -0.124756 0.920654 0.199463 0.068359 -0.032593
0.198120 -0.108643 0.910645 0.185181 0.058960 -0.020752
0.212158 -0.108643 0.909546 0.168701 0.032227 -0.018311
0.209595 -0.108643 0.905762 0.159058 0.019165 -0.010864
0.252441 -0.116211 0.897827 0.154541 0.008545 -0.000122
0.253540 -0.113159 0.887085 0.151001 0.017578 -0.003662
0.235596 -0.106445 0.883179 0.143921 0.022461 -0.022827
0.229614 -0.109985 0.890747 0.140991 0.007935 -0.039917
0.214233 -0.102539 0.885254 0.147339 -0.000366 -0.046631
0.217407 -0.080078 0.876343 0.146729 -0.009888 -0.041992
0.205688 -0.058350 0.858643 0.154175 -0.020264 -0.051392
0.214722 -0.053955 0.854614 0.143433 -0.051025 -0.057007
0.219360 -0.044312 0.847534 0.131104 -0.071655 -0.058472
0.258789 -0.053589 0.843750 0.121216 -0.076782 -0.054321
0.261841 -0.035522 0.827271 0.113281 -0.053223 -0.052612
0.237061 -0.016479 0.818970 0.093994 -0.023438 -0.050171
0.218506 -0.028931 0.816040 0.065186 -0.006836 -0.041260
0.186768 -0.044922 0.836304 0.038818 0.002197 -0.030151
0.168701 -0.056274 0.849487 0.023193 -0.003662 -0.021362
0.184204 -0.063721 0.853638 0.015015 -0.020386 -0.008667
0.218262 -0.067749 0.873291 0.001709 -0.030640 0.004150
0.256592 -0.079956 0.880737 0.002197 -0.030884 0.000122
0.254272 -0.077271 0.903809 -0.005249 -0.026001 -0.013550
0.246826 -0.068237 0.924438 -0.011230 -0.027100 -0.024902
0.236816 -0.067017 0.931641 -0.017212 -0.024536 -0.025146
0.228394 -0.071045 0.943115 -0.023926 -0.024658 -0.018921
0.226685 -0.076172 0.952759 -0.028931 -0.030884 -0.013428
0.224976 -0.075562 0.960571 -0.031494 -0.034302 -0.007690
0.235352 -0.073364 0.969727 -0.030518 -0.033936 -0.000977
0.236572 -0.065430 0.977783 -0.026733 -0.031494 -0.003174
0.238403 -0.057251 0.988770 -0.021240 -0.040649 -0.014404
0.249634 -0.049194 0.992065 -0.017090 -0.052856 -0.023315
0.265015 -0.035767 0.973389 -0.018311 -0.046387 -0.024902
