0.244629 -0.079712 1.039917 -0.013672 -0.031128 0.001587
0.239380 -0.081421 1.039917 -0.009644 -0.038452 -0.005371
0.245483 -0.088257 1.042847 -0.004761 -0.043091 -0.005737
0.265625 -0.089233 1.042603 0.002441 -0.048096 -0.007690
0.272705 -0.087524 1.039307 0.009644 -0.046631 -0.010254
0.279785 -0.089478 1.033203 0.014160 -0.037476 -0.011230
0.281494 -0.087891 1.030884 0.013916 -0.022949 -0.011597
0.256348 -0.092407 1.030151 0.014526 -0.005371 -0.011841
0.236328 -0.097168 1.021240 0.016235 0.000732 -0.008057
0.236084 -0.100708 1.011353 0.019409 -0.009155 -0.009888
0.234009 -0.098389 1.005981 0.022095 -0.022949 -0.016846
0.229980 -0.093140 0.997681 0.029175 -0.034668 -0.018677
0.241455 -0.083008 0.984863 0.033936 -0.042236 -0.013794
0.253296 -0.073364 0.971924 0.033691 -0.040039 -0.008423
0.258789 -0.072144 0.954468 0.029053 -0.035645 -0.004150
0.255005 -0.070679 0.938477 0.024170 -0.032471 -0.004883
0.259521 -0.077148 0.923950 0.019531 -0.028931 -0.004883
0.252441 -0.074463 0.904541 0.014648 -0.018799 -0.007446
0.223267 -0.085083 0.884888 0.003784 -0.007813 -0.010254
0.203003 -0.093628 0.867676 -0.007202 -0.007935 -0.009399
0.188354 -0.107422 0.843384 -0.016968 -0.016968 -0.005981
0.175171 -0.116333 0.822754 -0.021851 -0.034790 -0.002441
0.169067 -0.120728 0.792480 -0.026611 -0.061035 -0.003662
0.171875 -0.126709 0.751953 -0.032593 -0.077637 0.000244
0.142212 -0.122314 0.711304 -0.045044 -0.086792 0.006348
0.150391 -0.108887 0.693970 -0.064331 -0.107788 0.010620
0.183960 -0.094971 0.691528 -0.093872 -0.123901 0.023560
0.220703 -0.095337 0.693726 -0.119385 -0.124268 0.043335
0.268555 -0.088135 0.672119 -0.136963 -0.098511 0.072632
0.290039 -0.100830 0.660645 -0.163818 -0.047852 0.090210
0.268433 -0.100464 0.641724 -0.196777 0.011963 0.099976
0.190186 -0.151245 0.659302 -0.230103 0.043335 0.089844
0.181763 -0.128784 0.679321 -0.228271 0.042603 0.113159
0.157227 -0.148315 0.725464 -0.262085 0.061279 0.096558
0.136230 -0.140259 0.751831 -0.278931 0.047119 0.094971
0.138794 -0.127197 0.790649 -0.289063 0.006470 0.074463
0.156616 -0.128906 0.835938 -0.291138 -0.044189 0.036133
0.224243 -0.143066 0.895264 -0.315430 -0.102539 0.025024
0.336670 -0.140381 0.938965 -0.326416 -0.111084 0.039185
0.369995 -0.169067 1.022339 -0.376343 -0.026978 0.056030
0.343262 -0.187988 1.096313 -0.412354 0.041992 0.059448
0.316528 -0.208740 1.160889 -0.437988 0.078979 0.056763
0.262329 -0.252808 1.229370 -0.451416 0.083130 0.039429
0.263184 -0.296509 1.290039 -0.416748 0.045898 0.020142
0.369263 -0.319824 1.349609 -0.340332 -0.001465 -0.005737
0.405273 -0.304932 1.392212 -0.250610 -0.014160 -0.039917
0.407593 -0.268433 1.413086 -0.164185 -0.044312 -0.078857
0.453369 -0.206177 1.373779 -0.078735 -0.093750 -0.115356
0.430054 -0.162720 1.304199 -0.054443 -0.062134 -0.111084
0.356567 -0.132813 1.234863 -0.065918 0.022949 -0.073486
0.277832 -0.125488 1.194092 -0.097412 0.066406 -0.039551
0.178467 -0.151855 1.156128 -0.126465 0.095825 0.004517
0.104614 -0.190674 1.139404 -0.140137 0.055298 0.027344
0.165894 -0.238403 1.149780 -0.127197 -0.018433 0.046997
0.233765 -0.250366 1.193115 -0.081421 -0.079224 0.021240
0.269287 -0.197144 1.277344 -0.020142 -0.133911 -0.025269
0.370239 -0.161499 1.404053 0.019165 -0.174194 -0.041992
0.465576 -0.136841 1.499146 0.055786 -0.171021 -0.057129
0.470703 -0.100830 1.375610 0.081421 -0.103027 -0.055298
0.283447 -0.058228 1.156006 0.083008 0.014893 -0.047241
0.119751 -0.051270 0.991333 0.063965 0.033447 -0.050049
0.114136 -0.067139 0.893677 0.034912 -0.033081 -0.037109
0.120850 -0.074585 0.871704 -0.001099 -0.077271 -0.010620
0.151245 -0.080811 0.879883 -0.025757 -0.112183 0.020874
0.243530 -0.112549 0.906982 -0.045532 -0.156738 0.040771
0.364014 -0.142456 0.963867 -0.054688 -0.168945 0.036621
0.396851 -0.151001 1.034058 -0.058594 -0.122070 0.025879
0.433594 -0.178711 1.087524 -0.065186 -0.066162 0.011963
0.398438 -0.198608 1.114380 -0.062500 -0.019165 -0.021729
0.303589 -0.205811 1.121704 -0.052490 0.019043 -0.045166
0.240723 -0.209717 1.146118 -0.036743 0.028076 -0.051147
0.245483 -0.217896 1.155762 -0.008911 0.012085 -0.043579
0.269653 -0.203613 1.171509 0.018311 -0.000977 -0.033081
0.292480 -0.174683 1.169556 0.034790 -0.005005 -0.025269
0.328369 -0.156860 1.175171 0.027222 0.001953 -0.019287
0.357788 -0.159790 1.202637 0.010376 0.020020 -0.025391
0.355103 -0.163574 1.234863 -0.002808 0.057983 -0.028931
0.325439 -0.179810 1.263794 -0.003906 0.096436 -0.031494
0.302002 -0.192749 1.276001 0.005981 0.109985 -0.034546
0.290161 -0.205322 1.289795 0.030640 0.099609 -0.040039
0.294800 -0.223022 1.286255 0.062866 0.092285 -0.040649
0.284912 -0.231934 1.270508 0.104248 0.099121 -0.042480
0.253174 -0.212769 1.248047 0.140625 0.090942 -0.049805
0.223389 -0.217407 1.213501 0.156982 0.067261 -0.072876
0.233032 -0.199097 1.190063 0.177856 0.044556 -0.055298
0.211304 -0.191162 1.171021 0.198975 0.039673 -0.034424
0.216675 -0.173218 1.138550 0.208984 0.011597 -0.022949
0.253418 -0.167847 1.119263 0.209839 -0.028931 -0.020386
0.302368 -0.169922 1.102295 0.206055 -0.029297 -0.013672
0.303467 -0.173828 1.095947 0.208618 0.009399 -0.006592
0.250000 -0.183350 1.082886 0.221313 0.020996 -0.022217
0.245972 -0.167725 1.049805 0.260620 -0.001465 -0.038940
0.234619 -0.150391 1.012695 0.286499 -0.017456 -0.048706
0.214966 -0.135254 0.970703 0.303467 -0.029785 -0.055420
0.203247 -0.104736 0.936401 0.309937 -0.040649 -0.045654
0.243042 -0.093628 0.905396 0.300293 -0.054077 -0.039795
0.269409 -0.077148 0.882324 0.272461 -0.055786 -0.048340
0.276978 -0.062744 0.881226 0.229736 -0.039429 -0.063110
0.247803 -0.082642 0.884155 0.182495 -0.011963 -0.075806
0.224609 -0.112549 0.897705 0.159912 0.008545 -0.064941
0.193604 -0.130493 0.889893 0.152344 0.012817 -0.072510
0.171387 -0.135864 0.881104 0.163086 -0.023560 -0.075073
0.170898 -0.118774 0.860107 0.188477 -0.070801 -0.044067
0.180908 -0.097168 0.832275 0.200073 -0.102539 -0.019775
0.197266 -0.070679 0.798706 0.197754 -0.115112 0.008301
0.244629 -0.073975 0.770630 0.180786 -0.121948 0.023560
0.277832 -0.070190 0.750977 0.152588 -0.119629 0.015015
0.290161 -0.066040 0.758911 0.123047 -0.103271 -0.012817
0.283569 -0.073120 0.775513 0.098511 -0.084473 -0.040405
0.247559 -0.069824 0.785889 0.083252 -0.069946 -0.064087
0.215576 -0.074829 0.800903 0.072754 -0.077759 -0.082031
0.188721 -0.085449 0.825317 0.073608 -0.098755 -0.085693
0.197388 -0.080688 0.825684 0.083740 -0.125732 -0.073120
0.215698 -0.064575 0.807495 0.094238 -0.140869 -0.056152
0.235718 -0.032104 0.798950 0.082153 -0.134399 -0.035522
0.254272 -0.017822 0.800781 0.050049 -0.113525 -0.008545
0.297729 -0.027588 0.828857 0.012817 -0.079956 0.019775
0.311523 -0.044678 0.854858 -0.015869 -0.036865 0.028320
0.297974 -0.052368 0.888794 -0.032715 -0.012817 0.017334
0.291748 -0.052856 0.904053 -0.036987 -0.021118 0.000244
0.281738 -0.043457 0.926025 -0.039063 -0.035767 -0.012451
0.270142 -0.034668 0.934692 -0.043579 -0.052734 -0.022461
0.270996 -0.022095 0.960938 -0.047241 -0.080811 -0.027832
0.283569 -0.016357 0.974365 -0.050049 -0.090576 -0.022583
0.293335 -0.019531 0.994995 -0.052612 -0.084717 -0.009277
0.319214 -0.020020 1.003784 -0.052734 -0.068970 0.006958
0.338013 -0.023438 1.000244 -0.064941 -0.041382 0.027344
0.331177 -0.027222 1.024292 -0.076172 -0.008911 0.040039
0.348633 -0.023926 1.034790 -0.069092 0.013550 0.037231
0.355225 -0.032349 1.042480 -0.071533 0.019165 0.020142
0.345825 -0.037109 1.051758 -0.072021 0.015137 -0.001465
0.327515 -0.039429 1.057983 -0.064209 0.010620 -0.023438
0.300537 -0.040527 1.053833 -0.051392 0.001465 -0.042358
0.280640 -0.037964 1.039185 -0.037354 -0.008423 -0.050171
0.274902 -0.038330 1.038452 -0.031006 -0.016479 -0.045044
0.284912 -0.032104 1.033447 -0.024902 -0.015747 -0.028931
0.286987 -0.028931 1.022705 -0.027100 -0.013672 -0.015747
0.302734 -0.031738 1.024048 -0.035645 -0.005127 -0.005249
0.305542 -0.046021 1.030151 -0.044189 0.004639 0.001221
0.309448 -0.055786 1.043823 -0.044312 0.005371 -0.002686
0.297363 -0.059937 1.048584 -0.037476 0.004150 -0.011963
0.279419 -0.059937 1.049194 -0.027588 -0.000732 -0.023804
0.290527 -0.058472 1.046753 -0.016602 -0.010254 -0.029297
0.309570 -0.047485 1.029785 -0.001587 -0.008667 -0.027832
0.302490 -0.026855 1.008789 0.004761 0.005737 -0.023315
0.292358 -0.013916 1.005127 -0.000977 0.021484 -0.016357
0.293457 -0.006226 0.995728 -0.013672 0.035522 -0.009277
0.298218 -0.037720 0.992065 -0.028931 0.042480 -0.007568
0.313477 -0.047852 0.992920 -0.031372 0.039063 -0.007690
0.306396 -0.055054 0.996460 -0.033081 0.037964 -0.017944
