0.177002 -0.079712 1.013794 -0.032959 -0.018188 -0.020508
0.189209 -0.068115 1.015869 -0.029053 -0.021606 -0.018799
0.185913 -0.078003 0.993286 -0.028076 -0.019653 -0.017822
0.192871 -0.081421 0.971924 -0.029907 -0.018433 -0.020264
0.181274 -0.080322 0.960205 -0.034668 -0.015625 -0.023926
0.178467 -0.089844 0.941406 -0.037231 -0.012817 -0.025391
0.178589 -0.096802 0.926514 -0.034546 -0.016846 -0.037231
0.184692 -0.100830 0.905640 -0.019775 -0.022095 -0.053955
0.103760 -0.073242 0.844238 -0.007446 -0.015381 -0.063599
0.109009 -0.069092 0.769165 -0.013062 -0.051147 -0.062622
0.114746 -0.078735 0.708252 -0.041626 -0.062500 -0.053223
0.093018 -0.100586 0.654175 -0.080200 -0.042236 -0.031372
0.064697 -0.126343 0.609497 -0.125366 -0.022339 -0.004150
0.105103 -0.134155 0.589722 -0.177490 -0.008545 0.028320
0.105591 -0.146362 0.630371 -0.239746 0.005371 0.038574
0.100342 -0.176636 0.693359 -0.283325 -0.017578 0.030884
0.132080 -0.206055 0.750610 -0.290161 -0.064697 0.026001
0.145752 -0.215088 0.770996 -0.269775 -0.113770 0.017212
0.165771 -0.209473 0.772827 -0.231567 -0.169067 0.006592
0.210693 -0.191772 0.724365 -0.194336 -0.215210 -0.000610
0.257080 -0.160645 0.668945 -0.185303 -0.219238 -0.002686
0.263672 -0.135742 0.664063 -0.227295 -0.171143 -0.000732
0.233887 -0.120117 0.702515 -0.298096 -0.101074 0.024292
0.220337 -0.121948 0.785034 -0.377563 -0.049927 0.057373
0.216309 -0.153687 0.861206 -0.439209 -0.023804 0.084839
0.271484 -0.164917 0.928955 -0.475342 -0.014160 0.103760
0.268799 -0.169556 1.004883 -0.502075 0.006714 0.098511
0.262817 -0.202393 1.078857 -0.507568 0.006592 0.077515
0.239380 -0.232666 1.147095 -0.487793 -0.014893 0.041626
0.200439 -0.258423 1.194092 -0.441650 -0.061523 -0.006348
0.189697 -0.244629 1.228394 -0.382813 -0.132324 -0.050659
0.198120 -0.228394 1.244507 -0.332397 -0.197876 -0.074463
0.252930 -0.216431 1.275269 -0.300903 -0.218384 -0.061279
0.290405 -0.202881 1.307861 -0.284912 -0.191040 -0.036865
0.296753 -0.197632 1.312134 -0.278442 -0.142944 -0.010498
0.277954 -0.200928 1.307617 -0.274902 -0.082642 0.020874
0.240234 -0.212036 1.295776 -0.273926 -0.042114 0.039795
0.241333 -0.229492 1.292358 -0.272339 -0.037109 0.043213
0.235718 -0.245728 1.312500 -0.273071 -0.052612 0.023560
0.260620 -0.239868 1.336792 -0.261475 -0.091675 -0.006958
0.233521 -0.252197 1.359497 -0.247681 -0.102661 -0.026978
0.259155 -0.266724 1.389771 -0.213623 -0.097168 -0.014160
0.293213 -0.295166 1.452148 -0.171753 -0.100708 -0.013306
0.422241 -0.402954 1.726685 -0.106812 -0.113647 -0.036499
0.458862 -0.509644 1.882080 0.019653 -0.113037 -0.097656
0.209595 -0.197998 1.339355 0.188843 -0.050659 -0.082642
0.185669 -0.136841 1.029419 0.171387 0.003418 -0.018311
0.216675 -0.189087 0.971680 0.073486 0.022827 -0.000977
0.133179 -0.219116 0.981812 0.018799 0.046387 -0.014160
0.084961 -0.229248 0.974487 0.012573 0.010742 -0.017212
0.113403 -0.234253 0.966309 0.024902 -0.057495 -0.005249
0.167603 -0.234131 0.955200 0.039673 -0.112305 0.007446
0.229492 -0.219360 0.953125 0.053589 -0.150146 0.003540
0.295532 -0.204468 0.963867 0.063599 -0.178589 -0.016479
0.328247 -0.191895 0.962280 0.065552 -0.166992 -0.028076
0.352173 -0.174316 0.963867 0.055542 -0.127930 -0.027832
0.351440 -0.168213 0.945435 0.028442 -0.071533 -0.021606
0.338623 -0.176025 0.952026 -0.012573 -0.006836 -0.014038
0.305786 -0.196411 1.002686 -0.050049 0.048950 -0.009888
0.261597 -0.212646 1.052979 -0.068726 0.073120 -0.011963
0.264771 -0.237549 1.095459 -0.067627 0.068481 -0.010010
0.278687 -0.262939 1.122192 -0.049805 0.062744 -0.008545
0.287231 -0.265747 1.142944 -0.024536 0.066162 -0.016113
0.279907 -0.259399 1.168091 -0.005493 0.061768 -0.029297
0.280396 -0.262207 1.197754 0.003662 0.048218 -0.043335
0.286743 -0.276367 1.220581 0.015625 0.046021 -0.049316
0.282349 -0.289063 1.239258 0.033691 0.056885 -0.051270
0.272705 -0.293579 1.253296 0.062256 0.069336 -0.050537
0.254395 -0.280151 1.241821 0.087891 0.068848 -0.053223
0.240234 -0.271362 1.244507 0.098755 0.053955 -0.055908
0.225342 -0.279297 1.263550 0.102539 0.051514 -0.049805
0.215698 -0.286011 1.274902 0.119263 0.056641 -0.032227
0.219971 -0.278076 1.276367 0.149902 0.049683 -0.016968
0.239258 -0.271118 1.258911 0.179932 0.019897 -0.016724
0.279663 -0.255127 1.249390 0.202881 -0.016846 -0.028687
0.300049 -0.237061 1.223022 0.222168 -0.020874 -0.040527
0.288574 -0.223389 1.193726 0.231323 0.002197 -0.051636
0.269165 -0.212524 1.160278 0.236572 0.027832 -0.055298
0.248291 -0.208862 1.137695 0.237183 0.041016 -0.064819
0.249634 -0.204346 1.113403 0.241333 0.049927 -0.069336
0.230957 -0.194214 1.084229 0.245605 0.071533 -0.064209
0.210205 -0.197754 1.063843 0.247681 0.084229 -0.055908
0.205688 -0.203491 1.046631 0.251099 0.075928 -0.055176
0.204956 -0.212524 1.018921 0.261108 0.061768 -0.059692
0.198120 -0.207520 0.987793 0.274658 0.050171 -0.065430
0.182861 -0.199219 0.952637 0.283691 0.035400 -0.074097
0.196655 -0.185913 0.921631 0.285034 0.020508 -0.078857
0.231689 -0.161987 0.899414 0.275391 0.029297 -0.072632
0.229858 -0.151489 0.881226 0.257568 0.070923 -0.061157
0.224731 -0.153076 0.877075 0.240112 0.107544 -0.054565
0.177612 -0.162231 0.873901 0.231445 0.130493 -0.051758
0.138672 -0.159180 0.859009 0.243042 0.129639 -0.040283
0.129639 -0.138794 0.809814 0.259399 0.104736 -0.031372
0.124023 -0.111694 0.771240 0.256470 0.071655 -0.034790
0.123901 -0.089111 0.746460 0.239136 0.047485 -0.033813
0.136841 -0.058228 0.740601 0.210449 0.039063 -0.021484
0.152100 -0.048462 0.756226 0.171875 0.039673 -0.013672
0.153320 -0.047974 0.784424 0.135010 0.040649 -0.004639
0.158325 -0.055908 0.806396 0.106689 0.036255 0.008789
0.172485 -0.076782 0.820190 0.088257 0.024658 0.019409
0.188477 -0.088745 0.830200 0.081177 0.017334 0.024170
0.205078 -0.093994 0.843750 0.079468 0.014160 0.018921
0.192749 -0.081299 0.854614 0.080566 0.015503 0.010498
0.166748 -0.070801 0.858887 0.076050 0.005249 0.000977
0.168701 -0.057739 0.862427 0.069336 -0.017578 -0.001831
0.167847 -0.050049 0.864868 0.058472 -0.029419 0.004761
0.179443 -0.038086 0.866333 0.042236 -0.040161 0.011719
0.214111 -0.041992 0.877319 0.023926 -0.044067 0.016479
0.225098 -0.046387 0.895752 0.003052 -0.030273 0.016113
0.225952 -0.053223 0.915283 -0.010742 -0.015747 0.007935
0.215576 -0.055298 0.931274 -0.020142 -0.011719 -0.005981
0.203003 -0.054199 0.954346 -0.029297 -0.005127 -0.015137
0.196899 -0.055054 0.984741 -0.037109 -0.002075 -0.018311
0.194336 -0.068115 0.994873 -0.040771 -0.002197 -0.014771
0.195068 -0.079956 1.002197 -0.041992 -0.002686 -0.009277
0.194946 -0.088867 1.011475 -0.040283 -0.005981 -0.006714
0.202881 -0.086792 1.016113 -0.037109 -0.012451 -0.006348
0.208984 -0.088135 1.016357 -0.033936 -0.018188 -0.010132
0.216553 -0.090454 1.017578 -0.034180 -0.020264 -0.015625
0.200073 -0.089233 1.022217 -0.033936 -0.014893 -0.022339
0.183594 -0.090576 1.029907 -0.031860 -0.012817 -0.025146
0.169312 -0.085571 1.025757 -0.025879 -0.013794 -0.024658
0.169678 -0.075928 1.026489 -0.020508 -0.022705 -0.022339
0.169067 -0.068848 1.022095 -0.018799 -0.027710 -0.017212
0.176270 -0.070190 1.019165 -0.017334 -0.032837 -0.008789
0.191162 -0.066284 1.014282 -0.018799 -0.036743 -0.000854
0.189941 -0.062622 1.026367 -0.022705 -0.034180 0.004028
0.210083 -0.060303 1.028076 -0.023804 -0.031982 0.010010
0.223389 -0.058960 1.036865 -0.024658 -0.029785 0.006226
0.217163 -0.053467 1.045166 -0.024048 -0.026978 -0.001831
0.218140 -0.055420 1.049561 -0.021118 -0.026367 -0.008545
0.216309 -0.053589 1.050659 -0.016846 -0.026855 -0.014038
0.211792 -0.050049 1.040405 -0.011597 -0.029053 -0.018921
0.210449 -0.050049 1.031372 -0.009766 -0.028320 -0.021851
0.209595 -0.046265 1.027222 -0.010498 -0.024292 -0.021973
0.205078 -0.046753 1.029175 -0.011963 -0.021606 -0.018677
0.204102 -0.050415 1.022339 -0.011597 -0.016479 -0.015015
0.204712 -0.053589 1.024170 -0.010498 -0.015381 -0.015747
0.204834 -0.055542 1.021240 -0.011963 -0.015869 -0.019409
0.190063 -0.058105 1.019043 -0.013672 -0.015259 -0.021240
0.181274 -0.062012 1.015747 -0.014771 -0.020386 -0.020264
0.195313 -0.066772 1.022583 -0.014526 -0.025879 -0.016724
0.190308 -0.066284 1.013794 -0.014771 -0.023560 -0.017334
0.194336 -0.066040 1.010742 -0.016724 -0.021606 -0.017944
0.197754 -0.062256 1.015015 -0.019287 -0.019409 -0.019287
0.200317 -0.063232 1.014771 -0.019775 -0.016846 -0.019287
0.196045 -0.062012 1.009766 -0.020386 -0.015747 -0.018677
0.182373 -0.064697 1.014648 -0.022339 -0.011719 -0.017090
0.175293 -0.059570 1.020020 -0.022095 -0.011230 -0.010132
0.184204 -0.057861 1.014648 -0.020020 -0.015381 -0.003662
