0.063477 -0.070435 1.094604 -0.030884 -0.031616 -0.086182
0.048584 -0.071777 1.107788 -0.020142 -0.010498 -0.084839
0.024902 -0.064209 1.103271 -0.005981 0.001465 -0.082642
0.012695 -0.068848 1.114502 0.008911 -0.012085 -0.093018
0.011230 -0.066528 1.114136 0.022583 -0.038208 -0.098267
0.022583 -0.068359 1.095459 0.034180 -0.069824 -0.103027
0.053223 -0.065552 1.097900 0.035767 -0.097534 -0.116821
0.070679 -0.070190 1.094238 0.036011 -0.105347 -0.133179
0.078003 -0.070435 1.081177 0.044189 -0.104492 -0.142700
0.064087 -0.065308 1.051392 0.052490 -0.086182 -0.144531
0.023804 -0.076660 1.013916 0.055176 -0.051147 -0.143188
-0.003906 -0.079712 0.977783 0.057129 -0.046509 -0.131348
-0.003296 -0.081787 0.942749 0.056519 -0.066772 -0.115601
0.023926 -0.084595 0.915649 0.050537 -0.081421 -0.102783
0.033081 -0.075317 0.894775 0.042969 -0.074829 -0.094116
0.019897 -0.058350 0.877075 0.031738 -0.059570 -0.088135
0.022583 -0.053589 0.876831 0.017944 -0.060669 -0.077393
0.052734 -0.055542 0.863892 0.017090 -0.065674 -0.061768
0.111084 -0.054932 0.833740 0.026733 -0.072754 -0.063232
0.132202 -0.051147 0.778564 0.036743 -0.075562 -0.097656
0.138672 -0.030518 0.706177 0.032959 -0.095215 -0.141113
0.124634 -0.023438 0.639771 0.009521 -0.110596 -0.185059
0.096191 -0.005127 0.559448 -0.028076 -0.104248 -0.212280
0.071411 -0.024536 0.468628 -0.086670 -0.107056 -0.237183
0.036499 -0.026733 0.414185 -0.163940 -0.129272 -0.263062
-0.004639 -0.048828 0.350220 -0.237671 -0.149902 -0.270020
-0.044067 -0.086670 0.316895 -0.307251 -0.178955 -0.251831
-0.060425 -0.122681 0.307251 -0.372070 -0.215698 -0.221924
-0.040894 -0.152222 0.327637 -0.439575 -0.263916 -0.194580
0.009277 -0.197388 0.382935 -0.500244 -0.315186 -0.184570
0.052856 -0.213623 0.427734 -0.549072 -0.376465 -0.196533
0.116333 -0.243896 0.508911 -0.592651 -0.413208 -0.205688
0.078979 -0.212769 0.603638 -0.630005 -0.378662 -0.209351
0.021118 -0.216064 0.715210 -0.657593 -0.388184 -0.191040
0.026489 -0.246094 0.798706 -0.688843 -0.401611 -0.133667
0.058228 -0.288696 0.868042 -0.712646 -0.416992 -0.110718
0.140381 -0.316284 0.943726 -0.723145 -0.436646 -0.085938
0.167847 -0.337036 1.070679 -0.734253 -0.408447 -0.035767
0.229980 -0.369385 1.231445 -0.755493 -0.368164 0.005737
0.339233 -0.418213 1.399414 -0.768066 -0.290527 0.049683
0.364502 -0.454590 1.533691 -0.752441 -0.177490 0.057251
0.328003 -0.454346 1.627808 -0.703979 -0.071167 0.046265
0.257324 -0.450562 1.692017 -0.631470 0.000244 0.030762
0.244873 -0.453247 1.691528 -0.532227 0.007935 0.004150
0.220093 -0.444946 1.665405 -0.422363 -0.012451 -0.036621
0.141968 -0.426147 1.618408 -0.314087 -0.030762 -0.075806
0.147339 -0.328735 1.524292 -0.202271 -0.107910 -0.107422
0.119141 -0.270386 1.469360 -0.148193 -0.136108 -0.103882
0.198364 -0.223999 1.388672 -0.122314 -0.145996 -0.069092
0.268433 -0.195435 1.326294 -0.124023 -0.110718 -0.031250
0.286377 -0.180786 1.298218 -0.143433 -0.031982 -0.001099
0.263062 -0.206421 1.310791 -0.165283 0.019775 0.001953
0.215332 -0.258179 1.313721 -0.153076 0.034424 -0.014526
0.176514 -0.306030 1.333374 -0.112915 0.021729 -0.029663
0.175903 -0.351563 1.334961 -0.046509 -0.006836 -0.042969
0.146240 -0.371460 1.299438 0.036743 -0.045166 -0.065918
0.093750 -0.313232 1.199707 0.118530 -0.101318 -0.083740
0.107666 -0.258545 1.089600 0.152588 -0.156494 -0.070068
0.190918 -0.236328 1.025146 0.140259 -0.167358 -0.033569
0.229492 -0.223267 1.005981 0.101074 -0.137329 -0.006470
0.257568 -0.213135 1.000488 0.060425 -0.096558 0.008789
0.259644 -0.206909 0.984497 0.026123 -0.036499 0.029175
0.256958 -0.230835 0.975464 -0.003540 0.009277 0.034302
0.235596 -0.260254 0.967773 -0.016968 0.034058 0.023193
0.212280 -0.287842 0.958740 -0.015015 0.035645 0.000000
0.164185 -0.299805 0.960083 -0.008545 0.022705 -0.028809
0.120483 -0.300171 0.972290 -0.002563 0.001099 -0.045166
0.112671 -0.306396 0.992676 0.002686 -0.024414 -0.041504
0.134888 -0.304688 1.006348 0.009277 -0.037109 -0.020508
0.161377 -0.303467 1.025757 0.011963 -0.042236 -0.002563
0.180908 -0.299805 1.054810 0.014038 -0.039917 0.015381
0.203003 -0.292969 1.067871 0.016602 -0.025635 0.033203
0.226685 -0.283203 1.081665 0.016357 -0.003174 0.042480
0.221191 -0.253662 1.107178 0.012451 0.020020 0.036011
0.204346 -0.240234 1.158203 0.000854 0.050171 0.016846
0.175781 -0.247192 1.237793 -0.011475 0.069092 -0.006714
0.139404 -0.252441 1.321289 -0.015869 0.081055 -0.016602
0.144897 -0.256592 1.403687 -0.011108 0.079102 -0.017334
0.177002 -0.273804 1.473145 -0.007446 0.084839 -0.029541
0.209961 -0.310303 1.523438 0.020142 0.090942 -0.027710
0.227051 -0.310303 1.535645 0.063599 0.100464 -0.014771
0.262695 -0.325317 1.541382 0.104370 0.100952 -0.017578
0.254028 -0.370239 1.547119 0.144531 0.117798 -0.034668
0.219971 -0.387451 1.536743 0.185181 0.140137 -0.034912
0.212524 -0.390381 1.505981 0.236328 0.112915 -0.060791
0.245728 -0.374512 1.458984 0.285645 0.078247 -0.087280
0.244751 -0.360596 1.380005 0.315430 0.067871 -0.115601
0.210815 -0.344116 1.284668 0.314087 0.017456 -0.164551
0.185547 -0.332275 1.197632 0.303467 -0.072632 -0.231323
0.096191 -0.296265 1.079590 0.288574 -0.108032 -0.259155
0.069092 -0.256592 0.924438 0.231079 -0.157837 -0.251831
0.142456 -0.266724 0.774048 0.131104 -0.202759 -0.239624
0.232422 -0.302612 0.700073 0.060669 -0.192749 -0.235229
0.221313 -0.306396 0.661133 0.034546 -0.106567 -0.180298
0.141479 -0.331909 0.635010 0.030884 0.010864 -0.137085
0.034668 -0.341919 0.632568 0.069092 0.071777 -0.103271
-0.076782 -0.317383 0.605713 0.140137 0.076538 -0.072876
-0.077271 -0.258667 0.563232 0.224121 0.020874 -0.038818
-0.047729 -0.218018 0.520386 0.277954 -0.032349 -0.026001
-0.021240 -0.135010 0.498291 0.313721 -0.091797 -0.012695
0.115845 -0.088867 0.507813 0.326050 -0.166748 0.000732
0.216431 -0.049683 0.526855 0.313721 -0.157104 0.023560
0.255981 -0.016113 0.551514 0.279541 -0.076660 0.057251
0.293823 -0.015625 0.586914 0.210815 0.022339 0.088013
0.299683 -0.052856 0.646362 0.124756 0.090210 0.082886
0.290771 -0.088379 0.732788 0.052124 0.091431 0.040649
0.245117 -0.123291 0.825928 0.010254 0.078979 -0.005859
0.196289 -0.152710 0.877319 -0.004150 0.070923 -0.026489
0.214478 -0.164795 0.912231 0.000000 0.046509 -0.030884
0.229980 -0.166504 0.931885 0.004639 0.043213 -0.025635
0.233398 -0.169067 0.944946 0.002075 0.053345 -0.020752
0.227661 -0.169678 0.953247 -0.005981 0.070190 -0.011353
0.207886 -0.185303 0.964233 -0.015747 0.078979 -0.008911
0.166260 -0.193237 0.971313 -0.019775 0.078735 -0.010254
0.132568 -0.193604 0.977783 -0.021484 0.061768 -0.012451
0.115845 -0.196045 0.982422 -0.025391 0.034790 -0.009888
0.118164 -0.196533 0.993042 -0.030029 -0.000610 -0.011475
0.144165 -0.197388 1.002808 -0.027344 -0.023682 -0.004395
0.153931 -0.193726 1.003784 -0.025146 -0.029175 0.000610
0.153442 -0.190674 1.019287 -0.023438 -0.041870 -0.000366
0.179688 -0.194824 1.033569 -0.018188 -0.047852 0.004639
0.196045 -0.182617 1.050537 -0.009644 -0.041260 0.013428
0.195435 -0.173096 1.063965 0.000122 -0.029297 0.015503
0.172607 -0.169067 1.077393 0.012817 -0.019775 0.011963
0.168823 -0.162354 1.071655 0.029785 -0.031494 0.005371
0.180054 -0.147095 1.045044 0.044556 -0.050171 -0.007568
0.180176 -0.138550 1.011719 0.047241 -0.054443 -0.022583
0.177856 -0.130859 0.988525 0.037720 -0.051270 -0.030029
0.166260 -0.126587 0.975708 0.020996 -0.036621 -0.026611
0.157349 -0.132935 0.985352 -0.001465 -0.012451 -0.015381
0.149048 -0.144775 1.003296 -0.018311 0.005859 -0.007935
0.140869 -0.158936 1.016357 -0.024170 0.010742 -0.003418
0.132446 -0.167725 1.029907 -0.019775 0.003784 -0.001099
0.131226 -0.173218 1.027832 -0.012085 -0.007690 -0.001099
0.134644 -0.177490 1.017090 -0.000732 -0.020264 -0.002808
0.136841 -0.169067 1.005493 0.007935 -0.026611 -0.002563
0.123169 -0.161865 0.999023 0.010010 -0.032959 -0.004150
0.117188 -0.158325 1.000854 0.007202 -0.035645 -0.002441
0.110962 -0.158325 1.014038 0.003052 -0.031250 0.002808
0.116577 -0.153320 1.022705 0.002930 -0.034912 0.009766
0.142700 -0.151978 1.026978 0.005981 -0.045166 0.017578
0.166748 -0.152588 1.025391 0.009155 -0.055786 0.020142
0.214478 -0.155151 1.021240 0.012451 -0.068359 0.008911
0.218262 -0.138794 1.017090 0.016724 -0.052979 -0.005005
0.203247 -0.119751 1.008789 0.011719 -0.026367 -0.014038
0.190796 -0.116333 1.009399 -0.002930 -0.005981 -0.017700
0.162109 -0.122925 1.011230 -0.019409 0.016846 -0.015259
0.138794 -0.125488 1.013062 -0.027832 0.022827 -0.010376
0.127075 -0.138184 1.018311 -0.030396 0.008911 -0.008911
0.125366 -0.150513 1.016968 -0.025635 -0.003906 -0.000244
