0.233765 -0.037476 1.030762 -0.012939 -0.014282 -0.010986
0.239868 -0.031738 1.020264 -0.009033 -0.017212 -0.014648
0.239136 -0.028687 1.025146 -0.011841 -0.013550 -0.017212
0.239624 -0.032349 1.032715 -0.015991 -0.011230 -0.019043
0.239258 -0.034180 1.038818 -0.016602 -0.010010 -0.020630
0.235229 -0.038452 1.036011 -0.015137 -0.009888 -0.021484
0.227539 -0.043945 1.038818 -0.012695 -0.009155 -0.021484
0.222900 -0.050781 1.029419 -0.008545 -0.012817 -0.021973
0.212769 -0.050415 1.014771 -0.002563 -0.018433 -0.023193
0.221680 -0.047729 1.000977 0.000366 -0.020874 -0.018677
0.228027 -0.042969 1.002075 -0.001221 -0.021851 -0.017700
0.229736 -0.035034 0.995117 -0.002686 -0.022095 -0.018555
0.231934 -0.034302 0.987305 -0.002075 -0.025635 -0.020874
0.229004 -0.027832 0.973755 -0.002808 -0.026489 -0.024292
0.223877 -0.023071 0.966675 -0.008179 -0.024658 -0.023682
0.221436 -0.028442 0.959229 -0.015625 -0.021606 -0.021973
0.218628 -0.034668 0.949341 -0.022095 -0.021606 -0.023315
0.210205 -0.034180 0.936523 -0.028076 -0.023315 -0.026978
0.200073 -0.040527 0.928955 -0.034912 -0.025879 -0.029053
0.192505 -0.043335 0.913208 -0.042847 -0.025391 -0.025269
0.170898 -0.051758 0.898071 -0.051758 -0.030396 -0.021729
0.173950 -0.058472 0.890015 -0.057983 -0.042969 -0.016235
0.150391 -0.063599 0.883301 -0.061523 -0.052490 -0.014282
0.156128 -0.069580 0.870117 -0.059448 -0.058594 -0.004761
0.152222 -0.064697 0.856079 -0.059814 -0.074585 -0.005859
0.183716 -0.074829 0.840454 -0.060913 -0.103394 -0.008667
0.183472 -0.071167 0.827637 -0.061890 -0.111694 -0.004395
0.184204 -0.069702 0.817139 -0.069824 -0.109497 0.004272
0.212769 -0.085205 0.814087 -0.080566 -0.110229 0.013916
0.204468 -0.103760 0.815918 -0.091187 -0.084961 0.031616
0.176270 -0.120972 0.811279 -0.090942 -0.046875 0.058594
0.152588 -0.120850 0.824707 -0.089844 -0.024658 0.093384
0.183838 -0.119629 0.825073 -0.095093 -0.024658 0.134644
0.234131 -0.110596 0.829224 -0.089966 -0.034424 0.146729
0.237549 -0.069458 0.831787 -0.096802 -0.045898 0.135498
0.300537 -0.098145 0.859131 -0.124634 -0.090942 0.122681
0.338257 -0.059204 0.885742 -0.133545 -0.097534 0.114502
0.298096 -0.040405 0.896606 -0.154175 -0.074097 0.055908
0.279541 -0.025879 0.896729 -0.178711 -0.085205 0.025269
0.272949 -0.023560 0.902222 -0.210327 -0.095093 0.008057
0.248169 -0.034058 0.903564 -0.242065 -0.083130 0.014404
0.243164 -0.066162 0.930542 -0.261475 -0.052979 0.042969
0.237915 -0.101440 0.925659 -0.275024 -0.028809 0.046753
0.223511 -0.103271 0.952515 -0.294556 -0.008301 0.053711
0.200562 -0.106079 0.997559 -0.313843 -0.002930 0.054565
0.263794 -0.115356 1.047363 -0.317383 -0.019043 0.056885
0.337646 -0.119385 1.091553 -0.306396 -0.021851 0.050171
0.314941 -0.108154 1.121094 -0.299194 0.001099 0.035034
0.329346 -0.110596 1.124512 -0.284668 -0.001099 0.015747
0.328857 -0.117676 1.107056 -0.263306 0.015381 0.007935
0.272583 -0.113281 1.104248 -0.239624 0.052002 -0.003906
0.231079 -0.128540 1.121094 -0.245361 0.048828 0.000488
0.231323 -0.139404 1.151001 -0.244141 0.034424 0.011963
0.211914 -0.163574 1.196045 -0.233887 0.006714 0.015137
0.222290 -0.172485 1.224243 -0.199951 -0.049316 0.009033
0.315186 -0.193848 1.227051 -0.160278 -0.117065 -0.004761
0.361328 -0.181885 1.218628 -0.137695 -0.123535 -0.011230
0.342896 -0.158203 1.204346 -0.119873 -0.084229 -0.012939
0.310791 -0.142334 1.178833 -0.118286 -0.056030 -0.012939
0.306274 -0.158569 1.168335 -0.136108 -0.037109 -0.005005
0.302612 -0.195068 1.182007 -0.149536 -0.011597 0.000610
0.245728 -0.214722 1.182495 -0.137085 0.005371 -0.002441
0.193604 -0.218994 1.174072 -0.110352 -0.012451 -0.009644
0.182495 -0.209595 1.139526 -0.078735 -0.060303 -0.013550
0.184814 -0.189331 1.095459 -0.056030 -0.097656 -0.005005
0.216431 -0.161011 1.072388 -0.047974 -0.128540 0.009155
0.275269 -0.141846 1.064453 -0.050781 -0.140503 0.021240
0.307129 -0.112061 1.046875 -0.050781 -0.123901 0.025635
0.313232 -0.098755 1.025024 -0.060669 -0.098877 0.022217
0.332642 -0.116943 1.030151 -0.078247 -0.073608 0.016724
0.298828 -0.141846 1.039063 -0.089966 -0.052856 -0.000122
0.255737 -0.161865 1.039063 -0.089355 -0.051636 -0.011230
0.237427 -0.183472 1.029541 -0.082520 -0.070923 -0.015137
0.223755 -0.186523 1.004395 -0.072876 -0.103027 -0.022705
0.237305 -0.206909 0.981323 -0.067139 -0.122192 -0.018799
0.253418 -0.207031 0.982544 -0.063110 -0.123047 -0.011597
0.268555 -0.203003 1.001221 -0.069702 -0.113281 -0.008057
0.307007 -0.196777 1.036133 -0.084106 -0.093994 0.001709
0.340820 -0.206421 1.089478 -0.091675 -0.060303 0.012451
0.356323 -0.218262 1.136353 -0.083496 -0.030884 0.008057
0.340210 -0.216187 1.153687 -0.057495 -0.017700 -0.005615
0.323853 -0.200195 1.138550 -0.026123 -0.016724 -0.017212
0.312134 -0.192139 1.099609 -0.001831 -0.016113 -0.023926
0.284912 -0.186523 1.049805 0.010864 -0.014771 -0.034790
0.268921 -0.174683 1.019165 0.013672 -0.012085 -0.036743
0.258057 -0.170532 1.009155 0.010010 -0.007202 -0.031982
0.267700 -0.168579 0.997314 0.004272 -0.007935 -0.025635
0.274048 -0.169434 0.992065 -0.003662 -0.011475 -0.022461
0.285522 -0.174805 0.992676 -0.010254 -0.012329 -0.018433
0.290161 -0.179688 1.008667 -0.015015 -0.005005 -0.013550
0.306274 -0.180664 1.026611 -0.015869 -0.003540 -0.014526
0.322998 -0.177734 1.036499 -0.016479 0.004639 -0.018921
0.335083 -0.175903 1.062134 -0.017578 0.017090 -0.029419
0.311279 -0.173706 1.089233 -0.018799 0.036377 -0.036621
0.293579 -0.163940 1.110352 -0.018311 0.043701 -0.038086
0.315796 -0.173462 1.130737 -0.020996 0.041748 -0.038330
0.319824 -0.175293 1.149292 -0.021118 0.051147 -0.043335
0.316040 -0.172119 1.176147 -0.020996 0.056030 -0.057617
0.330322 -0.175903 1.190552 -0.017700 0.054443 -0.069458
0.320435 -0.172485 1.202271 -0.012329 0.058472 -0.082642
0.330200 -0.172485 1.205200 -0.007568 0.046021 -0.099243
0.325073 -0.168457 1.197998 -0.008667 0.039429 -0.115723
0.321289 -0.170044 1.196289 -0.007813 0.044800 -0.121094
0.328247 -0.168213 1.177612 -0.013672 0.042480 -0.126953
0.357422 -0.170166 1.175293 -0.020264 0.028931 -0.148804
0.323120 -0.159912 1.185059 -0.025635 0.029297 -0.176880
0.265747 -0.142456 1.181641 -0.024170 0.032104 -0.185669
0.262451 -0.158936 1.176392 -0.033447 0.006470 -0.182739
0.273193 -0.168823 1.177856 -0.013672 -0.009399 -0.180420
0.250610 -0.164063 1.158081 0.028809 -0.001709 -0.178589
0.241821 -0.158569 1.123169 0.067871 0.008911 -0.166626
0.264282 -0.168579 1.095337 0.092285 0.034424 -0.136230
0.265869 -0.183838 1.071899 0.106445 0.075562 -0.105103
0.255859 -0.192749 1.046875 0.121216 0.098877 -0.090698
0.265015 -0.195068 1.027954 0.135986 0.084961 -0.103271
0.237061 -0.189575 1.018921 0.154419 0.084473 -0.111572
0.206177 -0.174927 1.000244 0.170288 0.084839 -0.103638
0.239868 -0.184082 0.964966 0.176514 0.051514 -0.098145
0.219238 -0.176392 0.945557 0.182373 0.048218 -0.083374
0.214844 -0.149292 0.923950 0.204834 0.048950 -0.073120
0.237793 -0.141235 0.899414 0.202637 0.033691 -0.064453
0.243408 -0.130981 0.882690 0.188477 0.043579 -0.053955
0.222046 -0.129883 0.871948 0.166748 0.066650 -0.047852
0.207275 -0.131836 0.891968 0.147217 0.069458 -0.041382
0.195801 -0.130005 0.896484 0.137207 0.050171 -0.034180
0.231079 -0.143433 0.896851 0.117554 0.015991 -0.026855
0.250122 -0.161621 0.895386 0.114014 0.011353 -0.028442
0.267334 -0.169800 0.905273 0.115723 0.013062 -0.035400
0.230347 -0.166504 0.925415 0.117920 0.013672 -0.045898
0.232178 -0.161011 0.937622 0.125000 -0.009644 -0.048950
0.232788 -0.151611 0.932617 0.134888 -0.025146 -0.041260
0.226074 -0.133911 0.934692 0.142822 -0.032593 -0.026367
0.245728 -0.124512 0.915771 0.140503 -0.053101 -0.010132
0.227661 -0.092773 0.883423 0.145264 -0.054565 -0.007568
0.241089 -0.082642 0.868774 0.135010 -0.058838 -0.008301
0.246826 -0.073364 0.878296 0.109863 -0.049927 -0.007813
0.242554 -0.073975 0.872925 0.090210 -0.031616 -0.008911
0.230347 -0.070313 0.875000 0.072510 -0.015137 -0.009766
0.226685 -0.077026 0.886841 0.051880 -0.018799 -0.013062
0.199219 -0.078369 0.903076 0.040405 -0.032104 -0.018311
0.214478 -0.082642 0.897217 0.048462 -0.044189 -0.012329
0.210693 -0.085571 0.899170 0.055908 -0.043335 -0.001343
0.238647 -0.095581 0.893188 0.065063 -0.039429 0.011719
0.222900 -0.073730 0.891235 0.075684 -0.028809 0.014160
0.226318 -0.060181 0.886475 0.080444 -0.039429 0.009888
0.255249 -0.045532 0.883545 0.077271 -0.059814 0.005371
0.257446 -0.033936 0.880371 0.062012 -0.058838 -0.001709
0.260498 -0.035034 0.885254 0.038452 -0.057495 -0.010498
0.240234 -0.041748 0.903442 0.015381 -0.055664 -0.014893
0.223145 -0.040649 0.921875 -0.002563 -0.060669 -0.015747
