0.247070 -0.070435 1.036499 -0.049316 0.020142 -0.019897
0.248901 -0.076172 1.044312 -0.041992 0.011475 -0.025635
0.258545 -0.076172 1.052002 -0.034546 -0.000122 -0.032349
0.264771 -0.074341 1.054077 -0.026123 -0.008423 -0.039307
0.260254 -0.069580 1.046997 -0.020020 -0.009766 -0.040039
0.265259 -0.068115 1.035522 -0.015747 -0.008911 -0.039429
0.247314 -0.066162 1.029663 -0.013306 -0.002686 -0.038818
0.233887 -0.066162 1.018677 -0.011475 -0.003662 -0.031494
0.233643 -0.066040 1.009644 -0.008545 -0.011597 -0.024536
0.240356 -0.067505 0.998779 -0.004272 -0.019775 -0.017456
0.249756 -0.064209 0.983276 -0.000732 -0.024048 -0.013184
0.247559 -0.059082 0.974121 0.000000 -0.023560 -0.014282
0.236328 -0.059937 0.946533 -0.002808 -0.023804 -0.019287
0.214111 -0.060303 0.928711 -0.008179 -0.024536 -0.020386
0.201782 -0.062012 0.914551 -0.015747 -0.028809 -0.018799
0.202148 -0.065674 0.900513 -0.024780 -0.035034 -0.015137
0.225830 -0.068237 0.889893 -0.030518 -0.026123 -0.007446
0.189941 -0.065552 0.888062 -0.038818 -0.014648 -0.010986
0.208130 -0.074219 0.885986 -0.041870 -0.035767 -0.005859
0.223022 -0.079346 0.868042 -0.035889 -0.033081 0.006958
0.214233 -0.082153 0.850952 -0.026367 -0.018188 0.019165
0.227539 -0.081177 0.822876 -0.022949 -0.013428 0.026245
0.264648 -0.078125 0.781982 -0.028198 -0.030640 0.008667
0.240845 -0.080200 0.770142 -0.048340 -0.046021 -0.024048
0.209717 -0.089233 0.769531 -0.072266 -0.046265 -0.028931
0.194214 -0.099854 0.765503 -0.089844 -0.037842 -0.012451
0.192749 -0.098511 0.781250 -0.106934 -0.042603 -0.000244
0.225586 -0.118042 0.810303 -0.124146 -0.063843 -0.003418
0.247681 -0.124756 0.845337 -0.126343 -0.078491 -0.009644
0.261841 -0.119507 0.862061 -0.113770 -0.078003 -0.010498
0.257813 -0.099976 0.873413 -0.103638 -0.059692 -0.004272
0.268188 -0.082153 0.874268 -0.107056 -0.039185 0.003906
0.269531 -0.074829 0.880371 -0.122925 -0.027100 -0.000366
0.255249 -0.072021 0.888916 -0.144775 -0.028442 -0.008667
0.235229 -0.061890 0.901001 -0.171875 -0.037354 -0.016968
0.207886 -0.069336 0.920166 -0.202271 -0.051880 -0.020142
0.169678 -0.074707 0.923462 -0.237305 -0.072510 -0.019531
0.177246 -0.102539 0.948486 -0.269531 -0.112427 -0.011108
0.220825 -0.138062 0.988403 -0.280396 -0.155151 0.006226
0.286377 -0.132446 1.013428 -0.263794 -0.192627 0.005615
0.318115 -0.106079 1.009888 -0.243652 -0.202637 -0.008789
0.421875 -0.071899 0.969971 -0.249634 -0.182495 0.001831
0.391113 -0.057861 0.975952 -0.285034 -0.085571 0.011841
0.350708 -0.065918 0.995728 -0.325073 -0.001831 0.020996
0.321167 -0.142578 1.080566 -0.366211 0.036987 0.027588
0.267578 -0.199829 1.177856 -0.363159 0.019897 0.005859
0.246948 -0.227173 1.245361 -0.309570 -0.059082 -0.031372
0.232666 -0.225342 1.269287 -0.222412 -0.144897 -0.061279
0.233154 -0.189209 1.225342 -0.136230 -0.210449 -0.064697
0.254883 -0.164307 1.169922 -0.092529 -0.239746 -0.041748
0.303833 -0.147583 1.148315 -0.084595 -0.233398 -0.019653
0.400391 -0.088135 1.115479 -0.103394 -0.212769 -0.004761
0.393188 -0.067383 1.115601 -0.166016 -0.123291 0.012939
0.371704 -0.081787 1.139282 -0.229248 -0.029175 0.035400
0.363770 -0.117798 1.172241 -0.272339 0.003784 0.036865
0.317993 -0.160400 1.207031 -0.283447 0.035522 0.042847
0.302246 -0.199341 1.283447 -0.256714 0.022583 0.035034
0.364746 -0.234253 1.418091 -0.202271 -0.033936 0.018066
0.491455 -0.264160 1.584106 -0.128174 -0.078857 0.004395
0.528320 -0.254883 1.580078 -0.022949 -0.081177 -0.028809
0.382813 -0.187744 1.323242 0.088013 -0.036499 -0.055908
0.260376 -0.095093 1.033081 0.149658 -0.007690 -0.052246
0.213379 -0.051758 0.863647 0.128540 0.002563 -0.026123
0.185791 -0.046875 0.783569 0.059814 -0.007446 0.006104
0.186890 -0.067627 0.778687 -0.010498 -0.041748 0.029419
0.190308 -0.087036 0.801270 -0.059570 -0.078369 0.042969
0.270874 -0.110596 0.849121 -0.088745 -0.120483 0.052612
0.366089 -0.147217 0.924805 -0.103760 -0.131592 0.050415
0.420532 -0.167358 1.002808 -0.102051 -0.108398 0.033691
0.460938 -0.186768 1.073120 -0.088379 -0.080444 0.005615
0.437866 -0.201172 1.112915 -0.068848 -0.037964 -0.019287
0.372803 -0.215454 1.106567 -0.047119 0.003906 -0.030518
0.310425 -0.222778 1.072021 -0.026489 0.030029 -0.028564
0.268433 -0.215332 1.033691 -0.009033 0.032227 -0.020386
0.253296 -0.210693 1.015625 0.003906 0.016968 -0.013550
0.274536 -0.206787 1.003296 0.019653 -0.003174 -0.006348
0.304688 -0.200562 1.007935 0.033325 -0.018433 -0.008789
0.309448 -0.174072 1.000244 0.042236 -0.023682 -0.018555
0.337646 -0.137817 0.989990 0.036743 -0.016479 -0.017944
0.381104 -0.131592 1.005615 0.010010 0.016235 -0.007813
0.382690 -0.150391 1.039307 -0.019653 0.053955 -0.011353
0.331543 -0.165894 1.088379 -0.030640 0.080566 -0.018555
0.313721 -0.183960 1.117798 -0.019653 0.085693 -0.010742
0.309570 -0.191528 1.143311 0.004150 0.078735 -0.004639
0.300659 -0.185059 1.149048 0.032349 0.062500 -0.007202
0.346680 -0.166626 1.149170 0.058228 0.044922 -0.009888
0.373779 -0.145752 1.151489 0.073120 0.049072 -0.023438
0.366455 -0.128174 1.168091 0.074707 0.076172 -0.036133
0.363525 -0.123535 1.188477 0.070190 0.100952 -0.038452
0.352417 -0.127197 1.214600 0.063965 0.122314 -0.038818
0.327637 -0.142456 1.226318 0.061035 0.118774 -0.048340
0.316772 -0.161865 1.227173 0.067383 0.093750 -0.062378
0.270020 -0.182495 1.220337 0.079468 0.085083 -0.077148
0.228638 -0.201172 1.209717 0.101929 0.064575 -0.082397
0.251709 -0.200317 1.185303 0.135010 0.028931 -0.065796
0.278320 -0.201538 1.177490 0.160034 0.013062 -0.059692
0.286011 -0.186401 1.170288 0.183838 0.021118 -0.063843
0.284668 -0.152832 1.148071 0.202515 0.036255 -0.055420
0.315430 -0.125854 1.132568 0.188843 0.028687 -0.049072
0.323853 -0.106934 1.139282 0.163818 0.020020 -0.050903
0.344971 -0.112671 1.143311 0.158081 0.039429 -0.039429
0.303589 -0.115845 1.135864 0.157837 0.062744 -0.027100
0.276001 -0.118652 1.111938 0.177490 0.036987 -0.041260
0.299683 -0.110474 1.076538 0.202271 -0.010254 -0.061768
0.297485 -0.089233 1.026367 0.222778 -0.013916 -0.074829
0.281494 -0.051514 0.970459 0.226685 -0.010620 -0.083618
0.323853 -0.039185 0.936157 0.206421 -0.019287 -0.091675
0.303711 -0.028931 0.919556 0.174316 0.016113 -0.090698
0.274658 -0.038940 0.924438 0.139160 0.057861 -0.073730
0.267334 -0.071655 0.946289 0.112793 0.073608 -0.053101
0.269287 -0.098999 0.947754 0.106567 0.070679 -0.042847
0.246582 -0.105347 0.953857 0.108521 0.049805 -0.042603
0.237671 -0.092163 0.934937 0.135986 0.031128 -0.044678
0.252808 -0.094604 0.917725 0.145630 0.013062 -0.041138
0.234131 -0.096069 0.902100 0.146606 0.022705 -0.033936
0.205200 -0.089600 0.889526 0.145142 0.020386 -0.033447
0.219604 -0.095581 0.881104 0.142944 -0.000244 -0.022827
0.183105 -0.086548 0.864136 0.140869 0.008911 -0.002075
0.210449 -0.089844 0.835693 0.127808 -0.003540 0.026978
0.268677 -0.101440 0.813110 0.107544 -0.006470 0.051636
0.353760 -0.118774 0.812744 0.087646 0.014282 0.057251
0.323853 -0.123535 0.826294 0.075439 0.053833 0.029053
0.209595 -0.095581 0.853149 0.067017 0.069214 -0.004639
0.194092 -0.076660 0.838623 0.103638 0.040039 -0.030884
0.195190 -0.052246 0.811035 0.132690 -0.004639 -0.039551
0.178223 -0.018311 0.791382 0.140137 -0.027222 -0.041748
0.181274 0.003784 0.785034 0.127197 -0.046997 -0.026489
0.192749 0.006348 0.786377 0.098511 -0.051758 0.004150
0.236206 -0.001587 0.795044 0.063354 -0.054932 0.030884
0.299438 -0.023315 0.814819 0.029175 -0.053711 0.032349
0.290161 -0.032715 0.834106 0.005005 -0.036499 0.012207
0.272461 -0.033081 0.847412 -0.006104 -0.036621 -0.011719
0.284546 -0.033691 0.847534 -0.009521 -0.039185 -0.026733
0.268799 -0.032227 0.858032 -0.020752 -0.023682 -0.041748
0.249146 -0.034668 0.881958 -0.031860 -0.013428 -0.050903
0.241211 -0.039307 0.898315 -0.042358 -0.009155 -0.048218
0.237915 -0.036743 0.901611 -0.054565 -0.005859 -0.036377
0.244019 -0.044067 0.912109 -0.070190 -0.002319 -0.023560
0.286743 -0.054565 0.930542 -0.086670 -0.001099 -0.015747
0.294312 -0.057251 0.968262 -0.096191 0.017456 -0.018677
0.262817 -0.058838 1.003540 -0.094604 0.034180 -0.025879
0.260620 -0.057373 1.013306 -0.084595 0.024170 -0.030273
0.277832 -0.052490 1.003906 -0.075073 0.008545 -0.040161
0.277466 -0.042969 0.998169 -0.069702 0.006470 -0.056152
0.231079 -0.026733 1.006836 -0.071655 0.015869 -0.063477
0.226196 -0.021362 1.020752 -0.074951 0.010132 -0.055420
0.239014 -0.015259 1.021484 -0.075928 0.003784 -0.041016
0.238647 -0.014038 1.027588 -0.079346 0.004150 -0.031128
0.242676 -0.021118 1.037842 -0.080933 0.003052 -0.021362
0.259155 -0.031738 1.043213 -0.077271 0.003174 -0.017456
