0.214233 -0.081421 1.008545 -0.026367 -0.007568 -0.020020
0.210815 -0.079346 1.013794 -0.028564 -0.004272 -0.020386
0.205933 -0.078857 1.016724 -0.030762 0.000244 -0.020142
0.212280 -0.086426 1.015259 -0.030396 -0.001587 -0.020264
0.202271 -0.080566 1.014648 -0.028442 -0.002930 -0.025146
0.196411 -0.080688 1.010498 -0.026001 -0.008179 -0.027344
0.194824 -0.081787 1.009399 -0.024414 -0.012939 -0.023071
0.206543 -0.082275 0.997437 -0.023438 -0.015381 -0.019165
0.217529 -0.080444 0.987915 -0.025146 -0.015991 -0.019165
0.214478 -0.078125 0.977905 -0.028809 -0.012451 -0.021851
0.204224 -0.076294 0.974243 -0.034546 -0.009644 -0.023804
0.200684 -0.080933 0.969238 -0.038818 -0.007324 -0.021851
0.208496 -0.080322 0.960693 -0.041992 -0.008423 -0.022705
0.203857 -0.075562 0.950806 -0.045654 -0.008301 -0.028076
0.212891 -0.072754 0.949707 -0.048706 -0.005859 -0.031006
0.213623 -0.060669 0.947998 -0.048340 0.004761 -0.029419
0.189331 -0.046875 0.925537 -0.049927 0.003174 -0.033691
0.220825 -0.046387 0.904297 -0.053467 -0.015747 -0.030762
0.221558 -0.061157 0.890381 -0.064453 -0.000854 -0.021484
0.195190 -0.067017 0.881958 -0.071655 0.020142 -0.013428
0.211670 -0.086914 0.877197 -0.072510 0.009521 -0.015869
0.225342 -0.091309 0.868164 -0.065796 0.015381 -0.016846
0.187744 -0.093872 0.856323 -0.063110 0.039063 -0.015137
0.176392 -0.104858 0.841797 -0.067505 0.029785 -0.016113
0.177856 -0.104370 0.830933 -0.077148 0.002930 -0.023560
0.190796 -0.106934 0.818115 -0.091309 -0.023804 -0.033569
0.207153 -0.099609 0.805054 -0.115234 -0.036987 -0.041992
0.207031 -0.104614 0.808350 -0.154297 -0.030640 -0.045654
0.200195 -0.125488 0.817993 -0.194946 -0.012695 -0.041138
0.189209 -0.137085 0.830933 -0.230103 -0.001099 -0.046997
0.194824 -0.150879 0.833496 -0.257202 0.001465 -0.050659
0.146729 -0.169189 0.851929 -0.279541 0.014648 -0.052246
0.113892 -0.191284 0.847412 -0.290894 -0.000366 -0.055908
0.110474 -0.202271 0.851929 -0.297485 -0.034912 -0.061646
0.111084 -0.202881 0.880493 -0.302246 -0.060425 -0.063599
0.125610 -0.194946 0.910156 -0.299683 -0.080933 -0.052124
0.136841 -0.184814 0.937622 -0.291260 -0.102905 -0.038696
0.174927 -0.187500 0.944946 -0.284546 -0.116455 -0.020020
0.204346 -0.189819 0.952393 -0.285767 -0.102783 0.001709
0.202515 -0.190308 0.963135 -0.291016 -0.075317 0.015015
0.205566 -0.188477 0.982422 -0.302124 -0.057373 0.025146
0.202393 -0.196655 1.016113 -0.310181 -0.051514 0.026367
0.202515 -0.198975 1.039795 -0.307007 -0.062012 0.022461
0.197876 -0.203735 1.069458 -0.297485 -0.083618 0.011353
0.198975 -0.208130 1.073364 -0.280273 -0.111694 0.000732
0.201416 -0.203369 1.069824 -0.266479 -0.121582 0.000854
0.219360 -0.211670 1.069336 -0.263794 -0.112305 0.016235
0.260742 -0.209839 1.084839 -0.271729 -0.088135 0.034790
0.265137 -0.217041 1.113037 -0.279419 -0.055786 0.036987
0.271973 -0.227783 1.138672 -0.275879 -0.038818 0.036865
0.279175 -0.249268 1.168335 -0.265625 -0.038940 0.030762
0.288940 -0.274414 1.173340 -0.241577 -0.051270 0.012329
0.317993 -0.273071 1.163086 -0.208252 -0.056030 -0.005493
0.273804 -0.264404 1.151245 -0.183838 -0.028320 -0.027588
0.230469 -0.248047 1.128174 -0.168457 -0.013306 -0.035400
0.214111 -0.237549 1.116455 -0.165527 -0.012817 -0.027466
0.195313 -0.228394 1.111328 -0.169434 -0.013550 -0.011963
0.197266 -0.228149 1.105469 -0.175903 -0.022095 0.011230
0.215820 -0.222656 1.116699 -0.181152 -0.039795 0.028564
0.244873 -0.223022 1.128052 -0.179688 -0.061523 0.035889
0.289429 -0.226929 1.113525 -0.172607 -0.073608 0.037842
0.336792 -0.239868 1.107056 -0.168945 -0.059082 0.033691
0.342041 -0.250000 1.101563 -0.171143 -0.001831 0.028076
0.305542 -0.262329 1.139404 -0.174805 0.042480 0.005981
0.234863 -0.272461 1.160767 -0.161743 0.073608 -0.009766
0.222900 -0.313721 1.244629 -0.133911 0.070923 -0.014648
0.309204 -0.405151 1.484497 -0.076660 0.040405 -0.030273
0.290405 -0.519043 1.688477 0.046753 0.021851 -0.077759
0.057129 -0.295410 1.308350 0.230469 0.027222 -0.049072
0.077881 -0.156494 0.970337 0.264648 -0.042480 0.006958
0.158813 -0.143433 0.867065 0.168213 -0.106934 0.013794
0.208252 -0.165283 0.875610 0.070801 -0.118652 -0.001465
0.185181 -0.163086 0.904663 0.005127 -0.099976 -0.014404
0.196899 -0.165527 0.926025 -0.036987 -0.100952 -0.013916
0.266479 -0.194946 0.954834 -0.066040 -0.115967 -0.014771
0.296997 -0.222412 0.996216 -0.080444 -0.097656 -0.028320
0.268066 -0.227417 1.021240 -0.075806 -0.061890 -0.042114
0.262573 -0.239258 1.021606 -0.066162 -0.039429 -0.040405
0.252075 -0.247681 1.002930 -0.058350 -0.022339 -0.034180
0.232422 -0.256714 0.978271 -0.056641 -0.008301 -0.032959
0.214966 -0.274536 0.967163 -0.057373 0.002686 -0.027954
0.219727 -0.299561 0.988403 -0.054199 0.001831 -0.013672
0.204956 -0.294800 0.999146 -0.039551 0.003540 -0.004028
0.193848 -0.300171 1.001465 -0.027344 -0.009155 -0.012329
0.210449 -0.289917 1.004028 -0.013672 -0.031372 -0.012329
0.226807 -0.284546 0.998413 -0.005615 -0.038574 -0.008423
0.244873 -0.273315 0.993164 -0.003784 -0.039795 -0.006958
0.237915 -0.255493 0.988281 -0.006104 -0.035767 -0.011475
0.241821 -0.250000 0.981567 -0.011230 -0.030396 -0.010132
0.238892 -0.250000 0.975098 -0.017334 -0.025024 -0.009644
0.230469 -0.246826 0.980591 -0.022217 -0.027710 -0.017700
0.224854 -0.246216 0.998657 -0.024536 -0.033325 -0.022949
0.215942 -0.247070 1.010132 -0.024536 -0.035156 -0.018311
0.222046 -0.241333 1.001221 -0.022583 -0.038086 -0.011230
0.241821 -0.241211 0.987549 -0.023438 -0.039917 -0.005737
0.249878 -0.242188 0.979492 -0.029297 -0.036987 -0.006958
0.247803 -0.246704 0.984741 -0.036987 -0.031006 -0.009888
0.242554 -0.252930 0.988403 -0.042969 -0.030518 -0.010254
0.261108 -0.265381 0.987549 -0.043945 -0.025757 -0.005859
0.255615 -0.269897 0.981323 -0.043945 -0.013794 -0.012695
0.237427 -0.269165 0.979980 -0.042725 -0.011353 -0.021851
0.221069 -0.271118 0.995117 -0.043213 -0.005981 -0.019287
0.220703 -0.275146 1.000732 -0.041138 -0.008179 -0.012939
0.230347 -0.277466 0.997681 -0.037598 -0.014771 -0.006592
0.239014 -0.271606 0.993408 -0.034546 -0.015259 -0.003662
0.237427 -0.265747 0.993042 -0.034302 -0.012817 -0.004150
0.239990 -0.258423 0.987793 -0.033691 -0.010132 -0.003540
0.250000 -0.254272 0.993896 -0.034790 -0.006836 -0.003052
0.250366 -0.250122 0.998901 -0.039551 0.001465 -0.003174
0.248291 -0.251099 1.001465 -0.044067 0.004028 -0.004639
0.264038 -0.248657 1.011353 -0.045410 0.006104 -0.005737
0.250122 -0.243408 1.023438 -0.045776 0.016968 -0.010864
0.244873 -0.248291 1.048828 -0.048096 0.025391 -0.013062
0.253662 -0.249146 1.074097 -0.045044 0.022949 -0.019043
0.251587 -0.257813 1.099121 -0.036865 0.023193 -0.026245
0.241943 -0.266357 1.131958 -0.024048 0.016357 -0.034668
0.237915 -0.265503 1.160278 -0.003662 -0.002930 -0.045654
0.249268 -0.269775 1.184204 0.020386 -0.009644 -0.044067
0.273071 -0.271362 1.197510 0.041748 0.000366 -0.034546
0.286499 -0.260742 1.210083 0.059692 0.031372 -0.021240
0.291992 -0.249512 1.215088 0.073242 0.061890 -0.019897
0.276367 -0.253174 1.235718 0.079102 0.094116 -0.020386
0.247070 -0.264038 1.245483 0.088745 0.110474 -0.027588
0.217041 -0.266602 1.246338 0.111328 0.105103 -0.039307
0.202759 -0.263916 1.229126 0.135864 0.077271 -0.050659
0.199097 -0.252808 1.203247 0.156982 0.043701 -0.058960
0.187988 -0.242798 1.180298 0.166382 0.024292 -0.060669
0.192627 -0.239014 1.161133 0.166626 0.005493 -0.058716
0.201416 -0.238403 1.152344 0.167603 -0.007935 -0.055664
0.220459 -0.254272 1.152710 0.173950 -0.009277 -0.047363
0.249634 -0.261719 1.142700 0.194702 -0.005615 -0.034546
0.264404 -0.265259 1.133301 0.219971 0.011719 -0.042969
0.266479 -0.249390 1.114014 0.244873 0.032837 -0.058472
0.245605 -0.229736 1.093628 0.262451 0.053467 -0.069580
0.248779 -0.208374 1.064941 0.272827 0.052734 -0.078735
0.271362 -0.202148 1.034180 0.270630 0.037842 -0.101074
0.264404 -0.186401 1.017334 0.261841 0.037231 -0.128784
0.236206 -0.181396 1.004883 0.247314 0.045166 -0.147095
0.216797 -0.179810 0.996582 0.234863 0.054932 -0.148315
0.213013 -0.189575 0.997314 0.224121 0.071655 -0.131958
0.192993 -0.192383 1.001099 0.215576 0.093018 -0.109741
0.163330 -0.196045 1.001709 0.211548 0.103638 -0.086914
0.183838 -0.210938 0.994629 0.215454 0.091797 -0.063599
0.189331 -0.212036 0.977417 0.225708 0.086670 -0.048584
0.151611 -0.194092 0.956909 0.231567 0.093750 -0.039185
0.171875 -0.176147 0.936646 0.224243 0.074707 -0.029297
0.178589 -0.171631 0.933105 0.202393 0.075317 -0.023926
0.148315 -0.174072 0.952515 0.181519 0.094727 -0.013550
0.140137 -0.172119 0.956909 0.175293 0.092163 0.003784
0.138550 -0.161255 0.948853 0.178955 0.071777 0.009888
