0.192505 -0.136841 1.031616 -0.019287 -0.016724 -0.014893
0.204102 -0.123047 1.045654 -0.015869 -0.019287 -0.013794
0.206299 -0.125122 1.026367 -0.013672 -0.020874 -0.012329
0.213501 -0.121826 1.020874 -0.014282 -0.019165 -0.015015
0.212036 -0.121216 1.017334 -0.016113 -0.011108 -0.019531
0.212402 -0.122925 1.019775 -0.017212 -0.011353 -0.025391
0.208618 -0.122437 1.013062 -0.016113 -0.011108 -0.029053
0.207153 -0.124146 1.007813 -0.015137 -0.009644 -0.028809
0.198853 -0.125488 0.994995 -0.015625 -0.009277 -0.028198
0.197021 -0.124634 0.987183 -0.016846 -0.007813 -0.026123
0.197632 -0.125854 0.974243 -0.018188 -0.006714 -0.024536
0.193848 -0.121460 0.959229 -0.020508 -0.006836 -0.025024
0.194336 -0.119751 0.948120 -0.024170 -0.008667 -0.028442
0.195557 -0.109253 0.928101 -0.028809 -0.009888 -0.029419
0.204102 -0.091431 0.903076 -0.033691 -0.005981 -0.028564
0.213501 -0.088989 0.871582 -0.041626 0.004639 -0.033081
0.217041 -0.084106 0.828735 -0.042236 0.018921 -0.043945
0.148682 -0.072510 0.746338 -0.042358 0.022705 -0.067993
0.167236 -0.087280 0.649658 -0.056641 -0.023560 -0.093018
0.158691 -0.121704 0.558594 -0.096069 -0.041382 -0.111450
0.120239 -0.168945 0.501343 -0.143921 -0.056274 -0.133179
0.076416 -0.225830 0.472046 -0.188477 -0.093262 -0.152100
-0.005371 -0.255615 0.451172 -0.225342 -0.133423 -0.153687
-0.055664 -0.268799 0.444214 -0.259277 -0.201538 -0.137329
-0.026001 -0.243164 0.440674 -0.292114 -0.264526 -0.090088
0.013428 -0.204834 0.473755 -0.333252 -0.296021 -0.025146
0.137451 -0.196045 0.516846 -0.404297 -0.324585 0.051880
0.253906 -0.171021 0.580200 -0.485352 -0.317383 0.110962
0.327393 -0.169067 0.667603 -0.556763 -0.289063 0.130981
0.383789 -0.151489 0.760620 -0.613770 -0.251709 0.128662
0.355591 -0.158691 0.861572 -0.655762 -0.204834 0.100464
0.327759 -0.188477 0.965210 -0.682861 -0.175171 0.078735
0.260498 -0.229126 1.085571 -0.693237 -0.161133 0.060303
0.227661 -0.300171 1.215088 -0.675293 -0.194580 0.046753
0.260254 -0.367798 1.284302 -0.618774 -0.244873 0.045288
0.315186 -0.416382 1.315674 -0.551880 -0.269409 0.046509
0.343506 -0.439575 1.350464 -0.496338 -0.247314 0.048706
0.380615 -0.442261 1.358765 -0.453247 -0.186523 0.060547
0.392578 -0.458130 1.390381 -0.424927 -0.107422 0.067871
0.370972 -0.448853 1.441406 -0.392090 -0.019653 0.082397
0.366943 -0.452271 1.497925 -0.351807 0.055664 0.101929
0.404419 -0.411621 1.493652 -0.295166 0.046509 0.093506
0.402222 -0.401245 1.505493 -0.262573 0.026123 0.063721
0.401245 -0.383789 1.503296 -0.222168 0.026489 0.042847
0.363281 -0.385742 1.510132 -0.181396 0.023560 0.016235
0.355591 -0.388550 1.483032 -0.123901 0.031250 0.013306
0.358643 -0.387573 1.465576 -0.067993 0.013306 -0.001587
0.360596 -0.376831 1.460083 -0.021362 -0.007324 -0.019897
0.372192 -0.384766 1.467529 0.018555 -0.011841 -0.029663
0.382813 -0.384644 1.459351 0.060913 0.018799 -0.023560
0.400757 -0.388306 1.442993 0.103027 0.045654 -0.025635
0.380981 -0.382568 1.429321 0.141479 0.073608 -0.036499
0.357300 -0.367310 1.404175 0.182983 0.091675 -0.048340
0.327393 -0.349731 1.372070 0.215332 0.103760 -0.052979
0.306519 -0.337769 1.361084 0.244141 0.115845 -0.047607
0.311035 -0.330933 1.346069 0.272461 0.123413 -0.035522
0.313110 -0.338379 1.332520 0.299561 0.128784 -0.027832
0.309448 -0.348389 1.319580 0.330322 0.120239 -0.029175
0.325806 -0.353882 1.290771 0.369995 0.102295 -0.040771
0.327759 -0.343140 1.249268 0.405884 0.101563 -0.055542
0.298950 -0.316895 1.196533 0.432373 0.104980 -0.072632
0.302246 -0.290527 1.141113 0.448364 0.104126 -0.081299
0.294434 -0.266479 1.094116 0.449463 0.124268 -0.083862
0.265747 -0.252808 1.048340 0.439697 0.145996 -0.083252
0.259766 -0.251221 1.004517 0.422241 0.141113 -0.088623
0.224243 -0.260010 0.967773 0.409424 0.153442 -0.089355
0.171997 -0.243042 0.931763 0.406128 0.160400 -0.079956
0.140747 -0.216187 0.868530 0.406128 0.141846 -0.072876
0.152954 -0.200562 0.820923 0.403076 0.092285 -0.079102
0.132080 -0.187500 0.761353 0.385498 0.065430 -0.081665
0.124756 -0.179810 0.715942 0.358643 0.045288 -0.079834
0.137329 -0.178101 0.681396 0.324585 0.036133 -0.069214
0.110718 -0.170776 0.666016 0.285522 0.051880 -0.055176
0.092163 -0.154541 0.664917 0.246216 0.046265 -0.041870
0.099243 -0.146851 0.679443 0.207153 0.030029 -0.019409
0.083984 -0.164917 0.710815 0.167480 0.026489 0.004761
0.115723 -0.181519 0.742920 0.142334 0.003906 0.030029
0.167847 -0.193481 0.776978 0.134644 -0.016235 0.046143
0.195557 -0.194214 0.791626 0.141846 -0.026001 0.042725
0.222534 -0.180542 0.797363 0.152588 -0.041138 0.022827
0.232300 -0.177124 0.810913 0.160278 -0.043335 -0.005005
0.211792 -0.155518 0.810913 0.170776 -0.034424 -0.034546
0.193848 -0.133667 0.804199 0.174072 -0.036133 -0.053223
0.157349 -0.113647 0.792969 0.165771 -0.046509 -0.068726
0.132690 -0.086914 0.781860 0.147705 -0.067383 -0.072144
0.150024 -0.072876 0.779663 0.117188 -0.084961 -0.059448
0.167480 -0.058228 0.787598 0.075073 -0.071533 -0.028564
0.200195 -0.068604 0.813477 0.021729 -0.047729 0.005371
0.254639 -0.092529 0.853149 -0.024414 -0.028564 0.029053
0.282959 -0.121216 0.889526 -0.051147 -0.001953 0.029175
0.281372 -0.130371 0.937134 -0.055908 0.015747 0.007324
0.243408 -0.133057 0.962158 -0.046387 0.024414 -0.015991
0.211670 -0.133057 0.966064 -0.032959 0.024048 -0.024780
0.197510 -0.125122 0.959961 -0.023560 0.011963 -0.024902
0.196655 -0.115967 0.959106 -0.019897 -0.004150 -0.018311
0.198975 -0.109497 0.959961 -0.025879 -0.013672 -0.008911
0.212646 -0.108887 0.969482 -0.034546 -0.019287 -0.002441
0.232300 -0.106323 0.980957 -0.042603 -0.022217 -0.002686
0.230347 -0.109863 0.994873 -0.049072 -0.024536 -0.013184
0.229370 -0.107788 1.009888 -0.050049 -0.025146 -0.018066
0.232300 -0.109375 1.015259 -0.050659 -0.025513 -0.023438
0.224121 -0.112671 1.018555 -0.051147 -0.022095 -0.026733
0.206543 -0.121704 1.028809 -0.048706 -0.017334 -0.027222
0.214111 -0.118652 1.038696 -0.043823 -0.021362 -0.024048
0.215210 -0.124023 1.042114 -0.039429 -0.018921 -0.017578
0.209961 -0.127197 1.047729 -0.038208 -0.006836 -0.005493
0.215332 -0.135132 1.041016 -0.036377 -0.008301 -0.000732
0.229126 -0.127563 1.038330 -0.031372 -0.020874 -0.007813
0.231323 -0.123779 1.036255 -0.026733 -0.024658 -0.017700
0.227051 -0.122437 1.032593 -0.023560 -0.024170 -0.022827
0.233643 -0.120117 1.022217 -0.022461 -0.022339 -0.025391
0.208130 -0.116699 1.015137 -0.024414 -0.009277 -0.027100
0.191895 -0.117065 1.015503 -0.026245 -0.006592 -0.024536
0.195435 -0.121948 1.013306 -0.026123 -0.009277 -0.018677
0.193481 -0.128418 1.014526 -0.026001 -0.007568 -0.013794
0.190430 -0.131470 1.026245 -0.023560 -0.003174 -0.004883
0.184448 -0.127075 1.029785 -0.020508 -0.003296 0.006348
0.202271 -0.135132 1.029175 -0.016846 -0.017334 0.014160
0.213257 -0.130005 1.020874 -0.011841 -0.025269 0.015747
0.220581 -0.123291 1.015015 -0.008545 -0.031494 0.012207
0.224365 -0.116211 1.013306 -0.008057 -0.033813 0.007935
0.234253 -0.108765 1.012085 -0.009644 -0.033691 0.003784
0.237671 -0.104370 1.014282 -0.012817 -0.025635 -0.003540
0.229614 -0.101440 1.015747 -0.014282 -0.020264 -0.012329
0.214966 -0.104248 1.022095 -0.014160 -0.020142 -0.016235
0.226318 -0.109375 1.021729 -0.013550 -0.019897 -0.013062
0.225098 -0.122192 1.021240 -0.015747 -0.016968 -0.015503
0.211304 -0.122314 1.021118 -0.013306 -0.018555 -0.018921
0.206665 -0.127808 1.018433 -0.010254 -0.024414 -0.019531
0.209717 -0.125732 1.017578 -0.006104 -0.024902 -0.013062
0.212524 -0.124023 1.014771 -0.006958 -0.023071 -0.008545
0.220581 -0.125244 1.014526 -0.010742 -0.017700 0.001099
0.220215 -0.122314 1.017944 -0.014160 -0.009155 0.006714
0.220947 -0.125610 1.031006 -0.017578 -0.006958 0.001953
0.223145 -0.125488 1.021851 -0.013916 -0.010986 0.000977
0.226196 -0.119995 1.024902 -0.010986 -0.014648 -0.004272
0.210327 -0.106934 1.022583 -0.008911 -0.010010 -0.012451
0.208252 -0.103516 1.020142 -0.006714 -0.015747 -0.018433
0.207275 -0.099731 1.015015 -0.003784 -0.020508 -0.018433
0.210938 -0.093750 1.013794 -0.001465 -0.026367 -0.016113
0.214722 -0.089233 1.006836 -0.002808 -0.029053 -0.017456
0.213257 -0.093140 1.006714 -0.010010 -0.027710 -0.014526
0.210571 -0.096436 1.009399 -0.013794 -0.023560 -0.007324
0.221069 -0.102051 1.010498 -0.014771 -0.023804 -0.003784
0.233521 -0.100220 1.014526 -0.014526 -0.023071 -0.006104
0.241577 -0.100342 1.009766 -0.015991 -0.024292 -0.017700
0.227905 -0.098511 1.019653 -0.018799 -0.022217 -0.029175
0.207275 -0.100952 1.029785 -0.022339 -0.015503 -0.029541
0.212769 -0.108398 1.028442 -0.023315 -0.017944 -0.024048
0.208862 -0.111328 1.025879 -0.021484 -0.021240 -0.019287
