0.230103 -0.045288 1.057007 -0.011841 -0.019409 -0.003540
0.239868 -0.046997 1.050659 -0.008179 -0.017700 -0.002563
0.242310 -0.046021 1.054932 -0.004517 -0.018921 -0.009521
0.240112 -0.049438 1.048584 -0.001099 -0.018921 -0.016113
0.239990 -0.046021 1.037354 0.000732 -0.016724 -0.021240
0.235840 -0.047119 1.033325 -0.000122 -0.006958 -0.026245
0.219849 -0.046509 1.024658 -0.001465 0.003052 -0.026001
0.199829 -0.050659 1.020020 -0.002075 0.007935 -0.021362
0.197632 -0.054932 1.010010 0.001221 0.001587 -0.015015
0.205688 -0.057983 1.000122 0.004150 -0.006592 -0.010864
0.210083 -0.054199 0.978760 0.005249 -0.008423 -0.009033
0.225952 -0.051147 0.959961 0.000244 -0.003784 -0.007202
0.218018 -0.046997 0.945679 -0.010376 0.009155 -0.006104
0.209106 -0.047119 0.936768 -0.022339 0.017090 -0.003540
0.207153 -0.047974 0.921997 -0.031738 0.018921 -0.001099
0.184570 -0.061035 0.906372 -0.036377 0.011108 -0.004883
0.167847 -0.074829 0.891113 -0.036011 -0.012207 -0.009155
0.170532 -0.086792 0.871826 -0.033569 -0.037720 -0.010132
0.190186 -0.094116 0.856201 -0.029053 -0.057739 -0.009521
0.207642 -0.077026 0.830566 -0.022827 -0.065796 -0.014038
0.210327 -0.060425 0.818481 -0.023071 -0.085083 -0.028076
0.234253 -0.045898 0.807495 -0.024170 -0.100830 -0.031006
0.276001 -0.044678 0.771362 -0.021729 -0.091797 -0.018188
0.289185 -0.051392 0.739014 -0.029175 -0.057373 -0.009277
0.265625 -0.071167 0.713745 -0.047119 -0.021851 -0.010254
0.221680 -0.090088 0.702881 -0.070313 0.001221 -0.012329
0.167969 -0.114380 0.683838 -0.097778 0.013550 -0.005615
0.117188 -0.124512 0.674805 -0.127930 0.026245 0.015747
0.078613 -0.116821 0.700195 -0.171021 0.035034 0.043701
0.072754 -0.123901 0.739014 -0.212158 0.012817 0.064331
0.151733 -0.109741 0.792969 -0.244385 -0.033203 0.082397
0.206055 -0.126709 0.859253 -0.270386 -0.069458 0.074097
0.247070 -0.143188 0.900879 -0.278564 -0.104858 0.056396
0.279053 -0.159790 0.926758 -0.273315 -0.135620 0.029907
0.276489 -0.145386 0.933105 -0.254150 -0.161255 -0.018433
0.272583 -0.134888 0.923096 -0.239502 -0.184937 -0.071777
0.286621 -0.121094 0.945190 -0.262573 -0.192505 -0.098999
0.282349 -0.113159 0.953857 -0.287964 -0.173340 -0.108032
0.264282 -0.119385 0.978027 -0.312012 -0.137817 -0.098145
0.234863 -0.118896 1.007080 -0.339111 -0.115479 -0.083374
0.224365 -0.137207 1.029541 -0.348755 -0.103271 -0.063843
0.244995 -0.135864 1.068359 -0.369141 -0.098267 -0.029663
0.243896 -0.142700 1.097534 -0.386230 -0.089111 0.000488
0.240967 -0.146484 1.124146 -0.391724 -0.081909 0.030396
0.229614 -0.150757 1.163330 -0.390015 -0.083496 0.054565
0.302612 -0.194580 1.201050 -0.363403 -0.103394 0.064087
0.355103 -0.198486 1.246094 -0.339111 -0.113159 0.071045
0.356079 -0.190430 1.271851 -0.296021 -0.108398 0.052124
0.344971 -0.176147 1.293701 -0.251099 -0.102051 0.040039
0.365479 -0.151611 1.310303 -0.214966 -0.110474 0.039551
0.355469 -0.154541 1.323242 -0.184326 -0.119141 0.012573
0.364258 -0.152710 1.299561 -0.162231 -0.118774 0.015503
0.332397 -0.162720 1.287354 -0.151001 -0.124512 0.008301
0.313599 -0.165527 1.251465 -0.132202 -0.104370 0.023315
0.307129 -0.183838 1.212524 -0.122192 -0.083374 0.035767
0.281982 -0.200806 1.204102 -0.123901 -0.063477 0.035278
0.283081 -0.212646 1.216675 -0.121338 -0.058838 0.033936
0.273193 -0.220093 1.249146 -0.108765 -0.061279 0.028809
0.291016 -0.217529 1.253906 -0.075928 -0.074829 0.027954
0.319824 -0.204712 1.228760 -0.037598 -0.087158 0.027466
0.333618 -0.193359 1.195557 -0.006226 -0.087769 0.023804
0.347046 -0.178223 1.135498 0.019531 -0.075317 0.023926
0.350586 -0.164795 1.081177 0.031860 -0.055908 0.017090
0.340088 -0.155762 1.020996 0.031860 -0.027222 0.009277
0.316406 -0.161987 0.986206 0.022339 0.001709 -0.000366
0.262573 -0.160889 0.970093 0.011353 0.009644 -0.016602
0.248901 -0.164429 0.962402 0.003906 -0.010010 -0.023071
0.271973 -0.173096 0.956909 -0.000732 -0.025391 -0.016968
0.293701 -0.177002 0.957397 -0.002319 -0.030518 -0.013306
0.288452 -0.177246 0.966675 -0.006226 -0.027588 -0.012085
0.299805 -0.185303 0.977173 -0.009399 -0.027344 -0.007935
0.317749 -0.188110 0.968506 -0.008301 -0.019531 -0.004761
0.328735 -0.190796 0.965942 -0.010864 -0.008667 -0.011353
0.320313 -0.198242 0.989136 -0.019897 0.004883 -0.024292
0.298706 -0.207764 1.014526 -0.029663 0.020996 -0.030029
0.301392 -0.223267 1.040771 -0.034912 0.027222 -0.027222
0.294189 -0.230225 1.061035 -0.031982 0.029785 -0.024658
0.297119 -0.226196 1.081909 -0.023804 0.027710 -0.023926
0.291382 -0.208618 1.111084 -0.023193 0.029907 -0.019531
0.299683 -0.205078 1.156494 -0.030884 0.037598 -0.013428
0.313477 -0.212402 1.201538 -0.036743 0.053223 -0.004517
0.330566 -0.220703 1.241089 -0.031250 0.070190 -0.000122
0.331543 -0.211792 1.271606 -0.013306 0.077148 -0.008179
0.351685 -0.193359 1.287720 0.014771 0.070557 -0.022217
0.391602 -0.192017 1.281372 0.042847 0.059326 -0.049927
0.399292 -0.155884 1.285889 0.057861 0.059692 -0.075195
0.386108 -0.126099 1.285522 0.074585 0.053589 -0.112915
0.354492 -0.118408 1.276611 0.089233 0.043213 -0.135986
0.342407 -0.120361 1.261597 0.108154 0.039063 -0.145386
0.322510 -0.130615 1.231445 0.130615 0.065674 -0.139404
0.279053 -0.131836 1.199463 0.150879 0.092529 -0.130005
0.252930 -0.133667 1.169800 0.160278 0.075684 -0.135010
0.239136 -0.133789 1.139038 0.160767 0.043823 -0.141724
0.218140 -0.137695 1.112793 0.152344 0.025269 -0.132446
0.220459 -0.147217 1.096069 0.143677 0.011597 -0.110107
0.229736 -0.160522 1.076660 0.140625 -0.005493 -0.091553
0.217163 -0.155884 1.043945 0.137939 -0.046265 -0.093140
0.286255 -0.170898 1.009521 0.141235 -0.106079 -0.103760
0.334106 -0.171997 0.979126 0.151978 -0.099854 -0.114258
0.295532 -0.161499 0.946045 0.163574 -0.040405 -0.114746
0.253784 -0.157227 0.921265 0.166626 -0.001343 -0.092407
0.234131 -0.144409 0.899292 0.175781 0.016968 -0.057251
0.238647 -0.147095 0.883789 0.184937 0.023315 -0.025879
0.245728 -0.155640 0.867798 0.184204 0.031616 -0.005981
0.238403 -0.156860 0.847046 0.174316 0.049927 0.013794
0.250488 -0.167725 0.843262 0.155029 0.065186 0.018555
0.270508 -0.206299 0.837036 0.137695 0.067505 -0.010864
0.239014 -0.217529 0.846680 0.122925 0.099243 -0.025513
0.225830 -0.206421 0.873901 0.132080 0.111206 -0.034790
0.177368 -0.188110 0.889771 0.142090 0.098755 -0.052734
0.157959 -0.164307 0.893555 0.148926 0.055908 -0.064209
0.202148 -0.121094 0.892456 0.161377 0.003418 -0.053955
0.173218 -0.146240 0.868408 0.159790 -0.014282 -0.056396
0.240112 -0.098511 0.839478 0.178467 -0.029053 0.000000
0.260742 -0.088379 0.817505 0.174316 -0.018311 0.012207
0.236694 -0.076294 0.806763 0.156982 0.004517 0.013672
0.230469 -0.076538 0.798096 0.132935 0.021118 0.011719
0.217163 -0.083740 0.809448 0.109497 0.030640 0.003418
0.204956 -0.084595 0.818359 0.093994 0.022827 -0.004639
0.192139 -0.083252 0.835571 0.080566 0.001953 -0.014893
0.176147 -0.067871 0.848877 0.068115 -0.028564 -0.013184
0.190918 -0.063599 0.848755 0.057373 -0.065552 -0.005615
0.216309 -0.063599 0.847656 0.044922 -0.090454 0.000122
0.249268 -0.060669 0.844360 0.032837 -0.093384 0.002563
0.276001 -0.052124 0.853516 0.016479 -0.077026 0.000122
0.293213 -0.051025 0.879883 -0.001709 -0.056030 -0.008545
0.302124 -0.051025 0.899658 -0.014404 -0.027222 -0.016113
0.283569 -0.051514 0.919800 -0.024048 -0.000122 -0.027222
0.270142 -0.053101 0.934937 -0.033569 0.012085 -0.037842
0.259277 -0.059204 0.954834 -0.041992 0.016357 -0.046387
0.256958 -0.055908 0.962769 -0.045044 0.006104 -0.048828
0.255615 -0.054565 0.975342 -0.047607 -0.003540 -0.049072
0.259888 -0.050171 0.983154 -0.049683 -0.013794 -0.043091
0.283691 -0.049072 0.991821 -0.052368 -0.017090 -0.036133
0.280396 -0.048706 1.005859 -0.055786 -0.005371 -0.032349
0.254028 -0.055420 1.018799 -0.058228 0.007446 -0.028687
0.229614 -0.056641 1.034180 -0.056274 0.008911 -0.021729
0.232910 -0.064331 1.042114 -0.054321 0.002197 -0.015625
0.244019 -0.067871 1.037720 -0.049438 -0.003418 -0.014282
0.269043 -0.068359 1.046265 -0.045410 -0.014282 -0.020508
0.285034 -0.074585 1.052734 -0.039307 -0.014526 -0.023560
0.282104 -0.065796 1.055542 -0.032837 -0.004028 -0.020142
0.290283 -0.067017 1.052612 -0.026855 0.008423 -0.009399
0.299438 -0.062500 1.054688 -0.020874 0.024048 0.003296
0.284546 -0.064209 1.047852 -0.021606 0.030273 -0.005981
0.258667 -0.059448 1.047485 -0.022339 0.020508 -0.022705
0.235352 -0.061523 1.048218 -0.018799 0.012817 -0.024170
0.222778 -0.061768 1.049438 -0.016113 0.006836 -0.015259
0.220703 -0.066040 1.044556 -0.011841 -0.005127 -0.007080
0.229614 -0.065552 1.040527 -0.007935 -0.022217 -0.004028
