0.182007 -0.113281 0.969360 -0.031250 -0.030273 -0.020264
0.190186 -0.114380 0.970947 -0.034302 -0.034668 -0.019897
0.200562 -0.119141 0.964600 -0.036865 -0.035156 -0.020508
0.215820 -0.129395 0.958252 -0.035889 -0.034546 -0.022095
0.186646 -0.124390 0.953857 -0.032959 -0.033203 -0.028809
0.205933 -0.127075 0.933838 -0.028931 -0.045166 -0.031738
0.209351 -0.127319 0.907715 -0.026001 -0.037476 -0.029175
0.189087 -0.132935 0.881348 -0.024658 -0.021240 -0.030029
0.168945 -0.151489 0.866821 -0.021118 -0.012695 -0.030518
0.146973 -0.189331 0.844849 -0.005859 0.000610 -0.026245
0.115723 -0.219727 0.803955 0.029053 -0.000610 -0.031494
0.064819 -0.229858 0.750732 0.073975 -0.028198 -0.042969
0.025513 -0.221069 0.664063 0.111450 -0.100708 -0.061035
0.030518 -0.188721 0.576660 0.117065 -0.234131 -0.101318
0.143311 -0.122559 0.557617 0.092285 -0.402832 -0.160645
0.243896 -0.070313 0.556763 0.041992 -0.469727 -0.183228
0.312378 -0.001709 0.516113 -0.038818 -0.407227 -0.145996
0.311279 0.043335 0.524048 -0.173828 -0.279297 -0.086060
0.285889 0.005249 0.608765 -0.331055 -0.160889 -0.024048
0.297119 -0.063232 0.681396 -0.446411 -0.073486 0.026123
0.279663 -0.137329 0.740234 -0.509766 -0.005859 0.042480
0.245239 -0.213745 0.788452 -0.527222 0.028809 0.024902
0.176392 -0.266602 0.827759 -0.503418 0.031738 -0.008301
0.132690 -0.275146 0.881714 -0.461304 0.006470 -0.031738
0.152222 -0.253296 0.936890 -0.422607 -0.022705 -0.019165
0.182251 -0.237915 0.976685 -0.395264 -0.047119 -0.002686
0.243164 -0.199951 1.019531 -0.387817 -0.059326 0.014771
0.218262 -0.187134 1.078003 -0.401245 -0.049316 0.017944
0.197266 -0.191772 1.134399 -0.415405 -0.057129 0.025024
0.211060 -0.211670 1.177734 -0.424561 -0.068481 0.041626
0.200806 -0.236572 1.217285 -0.429199 -0.072021 0.055298
0.231323 -0.266479 1.268433 -0.423706 -0.093994 0.058228
0.236328 -0.283813 1.334229 -0.400024 -0.135498 0.040039
0.271729 -0.302002 1.382324 -0.354858 -0.181519 0.020752
0.329956 -0.294067 1.431152 -0.317871 -0.187134 0.035034
0.358643 -0.306641 1.395386 -0.272705 -0.152344 0.044800
0.417603 -0.283325 1.384155 -0.223999 -0.136963 0.035034
0.355713 -0.279175 1.365967 -0.208252 -0.048340 0.035645
0.343018 -0.302124 1.359863 -0.195435 -0.031372 0.026611
0.277954 -0.330688 1.360718 -0.176514 -0.020874 0.010132
0.225708 -0.346924 1.350342 -0.133179 -0.042236 -0.011230
0.238037 -0.347046 1.350098 -0.074585 -0.097168 -0.032349
0.236084 -0.330200 1.363647 -0.015625 -0.136475 -0.042236
0.325073 -0.338501 1.434204 0.046997 -0.189697 -0.054443
0.407104 -0.332764 1.455078 0.127075 -0.220703 -0.067871
0.373047 -0.219604 1.261963 0.201416 -0.194946 -0.066895
0.333618 -0.131836 1.067627 0.189331 -0.134277 -0.033447
0.333862 -0.125977 0.954590 0.107788 -0.062622 0.007690
0.314331 -0.162354 0.910645 0.020996 -0.005005 0.025391
0.266479 -0.207520 0.910645 -0.036499 0.028076 0.025513
0.201538 -0.243652 0.898682 -0.062378 0.021729 0.018799
0.210083 -0.260864 0.889648 -0.067627 -0.025879 0.014282
0.235718 -0.270508 0.888794 -0.065674 -0.075439 0.002197
0.245239 -0.265137 0.895386 -0.056152 -0.100464 -0.004517
0.262329 -0.242065 0.897217 -0.044922 -0.102417 0.006348
0.298828 -0.232910 0.898926 -0.043945 -0.097656 0.022705
0.327759 -0.233643 0.896484 -0.056396 -0.078735 0.031250
0.362427 -0.254395 0.910889 -0.072510 -0.048828 0.028809
0.352661 -0.267944 0.945435 -0.083618 -0.009277 0.010498
0.317627 -0.276978 0.979370 -0.084106 0.014648 -0.010864
0.293823 -0.293701 1.033569 -0.078735 0.021240 -0.021729
0.277710 -0.302979 1.068115 -0.062134 0.016602 -0.027588
0.270386 -0.300659 1.076172 -0.039307 0.005493 -0.027588
0.288208 -0.285156 1.064819 -0.022827 0.001709 -0.017944
0.280762 -0.264160 1.062134 -0.020264 0.013916 -0.009766
0.277710 -0.247559 1.064331 -0.027100 0.027710 0.001343
0.298828 -0.240234 1.068115 -0.035767 0.050171 0.018555
0.326416 -0.241455 1.089844 -0.046753 0.074219 0.023804
0.323120 -0.243408 1.142212 -0.054443 0.093872 0.009888
0.308960 -0.257080 1.199951 -0.051636 0.103638 -0.006470
0.317749 -0.273926 1.254761 -0.033203 0.112183 -0.013306
0.330444 -0.290283 1.293945 -0.004028 0.132446 -0.019165
0.327637 -0.299683 1.316406 0.023560 0.155273 -0.026611
0.316040 -0.313232 1.343018 0.042603 0.180420 -0.029053
0.311157 -0.326538 1.369263 0.061157 0.209229 -0.021118
0.310791 -0.340454 1.399536 0.086426 0.236816 -0.010620
0.302612 -0.345215 1.426270 0.119019 0.270142 -0.003662
0.269409 -0.338135 1.442017 0.162476 0.291748 -0.002441
0.224731 -0.334351 1.438721 0.213257 0.295044 -0.001099
0.211060 -0.319580 1.417725 0.268555 0.263794 0.001709
0.203491 -0.311768 1.377441 0.323608 0.207764 -0.009644
0.220581 -0.277710 1.308960 0.367554 0.133179 -0.029907
0.259033 -0.247070 1.234741 0.391846 0.080688 -0.050049
0.214966 -0.218140 1.161499 0.385498 0.088257 -0.059326
0.175537 -0.193237 1.081787 0.354126 0.068604 -0.060791
0.197754 -0.181030 1.019165 0.314087 0.014038 -0.068237
0.208618 -0.201050 0.968872 0.272705 0.010010 -0.057861
0.153931 -0.208740 0.920654 0.245728 0.046143 -0.030762
0.108887 -0.228149 0.885864 0.234009 0.043823 -0.006714
0.111206 -0.245483 0.840332 0.236694 0.026611 0.028320
0.129517 -0.254761 0.792114 0.242798 0.026245 0.065430
0.202637 -0.244629 0.749634 0.245728 0.010498 0.071655
0.271729 -0.235474 0.725098 0.241089 -0.001465 0.034668
0.213501 -0.196167 0.712158 0.232666 0.025757 -0.020264
0.137939 -0.176758 0.697876 0.200073 0.021729 -0.077881
0.131226 -0.151123 0.693604 0.183105 -0.023193 -0.066406
0.127319 -0.133179 0.689575 0.155762 -0.034912 -0.030273
0.157837 -0.132690 0.688110 0.121826 -0.033447 0.010620
0.195557 -0.132568 0.697632 0.089233 -0.022705 0.034302
0.255859 -0.153320 0.736206 0.068481 -0.000977 0.036377
0.249023 -0.154785 0.778931 0.072266 0.030762 0.012695
0.181274 -0.125732 0.790649 0.091431 0.027588 -0.031494
0.165161 -0.086548 0.774048 0.113037 -0.024414 -0.069580
0.185547 -0.054321 0.757080 0.115601 -0.067017 -0.086548
0.182129 -0.029419 0.736572 0.094360 -0.073486 -0.084717
0.175293 -0.020874 0.744629 0.056519 -0.066528 -0.073242
0.179321 -0.028442 0.762085 0.013794 -0.058228 -0.053833
0.205444 -0.046021 0.797485 -0.024536 -0.049561 -0.031006
0.243530 -0.082397 0.833008 -0.052124 -0.038696 -0.021118
0.246582 -0.110840 0.874756 -0.064331 -0.022095 -0.032227
0.209717 -0.123535 0.910400 -0.061279 -0.014282 -0.051880
0.186646 -0.129761 0.925781 -0.048340 -0.018188 -0.056641
0.183105 -0.128052 0.927734 -0.037354 -0.026611 -0.047485
0.195557 -0.124878 0.938843 -0.036011 -0.029419 -0.036011
0.219238 -0.128418 0.955322 -0.044067 -0.027344 -0.031006
0.208130 -0.129517 0.970581 -0.057739 -0.012573 -0.032959
0.208374 -0.142212 0.992432 -0.068237 -0.008301 -0.033936
0.231934 -0.149536 0.999634 -0.066162 -0.010132 -0.029785
0.253296 -0.142090 1.007324 -0.061401 0.006226 -0.014893
0.220703 -0.157837 1.009033 -0.083618 0.030640 -0.047852
0.212646 -0.142334 1.023193 -0.088257 0.030029 -0.045288
0.203003 -0.153809 1.032715 -0.087402 0.027588 -0.038086
0.196045 -0.152100 1.039307 -0.080933 0.022461 -0.027954
0.187744 -0.161133 1.046997 -0.074097 0.013428 -0.022461
0.197266 -0.169556 1.051514 -0.065063 0.000244 -0.013306
0.201416 -0.169800 1.067871 -0.053955 -0.010864 -0.010620
0.193481 -0.173950 1.083984 -0.044434 -0.017700 -0.015869
0.181519 -0.162354 1.082764 -0.030396 -0.028442 -0.021606
0.184937 -0.154907 1.081177 -0.014648 -0.046265 -0.022095
0.186768 -0.151123 1.077271 -0.001221 -0.058350 -0.021118
0.184448 -0.150024 1.068359 0.012695 -0.071411 -0.021729
0.191772 -0.151245 1.059204 0.028809 -0.082520 -0.027344
0.199951 -0.137451 1.040894 0.040894 -0.088501 -0.033813
0.202515 -0.125244 1.026123 0.045410 -0.083008 -0.036255
0.213379 -0.110718 1.022705 0.040161 -0.065674 -0.034546
0.201172 -0.097046 1.022461 0.027588 -0.039917 -0.028320
0.202881 -0.093018 1.023682 0.011963 -0.026245 -0.019653
0.208252 -0.096680 1.023315 -0.000854 -0.017456 -0.011108
0.200928 -0.104248 1.025024 -0.007446 -0.008545 -0.005127
0.201050 -0.118286 1.023682 -0.007080 -0.009644 -0.004395
0.198853 -0.122070 1.014893 -0.004028 -0.015991 -0.004639
0.203613 -0.120117 1.007935 -0.002075 -0.021362 -0.005737
0.200928 -0.125977 1.005371 -0.002686 -0.025513 -0.011841
0.186035 -0.119873 1.011353 -0.002930 -0.029175 -0.014404
0.181519 -0.121094 1.011353 -0.001099 -0.031006 -0.008057
0.186279 -0.116821 1.011475 0.002075 -0.036743 0.002563
0.197632 -0.121704 1.011475 0.007446 -0.046753 0.009277
0.193604 -0.136597 1.023438 0.018311 -0.054077 0.009155
0.194214 -0.143433 1.039673 0.036865 -0.068726 0.004517
0.208374 -0.140625 1.042358 0.060913 -0.086548 0.001831
