0.208252 -0.091797 1.014893 -0.016357 0.010864 -0.032715
0.200684 -0.093384 1.005127 -0.017456 0.010742 -0.033447
0.182129 -0.092285 0.998901 -0.019897 0.014526 -0.031982
0.168823 -0.097290 0.999146 -0.021240 0.011719 -0.029785
0.167236 -0.098999 1.002563 -0.021362 0.002197 -0.025024
0.172852 -0.105225 0.985962 -0.020142 -0.005127 -0.018799
0.187988 -0.110474 0.982300 -0.020630 -0.012695 -0.016479
0.198608 -0.111572 0.981079 -0.020142 -0.017212 -0.017212
0.208008 -0.105591 0.971802 -0.020020 -0.020020 -0.020508
0.210815 -0.102295 0.960083 -0.021606 -0.021973 -0.025146
0.218506 -0.102539 0.942017 -0.023682 -0.023560 -0.029175
0.240356 -0.112549 0.928711 -0.027344 -0.020874 -0.033325
0.220825 -0.094604 0.922241 -0.025024 0.000000 -0.041016
0.194214 -0.088867 0.904053 -0.027100 -0.006836 -0.058960
0.206421 -0.087158 0.885132 -0.032471 -0.025513 -0.059570
0.204224 -0.093628 0.857544 -0.043091 -0.014526 -0.048584
0.203857 -0.111572 0.838745 -0.053345 -0.008423 -0.046875
0.197998 -0.131592 0.814331 -0.053833 -0.011963 -0.055786
0.192505 -0.143921 0.771729 -0.042236 -0.019287 -0.065674
0.180786 -0.158569 0.737671 -0.028809 -0.030029 -0.084473
0.162231 -0.159546 0.695068 -0.007446 -0.026123 -0.098389
0.131714 -0.143677 0.646362 0.013428 -0.013550 -0.108032
0.098633 -0.102173 0.612793 0.020874 -0.018921 -0.113037
0.078247 -0.081665 0.608154 -0.004517 -0.046265 -0.105103
0.090698 -0.087402 0.617188 -0.048950 -0.071167 -0.075684
0.145142 -0.092285 0.614624 -0.102783 -0.086060 -0.029663
0.187988 -0.095337 0.619385 -0.177368 -0.077148 0.006470
0.237671 -0.104736 0.660522 -0.273193 -0.043701 0.041138
0.261353 -0.119873 0.708130 -0.365967 0.010376 0.060059
0.281982 -0.134521 0.788940 -0.441895 0.068115 0.069580
0.254272 -0.158569 0.895508 -0.491211 0.110596 0.059082
0.269531 -0.217407 0.970581 -0.507324 0.122681 0.045776
0.233398 -0.266846 1.029419 -0.478638 0.134155 0.015015
0.143433 -0.287354 1.057739 -0.416748 0.121338 -0.032715
0.075562 -0.277710 1.087402 -0.370605 0.046509 -0.065186
0.062012 -0.260010 1.103516 -0.318970 -0.043335 -0.075928
0.075195 -0.214844 1.118042 -0.281250 -0.108032 -0.066040
0.104248 -0.178101 1.135254 -0.273071 -0.134644 -0.038574
0.161133 -0.146729 1.133667 -0.284058 -0.138916 -0.007202
0.191162 -0.112305 1.152344 -0.302734 -0.116455 0.013550
0.222778 -0.105713 1.182373 -0.353638 -0.089111 0.044434
0.263550 -0.124634 1.231445 -0.409790 -0.056885 0.073975
0.261353 -0.175537 1.284546 -0.443359 -0.026733 0.087769
0.252319 -0.211670 1.368896 -0.439697 -0.018555 0.088501
0.217651 -0.253540 1.389648 -0.399658 -0.052368 0.074707
0.235596 -0.308838 1.429565 -0.334106 -0.136719 0.046997
0.285889 -0.325195 1.418335 -0.253540 -0.156128 0.046021
0.326172 -0.314087 1.404053 -0.174316 -0.173706 0.021851
0.320801 -0.284424 1.404297 -0.117432 -0.128906 0.012573
0.362061 -0.294556 1.497925 -0.082153 -0.096436 0.001587
0.560425 -0.443970 1.888428 -0.042236 -0.090088 -0.044556
0.376953 -0.463135 1.829590 0.086792 -0.020996 -0.110229
0.127441 -0.171997 1.274658 0.236572 0.067749 -0.046997
0.127686 -0.170410 1.046143 0.185303 0.080322 0.021240
0.158813 -0.210083 0.974487 0.121216 0.035645 0.017944
0.098511 -0.201782 0.918335 0.088501 -0.007690 -0.013428
0.085571 -0.203979 0.877930 0.069702 -0.065063 -0.021606
0.078369 -0.187866 0.844482 0.056274 -0.103027 -0.004028
0.106323 -0.169312 0.827026 0.036743 -0.153564 0.011230
0.199219 -0.159424 0.822510 0.002686 -0.186401 0.031982
0.268921 -0.148926 0.840576 -0.036133 -0.167480 0.050171
0.288696 -0.160400 0.886353 -0.079468 -0.121460 0.057617
0.289551 -0.197388 0.937378 -0.112305 -0.087891 0.056396
0.288208 -0.225708 0.975708 -0.117432 -0.072388 0.047974
0.296021 -0.238770 1.001709 -0.103516 -0.062988 0.034790
0.287964 -0.238525 1.019165 -0.087402 -0.051880 0.021484
0.286133 -0.246948 1.056274 -0.074951 -0.043091 0.010620
0.291870 -0.252930 1.081665 -0.060303 -0.038696 0.000000
0.311646 -0.266602 1.090942 -0.048462 -0.028687 -0.009399
0.292603 -0.266235 1.115356 -0.042480 -0.003906 -0.020020
0.235962 -0.261353 1.148438 -0.039429 0.026123 -0.022949
0.218018 -0.265869 1.171997 -0.032349 0.035034 -0.013550
0.226440 -0.263672 1.199219 -0.016235 0.026855 -0.004517
0.247314 -0.255371 1.201782 0.004761 0.009766 -0.005737
0.269165 -0.242310 1.221313 0.013794 0.007690 -0.013550
0.255005 -0.242432 1.254395 0.011719 0.024536 -0.018555
0.259399 -0.251709 1.300659 0.013428 0.032715 -0.016235
0.294434 -0.271606 1.329834 0.031128 0.036377 -0.017700
0.288940 -0.277466 1.334595 0.064575 0.045288 -0.029175
0.281616 -0.277466 1.326904 0.099121 0.037842 -0.049438
0.297485 -0.274414 1.316040 0.131226 0.017090 -0.073730
0.286621 -0.275024 1.311279 0.163940 0.026123 -0.087402
0.252319 -0.263794 1.282593 0.195190 0.053711 -0.087280
0.222412 -0.245483 1.257324 0.217163 0.057983 -0.087891
0.229858 -0.241577 1.229370 0.226318 0.026245 -0.095581
0.258057 -0.249268 1.204224 0.231445 -0.000977 -0.116821
0.249390 -0.245239 1.175049 0.227295 0.012451 -0.120850
0.219604 -0.225464 1.140503 0.234741 0.030884 -0.134399
0.234497 -0.224854 1.106201 0.233398 0.008057 -0.165527
0.252808 -0.213501 1.082153 0.227783 0.014404 -0.185547
0.242676 -0.200073 1.064941 0.211182 0.050659 -0.194580
0.224731 -0.212280 1.032959 0.188843 0.082397 -0.206299
0.194214 -0.177856 1.043213 0.160522 0.109985 -0.180786
0.184326 -0.171997 1.032593 0.165649 0.096558 -0.181885
0.184692 -0.149780 1.005493 0.179932 0.102905 -0.162354
0.175171 -0.138550 0.985840 0.186523 0.123657 -0.131836
0.164551 -0.142090 0.967651 0.185303 0.145386 -0.093140
0.119263 -0.126709 0.946045 0.180908 0.143433 -0.061157
0.155884 -0.169312 0.938843 0.182129 0.119385 -0.028931
0.180420 -0.187134 0.922485 0.195679 0.095459 -0.004883
0.180176 -0.187988 0.881104 0.213501 0.073853 -0.000977
0.184570 -0.179688 0.840088 0.230103 0.053345 -0.012451
0.174927 -0.160889 0.804932 0.236206 0.042236 -0.035156
0.136230 -0.142334 0.773682 0.228516 0.035645 -0.053223
0.091553 -0.123779 0.763062 0.216553 0.022827 -0.042603
0.063843 -0.118774 0.759399 0.204712 -0.005859 -0.019531
0.067261 -0.103638 0.750244 0.192749 -0.037842 0.016113
0.091064 -0.090210 0.741577 0.173950 -0.061768 0.051758
0.135254 -0.094849 0.739990 0.150757 -0.070679 0.084229
0.191895 -0.090942 0.751953 0.128174 -0.073975 0.098145
0.226074 -0.084351 0.761841 0.109619 -0.073730 0.075317
0.226929 -0.073364 0.778687 0.092529 -0.071167 0.034790
0.203247 -0.050171 0.792236 0.074219 -0.064697 0.011597
0.188843 -0.042969 0.801025 0.062500 -0.062500 0.004028
0.203369 -0.048706 0.823242 0.050171 -0.058105 0.015381
0.217407 -0.062256 0.844116 0.034546 -0.042969 0.037598
0.244873 -0.074219 0.850830 0.024658 -0.024536 0.056030
0.272827 -0.073730 0.856934 0.015015 0.000488 0.057983
0.248535 -0.070801 0.878540 0.001953 0.023560 0.038330
0.195313 -0.072998 0.896851 -0.009277 0.031006 0.020386
0.177490 -0.080322 0.912720 -0.019409 0.012817 0.011108
0.163696 -0.075195 0.919434 -0.027222 -0.012695 0.007568
0.166382 -0.073120 0.936279 -0.036133 -0.037598 0.013550
0.188599 -0.078857 0.950684 -0.044189 -0.052734 0.023682
0.208984 -0.079712 0.959351 -0.049927 -0.052979 0.031006
0.231079 -0.085449 0.969971 -0.054077 -0.046265 0.029785
0.243530 -0.089355 0.984741 -0.056396 -0.035278 0.021484
0.226685 -0.082031 1.001953 -0.056519 -0.020752 0.008667
0.207642 -0.081299 1.013062 -0.055420 -0.015991 0.003174
0.207520 -0.079102 1.029297 -0.054077 -0.019165 0.006226
0.208984 -0.078369 1.035400 -0.052490 -0.024902 0.009277
0.212158 -0.076660 1.044189 -0.049927 -0.032349 0.012451
0.206299 -0.077881 1.046997 -0.046265 -0.036255 0.017334
0.223511 -0.084717 1.052002 -0.040527 -0.041748 0.023193
0.242432 -0.077393 1.044312 -0.033203 -0.040649 0.024536
0.235840 -0.065674 1.038696 -0.030518 -0.032227 0.021118
0.240845 -0.061768 1.035400 -0.031860 -0.029419 0.015137
0.242310 -0.065918 1.032837 -0.036743 -0.015747 0.012695
0.232056 -0.068237 1.028687 -0.043091 -0.001465 0.012695
0.237549 -0.074707 1.030762 -0.052490 0.008423 0.014038
0.232544 -0.087769 1.038330 -0.060669 0.021240 0.007324
0.221191 -0.094971 1.040771 -0.063477 0.031006 -0.003662
0.198364 -0.101196 1.052490 -0.060181 0.034058 -0.014160
0.178711 -0.106934 1.053833 -0.052856 0.028076 -0.018555
0.182251 -0.108398 1.055786 -0.041626 0.016602 -0.019409
0.172485 -0.106079 1.053589 -0.030396 0.007080 -0.018311
0.171875 -0.098999 1.049927 -0.015991 -0.004639 -0.012451
0.170166 -0.097290 1.034058 -0.007568 -0.019165 -0.005005
0.180420 -0.097534 1.021851 -0.002075 -0.030396 0.001587
0.199341 -0.096313 1.009766 -0.000854 -0.040649 0.001099
