0.125610 -0.179077 1.030273 -0.020996 -0.006470 -0.041870
0.119873 -0.174805 1.024902 -0.016357 -0.009033 -0.047729
0.116577 -0.171753 1.019653 -0.014160 -0.012451 -0.050659
0.118774 -0.168701 1.006714 -0.012695 -0.014404 -0.050171
0.109375 -0.161255 1.000000 -0.012085 -0.012939 -0.045532
0.106689 -0.159790 0.989258 -0.011841 -0.018921 -0.038574
0.109253 -0.159302 0.969971 -0.011353 -0.023193 -0.030396
0.132202 -0.158936 0.952637 -0.009644 -0.030396 -0.028198
0.154907 -0.157837 0.915405 -0.008423 -0.029785 -0.030396
0.141846 -0.148926 0.891235 -0.010620 -0.012939 -0.036011
0.120728 -0.150635 0.849731 -0.018188 -0.011597 -0.046265
0.138306 -0.168335 0.807495 -0.025635 -0.019775 -0.051880
0.116455 -0.184570 0.765015 -0.028931 -0.015747 -0.065430
0.088745 -0.193848 0.677734 -0.023804 -0.018799 -0.076050
0.075439 -0.204224 0.574829 -0.026489 -0.041870 -0.085205
0.074951 -0.205078 0.464722 -0.044556 -0.079590 -0.089478
0.025269 -0.212158 0.397949 -0.084351 -0.122803 -0.100586
-0.022949 -0.207153 0.377197 -0.129883 -0.188354 -0.101807
-0.022827 -0.204712 0.353760 -0.172974 -0.270752 -0.083130
0.044067 -0.202026 0.334595 -0.223999 -0.337769 -0.047241
0.104004 -0.198608 0.332275 -0.286987 -0.369141 -0.018433
0.117798 -0.205200 0.341309 -0.358887 -0.380249 -0.002563
0.151123 -0.179077 0.396118 -0.436401 -0.384766 0.010132
0.171021 -0.127319 0.536621 -0.528442 -0.370972 0.027466
0.217041 -0.146362 0.711426 -0.617065 -0.341309 0.050049
0.283203 -0.186646 0.895508 -0.679321 -0.290405 0.069580
0.259766 -0.255371 1.073120 -0.708984 -0.225098 0.072754
0.228760 -0.342651 1.217041 -0.699951 -0.190918 0.069458
0.230469 -0.421265 1.309082 -0.652100 -0.186035 0.064697
0.253662 -0.453491 1.326904 -0.598999 -0.198853 0.047852
0.305420 -0.452271 1.388184 -0.580200 -0.201904 0.026001
0.313965 -0.468750 1.474243 -0.591553 -0.145996 0.021729
0.285400 -0.503784 1.564575 -0.594604 -0.053955 0.038696
0.240601 -0.539063 1.637817 -0.559570 0.004395 0.045654
0.196777 -0.552002 1.695313 -0.485718 0.013184 0.037842
0.179932 -0.580200 1.652466 -0.370117 -0.007568 0.020874
0.203613 -0.533447 1.621094 -0.229126 -0.096680 -0.028076
0.147461 -0.481323 1.522461 -0.115479 -0.103149 -0.039795
0.154907 -0.430420 1.417603 -0.026855 -0.136108 -0.044434
0.130249 -0.373901 1.298706 0.022827 -0.160767 -0.049561
0.166016 -0.311157 1.203491 0.040649 -0.176147 -0.031616
0.219604 -0.255005 1.168701 0.016479 -0.162598 0.001587
0.284668 -0.249756 1.173340 -0.023804 -0.130249 0.037720
0.333008 -0.254883 1.205811 -0.048462 -0.089844 0.054443
0.327759 -0.264404 1.225098 -0.045532 -0.062500 0.045288
0.344604 -0.262695 1.206299 -0.014160 -0.061157 0.025757
0.337524 -0.259155 1.178955 0.021606 -0.059448 -0.000244
0.312744 -0.270630 1.167358 0.045654 -0.055298 -0.025879
0.301270 -0.302856 1.179688 0.059570 -0.045044 -0.038208
0.294312 -0.328125 1.182983 0.072510 -0.028442 -0.038086
0.310303 -0.338867 1.192627 0.075317 -0.001099 -0.025269
0.307251 -0.368530 1.232300 0.052734 0.061890 0.007935
0.295532 -0.416260 1.290649 0.033447 0.133423 0.045166
0.280273 -0.448608 1.339600 0.037964 0.169434 0.057739
0.234375 -0.460571 1.386597 0.068970 0.175659 0.046143
0.202759 -0.451416 1.400757 0.127319 0.152588 0.032104
0.231323 -0.424805 1.391602 0.200317 0.117798 0.026855
0.245850 -0.393311 1.367065 0.259888 0.105469 0.018799
0.260254 -0.361450 1.329346 0.303101 0.096558 0.004395
0.283203 -0.334229 1.297485 0.329956 0.085693 -0.014893
0.293091 -0.312988 1.268921 0.341553 0.098267 -0.028564
0.302246 -0.294800 1.247314 0.344116 0.145264 -0.026367
0.275879 -0.280396 1.215332 0.338501 0.198730 -0.020386
0.257568 -0.282837 1.196655 0.324463 0.201294 -0.031738
0.277466 -0.289917 1.180420 0.322998 0.182983 -0.050903
0.242065 -0.287964 1.162354 0.336548 0.199585 -0.066406
0.183960 -0.279053 1.114380 0.365967 0.201660 -0.080566
0.190063 -0.250122 1.052979 0.397827 0.159424 -0.094971
0.170532 -0.240601 0.962769 0.405029 0.129150 -0.107788
0.156982 -0.219116 0.872803 0.396118 0.105713 -0.118164
0.158325 -0.213135 0.805298 0.371460 0.065552 -0.132080
0.147461 -0.197266 0.730591 0.338745 0.060669 -0.125854
0.118896 -0.197144 0.671265 0.287720 0.076294 -0.108398
0.138062 -0.217529 0.638916 0.228638 0.094849 -0.086304
0.082153 -0.233765 0.624878 0.171997 0.126587 -0.079712
-0.013672 -0.243652 0.647095 0.130127 0.126831 -0.073975
-0.054810 -0.253418 0.673462 0.114624 0.078857 -0.048096
-0.028687 -0.247314 0.688843 0.122192 0.009155 -0.012085
0.048340 -0.234497 0.690796 0.135742 -0.056885 0.011841
0.112305 -0.212036 0.691162 0.140381 -0.088013 0.018677
0.130615 -0.197998 0.696899 0.129395 -0.088135 0.010742
0.121094 -0.180908 0.712158 0.112427 -0.090942 -0.002563
0.124268 -0.165894 0.735474 0.091431 -0.094849 -0.004517
0.148560 -0.166870 0.764160 0.065063 -0.088013 0.011475
0.189697 -0.173706 0.784302 0.039307 -0.058228 0.033691
0.218872 -0.189697 0.802856 0.009277 -0.033691 0.038330
0.197998 -0.188843 0.833252 -0.006592 -0.005615 0.027832
0.171509 -0.186401 0.847412 0.007568 0.009033 0.007935
0.141724 -0.171631 0.854126 0.012573 0.019409 0.009521
0.143311 -0.156738 0.851929 0.013306 0.020630 0.012085
0.155396 -0.156982 0.867188 0.002197 0.012939 0.017212
0.155518 -0.159424 0.892822 -0.015137 0.011353 0.021729
0.182861 -0.159790 0.903320 -0.029419 -0.000732 0.016602
0.166138 -0.160278 0.908081 -0.044556 -0.000732 0.002319
0.150024 -0.171875 0.919556 -0.061157 0.005493 -0.004639
0.117798 -0.179443 0.941895 -0.075317 0.011230 -0.005493
0.108643 -0.192383 0.972900 -0.080322 0.004761 -0.003540
0.109985 -0.195801 0.997070 -0.076294 -0.005981 0.004272
0.130859 -0.191284 1.015991 -0.068481 -0.017700 0.011719
0.156616 -0.193237 1.027222 -0.061279 -0.024414 0.015991
0.172485 -0.186646 1.038696 -0.051880 -0.024170 0.017090
0.172363 -0.176758 1.041138 -0.042236 -0.023438 0.015137
0.177002 -0.174805 1.042725 -0.035156 -0.020752 0.015869
0.187256 -0.166016 1.032593 -0.032593 -0.014160 0.020020
0.198486 -0.173706 1.037720 -0.036865 -0.006836 0.011963
0.170898 -0.173706 1.053711 -0.038330 0.003052 -0.000854
0.161377 -0.178101 1.053955 -0.034912 0.002441 -0.006714
0.157715 -0.179443 1.049805 -0.029907 -0.005371 -0.009033
0.143677 -0.184937 1.047729 -0.025879 -0.014160 -0.010132
0.133667 -0.188477 1.045044 -0.021851 -0.029419 -0.007935
0.151123 -0.189697 1.047852 -0.017944 -0.041992 -0.002930
0.150757 -0.185913 1.043335 -0.014893 -0.042725 0.002930
0.170898 -0.182617 1.045044 -0.015015 -0.044800 0.008667
0.190186 -0.180908 1.047729 -0.019043 -0.038208 0.015625
0.192505 -0.183960 1.044922 -0.022095 -0.023682 0.015137
0.194580 -0.187744 1.050049 -0.022217 -0.013062 0.008423
0.186890 -0.187744 1.053467 -0.020264 -0.001953 0.000977
0.169312 -0.189575 1.058716 -0.014160 0.004272 -0.007813
0.154419 -0.182983 1.056274 -0.004517 -0.000122 -0.012573
0.153931 -0.172607 1.048340 0.008667 -0.010986 -0.012573
0.161011 -0.158691 1.032471 0.017700 -0.016968 -0.012451
0.172607 -0.155396 1.020630 0.017334 -0.014893 -0.013550
0.180786 -0.158203 1.009766 0.009644 -0.007690 -0.013306
0.176025 -0.165771 1.012451 -0.001831 0.002686 -0.014404
0.168823 -0.177490 1.010986 -0.011841 0.008301 -0.017578
0.147339 -0.181519 1.019165 -0.015625 0.014282 -0.020020
0.149048 -0.182251 1.017578 -0.013550 0.008423 -0.022095
0.149902 -0.186768 1.018311 -0.008423 0.001953 -0.025757
0.139038 -0.178833 1.014038 -0.000977 0.000854 -0.022461
0.136719 -0.170898 1.005493 0.003418 -0.002319 -0.018066
0.132935 -0.160034 1.000244 0.004517 -0.004517 -0.015259
0.131104 -0.150757 0.994507 0.003540 -0.009888 -0.013062
0.144287 -0.148193 0.996216 -0.000488 -0.016724 -0.010864
0.145874 -0.143066 0.992676 -0.006104 -0.015015 -0.007690
0.159912 -0.144287 0.993164 -0.012573 -0.010742 0.000854
0.173828 -0.150024 0.998047 -0.023438 0.000854 0.008179
0.171265 -0.156738 1.007568 -0.034058 0.012939 0.005615
0.161987 -0.164673 1.012451 -0.038940 0.013184 -0.006348
0.153809 -0.168457 1.016602 -0.036499 0.009888 -0.019409
0.142822 -0.164551 1.014526 -0.033081 0.009277 -0.025513
0.145752 -0.171021 1.003540 -0.035400 0.008301 -0.025391
0.141235 -0.173706 1.010498 -0.038330 0.011597 -0.021851
0.130371 -0.182373 1.009644 -0.040894 0.011841 -0.017822
0.133545 -0.185791 1.011841 -0.040283 0.012207 -0.012817
0.125244 -0.186768 1.018066 -0.039551 0.012207 -0.008911
0.134888 -0.185791 1.030151 -0.036499 0.009155 -0.000854
0.150391 -0.185425 1.025391 -0.033447 0.004150 0.002319
0.155640 -0.189941 1.028931 -0.032593 0.006714 0.000732
0.153687 -0.184937 1.017700 -0.030396 0.003174 -0.000488
0.157349 -0.180542 1.031006 -0.025146 0.000488 0.004639
