0.209351 -0.108887 1.022095 -0.021851 0.000732 -0.021729
0.202148 -0.117676 1.037231 -0.018555 -0.006592 -0.029907
0.219482 -0.118652 1.039063 -0.007813 -0.017212 -0.027954
0.225708 -0.118408 1.035889 0.003296 -0.023193 -0.034302
0.229004 -0.106812 1.042603 0.016602 -0.030762 -0.043823
0.213989 -0.093384 1.032593 0.025269 -0.031860 -0.044922
0.221436 -0.064697 1.020020 0.031982 -0.033936 -0.022095
0.216919 -0.075195 1.009399 0.017456 -0.020996 -0.015991
0.224609 -0.088013 0.998169 0.008057 -0.019775 -0.013306
0.212280 -0.088135 1.000977 0.002441 -0.023926 -0.015381
0.204346 -0.085938 0.996582 0.000244 -0.030273 -0.011475
0.222290 -0.082764 0.989868 -0.000244 -0.040161 -0.002563
0.239990 -0.079834 0.973267 -0.001831 -0.041260 0.006592
0.248901 -0.073364 0.952759 -0.006592 -0.030518 0.012573
0.262939 -0.082642 0.935669 -0.017944 -0.013428 0.015381
0.261719 -0.083252 0.924072 -0.031372 0.008423 0.015503
0.219604 -0.092896 0.909180 -0.042114 0.027832 0.004150
0.189941 -0.101929 0.890381 -0.050293 0.023926 -0.007935
0.165283 -0.111938 0.882202 -0.051880 -0.007568 -0.019287
0.146729 -0.123535 0.865479 -0.045532 -0.047852 -0.022095
0.166504 -0.114868 0.846313 -0.039063 -0.084351 -0.013672
0.178955 -0.117920 0.817139 -0.041626 -0.109009 -0.023193
0.214844 -0.118286 0.791870 -0.050293 -0.130005 -0.024048
0.253418 -0.127197 0.759155 -0.068359 -0.132813 -0.023804
0.252808 -0.145508 0.735229 -0.090088 -0.121460 -0.029907
0.276855 -0.157715 0.701050 -0.107666 -0.123413 -0.042603
0.288696 -0.180786 0.664185 -0.126709 -0.117798 -0.067139
0.258667 -0.144043 0.681030 -0.144409 -0.112061 -0.106934
0.204956 -0.155273 0.698730 -0.163086 -0.123047 -0.162476
0.173828 -0.129639 0.734619 -0.157837 -0.144775 -0.174438
0.097534 -0.216797 0.799683 -0.145508 -0.157349 -0.150146
0.143677 -0.128052 0.809448 -0.088135 -0.182983 -0.055420
0.229858 -0.167725 0.811157 -0.076172 -0.195435 -0.048340
0.250488 -0.180054 0.822388 -0.067383 -0.192749 -0.054077
0.284912 -0.111572 0.827637 -0.066406 -0.142212 -0.023804
0.287231 -0.112305 0.843628 -0.107422 -0.037842 0.004517
0.240356 -0.131836 0.864014 -0.170532 0.033203 0.021362
0.217041 -0.141846 0.917114 -0.218994 0.013428 -0.002563
0.225342 -0.171143 0.961060 -0.229492 -0.078491 -0.040405
0.168457 -0.213501 0.996216 -0.225952 -0.129517 -0.069458
0.234741 -0.217651 1.031128 -0.217041 -0.168823 -0.065552
0.318848 -0.211426 1.083740 -0.207031 -0.152710 -0.047241
0.337891 -0.173340 1.125366 -0.206543 -0.098511 -0.022339
0.373901 -0.131226 1.182251 -0.220093 -0.071777 -0.004761
0.448608 -0.110229 1.216675 -0.226074 -0.067993 0.000244
0.479858 -0.093506 1.222656 -0.229004 -0.027954 0.005249
0.406738 -0.084717 1.216309 -0.249023 0.037598 0.014648
0.327637 -0.091797 1.185303 -0.266113 0.036499 0.005859
0.287476 -0.127563 1.181396 -0.289795 -0.007813 -0.007446
0.239502 -0.147095 1.169556 -0.302490 -0.045410 -0.013672
0.225220 -0.162109 1.188110 -0.312988 -0.076904 0.001343
0.249634 -0.184448 1.229004 -0.329346 -0.066040 0.048584
0.327148 -0.212280 1.289917 -0.332275 -0.064941 0.088135
0.319580 -0.265747 1.379639 -0.307373 -0.033569 0.104248
0.331909 -0.214355 1.336060 -0.236816 -0.033569 0.121338
0.380859 -0.235718 1.329468 -0.183838 -0.075195 0.100342
0.355347 -0.224609 1.297363 -0.122681 -0.068848 0.069946
0.342529 -0.213379 1.252075 -0.070679 -0.088623 0.031860
0.371216 -0.208374 1.233521 -0.038086 -0.119141 -0.006470
0.402954 -0.204712 1.229004 -0.019287 -0.095825 -0.020264
0.365234 -0.207642 1.234131 -0.014893 -0.033691 -0.019165
0.328003 -0.203491 1.206665 -0.007446 -0.002197 -0.014893
0.324951 -0.214478 1.167480 0.004517 0.015381 -0.000488
0.311035 -0.214233 1.129639 0.022949 0.024170 0.006470
0.295044 -0.207886 1.093384 0.041504 0.020264 0.008789
0.288452 -0.203125 1.066528 0.055664 0.019409 0.014282
0.283081 -0.203003 1.052490 0.061768 0.012207 0.012573
0.279907 -0.200439 1.051025 0.061768 -0.003662 0.001343
0.307129 -0.193970 1.057983 0.058838 -0.014038 -0.008667
0.308472 -0.177368 1.073364 0.051392 -0.000854 -0.007324
0.292480 -0.163086 1.093506 0.031982 0.020264 0.003052
0.294189 -0.167236 1.121216 0.007568 0.034302 0.017212
0.306885 -0.172974 1.156860 -0.006958 0.047852 0.020996
0.290894 -0.167114 1.216187 -0.008423 0.052734 0.016846
0.292969 -0.161377 1.260620 0.001343 0.043335 0.020264
0.337036 -0.166626 1.293945 0.007690 0.021851 0.020508
0.365723 -0.180420 1.331909 0.022339 0.012817 0.012207
0.375244 -0.183716 1.350342 0.052979 0.023438 -0.007324
0.369385 -0.178833 1.338379 0.087646 0.022949 -0.033081
0.412109 -0.183960 1.290649 0.123779 -0.001953 -0.047729
0.391724 -0.188232 1.245850 0.176147 0.011475 -0.072021
0.322266 -0.174683 1.192993 0.212769 0.043335 -0.088501
0.269897 -0.154419 1.150757 0.227905 0.041626 -0.096313
0.267578 -0.155518 1.107788 0.219116 0.007813 -0.098145
0.249390 -0.165894 1.087524 0.210693 -0.011841 -0.096924
0.242676 -0.182495 1.068848 0.218872 0.003662 -0.077271
0.202759 -0.204956 1.036011 0.229614 0.022583 -0.052490
0.206055 -0.230957 1.001831 0.246582 0.014160 -0.026245
0.194702 -0.243896 0.963257 0.261230 0.006592 -0.008301
0.164307 -0.239990 0.927612 0.272339 -0.014404 0.002930
0.174194 -0.235474 0.892700 0.274414 -0.056396 0.010864
0.226196 -0.223999 0.853638 0.265381 -0.099121 0.024292
0.286499 -0.212646 0.827759 0.249756 -0.120850 0.024536
0.335938 -0.197632 0.807983 0.247437 -0.098877 0.005981
0.315918 -0.172241 0.801147 0.236450 -0.046387 -0.010010
0.285645 -0.140869 0.795776 0.210815 -0.018555 -0.003906
0.278076 -0.123779 0.762451 0.214966 -0.017822 -0.021606
0.248657 -0.103027 0.742554 0.204102 -0.000244 -0.014648
0.196411 -0.109009 0.727539 0.181396 0.008057 -0.007202
0.195801 -0.092651 0.733643 0.159302 -0.010498 0.030762
0.213501 -0.083862 0.739624 0.134766 -0.033081 0.056274
0.237793 -0.071045 0.740356 0.110596 -0.053711 0.045898
0.283325 -0.105835 0.756836 0.078369 -0.083618 0.016846
0.233276 -0.076416 0.764160 0.055420 -0.087646 -0.022461
0.242920 -0.064697 0.794189 0.032349 -0.060791 -0.015259
0.274292 -0.089111 0.805298 0.010254 -0.046875 -0.018311
0.319214 -0.106079 0.826904 -0.005127 -0.038818 -0.029663
0.317627 -0.113403 0.855591 -0.009277 -0.027588 -0.053833
0.281372 -0.093994 0.870361 -0.004761 -0.012817 -0.064941
0.270020 -0.081787 0.878662 -0.004028 0.000732 -0.051880
0.286743 -0.085815 0.884888 -0.010498 0.014404 -0.032715
0.281128 -0.088501 0.904541 -0.021973 0.024536 -0.021973
0.281616 -0.094727 0.927124 -0.031006 0.008423 -0.023071
0.278564 -0.083618 0.937744 -0.032227 -0.004395 -0.016846
0.285645 -0.079468 0.945557 -0.032837 -0.006958 -0.006836
0.279541 -0.075073 0.951294 -0.038940 -0.002686 0.000488
0.280151 -0.068115 0.959595 -0.046631 -0.004517 0.001221
0.291382 -0.081543 0.979736 -0.057129 -0.007080 -0.004028
0.293213 -0.090820 1.002686 -0.060181 -0.007202 -0.013794
0.306885 -0.086182 1.006470 -0.054688 -0.008667 -0.021484
0.315552 -0.087524 1.015503 -0.051758 -0.007446 -0.030151
0.304810 -0.076904 1.014893 -0.048706 -0.000488 -0.032104
0.294434 -0.075562 1.027100 -0.048584 0.006226 -0.027466
0.290649 -0.075439 1.022217 -0.049438 0.016479 -0.015381
0.274170 -0.082397 1.019043 -0.053101 0.027954 -0.003784
0.275757 -0.089600 1.022705 -0.054321 0.019043 -0.002197
0.276733 -0.093750 1.020996 -0.052002 0.012329 -0.005371
0.269043 -0.094360 1.011841 -0.049438 0.006348 -0.013672
0.267944 -0.093872 1.015259 -0.043213 -0.004761 -0.019043
0.271484 -0.090088 1.012573 -0.037231 -0.008179 -0.017456
0.264893 -0.091553 1.012939 -0.037109 -0.003418 -0.016602
0.259888 -0.089233 1.012451 -0.040039 -0.001831 -0.010010
0.257813 -0.091431 1.020874 -0.042236 -0.004150 -0.001953
0.272949 -0.090820 1.020996 -0.039307 -0.009644 0.003540
0.292480 -0.088135 1.018677 -0.035278 -0.012695 0.006470
0.307007 -0.089111 1.015259 -0.031128 -0.009521 0.004395
0.301880 -0.078979 1.013184 -0.028320 -0.002075 -0.003906
0.294922 -0.081177 1.013306 -0.029419 0.001587 -0.013428
0.279053 -0.079834 1.015991 -0.031006 0.008057 -0.013306
0.274902 -0.074463 1.014771 -0.032227 0.014038 -0.002930
0.265503 -0.078857 1.015625 -0.033325 0.017334 0.001221
0.247559 -0.080322 1.008911 -0.029297 0.006226 0.001587
0.250854 -0.079956 0.994995 -0.024048 -0.011841 0.005005
0.243774 -0.077271 0.984985 -0.022217 -0.022583 0.007935
0.239746 -0.075562 0.981934 -0.025513 -0.025513 0.015015
0.250854 -0.077271 0.976440 -0.032593 -0.019531 0.032959
0.256226 -0.085938 0.987305 -0.043823 -0.011108 0.046509
0.262085 -0.100586 1.007202 -0.051514 -0.007813 0.052490
0.284058 -0.114624 1.010254 -0.048096 -0.011353 0.052368
0.306519 -0.115479 1.017944 -0.036743 -0.020142 0.037964
