0.161621 -0.125732 1.024170 -0.016602 -0.019287 -0.012695
0.163818 -0.120605 1.025635 -0.016724 -0.018555 -0.017090
0.153198 -0.124756 1.026855 -0.019897 -0.013672 -0.022705
0.145386 -0.127197 1.024902 -0.023193 -0.011353 -0.024292
0.142578 -0.139404 1.023071 -0.026978 -0.011108 -0.025024
0.141235 -0.142212 1.016724 -0.032349 -0.009399 -0.023560
0.143799 -0.151245 1.018066 -0.036377 -0.007690 -0.019897
0.152466 -0.161743 1.023193 -0.036743 -0.005981 -0.016357
0.159668 -0.159912 1.028442 -0.033936 -0.003540 -0.017700
0.150391 -0.164673 1.029419 -0.029907 -0.001465 -0.021240
0.149902 -0.161865 1.021484 -0.022705 -0.006714 -0.020752
0.151489 -0.154419 1.007446 -0.016968 -0.012939 -0.021484
0.153564 -0.149658 0.991943 -0.015015 -0.016235 -0.022339
0.145020 -0.143555 0.982422 -0.015625 -0.018311 -0.020508
0.152954 -0.141235 0.969727 -0.017578 -0.021118 -0.015381
0.167236 -0.137695 0.955933 -0.021362 -0.020874 -0.013672
0.168213 -0.133911 0.937988 -0.027100 -0.017700 -0.019775
0.162964 -0.133423 0.919556 -0.034058 -0.018066 -0.029541
0.161743 -0.132935 0.888306 -0.040283 -0.016968 -0.034424
0.153564 -0.137939 0.862671 -0.051270 -0.005737 -0.031738
0.122925 -0.136230 0.825562 -0.059692 -0.001343 -0.032227
0.134155 -0.137207 0.759766 -0.062622 -0.005005 -0.024048
0.130005 -0.149780 0.677124 -0.072388 -0.010376 -0.021851
0.156250 -0.159790 0.595337 -0.088623 -0.019043 -0.019409
0.159790 -0.168457 0.540283 -0.111206 -0.017822 -0.025269
0.158691 -0.183472 0.509399 -0.133423 -0.028687 -0.034790
0.177002 -0.196045 0.480713 -0.151123 -0.048462 -0.041626
0.195557 -0.202881 0.448853 -0.168579 -0.065796 -0.047241
0.190186 -0.189819 0.405762 -0.193604 -0.082031 -0.056396
0.154419 -0.171021 0.388794 -0.245239 -0.093384 -0.062134
0.075928 -0.162476 0.410889 -0.317627 -0.097168 -0.047485
0.061890 -0.187378 0.453247 -0.375732 -0.123413 0.002197
0.070679 -0.195801 0.515625 -0.447998 -0.147217 0.043213
0.033325 -0.254028 0.634155 -0.532593 -0.173828 0.040649
0.080078 -0.276001 0.786133 -0.570801 -0.226318 0.055176
0.139282 -0.293091 0.932983 -0.584473 -0.265991 0.058838
0.194702 -0.303833 1.021851 -0.586182 -0.269043 0.064575
0.219116 -0.307129 1.096558 -0.598389 -0.226807 0.077148
0.223755 -0.304077 1.133301 -0.624756 -0.158203 0.097534
0.244873 -0.304810 1.171753 -0.663696 -0.078247 0.127441
0.220459 -0.348511 1.238525 -0.721069 0.006592 0.150757
0.229004 -0.399780 1.358521 -0.760132 0.050903 0.156250
0.218872 -0.485840 1.534058 -0.753418 0.046143 0.126587
0.208618 -0.549683 1.682129 -0.653809 -0.021240 0.056396
0.262207 -0.579834 1.753540 -0.491699 -0.094849 -0.008789
0.316650 -0.540894 1.728149 -0.300415 -0.199585 -0.082153
0.264771 -0.484131 1.665161 -0.140259 -0.224487 -0.135620
0.288818 -0.424561 1.562744 -0.027588 -0.206787 -0.140137
0.270020 -0.389893 1.493652 0.019287 -0.171387 -0.139526
0.250732 -0.384155 1.457642 0.040161 -0.105225 -0.115601
0.286011 -0.432861 1.554565 0.051758 -0.043091 -0.096802
0.301270 -0.493286 1.670898 0.106934 -0.016968 -0.109131
0.184204 -0.362793 1.471436 0.203979 -0.012939 -0.108398
0.178101 -0.257202 1.225708 0.231934 -0.057373 -0.080078
0.222534 -0.247559 1.137329 0.177490 -0.043335 -0.034912
0.232544 -0.249756 1.085571 0.126099 0.006104 0.003784
0.244385 -0.257446 1.051514 0.092529 0.036987 0.020630
0.223022 -0.262939 1.049438 0.067139 0.062012 0.023804
0.202148 -0.259033 1.052490 0.057373 0.048828 0.009033
0.192749 -0.259766 1.072021 0.055908 0.020508 -0.003906
0.174805 -0.264893 1.100830 0.057861 0.009277 -0.000977
0.190796 -0.278931 1.124023 0.062134 -0.004272 0.011108
0.231567 -0.292114 1.155273 0.067139 -0.005371 0.024902
0.253174 -0.305298 1.178955 0.070313 0.014038 0.031982
0.279297 -0.314453 1.210327 0.072510 0.035156 0.028931
0.298706 -0.296143 1.249146 0.077637 0.078003 0.031128
0.293335 -0.286011 1.292236 0.075073 0.137207 0.038940
0.288696 -0.297852 1.342407 0.069702 0.177002 0.040527
0.297729 -0.331055 1.388428 0.079102 0.191162 0.026245
0.279053 -0.345215 1.414185 0.112549 0.196289 -0.000610
0.266846 -0.357788 1.408691 0.154297 0.184937 -0.031128
0.247437 -0.371338 1.394775 0.195313 0.181519 -0.056396
0.208618 -0.380981 1.360840 0.229248 0.187012 -0.067139
0.171265 -0.400513 1.318115 0.258179 0.182129 -0.069946
0.168457 -0.423218 1.272827 0.291016 0.173096 -0.066895
0.172363 -0.422485 1.214966 0.331909 0.171997 -0.061890
0.138306 -0.408081 1.153442 0.364380 0.158569 -0.069702
0.139893 -0.382446 1.077393 0.385254 0.130371 -0.068970
0.129395 -0.348755 1.009033 0.395996 0.110962 -0.063599
0.095703 -0.325684 0.931641 0.399902 0.100586 -0.054321
0.111816 -0.283936 0.846924 0.404541 0.063232 -0.052856
0.135010 -0.262939 0.735962 0.393555 0.021729 -0.053711
0.116699 -0.222534 0.640625 0.367432 0.006348 -0.058472
0.122192 -0.215820 0.557129 0.316772 -0.006592 -0.057251
0.072021 -0.208130 0.507446 0.253662 0.005127 -0.045776
0.026489 -0.186768 0.480103 0.205811 0.008667 -0.032715
-0.014038 -0.180176 0.508789 0.147827 -0.009644 -0.008179
-0.037231 -0.200562 0.543457 0.099121 -0.026245 0.041260
-0.036377 -0.203735 0.575806 0.073242 -0.054077 0.090942
-0.001831 -0.202393 0.600342 0.060669 -0.101318 0.125488
0.093872 -0.198242 0.639282 0.053101 -0.137573 0.148315
0.199219 -0.191528 0.702881 0.054932 -0.147705 0.141724
0.220825 -0.162720 0.769165 0.067383 -0.143677 0.094116
0.243042 -0.127441 0.828979 0.096191 -0.173096 0.029907
0.288086 -0.103394 0.847412 0.127563 -0.187988 -0.022217
0.306885 -0.064331 0.842896 0.143677 -0.160645 -0.053345
0.292358 -0.038208 0.844360 0.130493 -0.105713 -0.067139
0.276611 -0.030884 0.840088 0.093262 -0.040527 -0.064209
0.247314 -0.042847 0.844849 0.042725 0.022705 -0.052856
0.196411 -0.069824 0.867432 -0.006470 0.075317 -0.039551
0.140259 -0.109497 0.911255 -0.045410 0.100586 -0.030640
0.101685 -0.131592 0.932617 -0.066162 0.087646 -0.025757
0.104980 -0.156128 0.952881 -0.076782 0.053589 -0.023438
0.123047 -0.177979 0.975098 -0.081787 0.030762 -0.019165
0.137817 -0.192383 1.003418 -0.082520 0.019409 -0.017700
0.141968 -0.205444 1.028931 -0.079102 0.006592 -0.018188
0.154419 -0.209595 1.042480 -0.069702 -0.003418 -0.015503
0.169312 -0.201904 1.034424 -0.062500 -0.005005 -0.008423
0.171509 -0.199951 1.039551 -0.065430 0.000854 -0.004028
0.159546 -0.191162 1.033936 -0.070435 0.005615 -0.001953
0.161743 -0.185791 1.038940 -0.073242 0.002075 0.001099
0.161743 -0.172729 1.052734 -0.072388 0.000854 0.003906
0.170654 -0.162476 1.053101 -0.069092 0.000244 0.008423
0.176880 -0.150513 1.049316 -0.070557 0.004883 0.014771
0.180908 -0.157715 1.048584 -0.076660 0.017212 0.023438
0.180420 -0.170532 1.056641 -0.079590 0.025879 0.028442
0.196533 -0.184570 1.061646 -0.077881 0.026245 0.024292
0.189697 -0.196899 1.066284 -0.070435 0.026978 0.006226
0.169067 -0.217285 1.081787 -0.051392 0.019287 -0.021118
0.153320 -0.210815 1.076050 -0.021973 -0.000732 -0.044067
0.150757 -0.202026 1.053467 0.004639 -0.018188 -0.054077
0.149902 -0.191162 1.036011 0.017822 -0.027100 -0.055298
0.143066 -0.183594 1.026367 0.019531 -0.031616 -0.056152
0.135254 -0.178467 1.024902 0.017212 -0.032349 -0.049561
0.126099 -0.167725 1.017822 0.011963 -0.026123 -0.032959
0.142700 -0.168823 1.014404 0.003296 -0.026123 -0.018188
0.156128 -0.168823 1.010010 -0.001221 -0.023315 -0.010132
0.161743 -0.166016 1.004150 -0.006226 -0.016968 -0.009888
0.165161 -0.164551 1.007080 -0.013062 -0.014038 -0.014282
0.159424 -0.157837 1.010010 -0.019043 -0.006470 -0.016235
0.157593 -0.154907 1.019653 -0.021240 -0.002441 -0.015625
0.154419 -0.160645 1.014526 -0.021973 -0.000610 -0.016357
0.147949 -0.167358 1.020996 -0.020996 -0.001953 -0.018066
0.137329 -0.172119 1.018799 -0.017334 -0.005615 -0.020752
0.128662 -0.175171 1.012939 -0.013062 -0.009155 -0.020630
0.127686 -0.174438 1.008667 -0.011719 -0.015869 -0.020996
0.127197 -0.174194 1.009766 -0.011841 -0.018677 -0.017700
0.123047 -0.175049 1.012695 -0.011963 -0.019165 -0.010132
0.135010 -0.170288 1.007080 -0.010376 -0.022461 -0.000977
0.154419 -0.169312 1.006226 -0.009644 -0.026489 0.002563
0.160400 -0.169434 1.007080 -0.010498 -0.026489 0.000488
0.159180 -0.171143 1.010742 -0.009033 -0.024536 -0.001099
0.157349 -0.165649 1.011108 -0.005737 -0.023804 -0.001465
0.169800 -0.161987 1.000122 -0.003906 -0.023193 -0.002563
0.166626 -0.158081 0.991943 -0.006470 -0.016602 -0.008667
0.149170 -0.147583 0.996948 -0.012939 -0.013062 -0.018066
0.159912 -0.144897 1.002686 -0.020508 -0.014282 -0.018433
0.170654 -0.146118 1.010254 -0.029053 -0.005615 -0.013672
0.182739 -0.153198 1.006714 -0.038086 0.003174 -0.010498
0.182251 -0.162476 1.021606 -0.046021 0.012573 -0.012451
