0.242310 -0.051270 1.027954 -0.025391 -0.014038 -0.022583
0.241089 -0.047729 1.032471 -0.021851 -0.015869 -0.018921
0.243408 -0.049438 1.020264 -0.019409 -0.019043 -0.016968
0.241699 -0.049316 1.018555 -0.020142 -0.016357 -0.016357
0.240112 -0.053101 1.020996 -0.021240 -0.013672 -0.018188
0.245605 -0.055542 1.023071 -0.021606 -0.014404 -0.022095
0.242676 -0.055298 1.018921 -0.019531 -0.012573 -0.026855
0.240601 -0.054932 1.012695 -0.018188 -0.010498 -0.030029
0.230469 -0.053833 1.008057 -0.019897 -0.009033 -0.031616
0.227661 -0.055664 1.003296 -0.020874 -0.008301 -0.029663
0.215332 -0.064697 1.000854 -0.021240 -0.011353 -0.029297
0.207153 -0.064575 0.999756 -0.020752 -0.019775 -0.027100
0.210327 -0.070923 0.989624 -0.018921 -0.028931 -0.023438
0.221802 -0.073242 0.986572 -0.019165 -0.033813 -0.021362
0.233887 -0.079590 0.987671 -0.018677 -0.035278 -0.023804
0.248291 -0.094727 0.991455 -0.014160 -0.033691 -0.034668
0.220825 -0.070679 0.986694 0.003418 -0.027832 -0.048462
0.200439 -0.049072 0.968140 0.010864 -0.048706 -0.062988
0.234375 -0.050415 0.952759 0.008667 -0.072021 -0.057129
0.234253 -0.052124 0.927368 -0.000610 -0.057373 -0.044678
0.216187 -0.063354 0.919800 -0.009644 -0.051636 -0.043701
0.208984 -0.064209 0.917236 -0.008911 -0.064697 -0.042969
0.218750 -0.062988 0.900269 -0.005615 -0.070068 -0.031860
0.235474 -0.066772 0.895142 -0.003052 -0.062256 -0.018799
0.272095 -0.073242 0.896973 -0.001953 -0.042725 -0.010864
0.290894 -0.057495 0.884033 0.005005 -0.012939 -0.015381
0.301880 -0.044678 0.872925 0.006958 0.008057 -0.034668
0.283081 -0.039673 0.856567 0.000000 0.023926 -0.059937
0.245605 -0.038818 0.843872 -0.011353 0.033569 -0.077271
0.230835 -0.067627 0.828491 -0.018066 0.042847 -0.078003
0.208740 -0.082275 0.807007 -0.026123 0.067261 -0.090942
0.189209 -0.075439 0.799805 -0.053223 0.070068 -0.090820
0.224609 -0.099731 0.810181 -0.083618 0.047729 -0.103882
0.233643 -0.157349 0.840454 -0.086548 0.007446 -0.119263
0.251953 -0.123535 0.884766 -0.039917 -0.010010 -0.103394
0.194458 -0.104614 0.883667 -0.021729 -0.003296 -0.150146
0.171509 -0.080322 0.897095 -0.026978 -0.060547 -0.179321
0.218628 -0.073486 0.895996 -0.027100 -0.117310 -0.189209
0.239502 -0.045410 0.898560 -0.045898 -0.123657 -0.194580
0.171631 0.000732 0.897217 -0.074951 -0.090454 -0.181885
0.149536 0.023804 0.901367 -0.131226 -0.074463 -0.149292
0.166992 -0.002075 0.922119 -0.197754 -0.079834 -0.113770
0.197266 -0.027222 0.956665 -0.247070 -0.089844 -0.073120
0.275024 -0.074219 1.001587 -0.269653 -0.081421 -0.036255
0.304688 -0.107910 1.032837 -0.265137 -0.043335 -0.021118
0.229248 -0.076416 1.084961 -0.258789 -0.020630 -0.017212
0.187500 -0.095459 1.120239 -0.250244 -0.061646 -0.026245
0.194214 -0.118042 1.122803 -0.219971 -0.127930 -0.024536
0.219971 -0.109253 1.125610 -0.177979 -0.181274 -0.006592
0.251099 -0.104248 1.087280 -0.147217 -0.190308 0.016357
0.212891 -0.088745 1.041260 -0.145874 -0.166992 0.049927
0.298462 -0.075684 0.994019 -0.165283 -0.143433 0.088135
0.358887 -0.067871 0.976196 -0.217285 -0.078857 0.107300
0.319336 -0.058350 1.008789 -0.280640 -0.023560 0.096069
0.320435 -0.086060 1.073242 -0.331177 -0.026001 0.081299
0.323486 -0.121704 1.137329 -0.340820 -0.048218 0.061646
0.312500 -0.150879 1.147461 -0.312744 -0.064941 0.053833
0.242920 -0.182007 1.128662 -0.274292 -0.086060 0.041138
0.185669 -0.166260 1.109131 -0.228516 -0.145874 0.029907
0.215820 -0.171875 1.095947 -0.201416 -0.208130 0.025757
0.257324 -0.141357 1.122070 -0.189087 -0.234009 0.048828
0.352173 -0.136841 1.137207 -0.191162 -0.222900 0.078125
0.462402 -0.124268 1.147827 -0.189697 -0.190186 0.081177
0.459106 -0.104614 1.159912 -0.187378 -0.145630 0.050903
0.416260 -0.090576 1.156006 -0.191284 -0.089722 0.039185
0.399902 -0.097412 1.142700 -0.191895 -0.056641 0.034302
0.357056 -0.107666 1.121704 -0.184326 -0.023926 0.031250
0.328857 -0.133179 1.103149 -0.171387 -0.016235 0.025879
0.272705 -0.134766 1.094604 -0.145264 -0.034180 0.006470
0.266235 -0.125610 1.088013 -0.121826 -0.076538 0.003418
0.275269 -0.117310 1.079224 -0.105347 -0.090454 0.027588
0.324463 -0.113037 1.088135 -0.097290 -0.087646 0.051392
0.375122 -0.128906 1.119141 -0.102661 -0.062866 0.058838
0.424927 -0.135742 1.152100 -0.111450 -0.017578 0.052612
0.409546 -0.134644 1.168579 -0.112915 0.050171 0.045288
0.359375 -0.136597 1.170898 -0.111328 0.111938 0.043579
0.303711 -0.167603 1.151123 -0.098389 0.137573 0.039185
0.241455 -0.197632 1.118652 -0.071533 0.114502 0.021118
0.203491 -0.223999 1.081665 -0.035522 0.074585 0.011597
0.213745 -0.230103 1.051392 0.001099 0.026978 0.009521
0.207642 -0.208130 1.021484 0.031006 -0.006226 0.012329
0.239380 -0.193237 1.004272 0.044067 -0.031860 0.019897
0.277222 -0.187012 1.001221 0.045166 -0.049561 0.024170
0.297974 -0.176514 1.000488 0.041748 -0.052002 0.024170
0.329102 -0.176147 1.009766 0.032471 -0.037476 0.027466
0.356079 -0.179688 1.019043 0.023682 -0.013672 0.025269
0.326904 -0.184326 1.042358 0.019287 0.021973 0.017578
0.332764 -0.179932 1.064209 0.025513 0.032593 0.006104
0.328857 -0.166626 1.085205 0.032227 0.040894 -0.010986
0.319214 -0.159790 1.111694 0.032837 0.048828 -0.022705
0.325806 -0.163574 1.137207 0.034546 0.062134 -0.019165
0.319336 -0.152466 1.141602 0.040283 0.071045 -0.016846
0.296509 -0.139893 1.146973 0.041138 0.073486 -0.016724
0.292114 -0.141357 1.141113 0.036133 0.059326 -0.023315
0.301392 -0.152344 1.146118 0.027466 0.054321 -0.022583
0.306274 -0.152466 1.155884 0.022583 0.059326 -0.023438
0.261353 -0.146118 1.161499 0.010498 0.053955 -0.031250
0.276733 -0.138794 1.160889 0.025513 0.041382 -0.033203
0.293823 -0.147339 1.171753 0.034058 0.047485 -0.021118
0.311523 -0.158936 1.173218 0.053101 0.052612 -0.013550
0.326294 -0.157471 1.175781 0.067871 0.054688 -0.015015
0.339478 -0.156372 1.165649 0.086304 0.059570 -0.029053
0.344482 -0.159912 1.157104 0.101929 0.071289 -0.043091
0.341431 -0.184692 1.124512 0.115479 0.099854 -0.054077
0.286011 -0.171143 1.105469 0.121826 0.134644 -0.056885
0.232178 -0.178101 1.068970 0.140625 0.114624 -0.088135
0.223877 -0.171387 1.042603 0.152832 0.077515 -0.111084
0.182861 -0.168091 1.017212 0.145752 0.045288 -0.125610
0.183960 -0.149170 1.011841 0.114136 -0.001099 -0.116577
0.201050 -0.161865 1.018188 0.088867 -0.038452 -0.120117
0.188721 -0.171631 1.028564 0.093262 -0.036377 -0.115234
0.186768 -0.169922 1.036255 0.098755 -0.029175 -0.073975
0.242554 -0.156616 1.034424 0.107178 -0.023315 -0.011353
0.272583 -0.149902 1.023438 0.122314 -0.011108 0.012451
0.285522 -0.137451 1.013916 0.136353 0.007324 0.007690
0.291748 -0.124512 1.006470 0.149414 0.017822 -0.002930
0.279297 -0.113281 1.015503 0.160400 0.012695 -0.014771
0.307983 -0.117676 1.012451 0.174072 -0.020996 -0.036499
0.349609 -0.114014 0.992676 0.188232 -0.047241 -0.065918
0.326050 -0.089111 0.974487 0.205933 -0.041016 -0.107300
0.294189 -0.054932 0.924805 0.225830 -0.015381 -0.121948
0.279053 -0.030151 0.897949 0.209839 0.009888 -0.116333
0.253296 -0.031494 0.880371 0.174194 0.041992 -0.097046
0.193970 -0.039795 0.888062 0.139160 0.064453 -0.077148
0.156250 -0.071289 0.894409 0.115356 0.051880 -0.052856
0.155273 -0.104370 0.901855 0.107300 0.014893 -0.022461
0.153198 -0.124756 0.894165 0.127319 -0.017822 -0.003906
0.179321 -0.110840 0.866333 0.155640 -0.045288 0.002686
0.189941 -0.092041 0.840332 0.168213 -0.070679 -0.011719
0.192139 -0.057861 0.814819 0.170166 -0.095337 -0.023560
0.190430 -0.024048 0.804321 0.155396 -0.104370 -0.021606
0.215942 -0.008423 0.805786 0.127319 -0.106567 -0.008179
0.241577 -0.012695 0.807007 0.093384 -0.102051 0.003540
0.253296 -0.024536 0.827026 0.057617 -0.089233 0.009277
0.257568 -0.042236 0.842163 0.031250 -0.075073 0.008179
0.269287 -0.052490 0.847778 0.014893 -0.065308 0.012085
0.274536 -0.062622 0.867920 0.004761 -0.052979 0.011230
0.255493 -0.057007 0.893433 0.006470 -0.035156 0.005249
0.246826 -0.071045 0.921021 0.012451 -0.044067 -0.006592
0.244629 -0.066406 0.931030 0.021729 -0.059082 -0.006836
0.273071 -0.058228 0.922729 0.027588 -0.069458 -0.002441
0.297119 -0.043945 0.923096 0.023438 -0.069092 -0.001099
0.297974 -0.034790 0.924072 0.011597 -0.057251 -0.005615
0.297241 -0.030029 0.925781 -0.004639 -0.041382 -0.008545
0.281616 -0.034912 0.930176 -0.021484 -0.030640 -0.012207
0.266113 -0.035889 0.945679 -0.037842 -0.023315 -0.015259
0.263184 -0.040161 0.955200 -0.051147 -0.013306 -0.010010
0.263306 -0.046143 0.968750 -0.061157 -0.000854 0.002930
0.265015 -0.057007 0.994019 -0.064575 0.001587 0.012085
0.273926 -0.060791 0.997681 -0.057495 0.002319 0.020508
