0.185181 -0.041016 1.021362 -0.016724 -0.009277 -0.022217
0.191650 -0.033936 1.023193 -0.018921 -0.011841 -0.021973
0.199463 -0.028931 1.022705 -0.020386 -0.013794 -0.020752
0.204102 -0.033569 1.026855 -0.022461 -0.010376 -0.019531
0.203125 -0.036499 1.024536 -0.024780 -0.007324 -0.021484
0.197632 -0.045288 1.022461 -0.024414 -0.007690 -0.026733
0.189697 -0.048706 1.018433 -0.023804 -0.006958 -0.031494
0.178345 -0.053955 1.012085 -0.022827 -0.012329 -0.032715
0.174683 -0.055420 0.999268 -0.021606 -0.016479 -0.027954
0.177490 -0.059204 0.990967 -0.020264 -0.022583 -0.022461
0.189575 -0.053589 0.985107 -0.019043 -0.029419 -0.020020
0.196777 -0.051880 0.972412 -0.020874 -0.028320 -0.020752
0.194092 -0.043457 0.952148 -0.026123 -0.023438 -0.020874
0.185425 -0.043213 0.944092 -0.033936 -0.024658 -0.019775
0.185425 -0.050049 0.937134 -0.043091 -0.028931 -0.017212
0.178711 -0.059814 0.940430 -0.051514 -0.035889 -0.019409
0.182251 -0.072632 0.934082 -0.053833 -0.049438 -0.023682
0.191284 -0.080933 0.928101 -0.052002 -0.065308 -0.028931
0.193604 -0.085327 0.913696 -0.045776 -0.074341 -0.033081
0.166626 -0.090210 0.879395 -0.041504 -0.093140 -0.040649
0.191284 -0.094604 0.851074 -0.040894 -0.129395 -0.040405
0.194580 -0.097900 0.826904 -0.045898 -0.133667 -0.034790
0.195313 -0.078613 0.827515 -0.058350 -0.135254 -0.027832
0.237915 -0.057617 0.821167 -0.072632 -0.138916 -0.015015
0.275024 -0.046509 0.828979 -0.090454 -0.114502 -0.002319
0.287964 -0.039795 0.843018 -0.109131 -0.078979 -0.002808
0.301025 -0.042847 0.846436 -0.117554 -0.055420 -0.016357
0.283813 -0.041870 0.854370 -0.118408 -0.036011 -0.041748
0.238159 -0.028931 0.828735 -0.119507 -0.039673 -0.072388
0.192139 -0.039673 0.807373 -0.136719 -0.072144 -0.096436
0.175903 -0.050781 0.780273 -0.160889 -0.102783 -0.097778
0.176270 -0.057617 0.768066 -0.198853 -0.099243 -0.086792
0.153564 -0.092041 0.766113 -0.250244 -0.074951 -0.076050
0.147583 -0.111816 0.791992 -0.300781 -0.051636 -0.053589
0.153198 -0.141357 0.824097 -0.344604 -0.029785 -0.021973
0.167480 -0.171631 0.860474 -0.376343 -0.003174 0.012573
0.154419 -0.187012 0.875366 -0.389282 0.014893 0.033081
0.156128 -0.178589 0.889160 -0.391357 -0.007690 0.037231
0.181885 -0.158081 0.916992 -0.393799 -0.075806 0.019775
0.263550 -0.143188 0.937622 -0.391479 -0.144165 -0.011353
0.319946 -0.121338 0.955444 -0.391357 -0.166260 -0.051636
0.299683 -0.098877 0.985352 -0.402832 -0.159668 -0.094971
0.287964 -0.087402 1.027710 -0.422729 -0.134521 -0.100098
0.262939 -0.124756 1.068481 -0.443359 -0.089600 -0.073608
0.239624 -0.158081 1.102417 -0.454102 -0.042358 -0.041016
0.228394 -0.194092 1.151123 -0.454468 -0.012451 -0.015259
0.205566 -0.225952 1.200928 -0.437378 -0.013672 -0.005127
0.227051 -0.236572 1.237549 -0.399902 -0.043213 -0.004028
0.252441 -0.239502 1.264771 -0.354248 -0.071533 -0.006836
0.272949 -0.244141 1.273193 -0.304565 -0.088379 -0.010986
0.284424 -0.236938 1.260254 -0.256592 -0.091797 -0.014404
0.272339 -0.226685 1.230103 -0.223633 -0.086670 -0.022949
0.285034 -0.220947 1.202271 -0.205933 -0.077148 -0.025513
0.258545 -0.221802 1.185791 -0.207031 -0.044434 -0.026123
0.212280 -0.229980 1.184570 -0.214233 -0.006226 -0.011719
0.223877 -0.239868 1.187378 -0.219849 0.002075 0.006958
0.227417 -0.261108 1.203857 -0.216675 -0.001465 0.013428
0.221436 -0.274170 1.218994 -0.190674 -0.015869 0.009155
0.227539 -0.279053 1.218018 -0.144653 -0.036743 0.002808
0.233887 -0.269653 1.198975 -0.088745 -0.053955 -0.006470
0.243408 -0.253662 1.153564 -0.043945 -0.060303 -0.007813
0.265259 -0.245117 1.113037 -0.028809 -0.060791 -0.006104
0.274658 -0.238525 1.082642 -0.026367 -0.055542 -0.018188
0.243652 -0.229126 1.064331 -0.030640 -0.042969 -0.032104
0.210205 -0.223389 1.049438 -0.036255 -0.037109 -0.031006
0.213135 -0.226929 1.030640 -0.045776 -0.035645 -0.015869
0.225342 -0.239746 1.028564 -0.056396 -0.027344 0.000122
0.234985 -0.247681 1.041138 -0.061035 -0.025269 0.005981
0.237549 -0.242798 1.044678 -0.056030 -0.031372 0.006226
0.263794 -0.237305 1.045288 -0.042847 -0.047241 0.002686
0.282349 -0.238159 1.045166 -0.029541 -0.049683 -0.003418
0.295044 -0.236450 1.050537 -0.015869 -0.047974 -0.014038
0.282959 -0.234131 1.052124 -0.003540 -0.039307 -0.022217
0.290039 -0.241211 1.060059 0.001953 -0.032104 -0.026611
0.266968 -0.240845 1.063599 0.002319 -0.021973 -0.034546
0.244385 -0.237183 1.044067 0.001221 -0.021484 -0.036255
0.254150 -0.253662 1.052979 -0.005493 -0.025635 -0.034180
0.247070 -0.253906 1.043823 -0.005249 -0.026245 -0.027832
0.228394 -0.251831 1.028198 -0.001709 -0.034180 -0.022583
0.222046 -0.248657 1.005493 0.006226 -0.050903 -0.016479
0.239502 -0.234497 0.967529 0.012573 -0.062134 -0.007080
0.247314 -0.226440 0.948730 0.005249 -0.061157 -0.002197
0.257690 -0.223145 0.958984 -0.008911 -0.060547 -0.004761
0.266113 -0.229736 0.972900 -0.022217 -0.059937 -0.010010
0.276001 -0.239502 0.990601 -0.027100 -0.055054 -0.011963
0.292236 -0.239746 1.007202 -0.026123 -0.050415 -0.012085
0.287476 -0.232056 1.007690 -0.021973 -0.045166 -0.014648
0.282227 -0.228760 0.995239 -0.015747 -0.041748 -0.014404
0.276245 -0.225220 0.974609 -0.014160 -0.033325 -0.013306
0.261353 -0.224365 0.966919 -0.019165 -0.023560 -0.013184
0.252686 -0.229736 0.967651 -0.026855 -0.017822 -0.010742
0.247803 -0.242554 0.976074 -0.032349 -0.015869 -0.007202
0.256348 -0.245117 0.989502 -0.032715 -0.018677 -0.004395
0.268677 -0.253540 1.003418 -0.031616 -0.019897 -0.006226
0.264160 -0.253906 1.004517 -0.028931 -0.020142 -0.012085
0.262695 -0.252686 1.005615 -0.025757 -0.023193 -0.015137
0.261841 -0.257324 1.003784 -0.024780 -0.022583 -0.012817
0.266846 -0.257813 1.008423 -0.023071 -0.019653 -0.012695
0.260498 -0.248535 0.992310 -0.016724 -0.016846 -0.012939
0.262085 -0.240967 0.985474 -0.015625 -0.017090 -0.013550
0.269531 -0.238281 0.992554 -0.019287 -0.014893 -0.011230
0.262207 -0.226196 0.999023 -0.019043 -0.014160 -0.011475
0.269165 -0.228638 1.003662 -0.022095 -0.015503 -0.007813
0.292725 -0.228760 1.016602 -0.027222 -0.008545 -0.001221
0.308594 -0.231934 1.032715 -0.031250 0.006348 -0.003296
0.281494 -0.226685 1.054565 -0.033081 0.025269 -0.007080
0.257690 -0.236572 1.067871 -0.033691 0.035400 -0.003540
0.239258 -0.247192 1.079956 -0.031494 0.038452 0.006348
0.235229 -0.248657 1.101685 -0.028564 0.033203 0.017578
0.259399 -0.261230 1.137939 -0.028687 0.020630 0.027832
0.282471 -0.259277 1.182739 -0.021362 0.021851 0.040039
0.296387 -0.250488 1.220581 -0.009888 0.025024 0.045654
0.350586 -0.259644 1.243286 0.007080 0.004150 0.032471
0.377563 -0.257080 1.273926 0.037964 -0.003174 0.008667
0.341919 -0.243408 1.271851 0.070557 -0.001953 -0.021240
0.330200 -0.235107 1.253540 0.094604 -0.027954 -0.047729
0.315186 -0.238159 1.236572 0.105103 -0.037720 -0.060669
0.284546 -0.232788 1.219727 0.126343 -0.023804 -0.063477
0.275024 -0.232178 1.200684 0.159790 -0.011719 -0.064087
0.263306 -0.225220 1.185669 0.180420 -0.003784 -0.057495
0.280396 -0.226563 1.158569 0.201294 -0.002075 -0.053467
0.281860 -0.222046 1.133301 0.218262 0.001953 -0.059448
0.260376 -0.211548 1.104980 0.226318 0.002563 -0.073364
0.270386 -0.198730 1.084839 0.229126 -0.012573 -0.087280
0.292236 -0.190186 1.066528 0.231201 -0.015381 -0.096802
0.287109 -0.178101 1.051025 0.232666 0.008789 -0.101318
0.258667 -0.161377 1.024536 0.228271 0.036743 -0.101563
0.245117 -0.160400 1.002808 0.214722 0.044556 -0.104736
0.216309 -0.164551 0.993408 0.203613 0.054932 -0.105957
0.176880 -0.165405 0.993896 0.196167 0.062134 -0.100586
0.172974 -0.170166 0.987427 0.197632 0.049927 -0.085205
0.184326 -0.172729 0.980957 0.202637 0.038330 -0.066406
0.208496 -0.163940 0.961670 0.206543 0.026611 -0.056396
0.222900 -0.158325 0.942017 0.198975 0.014160 -0.056519
0.223755 -0.152588 0.931641 0.183350 0.009521 -0.062622
0.220581 -0.153442 0.943237 0.163330 0.015015 -0.062988
0.241455 -0.154419 0.947021 0.149292 0.034912 -0.049316
0.250488 -0.157593 0.950317 0.140015 0.058228 -0.043091
0.232666 -0.150146 0.955688 0.133301 0.080688 -0.040771
0.222900 -0.140503 0.954468 0.127808 0.082886 -0.037598
0.227661 -0.136963 0.958740 0.120728 0.076904 -0.031738
0.242310 -0.150146 0.954956 0.116821 0.087280 -0.019409
0.222534 -0.151855 0.946777 0.118774 0.096924 -0.020874
0.191406 -0.155029 0.934082 0.122437 0.079834 -0.036987
0.188599 -0.148804 0.915161 0.115112 0.048950 -0.040405
0.167603 -0.129639 0.890503 0.139648 0.037964 -0.053833
0.173096 -0.112793 0.876953 0.138184 0.025879 -0.047241
0.179321 -0.100952 0.864868 0.124756 0.025391 -0.034668
0.169312 -0.089600 0.865601 0.108154 0.028687 -0.019531
0.178467 -0.087158 0.877563 0.093384 0.014160 -0.005371
