0.189575 -0.091797 1.033325 -0.017578 -0.012817 -0.026855
0.187988 -0.093140 1.029541 -0.015869 -0.014893 -0.026123
0.188721 -0.090820 1.026733 -0.015015 -0.019653 -0.026978
0.191528 -0.094238 1.025391 -0.014648 -0.023071 -0.029419
0.187988 -0.091919 1.020142 -0.014893 -0.019165 -0.028809
0.186890 -0.093018 1.015259 -0.013794 -0.019897 -0.027466
0.195557 -0.090088 1.006226 -0.011475 -0.022949 -0.028687
0.195435 -0.086914 0.991333 -0.010376 -0.022827 -0.035278
0.188965 -0.078003 0.976318 -0.011719 -0.022583 -0.038818
0.178711 -0.069336 0.947632 -0.013794 -0.019287 -0.036255
0.182739 -0.066528 0.923462 -0.018677 -0.019775 -0.035034
0.182617 -0.068604 0.901611 -0.024536 -0.022461 -0.039185
0.177734 -0.069580 0.871338 -0.027832 -0.025879 -0.048950
0.153442 -0.071655 0.839233 -0.038086 -0.033936 -0.059814
0.129517 -0.081665 0.809692 -0.054199 -0.044556 -0.060913
0.109985 -0.099365 0.769287 -0.071289 -0.053345 -0.049683
0.098145 -0.125488 0.721069 -0.086670 -0.069702 -0.036255
0.086426 -0.149170 0.674927 -0.098389 -0.094116 -0.028931
0.100708 -0.138794 0.636353 -0.108765 -0.122070 -0.020996
0.142578 -0.134644 0.628296 -0.131226 -0.151367 -0.009644
0.215942 -0.134277 0.633667 -0.152222 -0.168701 0.000366
0.267700 -0.117676 0.640259 -0.167603 -0.161499 0.002075
0.317993 -0.105469 0.619141 -0.179077 -0.146118 -0.006470
0.325195 -0.082520 0.593872 -0.203125 -0.113159 -0.020874
0.262085 -0.060913 0.554688 -0.264771 -0.091919 -0.042236
0.270752 -0.098633 0.563477 -0.351318 -0.114258 -0.073242
0.185425 -0.163574 0.622314 -0.419189 -0.091064 -0.097534
0.081665 -0.199585 0.679932 -0.458008 -0.095459 -0.092651
-0.021973 -0.284180 0.791748 -0.491943 -0.128296 -0.098755
-0.016846 -0.350464 0.895142 -0.474121 -0.234863 -0.096313
0.113403 -0.353882 0.957886 -0.418335 -0.326416 -0.068481
0.242798 -0.330566 0.991699 -0.374512 -0.329834 -0.036011
0.307739 -0.314331 1.038330 -0.351074 -0.262695 -0.010498
0.308228 -0.277954 1.077515 -0.332031 -0.157227 0.028687
0.296631 -0.255371 1.099121 -0.320313 -0.066650 0.063599
0.259399 -0.193726 1.081543 -0.323486 -0.019409 0.087280
0.364990 -0.173584 1.078735 -0.374878 -0.073608 0.070679
0.443604 -0.180298 1.168213 -0.442139 -0.103882 0.017090
0.382935 -0.174561 1.264282 -0.484253 -0.056030 -0.032959
0.323730 -0.186646 1.350342 -0.506836 -0.029419 -0.041992
0.304565 -0.182373 1.377563 -0.484985 -0.016724 -0.031128
0.300293 -0.175659 1.355469 -0.453613 0.011963 -0.001831
0.336182 -0.207275 1.344482 -0.435425 0.052124 0.030396
0.334229 -0.254150 1.361206 -0.412476 0.089355 0.038330
0.295044 -0.314453 1.409424 -0.364380 0.076538 0.010010
0.260010 -0.344849 1.419189 -0.288452 0.092041 0.004395
0.240234 -0.366699 1.420532 -0.196777 0.073975 -0.002930
0.212646 -0.378174 1.406982 -0.102051 0.074097 0.003906
0.226929 -0.382568 1.446533 -0.017578 0.061035 0.021240
0.468994 -0.627563 1.948486 0.051636 -0.019043 -0.032837
0.257202 -0.559448 1.779785 0.238770 -0.098633 -0.145630
0.091553 -0.146729 1.088013 0.383057 -0.128296 -0.095215
0.248169 -0.122803 0.896362 0.255005 -0.145142 -0.049561
0.228516 -0.176758 0.947388 0.100830 -0.091431 -0.051392
0.138672 -0.196899 0.960693 0.038940 -0.060791 -0.052979
0.122437 -0.196167 0.921509 0.019043 -0.077393 -0.019165
0.182861 -0.226929 0.876587 -0.000488 -0.114624 0.016479
0.234375 -0.246216 0.849365 -0.018921 -0.133301 0.029419
0.253418 -0.245483 0.856201 -0.029175 -0.135864 0.024170
0.266479 -0.230835 0.875244 -0.034668 -0.133667 0.020020
0.298462 -0.221313 0.875488 -0.047485 -0.133545 0.015015
0.322144 -0.222290 0.890137 -0.071411 -0.114502 0.012695
0.313965 -0.236328 0.922974 -0.095825 -0.083008 0.006348
0.321777 -0.259155 0.971680 -0.107910 -0.065918 -0.002563
0.303589 -0.282593 1.025635 -0.104492 -0.049072 -0.012207
0.275391 -0.299683 1.070435 -0.080933 -0.047729 -0.019897
0.282715 -0.310181 1.088867 -0.046875 -0.054810 -0.019531
0.292358 -0.296875 1.060547 -0.021851 -0.052124 -0.015015
0.281128 -0.280396 1.032104 -0.014771 -0.039063 -0.013184
0.268066 -0.276001 1.017212 -0.021851 -0.016113 -0.006836
0.261353 -0.282104 0.999512 -0.028809 -0.000977 -0.001465
0.252197 -0.286011 0.984375 -0.031860 0.003296 -0.002686
0.248169 -0.290894 0.992065 -0.034912 -0.000366 -0.015503
0.232666 -0.287231 1.016602 -0.030640 -0.006226 -0.027222
0.241577 -0.269165 1.045288 -0.023682 -0.017822 -0.024414
0.288818 -0.250000 1.077271 -0.019897 -0.023682 -0.014282
0.314209 -0.251099 1.146606 -0.022461 -0.013916 -0.016479
0.325195 -0.259644 1.205078 -0.020874 0.004639 -0.014160
0.349854 -0.271484 1.266479 -0.014282 0.028931 -0.006348
0.337891 -0.278931 1.327271 -0.003784 0.065552 -0.003174
0.332764 -0.288818 1.374268 0.012085 0.088623 -0.005737
0.350220 -0.299316 1.409180 0.033813 0.110474 -0.005615
0.366943 -0.302368 1.425903 0.063721 0.141235 -0.008667
0.346191 -0.305542 1.440552 0.095215 0.166626 -0.022827
0.334595 -0.301392 1.429199 0.131348 0.175293 -0.037842
0.332642 -0.291992 1.396240 0.158447 0.173340 -0.050781
0.291626 -0.266479 1.355469 0.173096 0.167969 -0.065430
0.323364 -0.270752 1.326416 0.187378 0.126953 -0.095947
0.347900 -0.271240 1.290771 0.200195 0.090454 -0.138428
0.336914 -0.265747 1.255005 0.207275 0.053711 -0.193115
0.276245 -0.258667 1.214600 0.214600 0.041992 -0.224731
0.210327 -0.258911 1.156006 0.224976 0.040649 -0.218262
0.150635 -0.247070 1.094971 0.234375 0.015625 -0.200562
0.135620 -0.252197 1.009033 0.241943 -0.038208 -0.185303
0.147461 -0.255981 0.939209 0.244995 -0.075928 -0.161255
0.094849 -0.241577 0.882568 0.255127 -0.072632 -0.131714
0.149048 -0.238403 0.836304 0.262085 -0.090088 -0.100952
0.166992 -0.229248 0.807983 0.259521 -0.084229 -0.078979
0.177124 -0.207764 0.772827 0.253662 -0.061890 -0.051025
0.201294 -0.174927 0.741821 0.237793 -0.044678 -0.022339
0.206421 -0.171509 0.743042 0.205933 -0.031982 0.002930
0.195679 -0.167969 0.755859 0.168579 -0.010376 0.032593
0.206299 -0.180420 0.769409 0.164063 -0.011353 0.039307
0.185059 -0.188477 0.773071 0.167358 -0.026489 0.038086
0.161621 -0.181519 0.750488 0.178833 -0.049438 0.033081
0.176147 -0.177979 0.719116 0.183105 -0.080200 0.028076
0.244629 -0.172607 0.703369 0.174438 -0.089722 0.020630
0.236450 -0.151001 0.703125 0.159058 -0.052002 0.002441
0.211914 -0.140747 0.724976 0.135498 -0.021729 -0.012817
0.197021 -0.151367 0.762695 0.113403 -0.006958 -0.009033
0.195557 -0.156250 0.788452 0.102173 0.002319 0.004395
0.199951 -0.159424 0.789795 0.099487 0.002808 0.012939
0.240112 -0.158936 0.785889 0.098389 0.001221 0.021606
0.287109 -0.152832 0.802368 0.090698 0.013916 0.023926
0.269653 -0.136475 0.827637 0.081299 0.037964 0.014404
0.266479 -0.116455 0.845215 0.068237 0.037598 0.002075
0.282837 -0.106445 0.854004 0.052612 0.029541 -0.002808
0.280640 -0.107056 0.852295 0.032837 0.025513 -0.008179
0.248413 -0.107788 0.858154 0.011963 0.029419 -0.014160
0.228516 -0.126099 0.874512 -0.007446 0.031738 -0.009521
0.223755 -0.132813 0.883423 -0.020386 0.027832 -0.005981
0.214966 -0.137939 0.900879 -0.025879 0.018555 -0.010742
0.211670 -0.133789 0.922363 -0.028564 0.009766 -0.010864
0.221436 -0.129517 0.942505 -0.033569 0.007080 -0.003296
0.234863 -0.122559 0.959961 -0.037231 0.008179 0.007690
0.252075 -0.123657 0.984253 -0.038452 0.009888 0.014893
0.263672 -0.119385 0.995117 -0.035034 0.010742 0.012085
0.266846 -0.113281 1.003418 -0.032837 0.003540 0.000488
0.269165 -0.113037 1.018188 -0.034424 0.001465 -0.009277
0.266357 -0.113281 1.035156 -0.036133 -0.000244 -0.020508
0.252563 -0.105347 1.040161 -0.031494 -0.001221 -0.027100
0.260254 -0.108154 1.043945 -0.028564 -0.002441 -0.030396
0.250000 -0.108398 1.044922 -0.027588 0.001343 -0.033325
0.240234 -0.106323 1.035767 -0.026611 0.006714 -0.028809
0.239746 -0.116577 1.034424 -0.028320 0.016968 -0.017334
0.226929 -0.131104 1.035522 -0.030151 0.026001 -0.008667
0.218140 -0.138184 1.031860 -0.026611 0.022461 -0.006226
0.214478 -0.138062 1.029663 -0.018311 0.003418 -0.013550
0.219482 -0.133057 1.017578 -0.010620 -0.015381 -0.018799
0.232788 -0.125488 1.004272 -0.008667 -0.019653 -0.017822
0.244995 -0.118774 1.010498 -0.014771 -0.011841 -0.015381
0.241211 -0.121704 1.019165 -0.022705 0.001465 -0.010986
0.235474 -0.121582 1.031738 -0.027100 0.008789 -0.008179
0.232178 -0.123901 1.036133 -0.026489 0.008911 -0.008057
0.230957 -0.129272 1.029663 -0.023315 0.009766 -0.004517
0.230103 -0.135498 1.020508 -0.018921 0.011353 -0.002441
0.240723 -0.132813 1.006226 -0.013184 -0.000366 -0.013916
0.238403 -0.124756 0.999146 -0.009888 -0.009644 -0.030273
0.218140 -0.114868 1.002930 -0.011353 -0.006348 -0.039063
0.211304 -0.109619 1.000854 -0.013672 -0.005615 -0.037476
