0.196899 -0.123169 1.012329 -0.024048 -0.018188 -0.019043
0.200684 -0.121338 1.019897 -0.025024 -0.023560 -0.018921
0.213501 -0.124756 1.024902 -0.026123 -0.023315 -0.016602
0.220581 -0.126831 1.027832 -0.026367 -0.020264 -0.015869
0.220093 -0.128784 1.027100 -0.026123 -0.016479 -0.017700
0.218140 -0.130493 1.033203 -0.024048 -0.013184 -0.020508
0.226318 -0.131104 1.033447 -0.021729 -0.011719 -0.022705
0.214233 -0.126343 1.024048 -0.019653 -0.004395 -0.024170
0.210327 -0.128662 1.026611 -0.020020 -0.003662 -0.024780
0.205566 -0.129883 1.029053 -0.019287 -0.005005 -0.025269
0.192505 -0.125610 1.017944 -0.017456 -0.006592 -0.024536
0.196411 -0.122925 1.006836 -0.015137 -0.008301 -0.023193
0.193970 -0.123657 1.000977 -0.015747 -0.009155 -0.022461
0.202148 -0.121826 0.987915 -0.015381 -0.013428 -0.024414
0.191772 -0.112915 0.977295 -0.015137 -0.015991 -0.029419
0.197632 -0.104126 0.962158 -0.015625 -0.020752 -0.029175
0.198242 -0.097534 0.948608 -0.021973 -0.021484 -0.027466
0.207031 -0.097900 0.933472 -0.028809 -0.019287 -0.027222
0.217163 -0.097534 0.905151 -0.034058 -0.018433 -0.032227
0.220093 -0.113892 0.875977 -0.040649 -0.009399 -0.038086
0.171875 -0.092285 0.829956 -0.043091 0.016235 -0.039673
0.147461 -0.100952 0.769897 -0.059570 0.012085 -0.040161
0.187622 -0.125366 0.692261 -0.084106 0.002075 -0.028320
0.210815 -0.130371 0.633789 -0.120483 0.025269 -0.012451
0.276733 -0.145752 0.598145 -0.163574 0.020752 -0.024414
0.330200 -0.167114 0.583862 -0.192139 -0.004883 -0.079590
0.308594 -0.158691 0.580933 -0.192383 -0.036621 -0.156128
0.261475 -0.136353 0.542236 -0.180420 -0.065308 -0.208496
0.204834 -0.104004 0.473267 -0.173950 -0.091064 -0.231201
0.163330 -0.085815 0.383667 -0.162720 -0.126831 -0.253174
0.093750 -0.130615 0.347778 -0.228760 -0.140015 -0.237549
-0.041260 -0.148804 0.369141 -0.321167 -0.130005 -0.184448
-0.071167 -0.145142 0.418091 -0.389282 -0.178711 -0.131104
-0.020996 -0.155762 0.500244 -0.460815 -0.215576 -0.051147
0.053223 -0.177734 0.596558 -0.542603 -0.220947 0.033203
0.121460 -0.226685 0.696777 -0.624390 -0.222046 0.099243
0.177612 -0.272949 0.814575 -0.693237 -0.229126 0.147583
0.232544 -0.342163 0.940918 -0.733887 -0.251709 0.164551
0.319580 -0.380737 1.065674 -0.733154 -0.251343 0.164063
0.375854 -0.389526 1.200684 -0.708374 -0.227417 0.136841
0.385498 -0.394043 1.316162 -0.670044 -0.196899 0.097168
0.430298 -0.377197 1.401367 -0.620239 -0.172974 0.061279
0.433960 -0.376099 1.471069 -0.573853 -0.143921 0.018921
0.422363 -0.375854 1.524048 -0.527954 -0.097778 -0.009766
0.366943 -0.383911 1.574829 -0.492188 -0.041382 -0.021118
0.338013 -0.402222 1.631348 -0.465088 -0.013672 -0.019531
0.305176 -0.448730 1.638428 -0.426880 0.006104 -0.012329
0.305420 -0.483276 1.697021 -0.379272 -0.028076 -0.029785
1.098267 -1.328003 2.940430 -0.350830 0.078247 -0.008545
-0.183105 -0.776855 2.415527 0.098022 0.394287 -0.098267
-0.038208 -0.050537 1.409180 0.520142 -0.329224 -0.231445
0.599365 -0.029907 1.207764 0.305298 -0.506592 -0.151978
0.402466 -0.157471 1.326294 0.035889 0.029053 0.025757
0.157104 -0.286255 1.496338 -0.072632 0.290039 0.111450
0.250854 -0.419067 1.569214 -0.038086 0.179932 0.106323
0.312012 -0.463867 1.558350 0.079468 0.103271 0.075562
0.309814 -0.444824 1.498047 0.207397 0.082886 0.040527
0.302734 -0.404175 1.441772 0.305176 0.054199 0.005493
0.331543 -0.371826 1.395264 0.372803 0.034058 -0.014038
0.346680 -0.345337 1.350830 0.422852 0.030762 -0.022705
0.373535 -0.333008 1.284668 0.461548 0.032837 -0.031616
0.372314 -0.303467 1.211304 0.483032 0.060303 -0.037598
0.332275 -0.266602 1.153687 0.481689 0.100098 -0.041870
0.322754 -0.250610 1.113159 0.463013 0.111938 -0.047485
0.312500 -0.244995 1.092773 0.448608 0.129272 -0.053101
0.282959 -0.227051 1.058105 0.443359 0.161011 -0.051392
0.261475 -0.209961 1.013184 0.437012 0.165649 -0.053223
0.245850 -0.192383 0.972778 0.422607 0.163330 -0.055176
0.204590 -0.186768 0.934448 0.399292 0.165039 -0.047241
0.188477 -0.193726 0.901245 0.364868 0.133545 -0.039673
0.185669 -0.192017 0.877563 0.342529 0.100830 -0.039917
0.180176 -0.200195 0.870483 0.324829 0.086792 -0.038452
0.198853 -0.203003 0.861816 0.310425 0.090088 -0.026489
0.217285 -0.218750 0.846802 0.305054 0.089478 -0.022095
0.180054 -0.213135 0.823853 0.308472 0.104126 -0.018433
0.156128 -0.193726 0.796265 0.312012 0.088379 -0.020630
0.133789 -0.169556 0.768921 0.303223 0.062866 -0.012207
0.122314 -0.148438 0.734253 0.277954 0.025391 -0.001465
0.159180 -0.139526 0.713379 0.240845 -0.022217 0.008667
0.141724 -0.118408 0.685791 0.210449 -0.026489 0.018677
0.184814 -0.107300 0.674683 0.185425 -0.035156 0.018433
0.195801 -0.098145 0.676392 0.153076 -0.047241 0.004883
0.179688 -0.093140 0.696533 0.125610 -0.048096 0.000610
0.182129 -0.092896 0.694458 0.105835 -0.044556 0.005737
0.156738 -0.101074 0.689209 0.089844 -0.036011 0.013062
0.152466 -0.105225 0.690430 0.072510 -0.044312 0.012817
0.162842 -0.116821 0.692261 0.043945 -0.063843 0.010864
0.139526 -0.111938 0.712524 0.033569 -0.055908 0.003418
0.129272 -0.116089 0.750977 0.013428 -0.054077 0.015625
0.174927 -0.113892 0.774658 -0.005127 -0.071289 0.026367
0.208740 -0.115601 0.792969 -0.022583 -0.082275 0.022583
0.224243 -0.123535 0.821289 -0.041626 -0.077759 0.014282
0.250977 -0.125000 0.865112 -0.053955 -0.065186 0.007813
0.245850 -0.125122 0.892944 -0.060669 -0.039795 -0.001221
0.223633 -0.125977 0.928467 -0.063232 -0.025146 -0.010864
0.218628 -0.125854 0.949585 -0.062622 -0.028076 -0.013184
0.226685 -0.117676 0.959351 -0.063599 -0.027710 -0.005981
0.228516 -0.112305 0.969604 -0.070557 -0.022095 -0.000977
0.232544 -0.111084 0.980591 -0.077026 -0.013306 0.004395
0.251221 -0.115356 1.003418 -0.086914 -0.005005 0.005005
0.234741 -0.122803 1.019409 -0.093506 0.006104 -0.000488
0.233643 -0.124634 1.042480 -0.093262 0.006104 -0.002808
0.237305 -0.129517 1.054077 -0.086426 0.006104 -0.004761
0.225708 -0.126709 1.056152 -0.078003 0.004150 -0.012329
0.221436 -0.124023 1.052002 -0.070923 -0.004028 -0.017700
0.205566 -0.123535 1.060425 -0.066284 -0.010742 -0.015137
0.196289 -0.124023 1.060059 -0.061279 -0.015625 -0.006226
0.189087 -0.121338 1.064941 -0.056641 -0.022583 0.005981
0.196045 -0.120972 1.058228 -0.052856 -0.031006 0.023315
0.206909 -0.126221 1.051880 -0.051514 -0.031860 0.036621
0.207886 -0.123901 1.058472 -0.051147 -0.032959 0.044922
0.213257 -0.126587 1.064453 -0.048584 -0.034180 0.051392
0.216797 -0.125244 1.067505 -0.043579 -0.034546 0.056641
0.238159 -0.131470 1.064697 -0.039551 -0.038208 0.058350
0.260742 -0.141113 1.072998 -0.036133 -0.038818 0.047485
0.260620 -0.151978 1.083008 -0.025146 -0.037842 0.023193
0.248413 -0.147827 1.077515 -0.008301 -0.037231 0.001831
0.234009 -0.144165 1.058716 0.004395 -0.035522 -0.012085
0.223145 -0.134888 1.040283 0.012817 -0.035522 -0.014893
0.216553 -0.131348 1.020508 0.013794 -0.033813 -0.012695
0.213989 -0.125488 1.022339 0.011963 -0.033813 -0.006714
0.208008 -0.121948 1.027222 0.013306 -0.033447 -0.002075
0.206665 -0.119751 1.019653 0.014648 -0.038574 -0.001587
0.221924 -0.119507 1.002930 0.015137 -0.041626 -0.000732
0.233276 -0.114990 0.992310 0.012939 -0.036743 -0.006348
0.217529 -0.111084 0.985352 0.006226 -0.033691 -0.017578
0.217651 -0.113037 0.983765 -0.003540 -0.028320 -0.019653
0.219849 -0.116699 0.991699 -0.011230 -0.024170 -0.021484
0.214966 -0.116943 0.997437 -0.016479 -0.021729 -0.021240
0.216553 -0.122070 1.007080 -0.018677 -0.018677 -0.017090
0.210938 -0.127686 1.008423 -0.020508 -0.013916 -0.013306
0.209839 -0.130371 1.015503 -0.019409 -0.011230 -0.007813
0.219849 -0.121216 1.006592 -0.017090 -0.010010 -0.000366
0.220947 -0.120483 0.994629 -0.018066 -0.000244 0.007202
0.228882 -0.121094 0.992676 -0.023193 0.014404 0.012085
0.232910 -0.124634 1.001709 -0.027588 0.022461 0.008057
0.219849 -0.122314 1.004272 -0.026611 0.032104 -0.002197
0.205811 -0.120605 0.997192 -0.024780 0.023926 -0.014038
0.204956 -0.115601 0.987671 -0.024658 0.013428 -0.018921
0.203735 -0.109741 0.979736 -0.027832 0.012207 -0.015625
0.199463 -0.107300 0.987183 -0.035034 0.013916 -0.007202
0.203735 -0.114746 0.995850 -0.041748 0.011841 -0.000488
0.215698 -0.121826 1.007324 -0.044800 0.009033 0.005859
0.237305 -0.138306 1.008423 -0.043945 0.012817 0.008057
0.241943 -0.147461 1.017090 -0.040771 0.024536 0.001343
0.227417 -0.143311 1.014404 -0.035156 0.024902 -0.014893
0.219116 -0.136963 1.013062 -0.029175 0.010742 -0.030151
0.199585 -0.126221 1.014282 -0.025269 0.003418 -0.032349
0.182617 -0.119141 1.005371 -0.026245 0.002075 -0.020386
0.184692 -0.116211 1.006348 -0.030518 -0.006592 -0.005127
