0.152100 -0.152100 1.038696 -0.023315 -0.021484 -0.018066
0.156616 -0.161255 1.036377 -0.022949 -0.020630 -0.014771
0.169434 -0.159546 1.036255 -0.022583 -0.012817 -0.015381
0.161743 -0.158203 1.036865 -0.022217 -0.005371 -0.020142
0.156982 -0.158936 1.037598 -0.021118 -0.001465 -0.022827
0.149780 -0.157837 1.032593 -0.018799 -0.000488 -0.023071
0.151001 -0.159668 1.026978 -0.015015 -0.003784 -0.022339
0.150635 -0.158813 1.014404 -0.011230 -0.008545 -0.024536
0.155151 -0.154907 1.001465 -0.008667 -0.014160 -0.026245
0.154907 -0.149780 0.982056 -0.007568 -0.013062 -0.026367
0.153442 -0.141968 0.970337 -0.009888 -0.010498 -0.026733
0.156250 -0.139526 0.952148 -0.015625 -0.009399 -0.026733
0.166016 -0.136230 0.929321 -0.022949 -0.003296 -0.025024
0.169800 -0.136230 0.895020 -0.031128 0.007202 -0.026123
0.172852 -0.151855 0.861816 -0.043945 0.011108 -0.033936
0.162720 -0.175903 0.822144 -0.053711 0.010498 -0.047241
0.143066 -0.182861 0.777710 -0.054077 0.019043 -0.058350
0.068115 -0.182373 0.734619 -0.060425 -0.002075 -0.081177
0.114990 -0.181885 0.656860 -0.061157 -0.071533 -0.086060
0.137817 -0.172363 0.595947 -0.080688 -0.103882 -0.085693
0.158936 -0.158447 0.536499 -0.109131 -0.120361 -0.085449
0.198486 -0.166992 0.504395 -0.167603 -0.139893 -0.084106
0.162598 -0.159058 0.490479 -0.219971 -0.128784 -0.080322
0.165039 -0.140503 0.452759 -0.266235 -0.108276 -0.062622
0.118042 -0.170166 0.446289 -0.336792 -0.100098 -0.054810
0.073242 -0.165039 0.458984 -0.418945 -0.100342 -0.026245
0.045166 -0.194946 0.523193 -0.504150 -0.124268 -0.000977
0.049927 -0.241455 0.609375 -0.564087 -0.159424 0.026611
0.098999 -0.277466 0.702759 -0.588257 -0.200684 0.046143
0.135498 -0.320923 0.788696 -0.579468 -0.257935 0.035156
0.179077 -0.309448 0.868164 -0.546875 -0.325195 0.010132
0.206177 -0.285645 0.925781 -0.520996 -0.364990 -0.018066
0.231323 -0.248535 0.986450 -0.519531 -0.367310 -0.035889
0.281860 -0.242188 1.055664 -0.539795 -0.339600 -0.044922
0.326294 -0.258423 1.150146 -0.568970 -0.294800 -0.068115
0.310425 -0.291748 1.265991 -0.593262 -0.216797 -0.087158
0.270508 -0.361084 1.380371 -0.591553 -0.159790 -0.109253
0.224609 -0.441040 1.473145 -0.545288 -0.152710 -0.134155
0.160034 -0.512329 1.500366 -0.464478 -0.165771 -0.141602
0.156250 -0.542725 1.498657 -0.368042 -0.193604 -0.125244
0.186401 -0.531250 1.496338 -0.280273 -0.207153 -0.084106
0.235229 -0.495850 1.449707 -0.217773 -0.192993 -0.024170
0.326904 -0.448975 1.480469 -0.186646 -0.173828 0.027832
0.358887 -0.418457 1.495850 -0.186523 -0.052246 0.104736
0.396851 -0.429565 1.529053 -0.179443 -0.001465 0.128296
0.400146 -0.434326 1.517212 -0.152466 0.036377 0.121216
0.398315 -0.454712 1.498047 -0.102905 0.028931 0.070435
0.330444 -0.457275 1.441284 -0.027344 0.029663 0.013184
0.254761 -0.430298 1.345337 0.054443 0.018677 -0.027466
0.223389 -0.386353 1.229858 0.122559 -0.020630 -0.046265
0.216309 -0.330566 1.136597 0.157471 -0.060669 -0.047974
0.236938 -0.272339 1.066772 0.157227 -0.072388 -0.023926
0.267822 -0.238159 1.051270 0.124268 -0.049927 0.021362
0.302979 -0.242432 1.080078 0.079102 -0.014038 0.063477
0.326904 -0.255981 1.132813 0.047729 0.015137 0.085571
0.356812 -0.276123 1.176514 0.041870 0.040405 0.089722
0.370605 -0.309570 1.225464 0.052979 0.064209 0.075684
0.360962 -0.336426 1.257202 0.082520 0.074097 0.042847
0.373291 -0.349854 1.271362 0.124634 0.076050 0.010010
0.361572 -0.348145 1.273560 0.159546 0.101563 -0.016846
0.328491 -0.349121 1.286011 0.178345 0.122559 -0.036987
0.297852 -0.351563 1.297607 0.185181 0.142944 -0.036621
0.292236 -0.367432 1.312500 0.179565 0.179321 -0.006226
0.290894 -0.397705 1.339111 0.172363 0.234619 0.041870
0.280029 -0.445557 1.365967 0.177612 0.279053 0.078125
0.270386 -0.479980 1.374146 0.205322 0.289307 0.093994
0.294312 -0.513550 1.366821 0.263184 0.279541 0.091797
0.262207 -0.523438 1.329834 0.322876 0.257568 0.072388
0.231812 -0.508911 1.256958 0.400513 0.220459 0.035522
0.237671 -0.483032 1.161255 0.472900 0.182983 -0.003906
0.198242 -0.443359 1.089844 0.515137 0.166138 -0.033447
0.142090 -0.403931 0.979248 0.558960 0.119751 -0.071045
0.124634 -0.355591 0.915527 0.578857 0.068481 -0.098755
0.125366 -0.306152 0.828857 0.573120 0.025146 -0.113525
0.139404 -0.259277 0.775391 0.555054 -0.016968 -0.125122
0.099731 -0.202271 0.708496 0.532715 -0.020630 -0.120972
0.055542 -0.142822 0.666626 0.495117 -0.033081 -0.094849
-0.003296 -0.106079 0.656372 0.444946 -0.042847 -0.049683
-0.022339 -0.095947 0.634155 0.399170 -0.057983 0.023315
0.049561 -0.086914 0.608887 0.358521 -0.087646 0.101074
0.105103 -0.093018 0.590698 0.322266 -0.114624 0.118042
0.169922 -0.072754 0.598267 0.287842 -0.125854 0.107056
0.168457 -0.066772 0.630127 0.238647 -0.117310 0.067261
0.170776 -0.084229 0.662231 0.189331 -0.113159 0.026367
0.154419 -0.067261 0.677002 0.171143 -0.097290 0.004517
0.161011 -0.070923 0.684204 0.144531 -0.094971 -0.005371
0.161377 -0.085327 0.714844 0.110962 -0.082031 -0.001221
0.150513 -0.114502 0.741211 0.079590 -0.061768 0.013794
0.168823 -0.141235 0.768433 0.061523 -0.048340 0.028198
0.159058 -0.141357 0.803101 0.053833 -0.032593 0.033569
0.169556 -0.139038 0.816162 0.053223 -0.034790 0.034668
0.206421 -0.123047 0.817383 0.048096 -0.047607 0.026245
0.216675 -0.106812 0.815430 0.030762 -0.043701 0.009033
0.237915 -0.102905 0.838501 0.000122 -0.040894 -0.007080
0.228638 -0.104492 0.875122 -0.032227 -0.025391 -0.016479
0.211670 -0.106812 0.908447 -0.059082 -0.009644 -0.017090
0.211670 -0.106323 0.934082 -0.074219 -0.002930 -0.015869
0.216675 -0.109863 0.956909 -0.084106 0.006470 -0.015259
0.209961 -0.114380 0.971680 -0.093262 0.018555 -0.015381
0.192749 -0.136841 0.997559 -0.102661 0.033936 -0.010498
0.178345 -0.148438 1.022827 -0.103394 0.042358 0.001099
0.172485 -0.161011 1.036499 -0.093994 0.039673 0.016235
0.195557 -0.164429 1.032837 -0.081421 0.029907 0.027954
0.212036 -0.161255 1.039063 -0.067505 0.020508 0.029419
0.212524 -0.159424 1.039551 -0.058838 0.015137 0.020630
0.223267 -0.150757 1.040771 -0.053223 0.005005 0.004761
0.216797 -0.142944 1.040283 -0.052246 0.009521 -0.007813
0.212769 -0.129150 1.042236 -0.051636 0.014526 -0.008423
0.199829 -0.129517 1.039795 -0.050171 0.016602 -0.021729
0.191650 -0.125610 1.042114 -0.053589 0.018311 -0.036621
0.185913 -0.123413 1.037964 -0.054077 0.019287 -0.039673
0.185181 -0.128052 1.041504 -0.054321 0.015869 -0.038940
0.190063 -0.133179 1.044067 -0.052734 0.015747 -0.036133
0.186279 -0.141357 1.049316 -0.049561 0.012329 -0.039429
0.194702 -0.142090 1.055908 -0.042725 0.003052 -0.044067
0.195557 -0.144409 1.054077 -0.033081 0.001709 -0.039185
0.192749 -0.143188 1.047729 -0.027344 0.006470 -0.029175
0.189697 -0.146606 1.043335 -0.027954 0.005737 -0.026489
0.191162 -0.148193 1.042480 -0.029541 0.002441 -0.026978
0.184570 -0.146484 1.031372 -0.029785 0.004028 -0.027710
0.168945 -0.142944 1.025513 -0.027710 0.005737 -0.029175
0.149292 -0.133911 1.025269 -0.024170 0.000366 -0.027954
0.151733 -0.130859 1.030029 -0.022949 -0.015015 -0.029785
0.162354 -0.127808 1.028320 -0.022583 -0.029419 -0.028442
0.187988 -0.134155 1.026855 -0.021240 -0.039917 -0.027222
0.202393 -0.134521 1.023682 -0.021118 -0.039063 -0.027832
0.200439 -0.136475 1.027222 -0.022461 -0.031128 -0.026123
0.211060 -0.146606 1.030273 -0.024414 -0.022461 -0.021729
0.209961 -0.153564 1.023071 -0.022339 -0.010132 -0.018799
0.194580 -0.148926 1.028564 -0.018677 -0.000366 -0.019653
0.190918 -0.144775 1.022705 -0.016479 0.006226 -0.021118
0.189087 -0.146362 1.024780 -0.016113 0.008545 -0.025391
0.170532 -0.141602 1.023682 -0.015625 0.006592 -0.032104
0.163452 -0.139404 1.014893 -0.014771 -0.005371 -0.035767
0.152466 -0.132080 1.005737 -0.016113 -0.013184 -0.034790
0.161621 -0.127686 1.002075 -0.018921 -0.020630 -0.029785
0.176147 -0.131714 0.997559 -0.024414 -0.021729 -0.022339
0.176636 -0.131348 1.006958 -0.030762 -0.016357 -0.018799
0.166748 -0.134277 1.023315 -0.035400 -0.010010 -0.017212
0.161865 -0.133911 1.031372 -0.032837 -0.011963 -0.013794
0.174683 -0.127930 1.031982 -0.026611 -0.019287 -0.010620
0.193359 -0.126465 1.025513 -0.024536 -0.021606 -0.008057
0.200439 -0.129395 1.036621 -0.027344 -0.014404 -0.005981
0.200439 -0.139282 1.042969 -0.028442 -0.003784 -0.007202
0.211914 -0.146606 1.042847 -0.023193 -0.002319 -0.011963
0.211426 -0.147339 1.024414 -0.018188 0.002075 -0.020630
0.176392 -0.143799 1.014771 -0.017334 0.011719 -0.029541
0.153931 -0.146729 1.020386 -0.018677 0.013428 -0.030273
0.148804 -0.150024 1.010986 -0.020020 0.013794 -0.023315
0.156616 -0.150024 1.011353 -0.021973 0.005981 -0.021973
