0.127197 -0.151367 1.022705 -0.019775 -0.011108 -0.031738
0.124878 -0.152344 1.026001 -0.021118 -0.014648 -0.024536
0.129028 -0.153809 1.023682 -0.020386 -0.016846 -0.019165
0.134888 -0.146362 1.012329 -0.015259 -0.019165 -0.015869
0.147949 -0.139893 0.997192 -0.012817 -0.021973 -0.017944
0.161499 -0.134277 0.983521 -0.012573 -0.023193 -0.023926
0.141113 -0.127686 0.973022 -0.018188 -0.013428 -0.030396
0.137451 -0.132080 0.960449 -0.026245 -0.010254 -0.032349
0.143555 -0.140015 0.940430 -0.032227 -0.008911 -0.033936
0.142822 -0.145996 0.921387 -0.037842 -0.006592 -0.036865
0.134766 -0.165649 0.904907 -0.042847 -0.008423 -0.046143
0.142578 -0.166870 0.874268 -0.033203 -0.010498 -0.053101
0.064575 -0.149780 0.807739 -0.026978 -0.003906 -0.062256
0.120972 -0.148315 0.722412 -0.035400 -0.034302 -0.059448
0.149658 -0.147095 0.649170 -0.058594 -0.026367 -0.065430
0.144531 -0.146484 0.592773 -0.087646 -0.021851 -0.087646
0.202026 -0.113403 0.551636 -0.095581 -0.068726 -0.083008
0.171387 -0.146240 0.564819 -0.139282 -0.041748 -0.097290
0.168213 -0.138794 0.541016 -0.139771 -0.022949 -0.130981
0.208008 -0.199707 0.522949 -0.159546 -0.040161 -0.158325
0.179688 -0.186035 0.465088 -0.177612 -0.003418 -0.162964
0.062622 -0.202148 0.425903 -0.237305 0.053711 -0.141968
-0.040771 -0.266846 0.415405 -0.332642 0.077637 -0.112305
-0.049194 -0.230103 0.483154 -0.394531 0.032104 -0.057495
-0.079590 -0.262573 0.586670 -0.458862 -0.047974 -0.045532
-0.030640 -0.279663 0.674927 -0.504761 -0.177124 -0.046997
0.090454 -0.259277 0.773926 -0.515991 -0.293823 -0.016846
0.153076 -0.272095 0.857788 -0.542358 -0.350952 -0.022461
0.162598 -0.270874 0.956543 -0.566406 -0.362549 -0.031372
0.177734 -0.262573 1.054565 -0.586548 -0.359619 -0.013306
0.278320 -0.266846 1.139526 -0.605835 -0.330933 0.027466
0.336670 -0.320557 1.251099 -0.636353 -0.250488 0.065186
0.353882 -0.379028 1.370850 -0.646729 -0.167725 0.072266
0.343262 -0.433716 1.497192 -0.620483 -0.112549 0.045410
0.255493 -0.497681 1.609619 -0.556152 -0.093994 -0.032715
0.266968 -0.492188 1.651123 -0.426392 -0.139282 -0.066528
0.319336 -0.445068 1.645630 -0.295532 -0.193481 -0.087036
0.304688 -0.351929 1.573364 -0.189087 -0.195190 -0.102295
0.281372 -0.305176 1.516479 -0.139282 -0.187988 -0.100952
0.270020 -0.272949 1.484619 -0.142700 -0.111206 -0.056030
0.282837 -0.304321 1.525024 -0.155762 -0.056885 -0.025635
0.315918 -0.386108 1.701660 -0.140869 0.005859 -0.006958
0.352905 -0.594971 2.014893 -0.040161 0.041016 -0.043823
0.104126 -0.314453 1.560425 0.197021 0.024292 -0.065186
0.167603 -0.188843 1.196289 0.242432 -0.074585 -0.047852
0.216919 -0.208374 1.145264 0.143555 -0.060181 -0.026123
0.174316 -0.236450 1.186890 0.083984 -0.007813 -0.019531
0.183105 -0.247803 1.209595 0.083618 -0.003784 -0.013672
0.216309 -0.248413 1.211914 0.099243 -0.007324 -0.006958
0.230835 -0.238892 1.219238 0.109985 -0.009766 -0.008545
0.259521 -0.236450 1.240479 0.111694 0.013428 -0.004395
0.253174 -0.269653 1.274780 0.113159 0.031738 -0.019531
0.268433 -0.265381 1.298462 0.141968 0.027710 -0.009399
0.292603 -0.275879 1.293091 0.171021 0.040771 -0.000732
0.278076 -0.285645 1.273438 0.189209 0.077026 0.000488
0.245972 -0.278198 1.272217 0.197632 0.100830 -0.009033
0.210571 -0.284912 1.275146 0.198486 0.114868 -0.013306
0.198364 -0.293213 1.271606 0.194336 0.110962 -0.012573
0.213135 -0.308350 1.275146 0.187256 0.089600 -0.016113
0.194702 -0.317261 1.275391 0.182739 0.082275 -0.034058
0.199097 -0.348267 1.288086 0.192505 0.072266 -0.041748
0.249146 -0.348999 1.269409 0.240479 0.083618 -0.003418
0.263428 -0.345581 1.234741 0.282349 0.122192 0.012695
0.257202 -0.335938 1.190674 0.308472 0.155273 0.016357
0.224609 -0.322388 1.145752 0.322388 0.145874 0.002319
0.232056 -0.307739 1.084351 0.341187 0.114624 -0.013794
0.192017 -0.296875 0.989746 0.353149 0.092651 -0.030518
0.192749 -0.267700 0.936890 0.346313 0.036377 -0.052246
0.165405 -0.241577 0.843872 0.336182 0.019043 -0.064087
0.150879 -0.222412 0.745850 0.331055 0.016724 -0.064697
0.082153 -0.211548 0.662476 0.307007 0.026367 -0.061157
0.022095 -0.195923 0.600464 0.269043 -0.000488 -0.053833
-0.010864 -0.190918 0.547485 0.223267 -0.046753 -0.028931
-0.010742 -0.195435 0.513794 0.171143 -0.057617 0.031738
0.077515 -0.205688 0.508423 0.118774 -0.049316 0.102783
0.154907 -0.230225 0.544556 0.065308 -0.017700 0.135620
0.143799 -0.241333 0.612305 0.030518 0.001221 0.106079
0.111694 -0.225952 0.684570 0.032593 -0.028809 0.059082
0.098145 -0.203979 0.721436 0.061035 -0.073730 0.032837
0.123657 -0.170898 0.718628 0.088013 -0.110596 0.031738
0.177734 -0.142700 0.717285 0.086792 -0.131836 0.040039
0.168335 -0.132080 0.750488 0.070313 -0.133667 0.030762
0.186157 -0.119385 0.781128 0.068115 -0.131958 0.021851
0.207520 -0.113647 0.805298 0.058594 -0.106689 0.036377
0.239014 -0.103638 0.820679 0.045776 -0.070801 0.048462
0.281860 -0.105957 0.836914 0.024170 -0.049683 0.035889
0.291626 -0.089844 0.873779 -0.011230 -0.018677 0.017944
0.256470 -0.098389 0.915039 -0.036743 -0.000732 -0.025391
0.216187 -0.109497 0.964111 -0.054199 0.008911 -0.048950
0.195313 -0.117676 0.978882 -0.055420 0.027954 -0.054810
0.177490 -0.127441 0.994507 -0.063110 0.028931 -0.052979
0.173340 -0.142944 1.005493 -0.070557 0.032349 -0.044556
0.164673 -0.154663 1.020996 -0.074585 0.037109 -0.033936
0.174072 -0.163452 1.031372 -0.071777 0.031616 -0.026245
0.196899 -0.167480 1.034058 -0.066284 0.028442 -0.023560
0.189331 -0.173828 1.041016 -0.065063 0.035278 -0.026001
0.166748 -0.178467 1.049194 -0.064209 0.028076 -0.036011
0.148804 -0.178345 1.049561 -0.057495 0.006470 -0.045166
0.135254 -0.174805 1.051758 -0.049316 -0.012817 -0.041504
0.152588 -0.160645 1.038696 -0.046631 -0.032349 -0.027954
0.161865 -0.161743 1.035889 -0.054565 -0.035034 -0.010742
0.182251 -0.175903 1.048218 -0.065308 -0.034180 0.003784
0.212036 -0.187134 1.058960 -0.062866 -0.028931 0.011841
0.218506 -0.196533 1.067383 -0.051880 -0.016235 0.006470
0.197876 -0.192993 1.073242 -0.035400 -0.013062 -0.007568
0.181885 -0.182251 1.060791 -0.017456 -0.023560 -0.022705
0.165894 -0.164673 1.044067 -0.005249 -0.030884 -0.026855
0.160156 -0.151978 1.032104 -0.004517 -0.035767 -0.019043
0.176270 -0.146851 1.031616 -0.008911 -0.042358 -0.010864
0.178467 -0.149414 1.029419 -0.015869 -0.043335 -0.006836
0.191528 -0.156006 1.037964 -0.018433 -0.051270 -0.007690
0.198120 -0.160645 1.040405 -0.017578 -0.049072 -0.009033
0.201782 -0.163330 1.040161 -0.015503 -0.041382 -0.011475
0.182495 -0.164429 1.040039 -0.014404 -0.032837 -0.013672
0.180420 -0.167603 1.042236 -0.014282 -0.029785 -0.009644
0.183105 -0.164551 1.028320 -0.013794 -0.024780 -0.005493
0.175903 -0.165405 1.017578 -0.014404 -0.018799 -0.006348
0.171875 -0.165894 1.012573 -0.014160 -0.022949 -0.009888
0.166748 -0.161987 1.002197 -0.012817 -0.030396 -0.014526
0.157104 -0.159790 0.997314 -0.009644 -0.038452 -0.015503
0.163940 -0.160522 1.002441 -0.008667 -0.045410 -0.010254
0.177490 -0.154053 1.003418 -0.008911 -0.046631 0.000122
0.190430 -0.155640 0.999634 -0.010742 -0.043091 0.007935
0.202393 -0.154297 1.003906 -0.011597 -0.040039 0.010254
0.210083 -0.163208 1.002930 -0.012451 -0.028076 0.011597
0.210449 -0.170288 1.009277 -0.012573 -0.012939 0.010376
0.198608 -0.171875 1.014282 -0.009888 -0.007935 0.004639
0.199585 -0.172363 1.014526 -0.004272 -0.011597 -0.002441
0.194336 -0.167969 1.006104 0.001465 -0.015137 -0.011841
0.187744 -0.166382 1.005127 0.003296 -0.019287 -0.021362
0.166382 -0.164917 1.011719 0.006470 -0.020752 -0.021973
0.167114 -0.162720 1.006592 0.010742 -0.022583 -0.013916
0.177490 -0.156128 0.994385 0.011353 -0.026245 -0.006836
0.183350 -0.152832 0.997559 0.004150 -0.031616 -0.007446
0.190308 -0.150146 0.994873 -0.002563 -0.034180 -0.006226
0.196167 -0.135132 0.983398 -0.013306 -0.024170 0.005005
0.190430 -0.143188 0.984497 -0.034790 -0.005859 0.020142
0.200928 -0.153076 1.002441 -0.055420 0.011841 0.033325
0.206787 -0.155029 1.006836 -0.067139 0.024902 0.037231
0.203003 -0.167236 1.027832 -0.073242 0.022949 0.026367
0.196777 -0.168945 1.039185 -0.066772 -0.001953 0.001465
0.187866 -0.162964 1.051758 -0.053589 -0.026245 -0.020264
0.196289 -0.155273 1.040527 -0.039673 -0.050293 -0.032227
0.228882 -0.149414 1.024292 -0.024780 -0.058472 -0.036133
0.222656 -0.136475 1.006714 -0.017090 -0.041260 -0.039551
0.213135 -0.138428 0.999634 -0.021606 -0.025635 -0.043213
0.200317 -0.140503 1.000366 -0.029297 -0.005859 -0.037598
0.195557 -0.147583 1.008545 -0.038330 0.015015 -0.024902
0.189941 -0.161011 1.021851 -0.047485 0.031006 -0.013306
0.181885 -0.174683 1.039185 -0.049316 0.039795 -0.003418
