0.204712 -0.143555 0.992554 0.014282 -0.000366 -0.025269
0.198120 -0.137207 0.972412 0.012817 -0.001099 -0.029663
0.196899 -0.130737 0.965088 0.008423 -0.001587 -0.033203
0.196899 -0.119629 0.964478 0.004150 -0.003906 -0.033447
0.196167 -0.112061 0.963623 -0.000732 -0.004639 -0.032227
0.223389 -0.116943 0.957153 -0.003296 -0.006592 -0.027588
0.189453 -0.098267 0.935791 -0.005249 0.005249 -0.024048
0.211304 -0.104126 0.916504 -0.014282 -0.007813 -0.029785
0.217285 -0.109741 0.900513 -0.024048 -0.005005 -0.037476
0.193481 -0.108521 0.877075 -0.031250 0.007568 -0.044312
0.183350 -0.111084 0.858521 -0.040527 0.005005 -0.045654
0.179443 -0.118774 0.830200 -0.052246 0.014893 -0.036011
0.148926 -0.122925 0.798340 -0.063965 0.033447 -0.024170
0.146973 -0.138794 0.754517 -0.072510 0.028687 -0.015503
0.140259 -0.165527 0.708130 -0.077515 0.025635 -0.013672
0.118774 -0.178101 0.664307 -0.075806 0.013306 -0.023926
0.088501 -0.175903 0.597656 -0.072632 -0.020996 -0.044922
0.073975 -0.159424 0.544922 -0.084961 -0.086792 -0.071777
0.108643 -0.136108 0.512451 -0.117676 -0.168945 -0.090088
0.140991 -0.113281 0.479614 -0.165894 -0.208618 -0.080078
0.139160 -0.083740 0.480835 -0.233276 -0.199707 -0.048706
0.108398 -0.098267 0.507813 -0.315552 -0.191040 -0.019409
0.146606 -0.127808 0.533813 -0.375244 -0.202759 0.026489
0.163452 -0.176147 0.583618 -0.420532 -0.221436 0.043701
0.161499 -0.221313 0.631592 -0.472046 -0.234741 0.058472
0.175659 -0.273560 0.709473 -0.508911 -0.230347 0.077759
0.196167 -0.340454 0.796021 -0.539063 -0.220215 0.097534
0.216309 -0.366699 0.910767 -0.567871 -0.220337 0.099976
0.265259 -0.431519 1.066284 -0.567993 -0.260132 0.074341
0.341675 -0.409790 1.173706 -0.523315 -0.310669 0.020996
0.336182 -0.372314 1.294922 -0.467773 -0.327271 -0.033081
0.346558 -0.341187 1.368896 -0.409180 -0.325684 -0.051392
0.380981 -0.295654 1.375000 -0.357910 -0.287109 -0.055298
0.393433 -0.278687 1.368896 -0.336792 -0.214844 -0.048584
0.450684 -0.303955 1.373047 -0.337891 -0.105957 -0.014893
0.430176 -0.320679 1.414429 -0.351318 0.041504 0.012085
0.387451 -0.359497 1.467896 -0.358887 0.151978 0.026001
0.407349 -0.378052 1.523926 -0.337769 0.154297 0.000977
0.341553 -0.398560 1.568237 -0.291870 0.156982 -0.033569
0.330444 -0.399780 1.572388 -0.215698 0.125000 -0.059326
0.296631 -0.396484 1.590454 -0.143188 0.066284 -0.090088
0.293457 -0.359619 1.565796 -0.049316 0.026855 -0.104126
0.310303 -0.320435 1.498291 0.043945 -0.002197 -0.116211
0.314697 -0.271973 1.435791 0.094727 0.003906 -0.110107
0.287720 -0.242432 1.373169 0.099365 0.017822 -0.091064
0.276611 -0.211060 1.343506 0.076294 0.041626 -0.054443
0.268188 -0.217773 1.350952 0.052490 0.077515 -0.009399
0.256714 -0.244629 1.374756 0.040405 0.110596 0.036987
0.259766 -0.274048 1.399292 0.049683 0.117554 0.069336
0.287354 -0.289429 1.415161 0.081421 0.099731 0.079468
0.309937 -0.283936 1.415527 0.126831 0.087280 0.073975
0.297607 -0.274292 1.409668 0.169434 0.098633 0.066040
0.306885 -0.284424 1.398682 0.209106 0.109375 0.067017
0.326416 -0.285156 1.372314 0.242676 0.107178 0.051880
0.336914 -0.294189 1.351074 0.263062 0.089600 0.022217
0.322754 -0.300049 1.336670 0.280518 0.078003 0.003052
0.312378 -0.316284 1.316284 0.298462 0.069214 -0.002686
0.320435 -0.338013 1.267090 0.315308 0.053955 -0.001831
0.377075 -0.354980 1.214111 0.336304 0.054688 -0.010010
0.358765 -0.359131 1.161865 0.361328 0.083374 -0.041870
0.261719 -0.353760 1.112061 0.388428 0.109985 -0.069580
0.213257 -0.329224 1.043213 0.403320 0.088013 -0.074951
0.209961 -0.318970 0.964478 0.402710 0.043945 -0.083252
0.190186 -0.293579 0.887085 0.415039 0.010986 -0.094604
0.162964 -0.265259 0.807129 0.415649 0.006226 -0.092163
0.095825 -0.243164 0.752930 0.399170 0.032593 -0.063721
0.098389 -0.225098 0.707275 0.374878 0.009277 -0.037842
0.126709 -0.212158 0.671509 0.336792 -0.026489 -0.030396
0.132446 -0.196167 0.656250 0.292969 -0.037964 -0.025391
0.141968 -0.187256 0.655273 0.249512 -0.052490 -0.015015
0.149658 -0.175903 0.656494 0.222534 -0.052246 -0.000732
0.152954 -0.169312 0.635620 0.230957 -0.052734 -0.013672
0.147217 -0.145386 0.623535 0.231689 -0.072998 -0.036621
0.163696 -0.119873 0.620117 0.218750 -0.103027 -0.052856
0.188843 -0.104126 0.617676 0.191650 -0.110474 -0.055420
0.198486 -0.093994 0.624390 0.157593 -0.093140 -0.050659
0.166382 -0.081909 0.646973 0.121826 -0.066040 -0.044922
0.142334 -0.076904 0.673950 0.082642 -0.051147 -0.027588
0.162598 -0.086060 0.706909 0.042969 -0.046631 0.002319
0.204590 -0.091919 0.740112 0.012329 -0.035645 0.031738
0.234131 -0.098511 0.779663 -0.008179 -0.017456 0.045654
0.270386 -0.104126 0.807007 -0.016357 -0.001953 0.043579
0.268799 -0.094360 0.819458 -0.018677 0.013184 0.020630
0.230347 -0.082764 0.837891 -0.026855 0.021851 -0.010254
0.208862 -0.079224 0.866821 -0.042725 0.027832 -0.017944
0.215332 -0.085571 0.892944 -0.064575 0.034424 -0.015503
0.237427 -0.097168 0.933472 -0.083618 0.034424 -0.016724
0.222534 -0.098999 0.959595 -0.095093 0.042725 -0.016846
0.217163 -0.118530 0.979736 -0.101685 0.045166 -0.015381
0.218628 -0.135376 0.994629 -0.103149 0.040161 -0.011475
0.212280 -0.145142 1.017334 -0.103882 0.042114 -0.006348
0.227051 -0.158325 1.036621 -0.098389 0.039673 -0.004272
0.238892 -0.161499 1.051758 -0.087646 0.036133 -0.009399
0.218262 -0.158203 1.058594 -0.076050 0.037109 -0.015991
0.219360 -0.166016 1.058716 -0.064697 0.030518 -0.017700
0.212524 -0.164917 1.044556 -0.056396 0.022583 -0.020386
0.205322 -0.161865 1.043213 -0.051025 0.009277 -0.025146
0.197510 -0.157349 1.042969 -0.048828 -0.002075 -0.021729
0.191895 -0.160522 1.039185 -0.045166 -0.007568 -0.007690
0.208618 -0.149170 1.038330 -0.042603 -0.011108 0.008911
0.221558 -0.155273 1.043091 -0.040649 -0.007080 0.016602
0.225342 -0.147827 1.042603 -0.035889 -0.000122 0.020996
0.223755 -0.141479 1.044922 -0.031738 -0.000366 0.019043
0.216919 -0.132446 1.038818 -0.026733 -0.003784 0.017822
0.227783 -0.122437 1.035767 -0.018555 -0.009888 0.014893
0.241211 -0.115967 1.025635 -0.013672 -0.011963 0.010986
0.237793 -0.109619 1.026611 -0.013550 -0.007080 0.005127
0.235352 -0.108765 1.028931 -0.017578 -0.005615 -0.000366
0.228027 -0.114502 1.031006 -0.020630 -0.003906 -0.004517
0.223145 -0.126099 1.021484 -0.021851 -0.011963 -0.008911
0.220947 -0.136230 1.015015 -0.021973 -0.019775 -0.012573
0.208862 -0.141357 1.024658 -0.021729 -0.022095 -0.015747
0.195679 -0.144531 1.019043 -0.020020 -0.024780 -0.016235
0.200439 -0.144409 1.015747 -0.016113 -0.029785 -0.014038
0.199585 -0.141113 1.009155 -0.014160 -0.031250 -0.011719
0.202881 -0.135132 1.007202 -0.014648 -0.034424 -0.009888
0.202148 -0.138184 1.008301 -0.014771 -0.036499 -0.009277
0.206787 -0.134888 0.999023 -0.013550 -0.038574 -0.007690
0.215820 -0.134277 1.003052 -0.012329 -0.045044 -0.009766
0.221191 -0.130005 1.005005 -0.012085 -0.043701 -0.008667
0.228149 -0.128296 0.997437 -0.014404 -0.037231 -0.005493
0.236450 -0.128906 0.996216 -0.019043 -0.028198 -0.003296
0.226929 -0.128418 1.004883 -0.026001 -0.013916 -0.000610
0.225830 -0.135986 1.014526 -0.030518 -0.006714 0.005127
0.225586 -0.137207 1.022827 -0.030396 -0.005615 0.006836
0.222534 -0.131348 1.018433 -0.027832 -0.008545 0.003540
0.223267 -0.135254 1.012939 -0.026123 -0.011597 -0.001953
0.220947 -0.132080 1.001099 -0.024536 -0.011353 -0.004639
0.220581 -0.132690 1.007446 -0.024292 -0.006226 -0.009399
0.212280 -0.127808 1.000732 -0.023804 0.000122 -0.012085
0.206909 -0.120239 1.002075 -0.025757 0.001709 -0.013306
0.203491 -0.117310 0.995850 -0.026855 0.000732 -0.012085
0.207031 -0.112549 0.993042 -0.028687 -0.000732 -0.009033
0.215576 -0.111084 0.986694 -0.033813 0.002441 -0.005615
0.214233 -0.112549 0.994141 -0.042236 0.005981 -0.002197
0.210571 -0.119507 1.001221 -0.049438 0.012451 0.002686
0.219971 -0.131226 1.007080 -0.052856 0.012085 0.003296
0.218994 -0.138184 1.011353 -0.051758 0.010010 -0.003052
0.202881 -0.140625 1.016968 -0.048462 0.007202 -0.009155
0.205811 -0.141846 1.018188 -0.045166 0.001953 -0.007446
0.205933 -0.137085 1.018921 -0.043945 0.002075 -0.003174
0.212036 -0.142212 1.018433 -0.042725 -0.001221 -0.001221
0.220947 -0.135376 1.015869 -0.040039 -0.003540 -0.000488
0.211426 -0.135132 1.015747 -0.040283 -0.000122 -0.002930
0.212280 -0.131836 1.013428 -0.042603 0.000244 -0.003418
0.206421 -0.130615 1.022949 -0.046631 0.006348 -0.000366
0.203735 -0.137207 1.030518 -0.047729 0.010498 0.003784
0.214355 -0.143188 1.023438 -0.044678 0.012085 0.007568
0.216553 -0.145508 1.020874 -0.042603 0.014771 0.004272
0.208740 -0.143921 1.029663 -0.042236 0.018677 0.005005
