0.212769 -0.119385 1.013916 -0.022461 -0.024414 -0.017944
0.211304 -0.121948 1.017700 -0.021362 -0.023438 -0.017334
0.216431 -0.114380 1.012329 -0.021606 -0.022827 -0.017090
0.219116 -0.109985 1.005737 -0.023804 -0.021240 -0.020630
0.213135 -0.107666 1.011841 -0.026367 -0.015137 -0.023438
0.208862 -0.107666 1.008057 -0.026367 -0.015259 -0.024536
0.201660 -0.112183 1.005005 -0.024780 -0.019897 -0.025635
0.201050 -0.111084 0.998291 -0.022217 -0.025269 -0.023438
0.203613 -0.113403 0.974609 -0.022339 -0.030151 -0.019897
0.199341 -0.112671 0.961670 -0.025146 -0.031372 -0.017822
0.195068 -0.117920 0.942383 -0.030029 -0.032227 -0.015625
0.181519 -0.128418 0.927979 -0.034912 -0.032349 -0.014038
0.185791 -0.122314 0.894775 -0.031616 -0.039429 -0.016602
0.177856 -0.108521 0.837402 -0.027222 -0.042114 -0.025024
0.156982 -0.122070 0.779785 -0.030762 -0.044067 -0.035400
0.098145 -0.109619 0.717041 -0.039429 -0.045044 -0.040405
0.056885 -0.125000 0.654053 -0.055664 -0.081787 -0.050903
0.044189 -0.146973 0.601685 -0.076538 -0.143066 -0.053467
0.047119 -0.174072 0.540649 -0.103149 -0.196045 -0.048584
0.069580 -0.197510 0.496704 -0.138184 -0.242920 -0.041870
0.080811 -0.195557 0.450073 -0.183228 -0.270264 -0.027344
0.087769 -0.168335 0.412109 -0.249756 -0.279541 0.018188
0.190552 -0.127441 0.413696 -0.354126 -0.275513 0.086304
0.212402 -0.117065 0.467163 -0.467651 -0.205933 0.141235
0.256470 -0.142578 0.543457 -0.570679 -0.168579 0.176270
0.264893 -0.192505 0.649170 -0.640991 -0.162476 0.175903
0.274170 -0.253418 0.738647 -0.660278 -0.188965 0.150269
0.298706 -0.283813 0.825073 -0.644287 -0.237671 0.102661
0.266357 -0.309937 0.910767 -0.617554 -0.286987 0.042236
0.253784 -0.314453 1.010376 -0.580322 -0.337280 0.004517
0.271606 -0.319946 1.113647 -0.551147 -0.363892 0.006348
0.318359 -0.331665 1.181274 -0.529053 -0.356567 0.035767
0.338867 -0.349609 1.218750 -0.520874 -0.315186 0.073242
0.364380 -0.373779 1.279907 -0.513794 -0.277832 0.107300
0.405762 -0.355957 1.316895 -0.510376 -0.216553 0.137329
0.424316 -0.384277 1.366821 -0.511230 -0.164795 0.146362
0.486694 -0.388062 1.428711 -0.494629 -0.105225 0.153564
0.522583 -0.359863 1.491577 -0.457764 -0.062622 0.124512
0.540894 -0.376099 1.543457 -0.391113 -0.092041 0.053955
0.493286 -0.362305 1.509033 -0.319702 -0.027588 0.034058
0.475342 -0.366577 1.492676 -0.257446 -0.038452 -0.013550
0.404175 -0.364624 1.450684 -0.202881 -0.009521 -0.023926
0.355103 -0.370239 1.401489 -0.150391 0.006958 -0.012207
0.350464 -0.379639 1.331299 -0.104614 -0.000732 -0.000122
0.373047 -0.374146 1.273315 -0.065063 -0.006592 0.005615
0.368530 -0.364502 1.235229 -0.030884 -0.005371 -0.010742
0.350220 -0.334717 1.212891 -0.008667 -0.004395 -0.031128
0.360596 -0.321411 1.202759 0.003052 -0.003052 -0.030273
0.376587 -0.325928 1.192017 0.013550 0.005005 -0.021851
0.398315 -0.316650 1.166870 0.034912 0.018799 -0.012207
0.389526 -0.322388 1.176880 0.041626 0.044678 -0.017700
0.357544 -0.333130 1.229126 0.046631 0.063965 -0.021851
0.340088 -0.341553 1.276367 0.066528 0.073608 -0.017700
0.344360 -0.352661 1.314209 0.097168 0.073975 -0.008545
0.373779 -0.353271 1.338623 0.133667 0.069702 -0.007324
0.406982 -0.353271 1.352539 0.163574 0.076782 -0.024292
0.412231 -0.375244 1.366577 0.196289 0.087524 -0.041138
0.419434 -0.364258 1.359619 0.239502 0.111816 -0.029785
0.427734 -0.361206 1.357300 0.261719 0.150269 -0.030029
0.426147 -0.384155 1.358276 0.279907 0.186035 -0.036499
0.404541 -0.396118 1.354980 0.309326 0.218384 -0.048950
0.353394 -0.394287 1.324585 0.353394 0.239746 -0.062134
0.306885 -0.388062 1.272339 0.393188 0.226074 -0.075806
0.286133 -0.386108 1.202881 0.428833 0.190308 -0.092285
0.287720 -0.376831 1.108643 0.464600 0.184326 -0.099854
0.235474 -0.345215 1.020874 0.492065 0.194336 -0.113647
0.169556 -0.312744 0.949707 0.503540 0.170898 -0.130371
0.155273 -0.289673 0.857178 0.506226 0.112427 -0.139160
0.159912 -0.255249 0.789185 0.497314 0.066528 -0.138306
0.131714 -0.213745 0.700195 0.473999 0.056152 -0.129761
0.135010 -0.182373 0.644653 0.438232 0.033325 -0.115479
0.101440 -0.160767 0.610718 0.386475 0.033447 -0.091797
0.104004 -0.162354 0.589722 0.333618 0.023804 -0.054932
0.171021 -0.161987 0.585083 0.281860 0.017090 -0.024170
0.176147 -0.191650 0.602539 0.228149 0.039063 -0.028198
0.170044 -0.165527 0.623413 0.206421 0.045410 -0.014404
0.166138 -0.162598 0.638794 0.187256 0.029175 -0.025269
0.147827 -0.159912 0.666626 0.173584 0.013550 -0.032715
0.130981 -0.153687 0.684082 0.168945 -0.017090 -0.043335
0.147217 -0.143311 0.694580 0.167358 -0.061768 -0.049561
0.196411 -0.133423 0.715210 0.163940 -0.089478 -0.046021
0.232056 -0.111816 0.731445 0.153564 -0.085571 -0.039063
0.250610 -0.084229 0.756714 0.133789 -0.063965 -0.032104
0.259399 -0.073120 0.786133 0.100830 -0.047119 -0.028564
0.273560 -0.065918 0.809570 0.063354 -0.029175 -0.024170
0.286255 -0.064819 0.818848 0.021118 -0.000854 -0.018433
0.260620 -0.085938 0.851563 -0.025146 0.031982 -0.013672
0.230103 -0.113770 0.890747 -0.057983 0.050781 -0.011230
0.219604 -0.129883 0.926636 -0.067993 0.042358 -0.010864
0.208618 -0.139648 0.953735 -0.064087 0.022217 -0.015259
0.213989 -0.141113 0.970093 -0.055420 -0.000122 -0.018677
0.240601 -0.138306 0.977539 -0.049805 -0.015259 -0.017334
0.260376 -0.136597 0.990723 -0.050903 -0.014893 -0.015625
0.257324 -0.140869 1.006592 -0.054688 -0.013306 -0.018677
0.251221 -0.147827 1.021240 -0.052734 -0.012207 -0.018799
0.246216 -0.147095 1.028076 -0.048828 -0.010254 -0.015869
0.247803 -0.156860 1.032104 -0.046753 -0.012939 -0.018555
0.242188 -0.156616 1.038940 -0.045166 -0.013672 -0.021362
0.228027 -0.151367 1.052368 -0.040771 -0.012817 -0.020142
0.238525 -0.144653 1.053589 -0.033691 -0.016724 -0.014282
0.246460 -0.132080 1.045654 -0.027100 -0.019409 -0.007202
0.262329 -0.126221 1.041992 -0.025391 -0.021973 -0.004639
0.264526 -0.114990 1.045044 -0.026001 -0.016602 -0.006348
0.267334 -0.108643 1.032471 -0.026001 -0.004761 -0.006348
0.279297 -0.102417 1.026733 -0.031372 0.007690 -0.009033
0.261719 -0.110962 1.040405 -0.042847 0.027466 -0.008301
0.241943 -0.124756 1.053345 -0.048340 0.043335 -0.006836
0.231689 -0.139160 1.058960 -0.043335 0.045898 -0.006470
0.228394 -0.156250 1.055542 -0.031860 0.036255 -0.014893
0.212036 -0.160889 1.054565 -0.017212 0.018677 -0.029419
0.201416 -0.161255 1.043213 -0.001465 -0.002075 -0.039185
0.203979 -0.150391 1.030273 0.008545 -0.016846 -0.036377
0.207642 -0.138184 1.018066 0.011719 -0.022583 -0.025635
0.219849 -0.136597 1.011475 0.009521 -0.023682 -0.013428
0.230103 -0.133911 1.007324 0.008789 -0.024780 -0.006714
0.225342 -0.125488 1.010620 0.008789 -0.025269 -0.004883
0.230835 -0.124146 1.002441 0.008545 -0.030151 -0.005005
0.238159 -0.118408 0.999512 0.008057 -0.028198 -0.002563
0.245972 -0.119873 1.003052 0.003052 -0.021729 -0.002319
0.248657 -0.123901 0.992554 0.000610 -0.014771 -0.002808
0.239990 -0.125610 0.992065 -0.000610 -0.009399 -0.003906
0.241089 -0.127441 0.985352 -0.002930 -0.005859 -0.006470
0.226440 -0.126953 0.981689 -0.008057 0.001587 -0.007813
0.219849 -0.125366 0.973389 -0.015625 0.000000 -0.010620
0.223389 -0.119995 0.981445 -0.027588 -0.003296 -0.015381
0.211914 -0.139893 0.983154 -0.046875 -0.013306 -0.036255
0.220581 -0.135620 0.989136 -0.045166 -0.027222 -0.037354
0.231567 -0.146240 0.991211 -0.036377 -0.036377 -0.036255
0.225098 -0.117920 0.960938 -0.030273 -0.047729 -0.055054
0.244995 -0.142578 0.979614 -0.030396 -0.066162 -0.067871
0.245728 -0.131104 0.989136 -0.034424 -0.036865 -0.032959
0.239746 -0.134277 1.000488 -0.039185 -0.027954 -0.027954
0.250610 -0.142090 1.003540 -0.040771 -0.035278 -0.020752
0.254272 -0.145142 1.012573 -0.039673 -0.039673 -0.015137
0.259888 -0.142944 1.013916 -0.033203 -0.039551 -0.015381
0.250488 -0.138794 1.012451 -0.024414 -0.023560 -0.014282
0.236084 -0.129395 1.010010 -0.020752 -0.015625 -0.010254
0.242310 -0.124878 1.005859 -0.020386 -0.017822 -0.009155
0.235229 -0.118164 1.005615 -0.020020 -0.013672 -0.009521
0.227661 -0.115479 1.003296 -0.020386 -0.011597 -0.008667
0.229126 -0.113525 1.006714 -0.020020 -0.006714 0.000122
0.226074 -0.115723 1.011230 -0.023926 -0.002197 0.008057
0.241943 -0.133179 1.016113 -0.028687 0.000000 0.015625
0.250366 -0.142334 1.024292 -0.027588 0.002686 0.016113
0.242188 -0.143677 1.022705 -0.021851 -0.000366 0.007690
0.250366 -0.141968 1.022705 -0.015869 -0.005493 0.000854
0.240479 -0.135986 1.017700 -0.012085 -0.002441 -0.005981
0.237305 -0.128174 1.012939 -0.013794 -0.005493 -0.013916
0.223877 -0.125610 1.013062 -0.017822 -0.004517 -0.014404
0.222412 -0.123535 1.010864 -0.020264 -0.005493 -0.007446
