0.173340 -0.067383 1.027588 -0.033936 -0.015137 -0.016846
0.174072 -0.069092 1.032104 -0.034668 -0.014282 -0.015991
0.179932 -0.073364 1.041016 -0.035522 -0.014648 -0.016357
0.187500 -0.075806 1.043945 -0.034058 -0.017334 -0.017334
0.183838 -0.073120 1.042969 -0.030884 -0.014648 -0.018677
0.188599 -0.077148 1.042114 -0.027588 -0.012939 -0.019775
0.179810 -0.074219 1.041870 -0.023438 -0.008789 -0.019775
0.178101 -0.069458 1.028442 -0.020630 -0.010864 -0.020630
0.176514 -0.067261 1.023926 -0.019287 -0.011963 -0.024170
0.176147 -0.067505 1.008545 -0.019165 -0.010864 -0.026001
0.166260 -0.066162 1.005981 -0.022949 -0.009155 -0.027222
0.154175 -0.069580 1.002075 -0.027344 -0.009766 -0.024658
0.157471 -0.071167 0.997070 -0.029541 -0.013916 -0.019531
0.168213 -0.069214 0.982300 -0.027466 -0.018311 -0.018066
0.169434 -0.064697 0.956055 -0.025879 -0.024780 -0.026367
0.159668 -0.053711 0.937744 -0.027588 -0.028320 -0.034668
0.148071 -0.051758 0.908447 -0.031006 -0.028076 -0.038818
0.154419 -0.048462 0.882935 -0.036987 -0.034668 -0.041626
0.156738 -0.066284 0.865845 -0.042725 -0.027466 -0.040039
0.067993 -0.059448 0.824951 -0.047241 -0.015381 -0.046021
0.093872 -0.084595 0.796509 -0.054565 -0.065308 -0.047729
0.079468 -0.109009 0.747192 -0.063354 -0.091431 -0.037842
0.080078 -0.116699 0.700928 -0.079224 -0.120605 -0.033936
0.128174 -0.124756 0.682007 -0.109985 -0.163330 -0.028564
0.181763 -0.139404 0.678467 -0.146362 -0.173096 -0.010620
0.238525 -0.162109 0.666870 -0.178467 -0.158081 0.007324
0.285645 -0.155762 0.644165 -0.203125 -0.132690 0.008423
0.296021 -0.151611 0.614014 -0.231689 -0.092041 -0.000732
0.267456 -0.158936 0.602539 -0.271240 -0.044067 -0.015381
0.168579 -0.161865 0.599854 -0.314209 -0.009766 -0.034302
0.093018 -0.168213 0.619751 -0.350830 -0.024414 -0.046875
0.058350 -0.162476 0.653687 -0.377563 -0.081421 -0.050781
0.053589 -0.160034 0.688477 -0.394653 -0.156250 -0.047241
0.096069 -0.160522 0.726074 -0.402954 -0.225342 -0.032227
0.140137 -0.149170 0.769043 -0.413452 -0.275513 -0.019287
0.167480 -0.139648 0.804932 -0.426880 -0.310303 -0.005493
0.281616 -0.140869 0.823120 -0.452026 -0.332886 0.017334
0.379761 -0.150513 0.864990 -0.492798 -0.289307 0.040039
0.359131 -0.140015 0.906250 -0.544678 -0.181152 0.055786
0.275879 -0.150757 0.968262 -0.610840 -0.091187 0.066650
0.243164 -0.205566 1.050049 -0.670288 -0.074829 0.071899
0.244263 -0.278442 1.173950 -0.695801 -0.111816 0.058716
0.210205 -0.341675 1.297485 -0.669556 -0.167236 0.029663
0.245605 -0.381714 1.404175 -0.596680 -0.239380 0.014160
0.307251 -0.383301 1.467163 -0.498047 -0.294434 0.003418
0.431885 -0.393311 1.495361 -0.396118 -0.316040 -0.008301
0.517944 -0.346680 1.500977 -0.311523 -0.264404 -0.028320
0.501343 -0.318115 1.534058 -0.262085 -0.188965 -0.060791
0.445435 -0.283691 1.514038 -0.232056 -0.039307 -0.035522
0.404907 -0.305908 1.540771 -0.224243 0.048340 -0.021118
0.583374 -0.506592 2.011963 -0.205322 0.091675 -0.027710
0.655762 -1.016724 2.740601 -0.023682 0.052124 -0.219604
-0.085083 -0.119019 1.430786 0.412964 0.085693 -0.184204
0.173340 -0.046387 0.922729 0.362427 -0.045532 -0.072266
0.336060 -0.150513 0.947510 0.152954 -0.029053 -0.037354
0.118042 -0.167114 0.977905 0.064819 0.100098 -0.044312
0.061157 -0.176025 0.983643 0.045532 0.080322 -0.022827
0.132324 -0.190918 0.962280 0.050415 -0.012695 0.000366
0.177856 -0.187012 0.905396 0.062378 -0.060669 0.010376
0.191772 -0.179321 0.888794 0.061035 -0.091187 0.005127
0.208496 -0.181274 0.894287 0.054810 -0.130859 -0.005127
0.255737 -0.187866 0.891968 0.049927 -0.160400 -0.001953
0.305176 -0.198120 0.867920 0.040405 -0.165039 0.005127
0.329712 -0.203857 0.839844 0.016724 -0.138062 0.002197
0.346558 -0.213989 0.851074 -0.020020 -0.085327 -0.004028
0.313721 -0.232544 0.881226 -0.056030 -0.028198 -0.016113
0.300049 -0.251587 0.923096 -0.076294 -0.007813 -0.032471
0.288086 -0.271118 0.951660 -0.080078 0.004150 -0.041504
0.262329 -0.275879 0.971558 -0.072510 0.008789 -0.047241
0.254150 -0.274414 0.988892 -0.063354 0.006470 -0.044922
0.279419 -0.284424 1.014282 -0.058716 0.009521 -0.034546
0.282593 -0.292847 1.049805 -0.055542 0.022949 -0.028687
0.288330 -0.303345 1.084106 -0.049805 0.032471 -0.027222
0.311401 -0.301636 1.128418 -0.040283 0.038940 -0.026733
0.301025 -0.294189 1.169556 -0.027466 0.054565 -0.028564
0.294434 -0.292603 1.209106 -0.010376 0.065796 -0.026367
0.317017 -0.295532 1.253174 0.010498 0.069580 -0.026367
0.311279 -0.292236 1.295776 0.035034 0.071411 -0.034424
0.298218 -0.296387 1.330811 0.060425 0.064819 -0.045288
0.302612 -0.294189 1.352417 0.088745 0.069702 -0.044678
0.296143 -0.293823 1.369141 0.112427 0.090088 -0.037354
0.274780 -0.282471 1.372681 0.134644 0.101929 -0.032227
0.284912 -0.288208 1.378174 0.154785 0.088989 -0.028320
0.297485 -0.295654 1.381470 0.181641 0.083008 -0.026001
0.300293 -0.277832 1.377686 0.219849 0.091309 -0.027466
0.302490 -0.260254 1.362549 0.256714 0.084595 -0.041626
0.322144 -0.238892 1.331177 0.286377 0.060547 -0.066040
0.323730 -0.215454 1.300781 0.315552 0.060547 -0.093994
0.288696 -0.179810 1.257202 0.338135 0.083008 -0.106689
0.275391 -0.157349 1.207275 0.340820 0.089355 -0.107544
0.271118 -0.147827 1.163818 0.329468 0.091919 -0.104736
0.258301 -0.143799 1.126099 0.315063 0.108521 -0.095703
0.205322 -0.144287 1.084473 0.299683 0.115112 -0.090210
0.208130 -0.164795 1.046387 0.288574 0.083252 -0.094238
0.180664 -0.183716 1.008301 0.288574 0.067383 -0.098633
0.121216 -0.197876 0.953735 0.291626 0.053345 -0.097046
0.117920 -0.188599 0.916504 0.292725 0.010254 -0.090942
0.123657 -0.184326 0.864014 0.287231 -0.026001 -0.078735
0.139038 -0.180786 0.818481 0.275391 -0.049438 -0.055542
0.137573 -0.180420 0.768066 0.260864 -0.051270 -0.023315
0.157959 -0.170532 0.729492 0.247559 -0.049561 0.009399
0.180298 -0.176147 0.687622 0.225952 -0.046021 0.034058
0.224976 -0.176880 0.692139 0.195923 -0.032349 0.044678
0.233521 -0.170288 0.699585 0.170410 -0.010620 0.043823
0.266235 -0.153687 0.711792 0.155762 0.004517 0.037720
0.277466 -0.134521 0.711426 0.149658 0.023315 0.015625
0.263428 -0.104492 0.695068 0.144165 0.022339 -0.020020
0.243042 -0.068726 0.692383 0.131226 0.015625 -0.046387
0.186523 -0.055664 0.698730 0.109253 0.022949 -0.049194
0.158325 -0.052124 0.699829 0.089600 0.006470 -0.036865
0.185913 -0.048706 0.689697 0.072266 -0.025635 -0.021973
0.207642 -0.043335 0.686890 0.052124 -0.038818 -0.025391
0.192627 -0.021240 0.687622 0.027222 -0.022583 -0.024536
0.160767 -0.012695 0.716431 -0.008911 -0.016357 -0.016479
0.191528 -0.028809 0.760986 -0.042480 -0.032959 0.002930
0.213989 -0.046021 0.810547 -0.061279 -0.025269 0.024170
0.245728 -0.065308 0.853882 -0.071411 -0.010864 0.033813
0.253052 -0.092529 0.904175 -0.075195 0.003906 0.032471
0.245972 -0.107544 0.940796 -0.071045 0.005859 0.026489
0.250488 -0.116577 0.974121 -0.066406 -0.013184 0.013062
0.255981 -0.121338 0.991211 -0.059326 -0.036743 -0.004150
0.244019 -0.117920 1.010620 -0.054810 -0.046875 -0.014160
0.245361 -0.120605 1.028320 -0.057007 -0.055420 -0.015381
0.276489 -0.131714 1.044678 -0.060425 -0.055420 -0.015137
0.285645 -0.126709 1.049683 -0.059326 -0.041748 -0.023804
0.255371 -0.129395 1.075806 -0.057495 -0.023926 -0.038696
0.234985 -0.130615 1.085205 -0.048828 -0.013428 -0.041382
0.225342 -0.125000 1.074707 -0.033813 -0.008057 -0.038818
0.205811 -0.119141 1.066528 -0.023804 -0.004883 -0.034302
0.196899 -0.121582 1.059814 -0.018188 -0.002319 -0.021973
0.196533 -0.117554 1.057983 -0.011963 0.001465 -0.002563
0.220215 -0.105225 1.057617 -0.004517 -0.005737 0.006836
0.240723 -0.094116 1.058350 0.002441 -0.014893 -0.001709
0.232910 -0.084595 1.052734 0.010376 -0.013062 -0.009644
0.233154 -0.071045 1.040771 0.016357 -0.016479 -0.010498
0.232056 -0.059814 1.029785 0.016968 -0.019653 -0.007935
0.230469 -0.056274 1.023804 0.013062 -0.019287 -0.000732
0.241455 -0.063599 1.015503 0.009399 -0.022705 0.004639
0.239746 -0.067993 1.015991 0.008789 -0.026123 0.001709
0.229370 -0.071777 1.018433 0.011230 -0.030884 0.002319
0.236084 -0.076050 1.008423 0.014038 -0.038086 0.005127
0.247070 -0.081055 1.001587 0.012451 -0.045044 0.005005
0.266846 -0.081421 0.996460 0.009888 -0.050903 0.002686
0.253784 -0.087769 1.000000 0.008911 -0.038574 0.002197
0.255981 -0.088379 0.996094 0.012451 -0.028320 0.003296
0.247314 -0.088745 1.000244 0.014282 -0.017212 -0.005127
0.225708 -0.080322 1.000488 0.015747 -0.006714 -0.015137
0.201172 -0.078247 0.997803 0.012451 -0.002563 -0.018921
0.198608 -0.081787 0.997681 0.004639 -0.008667 -0.013794
0.196167 -0.086548 1.004272 -0.000732 -0.018799 -0.008057
