0.458496 0.213379 0.919556 -0.085938 0.002197 -0.017822
0.461182 0.228394 0.914185 -0.102905 0.019531 -0.016724
0.453247 0.234741 0.895752 -0.130615 0.042114 -0.010742
0.438477 0.246948 0.885742 -0.165894 0.064209 -0.004517
0.431641 0.258789 0.871704 -0.205200 0.080444 0.002930
0.401733 0.270142 0.860840 -0.251465 0.096558 0.013672
0.360962 0.292236 0.857544 -0.300781 0.101685 0.035767
0.329590 0.322510 0.840454 -0.360107 0.090576 0.068604
0.339844 0.331909 0.825195 -0.440186 0.079224 0.119263
0.373535 0.316284 0.820313 -0.535522 0.088379 0.167480
0.417725 0.261475 0.819702 -0.642944 0.117920 0.196411
0.537109 0.148804 0.858154 -0.747803 0.158447 0.199463
0.618408 0.071777 0.902222 -0.817017 0.222778 0.167847
0.643677 0.022705 0.923462 -0.839355 0.334473 0.164429
0.597534 0.040771 0.937866 -0.829346 0.488525 0.205566
0.531616 0.066895 0.891235 -0.819702 0.638306 0.278198
0.411133 0.118530 0.864380 -0.839966 0.753906 0.338867
0.309448 0.190063 0.788086 -0.904053 0.763794 0.379150
0.240356 0.231445 0.744629 -1.020630 0.684570 0.386841
0.210693 0.230591 0.711914 -1.163696 0.560547 0.374634
0.267700 0.187744 0.678345 -1.339966 0.473511 0.380005
0.333862 0.080200 0.703247 -1.511108 0.451782 0.392700
0.353149 -0.019409 0.732788 -1.643921 0.518066 0.431396
0.378540 -0.086426 0.737183 -1.751099 0.636963 0.505493
0.356567 -0.197144 0.773560 -1.847290 0.765259 0.562134
0.295532 -0.307495 0.819336 -1.883911 0.873901 0.617188
0.191772 -0.341309 0.832397 -1.867920 0.959595 0.693726
0.114746 -0.383179 0.858032 -1.876587 0.951782 0.708496
0.005371 -0.462646 0.871704 -1.912842 0.850342 0.646606
-0.079834 -0.533691 0.881836 -1.922607 0.685791 0.586182
-0.077271 -0.633179 0.872070 -1.895630 0.443726 0.498291
-0.042603 -0.783447 0.908081 -1.842529 0.235229 0.398438
-0.041016 -0.854370 0.939331 -1.723633 0.121948 0.376465
-0.033691 -0.879517 0.911499 -1.579102 0.103760 0.422729
0.013550 -0.883789 0.854126 -1.461182 0.132935 0.488647
0.059570 -0.895874 0.799194 -1.364136 0.178467 0.509888
0.019653 -0.887085 0.825684 -1.254639 0.251221 0.556030
-0.089600 -0.831055 0.839233 -1.156982 0.306885 0.562012
-0.157837 -0.865112 0.880615 -1.086548 0.281250 0.498535
-0.154419 -0.692993 0.889771 -0.994873 0.229004 0.394287
-0.068115 -1.069458 0.824951 -1.038940 0.285034 0.069580
-0.083252 -0.875977 0.852417 -0.861938 0.042969 0.114136
-0.047852 -0.793701 0.749756 -0.711914 -0.166382 0.118164
0.115112 -0.712646 0.659302 -0.651978 -0.251709 0.153442
0.185303 -0.667603 0.588379 -0.625732 -0.196533 0.177856
0.128174 -0.695313 0.595947 -0.624756 -0.080078 0.216553
-0.014648 -0.742188 0.656006 -0.623413 0.011108 0.298462
-0.055542 -0.814087 0.685547 -0.614624 -0.002319 0.333130
0.015991 -0.852051 0.681396 -0.595703 -0.057739 0.333740
0.059204 -0.939453 0.698364 -0.572998 -0.083130 0.280029
0.039673 -0.971680 0.728394 -0.515503 -0.089355 0.211060
0.027832 -0.992920 0.726807 -0.450073 -0.119141 0.095337
0.077759 -0.973145 0.706299 -0.380493 -0.172852 -0.014282
0.112061 -0.906860 0.646362 -0.318481 -0.172119 -0.064087
0.055786 -0.844604 0.626221 -0.281006 -0.111816 -0.006470
0.029541 -0.836548 0.643188 -0.268921 -0.073486 0.080688
0.042847 -0.894409 0.674927 -0.260498 -0.053101 0.145142
0.035522 -0.945435 0.701416 -0.223022 -0.031006 0.178711
0.027954 -0.960938 0.708984 -0.173096 -0.025879 0.157593
0.009521 -1.106812 0.790527 -0.124878 -0.058350 0.058960
0.044434 -1.030518 0.698975 -0.040649 -0.121338 -0.084473
-0.010620 -0.824707 0.610840 0.031860 -0.099487 -0.087769
-0.016235 -0.788086 0.603149 0.045898 -0.070435 -0.049561
-0.018188 -0.846924 0.638306 0.035767 -0.044189 -0.016235
-0.036011 -0.916870 0.679077 0.051392 -0.023071 0.029175
-0.034546 -0.931152 0.680054 0.091553 -0.023682 0.062988
-0.001953 -0.934204 0.673950 0.136719 -0.039429 0.069824
0.020264 -0.948975 0.674316 0.189819 -0.048584 0.055908
-0.004517 -0.982056 0.717163 0.262329 -0.046997 0.045898
-0.061401 -1.030396 0.766113 0.363525 -0.049683 0.058472
-0.085571 -1.001221 0.746948 0.484375 -0.080078 0.074829
-0.089478 -0.884277 0.682373 0.557373 -0.174805 0.035156
-0.041016 -0.847290 0.676880 0.574097 -0.313965 -0.061279
0.068359 -0.860718 0.687256 0.598145 -0.382568 -0.145874
0.108398 -0.928101 0.717041 0.655762 -0.335083 -0.183716
0.114502 -0.983643 0.771729 0.760742 -0.252808 -0.172363
0.107666 -1.009277 0.802490 0.887329 -0.180664 -0.178589
0.099731 -1.022583 0.825073 1.029175 -0.162476 -0.219116
0.089600 -0.992554 0.833740 1.175171 -0.186768 -0.285278
0.057251 -0.967041 0.830444 1.304565 -0.241821 -0.358154
0.014282 -0.854248 0.827759 1.441040 -0.310913 -0.393677
-0.044800 -0.753906 0.841553 1.533081 -0.417358 -0.450439
-0.060669 -0.723022 0.814819 1.574829 -0.561523 -0.535278
-0.029663 -0.618164 0.804199 1.609497 -0.653564 -0.552002
0.069824 -0.631104 0.778320 1.573364 -0.690674 -0.564209
0.161621 -0.622925 0.786865 1.559814 -0.628662 -0.550415
0.268066 -0.564209 0.775757 1.551514 -0.504517 -0.515869
0.246826 -0.524536 0.800293 1.515625 -0.330688 -0.517944
0.201294 -0.465210 0.829102 1.480225 -0.246826 -0.534180
0.140137 -0.397461 0.824829 1.449463 -0.241089 -0.551147
0.080322 -0.357666 0.854370 1.404419 -0.274170 -0.537231
0.118530 -0.307373 0.875244 1.379028 -0.361572 -0.482178
0.166382 -0.264648 0.884766 1.347778 -0.386353 -0.439697
0.235229 -0.245239 0.871094 1.293213 -0.375977 -0.437866
0.263184 -0.243652 0.873413 1.212158 -0.364990 -0.462280
0.318726 -0.220947 0.883301 1.141357 -0.341553 -0.448853
0.389282 -0.249512 0.904419 1.084595 -0.264282 -0.418579
0.379028 -0.196899 0.911133 1.070068 -0.124756 -0.358398
0.268311 -0.162354 0.921265 1.010010 -0.033569 -0.347412
0.183105 -0.099487 0.932007 0.937012 -0.087646 -0.417114
0.150635 -0.055664 0.934448 0.872192 -0.230591 -0.527588
0.194580 -0.053955 0.933960 0.827148 -0.364136 -0.569702
0.263672 -0.059937 0.942261 0.796753 -0.400635 -0.507813
0.346680 -0.024414 0.936401 0.790894 -0.335571 -0.369507
0.334106 0.063110 0.921997 0.794312 -0.219482 -0.270386
0.301025 0.129883 0.898071 0.763916 -0.143677 -0.213379
0.326538 0.119995 0.888794 0.705811 -0.116089 -0.188110
0.309937 0.127075 0.888306 0.643188 -0.114014 -0.218628
0.336182 0.074219 0.915405 0.588013 -0.141602 -0.270996
0.287231 0.067627 0.950317 0.568481 -0.169067 -0.331909
0.264893 0.118408 0.964844 0.573120 -0.198486 -0.340942
0.236328 0.149414 0.955322 0.564941 -0.212524 -0.318604
0.260010 0.152832 0.932617 0.559814 -0.227539 -0.267822
0.283447 0.203979 0.895996 0.542969 -0.240112 -0.218750
0.280640 0.256836 0.860107 0.487427 -0.235107 -0.182739
0.308716 0.274048 0.837891 0.401855 -0.228882 -0.144653
0.335449 0.268311 0.835327 0.318481 -0.204834 -0.121704
0.341919 0.262817 0.846069 0.236084 -0.173462 -0.121582
0.347656 0.259766 0.858887 0.152832 -0.158203 -0.141846
0.343994 0.219116 0.851440 0.079224 -0.158081 -0.169067
0.319336 0.248657 0.848999 0.051025 -0.145142 -0.153076
0.283569 0.323364 0.902954 0.018066 -0.133911 -0.102417
0.340820 0.291382 0.971313 -0.030396 -0.153809 -0.038208
0.447388 0.191040 0.993408 -0.051758 -0.143433 0.036377
0.484741 0.152710 0.989502 -0.045166 -0.069946 0.083984
0.447510 0.183838 0.974976 -0.023438 0.023560 0.098022
0.401733 0.185913 0.961792 -0.034302 0.058716 0.068359
0.429688 0.160156 0.957397 -0.051758 0.058594 0.048340
0.456177 0.104858 0.959106 -0.057007 0.069702 0.021484
0.448364 0.088135 0.981934 -0.037231 0.090698 0.008911
0.411377 0.123535 0.992310 -0.004639 0.115601 0.005249
0.349121 0.143188 0.985229 0.003784 0.125732 0.004639
0.322632 0.149902 0.971802 -0.003418 0.100586 0.012207
0.301392 0.171875 0.955322 -0.008301 0.065430 0.019531
0.302979 0.159180 0.946411 -0.023438 0.025879 0.024658
0.333862 0.132202 0.958374 -0.041870 -0.015137 0.017578
0.368042 0.103149 0.976440 -0.054321 -0.043457 -0.012817
0.375977 0.110352 0.985962 -0.052490 -0.043701 -0.047729
0.362183 0.125610 0.980469 -0.043945 -0.030518 -0.069458
0.350830 0.117554 0.985352 -0.034546 -0.019409 -0.072510
0.343018 0.138306 0.967773 -0.018921 -0.011963 -0.072266
0.338379 0.175171 0.950684 -0.008667 -0.006470 -0.066162
0.333252 0.195557 0.943970 -0.012329 0.002808 -0.052490
0.353394 0.174683 0.951294 -0.032837 0.007446 -0.041504
0.336792 0.173340 0.963623 -0.044800 0.022949 -0.038940
0.306274 0.163696 0.968384 -0.056885 0.022705 -0.034424
0.328979 0.125488 0.978760 -0.066772 0.001343 -0.024048
0.340088 0.115967 0.986938 -0.062744 -0.017944 -0.024048
0.323730 0.139526 0.983398 -0.053589 -0.025635 -0.025635
0.316162 0.131470 0.976196 -0.052002 -0.037964 -0.022461
