0.280762 0.080444 0.987061 -0.035278 -0.001221 -0.014893
0.287720 0.082642 0.995483 -0.027832 -0.007446 -0.014771
0.284302 0.090698 0.996338 -0.019775 -0.011230 -0.014771
0.285034 0.102661 0.998657 -0.018188 -0.015381 -0.009277
0.298584 0.106445 0.995605 -0.020386 -0.022095 -0.003540
0.312744 0.103394 1.000366 -0.019287 -0.027222 -0.004517
0.321411 0.102661 1.007446 -0.015747 -0.034302 -0.012817
0.328247 0.107422 1.003540 -0.015503 -0.040161 -0.018066
0.332886 0.111328 1.005981 -0.015869 -0.038086 -0.017090
0.335693 0.116821 0.993530 -0.019409 -0.032715 -0.014404
0.333496 0.129395 0.984985 -0.027710 -0.027344 -0.014038
0.312012 0.150024 0.978149 -0.044556 -0.021240 -0.013062
0.278931 0.192261 0.971436 -0.095215 -0.015015 0.000000
0.257935 0.214844 0.953979 -0.195068 -0.019165 0.012329
0.246948 0.241821 0.937378 -0.312012 -0.025879 0.022827
0.254272 0.270020 0.904907 -0.414673 -0.038208 0.027466
0.254761 0.320923 0.843140 -0.518921 -0.079468 -0.001953
0.288574 0.373535 0.787964 -0.669189 -0.142212 -0.060425
0.318970 0.385376 0.751221 -0.868164 -0.191162 -0.131958
0.340210 0.324585 0.754395 -1.061768 -0.186035 -0.151489
0.342285 0.295532 0.747559 -1.197388 -0.131226 -0.087280
0.337769 0.262695 0.742920 -1.341309 -0.078247 -0.010132
0.356079 0.178833 0.741821 -1.489868 -0.055176 0.055054
0.368042 0.101074 0.719360 -1.615234 -0.019165 0.131470
0.356812 0.042847 0.703857 -1.739624 0.039185 0.221436
0.350220 0.012939 0.670898 -1.854736 0.085693 0.304321
0.335205 -0.092285 0.676392 -1.965576 0.115479 0.363647
0.416260 -0.240356 0.705933 -2.033325 0.122437 0.412720
0.497803 -0.394287 0.750244 -2.034668 0.188110 0.437622
0.431885 -0.456055 0.771729 -1.961304 0.307373 0.466431
0.269409 -0.472534 0.813843 -1.902344 0.380005 0.492920
0.133667 -0.522705 0.871582 -1.848267 0.336426 0.511963
0.061035 -0.637817 0.934326 -1.784058 0.239014 0.513062
0.068604 -0.733154 0.959351 -1.683716 0.116699 0.517090
0.153442 -0.845581 0.971802 -1.548828 0.000488 0.490845
0.330933 -0.889404 0.904297 -1.387695 -0.018188 0.486328
0.421143 -0.912598 0.863037 -1.213501 0.109131 0.517700
0.321167 -0.906860 0.868530 -1.058472 0.296875 0.562500
0.177246 -0.900513 0.915527 -0.942627 0.414551 0.600586
0.068237 -0.885986 0.948608 -0.840820 0.416504 0.614990
0.047852 -0.928467 0.969360 -0.758423 0.309204 0.534058
0.050293 -0.926758 0.951660 -0.662109 0.171509 0.414063
0.027832 -0.900024 0.918457 -0.566284 0.011230 0.242676
0.062256 -0.848022 0.847168 -0.481201 -0.151367 0.064941
0.137939 -0.741455 0.741455 -0.409790 -0.256226 -0.059082
0.184448 -0.650757 0.642700 -0.378906 -0.220337 -0.056030
0.083130 -0.604370 0.659302 -0.395874 -0.088501 0.086060
0.044678 -0.622559 0.683716 -0.429810 -0.018799 0.239624
0.070313 -0.658569 0.688110 -0.462891 -0.008057 0.344604
0.097778 -0.720581 0.729492 -0.479248 -0.036865 0.370117
0.138916 -0.788940 0.756592 -0.458984 -0.089233 0.322388
0.213745 -0.836548 0.762085 -0.414307 -0.142700 0.230957
0.253540 -0.856567 0.772827 -0.358276 -0.177979 0.121460
0.280884 -0.826904 0.752075 -0.293213 -0.165283 0.046387
0.213745 -0.623657 0.725830 -0.258057 -0.101318 0.033691
0.213501 -0.685669 0.714844 -0.320068 0.027832 0.027100
0.167358 -0.730835 0.687988 -0.366577 0.113892 0.153564
0.197754 -0.780151 0.717407 -0.363892 0.108521 0.281250
0.159302 -0.855957 0.757446 -0.341064 0.103394 0.312134
0.095947 -0.897095 0.775146 -0.286255 0.038208 0.232178
0.109009 -0.881104 0.742554 -0.211426 -0.059448 0.122681
0.153320 -0.879028 0.714966 -0.144653 -0.109497 0.038696
0.120239 -0.869751 0.696289 -0.094116 -0.073120 0.023560
0.103638 -0.879028 0.708496 -0.072998 -0.029175 0.054321
0.162476 -0.978638 0.759888 -0.065308 -0.026489 0.027222
0.159790 -0.935791 0.736694 -0.018433 0.000488 0.022705
0.125366 -0.869629 0.715210 0.034180 0.021240 0.043945
0.078003 -0.833618 0.701904 0.080322 0.049927 0.088623
0.042725 -0.746948 0.665649 0.092285 0.051270 0.115845
0.086548 -0.803711 0.705078 0.062744 -0.024536 0.053223
0.134155 -0.801880 0.704590 0.064941 -0.018799 0.051758
0.139038 -0.856445 0.747925 0.078369 0.012817 0.055542
0.179199 -0.927734 0.797852 0.138794 0.025757 0.046997
0.195557 -0.920532 0.767578 0.252441 0.066650 0.051025
0.207886 -0.817993 0.713867 0.326660 0.091309 0.032349
0.224121 -0.885498 0.776855 0.340576 0.077637 -0.053833
0.149658 -0.886108 0.807861 0.398315 0.103271 -0.089355
0.050781 -0.821045 0.785034 0.458008 0.099976 -0.112793
0.035889 -0.763550 0.765747 0.468628 0.020630 -0.170898
0.050415 -0.775879 0.763794 0.447144 -0.084229 -0.267700
0.093140 -0.782104 0.752075 0.453979 -0.146362 -0.312622
0.113037 -0.834473 0.794800 0.494995 -0.144531 -0.296509
0.091919 -0.890747 0.848633 0.587158 -0.095337 -0.207520
0.046631 -0.900146 0.866455 0.722656 -0.046509 -0.101563
0.017456 -0.809570 0.815674 0.855469 -0.058228 -0.044556
0.042236 -0.714233 0.784912 0.919922 -0.150757 -0.065552
0.109741 -0.686890 0.776489 0.933716 -0.259155 -0.158447
0.137573 -0.697021 0.793335 0.933350 -0.333496 -0.263550
0.120728 -0.705688 0.827881 0.937866 -0.377441 -0.330444
0.096436 -0.681274 0.844971 0.948486 -0.417969 -0.350464
0.099243 -0.652100 0.843750 0.941895 -0.459595 -0.350220
0.133057 -0.631958 0.859375 0.925781 -0.496094 -0.313843
0.174194 -0.575195 0.860596 0.919189 -0.509888 -0.231445
0.247803 -0.572021 0.864868 0.919678 -0.474365 -0.151978
0.274292 -0.582764 0.872437 0.938965 -0.404053 -0.096802
0.272583 -0.594238 0.917480 0.960205 -0.372681 -0.117676
0.258911 -0.586914 0.934570 0.995239 -0.403442 -0.217896
0.290527 -0.581909 0.944580 1.040771 -0.465210 -0.336304
0.283813 -0.502563 0.938232 1.101563 -0.507446 -0.444458
0.278564 -0.424438 0.912842 1.171509 -0.516602 -0.504272
0.244263 -0.322510 0.884399 1.229858 -0.491211 -0.483154
0.264648 -0.248413 0.865967 1.236328 -0.458252 -0.417969
0.298096 -0.220581 0.846802 1.210693 -0.375854 -0.335938
0.334351 -0.248169 0.830322 1.161621 -0.293945 -0.273193
0.427979 -0.315674 0.853149 1.113403 -0.236450 -0.254272
0.386475 -0.289429 0.883301 1.099976 -0.187012 -0.300903
0.342651 -0.250610 0.907104 1.097290 -0.190063 -0.372070
0.322510 -0.226563 0.918457 1.099976 -0.209717 -0.492554
0.272339 -0.181274 0.923340 1.121826 -0.280884 -0.606323
0.306641 -0.176880 0.926880 1.142090 -0.388062 -0.660400
0.334595 -0.112549 0.889160 1.172485 -0.434814 -0.687744
0.340088 0.016113 0.824829 1.184937 -0.434937 -0.689453
0.361572 0.121582 0.770630 1.131104 -0.417969 -0.663574
0.390015 0.208130 0.729980 1.034424 -0.363770 -0.596558
0.392456 0.271240 0.722290 0.904175 -0.278564 -0.513672
0.353027 0.316895 0.726074 0.750000 -0.198730 -0.433716
0.334351 0.307983 0.756592 0.597778 -0.155640 -0.352539
0.302734 0.268555 0.800415 0.473511 -0.165039 -0.326050
0.308105 0.187744 0.849976 0.388916 -0.238770 -0.349976
0.388428 0.117065 0.895264 0.349243 -0.330444 -0.373169
0.421875 0.109741 0.931885 0.346191 -0.383911 -0.407471
0.458008 0.150757 0.928833 0.352905 -0.409058 -0.386353
0.494629 0.208252 0.904541 0.333130 -0.389893 -0.315430
0.540161 0.232666 0.891357 0.282715 -0.343750 -0.232910
0.556152 0.261108 0.878296 0.221802 -0.262329 -0.146362
0.541016 0.298340 0.854004 0.169434 -0.159058 -0.058350
0.521729 0.302612 0.849121 0.111816 -0.052002 0.026245
0.530640 0.251099 0.852905 0.034912 0.016846 0.056519
0.524658 0.182007 0.881348 -0.020752 0.052246 0.030518
0.490479 0.164795 0.908203 -0.041016 0.059937 -0.016724
0.480225 0.132935 0.930664 -0.043335 0.053711 -0.049072
0.492676 0.092651 0.939575 -0.023804 0.044312 -0.076660
0.489746 0.088013 0.956421 0.005127 0.037842 -0.095093
0.454346 0.131348 0.946777 0.036865 0.029907 -0.101807
0.429565 0.169556 0.924683 0.047852 0.023926 -0.086792
0.415649 0.188965 0.911743 0.037598 0.030273 -0.042358
0.414673 0.192993 0.895874 0.019409 0.049072 0.012573
0.400635 0.203003 0.897217 -0.004028 0.062988 0.048340
0.416138 0.182129 0.903809 -0.040649 0.051392 0.058472
0.456421 0.127563 0.920288 -0.075684 0.038208 0.026733
0.460938 0.102173 0.945190 -0.079468 0.031372 -0.022461
0.431396 0.117310 0.960571 -0.062866 0.027588 -0.052368
0.421631 0.121582 0.961182 -0.044434 0.019409 -0.065186
0.427979 0.133667 0.949707 -0.021484 0.007202 -0.072021
0.429321 0.144531 0.935791 -0.009277 0.002075 -0.071899
0.428955 0.165771 0.925659 -0.001709 0.009399 -0.055908
0.411621 0.177002 0.918091 -0.007324 0.024780 -0.028442
0.400879 0.171631 0.920532 -0.017456 0.029053 -0.003784
0.412720 0.158447 0.922729 -0.026978 0.023804 0.021606
0.406128 0.169556 0.922119 -0.035522 0.014771 0.041504
