0.423706 0.216797 0.943604 -0.052490 -0.014282 -0.020020
0.409790 0.218384 0.937866 -0.062988 -0.013794 -0.023926
0.400024 0.222656 0.928711 -0.075928 -0.011230 -0.020996
0.390381 0.234741 0.923218 -0.093994 -0.006104 -0.015625
0.379150 0.237671 0.918945 -0.122803 -0.001953 -0.017334
0.348389 0.252930 0.913452 -0.160522 0.006226 -0.013306
0.318604 0.276367 0.907471 -0.208496 -0.004883 -0.005615
0.286133 0.307373 0.870361 -0.269775 -0.020508 0.005615
0.256958 0.340576 0.840332 -0.339600 -0.045654 0.035889
0.255615 0.369385 0.804077 -0.429321 -0.083618 0.074585
0.268677 0.379639 0.768555 -0.559204 -0.131226 0.086792
0.300171 0.376587 0.740601 -0.719360 -0.176147 0.091309
0.350830 0.348999 0.717163 -0.907593 -0.200195 0.094727
0.435425 0.330322 0.716431 -1.088501 -0.201904 0.112915
0.465698 0.287598 0.714722 -1.255615 -0.165161 0.153931
0.493408 0.288208 0.683350 -1.392090 -0.084595 0.243042
0.484375 0.282837 0.649658 -1.554688 0.000366 0.332153
0.454834 0.228638 0.621460 -1.726563 0.057007 0.416138
0.469727 0.131958 0.630615 -1.854858 0.106323 0.517700
0.441162 0.072144 0.609863 -1.951782 0.197998 0.610352
0.444458 0.013550 0.593994 -2.069824 0.230957 0.662476
0.464111 -0.117188 0.613770 -2.227051 0.230835 0.646118
0.502563 -0.231567 0.630859 -2.337402 0.276123 0.665527
0.444214 -0.304565 0.633301 -2.397217 0.419922 0.727417
0.351196 -0.344482 0.603027 -2.448242 0.527344 0.815430
0.217163 -0.485596 0.648315 -2.473633 0.554565 0.875488
0.021240 -0.653809 0.742065 -2.368286 0.546997 0.989014
-0.096191 -0.755493 0.846802 -2.180420 0.478638 1.148804
-0.069458 -0.967529 0.918945 -2.024048 0.294556 1.156128
0.061157 -1.140137 0.884521 -1.831543 0.056152 1.029663
0.237061 -1.267822 0.900513 -1.599487 -0.118774 0.828979
0.420410 -1.350220 0.880615 -1.359741 -0.134399 0.628296
0.375244 -1.257813 0.824097 -1.095581 0.023804 0.500854
0.270264 -1.147949 0.842529 -0.902100 0.154297 0.438843
0.109497 -1.014404 0.819946 -0.760742 0.217773 0.372314
0.056885 -0.888672 0.809814 -0.672119 0.183350 0.349854
0.074585 -0.780518 0.768188 -0.625854 0.094604 0.303101
0.150635 -0.718018 0.736328 -0.613525 0.020386 0.235474
0.144531 -0.666748 0.727173 -0.609863 0.019653 0.180786
0.128784 -0.680664 0.703613 -0.622925 0.031860 0.125488
0.146484 -0.647949 0.634155 -0.651855 0.046021 0.255981
0.161499 -0.723511 0.645264 -0.701172 0.078247 0.493408
0.102417 -0.850708 0.703125 -0.725586 0.109131 0.682373
0.228638 -1.128418 0.814697 -0.712646 0.057373 0.760864
0.423706 -1.600952 0.903687 -0.698120 0.051147 0.647339
0.387939 -1.618286 0.902344 -0.412598 0.016357 0.399170
0.261475 -1.101563 0.654053 -0.070557 -0.130005 -0.019409
0.210205 -0.709839 0.527954 0.093140 -0.119019 -0.165649
0.116211 -0.729492 0.574463 0.058716 -0.039429 -0.164185
0.107910 -0.797241 0.653076 0.028687 0.011841 -0.078125
0.142212 -0.838867 0.677979 0.020386 0.028320 -0.036743
0.152588 -0.857666 0.691284 0.038818 0.018433 -0.038940
0.139893 -0.798828 0.672729 0.067139 0.003662 -0.032227
0.161011 -0.801025 0.660278 0.065552 -0.012573 -0.019043
0.179932 -0.822144 0.661865 0.073364 0.006592 0.006958
0.164917 -0.843018 0.671631 0.098389 0.030029 0.022949
0.137817 -0.877441 0.690674 0.135864 0.038208 0.029785
0.118408 -0.921753 0.716064 0.191528 0.038452 0.049438
0.105225 -0.923340 0.714844 0.269165 0.029053 0.087891
0.117676 -0.811279 0.639526 0.304199 0.006348 0.099731
0.183472 -0.813477 0.628418 0.272461 -0.051514 0.031250
0.200928 -0.853516 0.667358 0.264404 -0.046753 -0.017700
0.169678 -0.923950 0.729614 0.295166 0.004395 -0.021973
0.168213 -1.008179 0.794678 0.361938 0.041504 -0.005249
0.181274 -1.066895 0.849121 0.472900 0.071533 -0.003174
0.166016 -1.071167 0.863647 0.621338 0.106201 -0.007690
0.151245 -1.038086 0.854248 0.780884 0.116577 -0.027344
0.143188 -0.988770 0.835449 0.934082 0.107300 -0.052612
0.103394 -0.940796 0.813965 1.064819 0.077026 -0.093628
0.088867 -0.904541 0.807495 1.162109 0.000732 -0.162720
0.071411 -0.901001 0.815308 1.239014 -0.091675 -0.244141
0.066650 -0.950928 0.850464 1.307129 -0.218506 -0.379028
0.114136 -0.934082 0.880981 1.443848 -0.352783 -0.515015
0.174316 -0.957275 0.878174 1.544678 -0.465698 -0.689941
0.164063 -0.883667 0.875854 1.640869 -0.455566 -0.783691
0.164551 -0.760620 0.842407 1.743530 -0.417480 -0.769287
0.165527 -0.623047 0.820435 1.782227 -0.401489 -0.764771
0.230957 -0.563232 0.799316 1.782349 -0.417358 -0.820557
0.240723 -0.456299 0.796265 1.798462 -0.383057 -0.831543
0.252319 -0.412720 0.800903 1.777710 -0.327637 -0.816528
0.251099 -0.352783 0.818359 1.776001 -0.245728 -0.751587
0.270996 -0.286743 0.805176 1.771606 -0.170288 -0.664673
0.248413 -0.218872 0.777466 1.768188 -0.105713 -0.572754
0.233032 -0.127686 0.745361 1.753906 -0.121338 -0.482544
0.225952 -0.010254 0.717285 1.697632 -0.162842 -0.421509
0.215088 0.071533 0.702393 1.564209 -0.231689 -0.458374
0.205566 0.128052 0.695313 1.394897 -0.308105 -0.539795
0.179443 0.120117 0.736450 1.223999 -0.379517 -0.611816
0.230103 0.075195 0.773926 1.106689 -0.415894 -0.586670
0.258057 0.102661 0.815308 1.028198 -0.368408 -0.455444
0.288086 0.082764 0.866455 0.916016 -0.294556 -0.334961
0.347778 0.060181 0.895020 0.830322 -0.214355 -0.221069
0.351929 0.066406 0.914307 0.773804 -0.107544 -0.126709
0.323853 0.037109 0.932739 0.709595 -0.042725 -0.081543
0.308960 -0.007202 0.979126 0.658325 -0.069458 -0.090210
0.309937 -0.044189 1.019287 0.659668 -0.142944 -0.137451
0.298584 0.004761 1.021973 0.722290 -0.209473 -0.144775
0.311401 0.045654 1.010376 0.758667 -0.270996 -0.135254
0.324585 0.113525 0.943726 0.772339 -0.323730 -0.123535
0.351807 0.207153 0.871948 0.749634 -0.352783 -0.116577
0.385254 0.253906 0.824097 0.678345 -0.340210 -0.127808
0.420166 0.284546 0.813843 0.596680 -0.274292 -0.106567
0.404297 0.332275 0.827637 0.510498 -0.169312 -0.063721
0.380737 0.360474 0.848389 0.414063 -0.099487 -0.046997
0.370239 0.351685 0.850464 0.326538 -0.074341 -0.051758
0.372192 0.312500 0.862183 0.260620 -0.073853 -0.050659
0.357300 0.292725 0.891235 0.223511 -0.092651 -0.042114
0.351440 0.279053 0.906006 0.218018 -0.129883 -0.013306
0.355225 0.275879 0.912109 0.219482 -0.180420 0.031982
0.371216 0.270630 0.913696 0.203735 -0.234619 0.067383
0.405518 0.268433 0.906006 0.182617 -0.276733 0.093506
0.482788 0.259888 0.886719 0.148071 -0.286621 0.098877
0.549438 0.223022 0.894897 0.098145 -0.233521 0.064575
0.530640 0.247070 0.912476 0.073608 -0.144043 0.025269
0.503052 0.271606 0.916016 0.040039 -0.068604 0.000366
0.494629 0.251343 0.919434 0.010742 -0.014404 -0.016846
0.459717 0.224121 0.926392 0.001831 0.023560 -0.032593
0.425171 0.235962 0.928711 0.012573 0.040894 -0.026855
0.399902 0.253784 0.927246 0.024170 0.037354 -0.015869
0.394043 0.258179 0.916260 0.029297 0.010864 -0.009888
0.395386 0.237793 0.899902 0.030029 -0.018677 0.000977
0.396362 0.250244 0.895020 0.031982 -0.045044 0.009766
0.387451 0.252930 0.894043 0.022705 -0.073975 0.000732
0.419434 0.241943 0.887817 0.013306 -0.108032 -0.018677
0.435425 0.252319 0.881348 0.014893 -0.118896 -0.036255
0.433594 0.266846 0.876709 0.009277 -0.106934 -0.038818
0.439697 0.278442 0.879395 -0.004028 -0.086304 -0.017456
0.452759 0.263306 0.884277 -0.031738 -0.061279 -0.008057
0.461426 0.247681 0.900635 -0.057495 -0.040283 -0.011719
0.471680 0.220947 0.918335 -0.073608 -0.022583 -0.015991
0.451538 0.209351 0.936157 -0.073853 -0.008301 -0.023560
0.439819 0.203491 0.943604 -0.067261 -0.009766 -0.029541
0.433105 0.212280 0.942261 -0.051025 -0.018677 -0.032593
0.418213 0.238892 0.924561 -0.036499 -0.029175 -0.037842
0.421387 0.244019 0.910034 -0.041016 -0.045166 -0.043457
0.443115 0.231323 0.908325 -0.047363 -0.053955 -0.043579
0.439941 0.246338 0.916260 -0.044067 -0.040283 -0.039307
0.413696 0.248657 0.926147 -0.050537 -0.026001 -0.035767
0.426025 0.232666 0.926758 -0.056152 -0.028442 -0.028931
0.433228 0.229126 0.921631 -0.052002 -0.026367 -0.022095
0.430908 0.236938 0.916138 -0.049805 -0.020142 -0.026611
0.430786 0.230225 0.909790 -0.056396 -0.022949 -0.036865
0.437622 0.218384 0.916016 -0.063354 -0.016724 -0.027466
0.431519 0.207275 0.930786 -0.058960 -0.000122 -0.008301
0.412842 0.207642 0.932373 -0.052856 0.003662 -0.000244
0.414185 0.210205 0.930176 -0.041748 -0.007935 0.006958
0.412720 0.213623 0.926636 -0.031738 -0.024292 0.010986
0.411621 0.223145 0.913940 -0.030640 -0.043457 0.007813
0.420288 0.234497 0.908203 -0.036621 -0.064575 -0.000122
0.424927 0.241455 0.902588 -0.046509 -0.078125 -0.006226
