0.284912 0.157471 0.848145 -0.430786 0.155396 0.113037
0.300415 0.169067 0.822266 -0.568115 0.143188 0.104126
0.284302 0.195923 0.774658 -0.742798 0.122070 0.070923
0.304443 0.181519 0.745239 -0.964478 0.086304 0.023560
0.344604 0.137939 0.732422 -1.180176 0.106445 0.031372
0.342163 0.169067 0.691895 -1.371338 0.188477 0.096191
0.305298 0.176514 0.636230 -1.618774 0.261475 0.175049
0.288940 0.104858 0.608887 -1.882324 0.277466 0.237305
0.256470 0.051392 0.557861 -2.101440 0.281128 0.296631
0.234253 -0.044678 0.542236 -2.335693 0.246704 0.309814
0.280884 -0.197754 0.534058 -2.553711 0.153198 0.262085
0.340332 -0.440430 0.617798 -2.707520 0.136597 0.242920
0.304932 -0.645752 0.699097 -2.719482 0.252441 0.362061
0.303955 -0.748535 0.669800 -2.621704 0.414429 0.625732
0.158447 -0.786987 0.675903 -2.518066 0.566284 0.895264
0.094360 -0.924194 0.707642 -2.480713 0.604980 0.971680
-0.061401 -1.067749 0.816284 -2.262329 0.674805 1.113770
-0.126099 -1.165039 0.846191 -2.042847 0.599365 1.125854
-0.085449 -1.256958 0.798340 -1.838257 0.445068 1.046143
0.071899 -1.253418 0.733154 -1.585205 0.288574 0.932617
0.058838 -1.243164 0.712891 -1.331421 0.254028 0.857910
0.061523 -1.175537 0.720093 -1.112793 0.210938 0.729614
0.072876 -1.093750 0.702515 -0.926880 0.257568 0.597046
0.074219 -1.120850 0.688843 -0.825928 0.325928 0.393433
-0.003906 -1.159424 0.696533 -0.698608 0.288330 0.222534
-0.058105 -1.110840 0.727539 -0.537598 0.172607 0.161743
-0.070923 -1.060303 0.695190 -0.422729 0.085815 0.134277
-0.072021 -1.119995 0.719482 -0.342529 0.027100 0.185425
-0.030884 -1.419189 0.901123 -0.245728 -0.056641 0.163452
0.186157 -0.886230 0.552612 -0.075684 -0.161499 0.092407
0.206055 -0.614746 0.413940 -0.061523 -0.046021 0.195679
0.052979 -0.890991 0.592041 -0.121582 0.145996 0.364014
0.066772 -1.070557 0.652100 -0.095215 0.216553 0.456665
0.121948 -0.946533 0.541382 -0.015259 0.232056 0.463379
-0.062256 -0.860352 0.493530 0.020996 0.340210 0.550293
-0.155762 -1.008789 0.629883 0.065308 0.404663 0.634644
-0.156860 -1.225220 0.734497 0.187134 0.375610 0.576294
-0.114502 -1.332764 0.796021 0.413818 0.325562 0.496460
-0.126099 -1.268677 0.767700 0.667480 0.285522 0.412109
-0.158813 -1.113403 0.734863 0.877441 0.182983 0.282593
-0.154907 -1.013672 0.700073 1.016968 0.030273 0.116211
-0.186279 -0.998169 0.700928 1.133667 -0.120850 -0.017456
-0.231323 -1.025513 0.750366 1.253906 -0.304199 -0.120361
-0.268311 -1.036621 0.784058 1.388306 -0.497192 -0.194336
-0.187744 -1.057007 0.798340 1.500244 -0.652588 -0.277954
-0.090332 -1.131226 0.824341 1.612549 -0.720947 -0.415649
-0.002319 -1.134644 0.820557 1.764038 -0.733032 -0.598389
0.057739 -1.226807 0.830078 1.924561 -0.722168 -0.815186
-0.007568 -1.163940 0.873169 2.151245 -0.683594 -0.973267
-0.108887 -1.014771 0.888672 2.372437 -0.652466 -1.010254
-0.167236 -0.874268 0.860107 2.527710 -0.672241 -0.968140
-0.189331 -0.800903 0.858765 2.637939 -0.723145 -0.905762
-0.162231 -0.678955 0.807007 2.746216 -0.796631 -0.829468
-0.029297 -0.581909 0.761230 2.786133 -0.864868 -0.779663
0.131104 -0.530762 0.719360 2.780640 -0.726685 -0.766235
-0.085938 -0.285156 0.646851 2.793579 -0.650024 -0.726318
-0.053711 -0.073364 0.569214 2.680908 -0.781250 -0.686401
-0.003052 0.087158 0.536133 2.498169 -0.934570 -0.742798
-0.005371 0.279663 0.491943 2.285645 -1.036499 -0.771851
0.062378 0.435059 0.482178 2.022461 -1.072144 -0.694336
0.169922 0.595093 0.462402 1.743530 -0.999268 -0.519775
0.260132 0.641235 0.476318 1.417725 -0.831909 -0.333618
0.382568 0.616089 0.507935 1.090820 -0.638794 -0.154419
0.459229 0.565308 0.583252 0.787231 -0.436157 -0.032837
0.490845 0.506714 0.671265 0.518433 -0.260132 0.046265
0.503540 0.414063 0.765625 0.308960 -0.125977 0.087402
0.493286 0.321045 0.848389 0.170654 -0.042114 0.092529
0.464111 0.241699 0.905273 0.088379 -0.008423 0.070068
0.433960 0.196655 0.936890 0.045288 -0.032227 0.033325
0.440308 0.158936 0.951416 0.023193 -0.076904 0.010254
0.470215 0.122314 0.965698 0.012207 -0.099243 0.010620
0.511963 0.067993 0.986084 -0.012817 -0.086304 -0.002808
0.477539 0.091553 0.991089 -0.025757 -0.035034 -0.045776
0.416260 0.128418 0.978638 -0.034790 0.018188 -0.079102
0.357910 0.148071 0.959229 -0.051514 0.055542 -0.097534
0.309082 0.148926 0.958862 -0.072510 0.069092 -0.108154
0.291748 0.145874 0.967896 -0.090698 0.057129 -0.111572
0.278809 0.145386 0.991333 -0.110352 0.035767 -0.119629
0.266846 0.129395 1.002441 -0.119629 0.027466 -0.114380
0.266602 0.123779 0.999634 -0.110229 0.035034 -0.082642
0.244263 0.137695 0.990967 -0.105835 0.047363 -0.058716
0.239014 0.123047 0.975220 -0.112793 0.041870 -0.043213
0.242554 0.117188 0.963135 -0.121948 0.024658 -0.032593
0.254761 0.092896 0.975952 -0.134521 0.004272 -0.023071
0.268555 0.076172 0.986694 -0.138306 -0.023315 -0.025513
0.288574 0.071899 1.000000 -0.134766 -0.052490 -0.035522
0.321777 0.047241 1.003174 -0.129639 -0.078003 -0.057251
0.353516 0.048950 0.999146 -0.102905 -0.088135 -0.071411
0.360962 0.070068 0.994019 -0.073853 -0.076782 -0.074951
0.378784 0.071655 0.985352 -0.060425 -0.056519 -0.067749
0.368286 0.086548 0.988525 -0.052490 -0.032959 -0.062012
0.336792 0.109497 0.979370 -0.043335 -0.014526 -0.053589
0.319458 0.120850 0.977783 -0.047119 -0.015869 -0.042603
0.308716 0.123047 0.963867 -0.050537 -0.024048 -0.027588
0.310425 0.128662 0.970337 -0.055786 -0.029053 -0.008301
0.331299 0.112305 0.973145 -0.068604 -0.031494 -0.000610
0.367554 0.063477 1.003296 -0.079102 -0.027466 -0.009155
0.357666 0.055298 1.033081 -0.074219 -0.014526 -0.027710
0.330566 0.056152 1.033813 -0.062378 -0.008789 -0.042603
0.329712 0.048584 1.028198 -0.048828 -0.020386 -0.051880
0.323608 0.068726 1.010742 -0.029175 -0.030396 -0.048950
0.329590 0.075684 0.999023 -0.021851 -0.038940 -0.047241
0.337769 0.076416 0.994873 -0.014648 -0.043091 -0.053589
0.332397 0.090454 0.989990 -0.001465 -0.039307 -0.052368
0.332642 0.095947 0.982422 0.003052 -0.032959 -0.047241
0.329224 0.100952 0.980347 0.002319 -0.025269 -0.041382
0.331421 0.096802 0.976563 -0.002930 -0.018799 -0.034180
0.335205 0.093262 0.974976 -0.013794 -0.017090 -0.039185
0.329834 0.098511 0.967896 -0.022339 -0.014404 -0.049683
0.307983 0.115723 0.960083 -0.031372 -0.015015 -0.059692
0.291138 0.126465 0.951904 -0.044312 -0.020996 -0.057495
0.294800 0.117920 0.947632 -0.055420 -0.022949 -0.040527
0.310303 0.098145 0.960571 -0.058105 -0.021118 -0.020996
0.314697 0.089600 0.980835 -0.058960 -0.018677 -0.011841
0.304321 0.096069 0.986084 -0.057007 -0.019653 -0.006348
0.312256 0.090210 0.988647 -0.059814 -0.030640 -0.000732
0.335693 0.077026 0.988770 -0.060791 -0.039307 0.006836
0.366455 0.060303 0.997681 -0.058228 -0.036621 0.004639
0.367920 0.061768 1.012085 -0.050537 -0.025391 -0.010010
0.357422 0.069092 1.015991 -0.040894 -0.016724 -0.022949
0.343140 0.077026 1.007935 -0.033813 -0.012695 -0.035278
0.339844 0.088501 0.997803 -0.027588 -0.016235 -0.039673
0.332397 0.098755 0.991333 -0.026733 -0.014404 -0.033325
0.321655 0.111328 0.984985 -0.029053 -0.010010 -0.024414
0.322754 0.096069 0.982422 -0.037109 -0.006836 -0.015137
0.335693 0.070679 0.984985 -0.042236 -0.006470 -0.010742
0.345093 0.062866 0.989380 -0.040283 -0.002686 -0.020142
0.333374 0.062134 0.992310 -0.035156 0.002563 -0.033569
0.329834 0.067993 0.990967 -0.027710 -0.002563 -0.043945
0.328369 0.070679 0.982056 -0.022339 -0.011475 -0.055298
0.332764 0.078857 0.979980 -0.017944 -0.024414 -0.064331
0.345337 0.085327 0.983154 -0.019043 -0.038452 -0.077148
0.358398 0.090820 0.977905 -0.019043 -0.041626 -0.083252
0.364868 0.088379 0.983643 -0.018555 -0.026611 -0.080078
0.356567 0.101563 0.988281 -0.016968 -0.006470 -0.075562
0.337769 0.115479 0.985107 -0.016724 0.004395 -0.068359
0.326172 0.120605 0.970947 -0.023315 0.001221 -0.061890
0.319946 0.127563 0.966553 -0.031372 -0.004272 -0.051758
0.328125 0.125122 0.957275 -0.041626 -0.006104 -0.040894
0.326660 0.118286 0.965210 -0.053833 0.000732 -0.029663
0.330688 0.094971 0.977905 -0.069214 0.005859 -0.024170
0.336792 0.073853 0.998047 -0.076050 0.007813 -0.031006
0.323730 0.072998 1.011230 -0.068970 0.013672 -0.038086
0.302979 0.080688 1.011230 -0.059814 0.016602 -0.037842
0.300537 0.065063 1.003540 -0.052612 0.011963 -0.028931
0.308716 0.055908 1.008789 -0.044189 0.006104 -0.022217
0.307617 0.051758 1.011719 -0.036499 0.000610 -0.022949
0.308105 0.052856 1.011475 -0.026978 -0.011230 -0.023315
0.307739 0.060791 1.015991 -0.016357 -0.022949 -0.017212
0.312988 0.074585 1.007202 -0.008057 -0.036255 -0.009277
