0.168945 0.228027 0.810913 -0.482178 -0.051758 0.390503
0.217773 0.211670 0.765259 -0.641357 -0.072266 0.429688
0.302368 0.162476 0.760010 -0.816895 -0.089966 0.435303
0.338867 0.112915 0.784424 -0.983398 -0.044189 0.428101
0.346313 0.057861 0.812378 -1.109619 0.024414 0.445923
0.328369 0.042969 0.808105 -1.227905 0.093750 0.486328
0.302979 0.005859 0.803467 -1.359009 0.121948 0.508911
0.308594 -0.036987 0.785522 -1.495972 0.095337 0.505371
0.295166 -0.075439 0.736572 -1.626953 0.063110 0.503906
0.346802 -0.148193 0.696655 -1.747925 0.036743 0.531128
0.410522 -0.207153 0.678467 -1.843262 0.081909 0.576660
0.487915 -0.321289 0.681030 -1.970703 0.175781 0.566528
0.483398 -0.478638 0.748413 -2.064087 0.290283 0.555298
0.407715 -0.577515 0.788208 -2.062744 0.410156 0.580444
0.297119 -0.667847 0.878174 -2.041016 0.465332 0.604614
0.225586 -0.706177 0.859009 -1.981689 0.426758 0.620117
0.177368 -0.735962 0.851440 -1.908569 0.327881 0.558105
0.161865 -0.798096 0.847412 -1.800537 0.235229 0.508423
0.164429 -0.839966 0.835327 -1.640137 0.237183 0.541870
0.136719 -0.828491 0.809448 -1.523193 0.303833 0.626831
0.089722 -0.871826 0.792480 -1.500610 0.369019 0.687622
0.120605 -0.875854 0.757202 -1.488037 0.421265 0.713867
0.059937 -0.927002 0.776367 -1.411499 0.590088 0.816895
-0.006104 -0.913818 0.769287 -1.307861 0.738892 0.933472
-0.070435 -0.940674 0.793945 -1.244507 0.788330 0.895020
-0.107666 -1.010986 0.775879 -1.179443 0.729004 0.692627
-0.172974 -1.080811 0.777100 -1.059570 0.564941 0.505981
-0.145630 -1.142456 0.782349 -0.830933 0.293945 0.352051
-0.076050 -1.061768 0.721069 -0.589233 0.056030 0.178467
-0.036987 -0.963257 0.660522 -0.442627 -0.078979 0.022583
-0.056152 -0.801270 0.594849 -0.341553 -0.129517 0.015137
-0.075195 -0.713257 0.573242 -0.343262 -0.152466 0.074951
-0.015503 -0.755615 0.586426 -0.384644 -0.167725 0.140137
0.082153 -0.782837 0.593506 -0.410522 -0.141235 0.249146
0.142090 -0.819824 0.581909 -0.425537 -0.059326 0.311646
0.077271 -0.863770 0.616577 -0.420166 0.041382 0.379761
0.043945 -0.920044 0.641357 -0.401733 0.068726 0.394897
0.023071 -1.111938 0.725342 -0.359375 0.033691 0.321045
0.081909 -1.740723 1.058105 -0.243896 -0.088623 0.083740
0.222900 -0.971313 0.524170 0.010132 -0.200317 -0.216064
0.047607 -0.531250 0.414429 0.086792 -0.093262 -0.189941
-0.144287 -0.788086 0.567017 -0.040527 -0.001709 -0.199829
-0.061646 -1.028687 0.651489 -0.078491 -0.019897 -0.131836
0.011353 -0.916138 0.578735 -0.016602 -0.009277 0.000366
-0.038574 -0.807251 0.557983 0.023682 0.022949 0.164185
-0.068115 -0.864014 0.611694 0.015991 -0.013916 0.223389
-0.077881 -0.934448 0.640625 0.041016 -0.101074 0.267944
0.017456 -1.011841 0.645874 0.107056 -0.178955 0.318726
0.067017 -1.141602 0.691895 0.225098 -0.144287 0.362549
0.079468 -1.360352 0.809448 0.415894 0.007690 0.377441
-0.042847 -1.398804 0.832031 0.680542 0.130005 0.279175
-0.016846 -1.257202 0.747314 0.895874 0.096802 0.098999
0.030640 -1.045654 0.647095 1.049194 -0.000854 -0.147339
0.057373 -0.876099 0.617676 1.131714 -0.076172 -0.342163
-0.002930 -0.827148 0.661987 1.152466 -0.111938 -0.485352
-0.078247 -0.832886 0.734375 1.160034 -0.150269 -0.555908
-0.120361 -0.864014 0.797852 1.171631 -0.225952 -0.619873
-0.106201 -0.902710 0.821899 1.217529 -0.321045 -0.674438
-0.115356 -0.873779 0.802124 1.310303 -0.393311 -0.678589
-0.064331 -0.846802 0.767090 1.408203 -0.459229 -0.623169
-0.083130 -0.718872 0.747925 1.510620 -0.471802 -0.532715
-0.070435 -0.637329 0.718506 1.539795 -0.479248 -0.473022
0.017212 -0.596313 0.704102 1.513184 -0.485229 -0.453979
0.035034 -0.558228 0.725342 1.464233 -0.464600 -0.483276
0.053955 -0.516479 0.741211 1.412231 -0.458496 -0.504395
0.104492 -0.511108 0.782227 1.397583 -0.419922 -0.474365
0.163452 -0.573730 0.848633 1.410034 -0.405396 -0.480957
0.182617 -0.614746 0.890991 1.442017 -0.365845 -0.506348
0.141602 -0.588379 0.926147 1.527344 -0.321533 -0.454102
0.095581 -0.508911 0.941284 1.457275 -0.301514 -0.510498
0.102661 -0.443726 0.921997 0.135254 0.017944 -0.684326
0.240845 -0.453247 0.914551 0.123291 -0.016968 -0.048462
0.200195 -0.390503 0.914673 0.121582 -0.019531 0.001953
0.206421 -0.269043 0.891724 0.121338 -0.020020 0.005493
0.233765 -0.173462 0.875610 0.121704 -0.020020 0.006226
0.223022 -0.101685 0.858521 0.121338 -0.019531 0.006226
0.252075 -0.038818 0.842773 0.121948 -0.019653 0.006348
0.302612 -0.009399 0.839233 0.122437 -0.019043 0.006470
0.296509 0.048706 0.823242 0.122681 -0.018921 0.006470
0.261475 0.136230 0.817871 0.124023 -0.019287 0.006836
0.297119 0.151245 0.818115 0.124878 -0.017090 0.006592
0.339111 0.138184 0.830688 0.123779 -0.015747 0.007080
0.329956 0.173584 0.841187 0.123169 -0.016113 0.007690
0.300415 0.237305 0.847290 0.122559 -0.016235 0.007935
0.288208 0.264526 0.837769 0.123169 -0.016357 0.009033
0.311157 0.249634 0.846069 0.122681 -0.015503 0.004395
0.332886 0.239136 0.860596 0.122803 -0.015137 0.002197
0.350464 0.203369 0.895996 0.122925 -0.015625 0.002319
0.366821 0.171265 0.924927 0.123047 -0.015991 0.002441
0.337769 0.155029 0.957642 0.122559 -0.016357 0.002197
0.299194 0.153931 0.969360 0.122681 -0.016357 0.002686
0.289551 0.144775 0.967285 0.122803 -0.015991 0.002441
0.296265 0.122559 0.965088 0.122803 -0.016235 0.002075
0.307251 0.101807 0.966797 0.122314 -0.016113 0.001953
0.307129 0.086304 0.973877 0.123169 -0.015503 0.002197
0.284302 0.077271 0.985229 0.122559 -0.015747 0.002197
0.285400 0.057861 1.001221 0.122925 -0.016113 0.001953
0.300171 0.026123 1.009766 0.122437 -0.015991 0.001831
0.294067 0.024902 1.017700 0.123535 -0.015503 0.002808
0.262451 0.044189 1.020020 0.123291 -0.015625 0.002808
0.254028 0.051514 1.010742 0.122925 -0.015869 0.002930
0.251099 0.059326 0.999390 0.122681 -0.016235 0.003174
0.268311 0.060059 0.986206 0.122803 -0.015991 0.001953
0.285522 0.042603 0.979736 0.122803 -0.016113 0.002441
0.303833 0.035522 0.995361 0.122437 -0.016479 0.003052
0.292603 0.047485 1.004395 0.122437 -0.016113 0.002686
0.277222 0.053955 1.011108 0.122559 -0.015991 0.003784
0.286377 0.039063 1.015259 0.122314 -0.015747 0.003052
0.302246 0.037720 1.016602 0.122925 -0.015869 0.002686
0.320435 0.029541 1.011841 0.122559 -0.016846 0.002808
0.337158 0.028809 1.011353 0.122437 -0.016113 0.003296
0.344116 0.030151 1.009888 0.121704 -0.015259 0.003540
0.340942 0.044067 1.005249 0.122925 -0.015991 0.003174
0.336914 0.042725 1.007324 0.122925 -0.015747 0.003540
0.338379 0.044556 1.006348 0.122681 -0.015503 0.003052
0.322388 0.064331 0.992798 0.122559 -0.015625 0.003174
0.314575 0.071655 0.990234 0.122803 -0.015991 0.003540
0.318481 0.067749 0.976807 0.123413 -0.016235 0.003784
0.302002 0.084106 0.975464 0.122925 -0.015503 0.004028
0.281006 0.094604 0.969238 0.122437 -0.016113 0.003418
0.292480 0.080200 0.965576 0.122192 -0.015625 0.003052
0.281494 0.076172 0.968750 0.122681 -0.016357 0.004028
0.260010 0.076416 0.977173 0.122437 -0.016235 0.003662
0.258179 0.046875 0.988892 0.122192 -0.016479 0.003662
0.275635 0.027100 1.006714 0.122559 -0.015869 0.003296
0.277222 0.027954 1.013062 0.122681 -0.016113 0.003418
0.278442 0.041992 1.007690 0.122559 -0.015625 0.003540
0.277588 0.055176 0.991699 0.122437 -0.016602 0.003418
0.297119 0.062988 0.988770 0.122803 -0.016602 0.003540
0.312134 0.066284 0.991455 0.122803 -0.015747 0.003418
0.317017 0.066162 0.998779 0.122803 -0.016235 0.003784
0.325073 0.065430 1.009766 0.122559 -0.016235 0.003296
0.333984 0.034424 1.020386 0.122559 -0.016113 0.003540
0.344238 0.015381 1.028076 0.122437 -0.016113 0.003662
0.329834 0.024658 1.032349 0.122681 -0.016235 0.003418
0.294067 0.054810 1.025146 0.122314 -0.015991 0.003662
0.276733 0.070313 0.998047 0.122314 -0.016479 0.003174
0.283081 0.071533 0.974731 0.122437 -0.017090 0.003662
0.290161 0.076538 0.966553 0.122437 -0.016235 0.004150
0.301758 0.065796 0.970337 0.122559 -0.016479 0.003906
0.319458 0.049072 0.972534 0.122559 -0.016602 0.003784
0.335938 0.035767 0.989380 0.122192 -0.017090 0.004150
0.326660 0.041016 1.000732 0.115479 -0.016968 0.005737
0.328003 0.044800 0.997314 0.111450 -0.016235 0.007202
0.337524 0.051392 0.994141 0.118164 -0.016602 0.006958
0.330322 0.071533 0.990479 0.119263 -0.016846 0.008057
0.312622 0.086060 0.988403 0.120728 -0.015137 0.009521
0.304077 0.093506 0.981934 0.120850 -0.015991 0.009521
0.293945 0.097534 0.982056 0.121704 -0.017700 0.008545
0.288696 0.083252 0.978394 0.122559 -0.018555 0.000854
