0.334351 0.137329 0.972534 -0.022949 -0.011353 -0.003296
0.332031 0.134155 0.965454 -0.027222 -0.018555 -0.002197
0.337769 0.134521 0.971436 -0.030273 -0.026855 -0.002686
0.344360 0.136963 0.970337 -0.033203 -0.034302 -0.004639
0.346558 0.139771 0.972900 -0.036377 -0.036133 -0.002686
0.348633 0.144531 0.968750 -0.039429 -0.033325 0.004150
0.343384 0.153198 0.961060 -0.045776 -0.031250 0.007446
0.350342 0.164917 0.949219 -0.056396 -0.033203 0.007324
0.355225 0.177002 0.938721 -0.077515 -0.035522 0.000732
0.345947 0.205200 0.926758 -0.105835 -0.033813 -0.001343
0.324341 0.246460 0.908081 -0.145386 -0.027222 0.011475
0.303345 0.293945 0.875854 -0.208862 -0.023071 0.035034
0.294189 0.347290 0.809326 -0.306763 -0.013916 0.066772
0.327637 0.433838 0.741333 -0.452148 0.001465 0.101807
0.425903 0.462280 0.681030 -0.663696 0.081909 0.174683
0.454956 0.473267 0.646240 -0.918335 0.240601 0.243774
0.423340 0.437012 0.603394 -1.207520 0.413574 0.265015
0.356445 0.380493 0.582886 -1.480835 0.536377 0.319824
0.338013 0.367310 0.573364 -1.703857 0.579956 0.357544
0.308105 0.298462 0.546387 -1.957520 0.555786 0.331299
0.338257 0.166382 0.564575 -2.192871 0.521362 0.298950
0.348511 0.044800 0.589355 -2.379395 0.502197 0.279419
0.342407 -0.084717 0.620728 -2.518799 0.539917 0.314819
0.354126 -0.228516 0.625122 -2.620850 0.637207 0.441162
0.322876 -0.361572 0.631470 -2.683472 0.803711 0.637695
0.227783 -0.515259 0.689575 -2.723389 0.946045 0.783447
0.121704 -0.677856 0.748535 -2.713379 1.008057 0.865479
-0.026733 -0.829224 0.811279 -2.654663 0.985718 0.870117
-0.113281 -1.037231 0.923096 -2.540894 0.847656 0.811523
-0.153442 -1.166138 0.962524 -2.316040 0.681763 0.755005
-0.147339 -1.241333 0.953491 -2.057373 0.512695 0.684448
-0.090210 -1.239502 0.908325 -1.784790 0.372803 0.615601
-0.087769 -1.121948 0.802124 -1.560303 0.332031 0.569946
-0.123901 -1.021606 0.723999 -1.422607 0.329712 0.544312
-0.161621 -0.951416 0.694458 -1.301758 0.343384 0.605713
-0.145142 -0.906738 0.674316 -1.206299 0.347412 0.667725
-0.140747 -0.938843 0.710449 -1.121094 0.342285 0.698608
-0.213257 -0.973145 0.774414 -1.004150 0.295166 0.645264
-0.203491 -0.957397 0.830566 -0.912231 0.189697 0.467163
-0.138916 -1.010620 0.749390 -0.889282 0.106079 0.262085
-0.098999 -0.975464 0.705078 -0.810791 0.023560 0.242798
-0.028687 -0.908081 0.661255 -0.676514 -0.032593 0.254761
-0.014893 -0.872070 0.648071 -0.596802 -0.038940 0.258667
-0.072876 -0.845703 0.648682 -0.526123 -0.034912 0.273804
-0.097290 -0.855347 0.630005 -0.483032 -0.078369 0.252563
-0.024048 -0.892700 0.589966 -0.450195 -0.136597 0.187378
0.028931 -0.937012 0.596191 -0.406616 -0.143066 0.117676
0.041870 -0.922485 0.563599 -0.348755 -0.107544 0.053833
-0.016846 -0.911743 0.581787 -0.296143 -0.045654 0.038452
-0.092651 -1.248901 0.776855 -0.268555 -0.016846 0.042969
0.012085 -1.601196 0.919312 -0.167114 -0.092529 -0.104614
0.162598 -0.827515 0.478271 0.045898 -0.098633 -0.167725
-0.072632 -0.591797 0.433960 0.064941 0.009155 -0.140991
-0.293335 -0.831421 0.595459 -0.011230 0.029175 -0.066040
-0.151123 -0.985352 0.612915 -0.053955 -0.057739 -0.005981
-0.024902 -0.918823 0.541382 -0.034912 -0.072388 0.034180
-0.086426 -0.863281 0.539429 -0.004761 -0.032349 0.045654
-0.104126 -0.896118 0.571655 0.026733 -0.039795 0.031372
-0.085938 -0.921021 0.601440 0.072998 -0.058716 0.040649
-0.091309 -0.949951 0.631104 0.123779 -0.067749 0.062866
-0.126953 -0.973389 0.645874 0.197144 -0.049194 0.119507
-0.178955 -1.026978 0.691895 0.295654 -0.035522 0.208130
-0.199463 -1.036499 0.671631 0.406494 -0.081299 0.264893
-0.016113 -0.960083 0.609619 0.480469 -0.171997 0.250122
0.102539 -0.988037 0.612793 0.521729 -0.216797 0.090454
0.066650 -1.015259 0.679565 0.613281 -0.207153 -0.082153
-0.050049 -1.042725 0.770142 0.708008 -0.226929 -0.277710
-0.086792 -1.089722 0.840454 0.798096 -0.273682 -0.410278
-0.060059 -1.100220 0.855591 0.918335 -0.296143 -0.457397
-0.066895 -1.027588 0.821045 1.055908 -0.287964 -0.459473
-0.067993 -0.905396 0.764404 1.164307 -0.299927 -0.463501
-0.071289 -0.808716 0.715454 1.220215 -0.339478 -0.489624
-0.078369 -0.758179 0.707642 1.230469 -0.403442 -0.518677
-0.100098 -0.729858 0.715576 1.237183 -0.498901 -0.552002
-0.131348 -0.693848 0.742798 1.240356 -0.642334 -0.603271
-0.128174 -0.740967 0.761597 1.221802 -0.785156 -0.640991
-0.001953 -0.700928 0.752441 1.260132 -0.829834 -0.568115
0.154175 -0.770996 0.755371 1.294189 -0.755615 -0.524292
0.205444 -0.782104 0.767456 1.364746 -0.619019 -0.493652
0.167236 -0.719604 0.806396 1.434692 -0.501831 -0.481812
0.078247 -0.610596 0.834229 1.472290 -0.462402 -0.493286
0.010620 -0.489502 0.851685 1.466553 -0.490967 -0.501709
0.054932 -0.418823 0.837524 1.411987 -0.583496 -0.496094
0.150879 -0.397095 0.795776 1.328979 -0.647339 -0.520264
0.205322 -0.394775 0.797852 1.281616 -0.643433 -0.539429
0.260620 -0.379150 0.818359 1.273804 -0.608887 -0.510254
0.284424 -0.377319 0.859863 1.257568 -0.512939 -0.439575
0.347168 -0.387695 0.889160 1.248413 -0.379883 -0.344360
0.441406 -0.413208 0.884888 1.235596 -0.186401 -0.318481
0.280151 -0.332642 0.902222 1.205688 -0.074341 -0.362061
0.275146 -0.242554 0.891113 1.191284 -0.122192 -0.375732
0.212769 -0.180542 0.891235 1.156494 -0.179199 -0.456299
0.208008 -0.140503 0.898560 1.124512 -0.240112 -0.471924
0.252686 -0.131470 0.908813 1.085571 -0.266602 -0.403809
0.336548 -0.180908 0.938843 1.048706 -0.253174 -0.341675
0.333130 -0.133911 0.940063 1.053711 -0.179688 -0.288574
0.361572 -0.085815 0.926758 1.026611 -0.143066 -0.290405
0.340454 -0.032349 0.903564 0.970581 -0.152344 -0.384155
0.317505 0.032227 0.874146 0.912720 -0.172485 -0.467163
0.305664 0.091309 0.855591 0.847046 -0.200806 -0.520996
0.271729 0.164551 0.840210 0.776611 -0.222656 -0.543457
0.253540 0.185181 0.847656 0.685059 -0.241699 -0.521240
0.284790 0.180420 0.863770 0.599731 -0.240845 -0.444336
0.290894 0.193970 0.878906 0.533447 -0.196899 -0.347412
0.322510 0.174927 0.895874 0.472168 -0.155640 -0.263672
0.317017 0.184814 0.903931 0.422852 -0.122314 -0.211304
0.312012 0.201050 0.904297 0.373413 -0.100464 -0.170654
0.298462 0.181885 0.921143 0.315796 -0.099854 -0.148193
0.331177 0.140625 0.938965 0.275879 -0.114136 -0.132935
0.345703 0.128906 0.952271 0.253784 -0.126953 -0.137329
0.364258 0.127686 0.960815 0.241211 -0.124268 -0.151367
0.348145 0.143799 0.962891 0.224243 -0.116333 -0.170898
0.326904 0.177246 0.957031 0.205322 -0.113647 -0.158081
0.330078 0.189575 0.944580 0.170898 -0.115601 -0.133301
0.330688 0.203491 0.927856 0.125610 -0.112793 -0.109009
0.363892 0.193359 0.924316 0.077026 -0.102539 -0.077026
0.404175 0.152832 0.937134 0.030884 -0.073120 -0.056030
0.404297 0.143433 0.955322 0.006226 -0.022705 -0.049927
0.376099 0.137085 0.968018 -0.008789 0.008057 -0.060791
0.368774 0.117065 0.976929 -0.018555 0.010498 -0.078613
0.349609 0.116943 0.974243 -0.012085 0.004639 -0.091797
0.322632 0.147705 0.968506 -0.001587 -0.002075 -0.089966
0.309814 0.148438 0.958984 -0.005859 -0.023193 -0.092896
0.306274 0.156128 0.947998 -0.018188 -0.048950 -0.083740
0.328979 0.136719 0.953735 -0.033203 -0.061157 -0.060913
0.350464 0.126953 0.957031 -0.035156 -0.054443 -0.038696
0.362549 0.113403 0.972656 -0.032349 -0.034058 -0.019409
0.346924 0.102905 0.989258 -0.031616 -0.020020 -0.013794
0.328125 0.111938 0.993164 -0.025757 -0.020508 -0.000610
0.347046 0.111450 0.987427 -0.019897 -0.038330 0.001465
0.365112 0.107056 0.972656 -0.019043 -0.051392 -0.026001
0.357422 0.126831 0.960693 -0.015747 -0.058228 -0.057617
0.340576 0.157471 0.944946 -0.020752 -0.054443 -0.067261
0.341431 0.167114 0.936035 -0.037231 -0.047119 -0.060791
0.350830 0.145508 0.949219 -0.064575 -0.029785 -0.044189
0.350708 0.123291 0.963501 -0.080444 -0.008911 -0.030273
0.354980 0.103760 0.988892 -0.087402 -0.000977 -0.027100
0.345703 0.100830 0.994873 -0.084229 0.003418 -0.027344
0.328247 0.103149 1.000977 -0.076416 -0.001831 -0.026855
0.322510 0.098999 0.998535 -0.068604 -0.021362 -0.028320
0.329956 0.095337 0.990356 -0.061035 -0.039795 -0.030640
0.341553 0.100708 0.984741 -0.050049 -0.050537 -0.029541
0.352661 0.096191 0.993774 -0.042847 -0.054199 -0.025757
0.347290 0.101685 0.997437 -0.039795 -0.060669 -0.030518
0.332153 0.110962 0.998779 -0.037842 -0.072754 -0.035034
0.328369 0.118408 0.984131 -0.039795 -0.096680 -0.034790
0.344482 0.115845 0.960449 -0.040894 -0.123779 -0.036377
0.401978 0.099854 0.948975 -0.044312 -0.134277 -0.030029
0.430054 0.095459 0.954224 -0.042358 -0.101196 -0.029907
0.424561 0.095703 0.973022 -0.039307 -0.057739 -0.039917
