0.347046 0.093018 0.982788 -0.013672 -0.003906 -0.051392
0.345947 0.085815 0.988647 -0.012817 -0.003540 -0.052612
0.339722 0.094971 0.985840 -0.007813 -0.001831 -0.052612
0.331543 0.103638 0.988037 -0.006226 -0.004395 -0.050049
0.332031 0.104614 0.991455 -0.008423 -0.010986 -0.044556
0.330688 0.115112 0.973755 -0.008057 -0.016235 -0.038818
0.326050 0.127563 0.972778 -0.008179 -0.014648 -0.027100
0.323242 0.143799 0.963013 -0.020020 -0.014648 -0.011230
0.324219 0.172974 0.943237 -0.043457 -0.014404 0.002930
0.314087 0.211914 0.926636 -0.086060 -0.001221 0.020508
0.307129 0.280273 0.884888 -0.162476 0.023804 0.062134
0.319336 0.369873 0.828369 -0.298706 0.089233 0.144531
0.335693 0.435791 0.736206 -0.492676 0.207153 0.231079
0.356445 0.493530 0.657104 -0.719238 0.351807 0.340332
0.334595 0.510986 0.600708 -1.026245 0.509521 0.398071
0.289917 0.466797 0.543945 -1.373047 0.593262 0.369629
0.329590 0.359009 0.549561 -1.684937 0.572021 0.288452
0.309570 0.267700 0.577148 -1.928101 0.556030 0.210205
0.305176 0.199341 0.596802 -2.133789 0.566040 0.196533
0.294434 0.153687 0.546753 -2.326050 0.584106 0.233643
0.358276 0.060059 0.486938 -2.546143 0.570801 0.264893
0.417236 -0.025513 0.390259 -2.741699 0.619629 0.337402
0.400879 -0.081055 0.345581 -2.934082 0.775269 0.475098
0.254639 -0.222290 0.366089 -3.150513 0.959351 0.623291
0.042969 -0.434204 0.468506 -3.331665 1.085205 0.773071
-0.232056 -0.624146 0.568115 -3.359009 1.153320 1.023438
-0.353027 -0.967651 0.720459 -3.339355 1.043701 1.140137
-0.388916 -1.274414 0.791992 -3.155640 0.909424 1.228760
-0.372925 -1.528564 0.840698 -2.866577 0.770630 1.292725
-0.321899 -1.732788 0.846680 -2.552734 0.548828 1.162598
-0.253540 -1.794678 0.853516 -2.131592 0.282715 0.920410
-0.118286 -1.697998 0.810425 -1.655640 0.107422 0.738892
-0.079956 -1.519409 0.765869 -1.220703 0.072998 0.603516
-0.145874 -1.346558 0.740356 -0.896484 0.088623 0.454834
-0.217285 -1.197388 0.747681 -0.643555 0.063477 0.296631
-0.254761 -1.086792 0.752441 -0.469238 0.008301 0.125610
-0.219482 -0.987305 0.732056 -0.369751 -0.021240 -0.021729
-0.183472 -0.943359 0.685303 -0.321289 -0.026489 -0.108765
-0.119995 -0.881470 0.665771 -0.258179 -0.055542 -0.071777
-0.055542 -0.786011 0.619263 -0.208740 -0.092041 -0.021240
-0.013428 -0.726563 0.600952 -0.208008 -0.068115 0.080688
-0.004272 -0.786499 0.613892 -0.234497 -0.004639 0.199951
-0.015747 -0.906982 0.658325 -0.225708 0.073975 0.353760
-0.041870 -0.989136 0.647949 -0.166260 0.142212 0.483398
-0.002075 -1.038818 0.630249 -0.094849 0.142700 0.497681
0.008301 -1.130615 0.651123 -0.010132 0.105713 0.355835
-0.045166 -1.191650 0.666260 0.124268 0.070557 0.198120
-0.125122 -1.147705 0.637207 0.273438 0.026855 0.074951
-0.125122 -1.085815 0.615234 0.368652 -0.066284 -0.053467
-0.071167 -1.117920 0.632813 0.443970 -0.165161 -0.222778
-0.048950 -1.134521 0.658081 0.559814 -0.183716 -0.299561
-0.081665 -1.151733 0.714355 0.689209 -0.133301 -0.273926
-0.147583 -1.135376 0.739868 0.839844 -0.055908 -0.158447
-0.166748 -1.085571 0.727295 0.979736 -0.030884 -0.029785
-0.156738 -1.011963 0.714233 1.090210 -0.090820 0.024658
-0.124268 -0.965454 0.715576 1.187134 -0.191895 -0.009644
-0.109009 -0.938843 0.737915 1.274902 -0.264648 -0.130737
-0.142334 -0.918213 0.755859 1.355835 -0.337891 -0.286133
-0.161133 -0.922363 0.787720 1.447754 -0.434692 -0.428955
-0.144409 -0.937622 0.804321 1.556641 -0.511353 -0.523193
-0.155273 -0.921997 0.811157 1.683472 -0.554688 -0.568237
-0.181152 -0.874390 0.821289 1.804443 -0.600098 -0.589966
-0.156494 -0.849609 0.840576 1.883057 -0.664063 -0.635254
-0.115601 -0.821167 0.828003 1.976196 -0.710693 -0.680420
-0.107788 -0.776611 0.817017 2.089355 -0.740723 -0.705566
-0.035034 -0.714966 0.829224 2.210327 -0.769897 -0.671875
0.041748 -0.669434 0.824341 2.277954 -0.738647 -0.628052
0.116943 -0.590454 0.819336 2.310547 -0.675781 -0.600586
0.209595 -0.467651 0.796753 2.339600 -0.563354 -0.641602
-0.032471 -0.227295 0.702271 2.351440 -0.500488 -0.716064
-0.135376 0.074951 0.643433 2.259766 -0.635254 -0.683838
-0.162109 0.310181 0.582153 2.055664 -0.833618 -0.688599
-0.054199 0.437744 0.513428 1.773804 -0.994141 -0.659058
0.098511 0.487549 0.502686 1.437500 -1.029419 -0.581421
0.288330 0.526367 0.507202 1.090820 -0.917603 -0.445068
0.431763 0.497681 0.553223 0.735840 -0.654175 -0.239258
0.510376 0.393311 0.653076 0.411865 -0.311890 -0.010132
0.502563 0.240479 0.780762 0.166016 0.002563 0.157959
0.439209 0.133179 0.901367 0.009521 0.181030 0.192627
0.347656 0.033325 0.995850 -0.071899 0.215820 0.134155
0.285034 -0.027954 1.065552 -0.095093 0.138184 0.033081
0.280273 -0.070190 1.084717 -0.082397 -0.001953 -0.067627
0.333130 -0.114136 1.070190 -0.052856 -0.135986 -0.141113
0.360229 -0.124878 1.051025 -0.007202 -0.187012 -0.157837
0.377319 -0.109497 1.026001 0.035767 -0.158081 -0.119141
0.365479 -0.088867 1.012695 0.055420 -0.095581 -0.089233
0.333618 -0.052490 0.992065 0.056885 -0.033691 -0.071167
0.279175 -0.046387 0.991943 0.037109 0.011841 -0.075073
0.244263 -0.049194 1.005249 0.019043 0.016235 -0.097656
0.209595 -0.035400 1.014648 0.010132 -0.007446 -0.129272
0.196533 -0.026489 1.019897 0.003052 -0.042847 -0.153931
0.184448 -0.030884 1.018677 0.002808 -0.069458 -0.158691
0.186401 -0.029785 1.018921 0.008667 -0.090576 -0.145874
0.195435 -0.021973 1.004028 0.017578 -0.104736 -0.130981
0.198120 -0.014893 0.998291 0.019409 -0.109619 -0.109863
0.212402 -0.010376 0.992188 0.009521 -0.109009 -0.083008
0.218140 -0.005127 0.985352 -0.010254 -0.104492 -0.055420
0.220337 -0.002808 0.984619 -0.027710 -0.098022 -0.025146
0.242554 -0.005859 0.983276 -0.047363 -0.099609 -0.003174
0.282593 -0.028809 0.987793 -0.063721 -0.104614 0.005371
0.309937 -0.053467 1.013062 -0.064941 -0.100220 0.005005
0.321167 -0.056152 1.021851 -0.053711 -0.090210 -0.002563
0.326538 -0.048096 1.020752 -0.042358 -0.079956 -0.011719
0.321533 -0.039917 1.011719 -0.037964 -0.069336 -0.022095
0.312866 -0.026489 1.005005 -0.036499 -0.060547 -0.025635
0.295532 -0.008545 0.989380 -0.038574 -0.055786 -0.018799
0.274414 0.006470 0.983154 -0.053711 -0.054443 -0.000977
0.254150 0.018066 0.976318 -0.075806 -0.062256 0.022583
0.241089 0.013428 0.974487 -0.103149 -0.076782 0.058838
0.284912 -0.028198 0.982422 -0.130981 -0.093750 0.098145
0.344849 -0.082642 1.006470 -0.147217 -0.094482 0.123901
0.424561 -0.124512 1.023438 -0.144653 -0.056152 0.115479
0.439819 -0.149780 1.040161 -0.119873 0.004761 0.068481
0.407959 -0.123535 1.042236 -0.077393 0.063599 0.022095
0.327393 -0.080322 1.034668 -0.045166 0.094727 -0.026245
0.289917 -0.057251 1.011841 -0.028320 0.078735 -0.056641
0.275024 -0.040405 0.996826 -0.022339 0.047119 -0.076660
0.274536 -0.020874 0.985229 -0.026611 0.020752 -0.082031
0.261719 -0.011230 0.972290 -0.038940 0.016479 -0.067383
0.236694 -0.003906 0.967773 -0.052246 0.025146 -0.035400
0.237305 -0.026123 0.973999 -0.070801 0.026489 -0.002441
0.253784 -0.061768 0.989380 -0.087158 0.021606 0.008301
0.252319 -0.065186 0.999146 -0.081055 0.031738 0.012573
0.223755 -0.066406 1.005371 -0.072876 0.042969 0.018188
0.208862 -0.074219 1.009521 -0.070679 0.028320 0.023438
0.211182 -0.081543 1.009277 -0.064697 -0.003784 0.021240
0.233276 -0.088989 1.019287 -0.053467 -0.040283 0.017456
0.264282 -0.092529 1.020264 -0.045166 -0.069702 0.013550
0.302612 -0.104370 1.030518 -0.040161 -0.077881 0.007813
0.315430 -0.106323 1.036987 -0.035034 -0.069336 -0.002808
0.315430 -0.107300 1.046631 -0.026733 -0.056152 -0.012207
0.310059 -0.095459 1.047607 -0.015259 -0.048828 -0.017456
0.290527 -0.084106 1.040161 -0.004517 -0.044800 -0.020508
0.285767 -0.067871 1.028442 0.007568 -0.052124 -0.017456
0.278564 -0.056519 1.014771 0.015747 -0.065308 -0.009521
0.280396 -0.053833 1.002930 0.019165 -0.076416 0.000000
0.277832 -0.046265 0.985352 0.019775 -0.082642 0.007202
0.296875 -0.050415 0.978638 0.016357 -0.079590 0.012939
0.294678 -0.061279 0.978760 0.008179 -0.071289 0.008911
0.310669 -0.069702 0.983643 0.006348 -0.056396 0.005615
0.319702 -0.075073 0.989746 0.003540 -0.035522 -0.013672
0.305054 -0.072388 0.997314 0.002930 -0.019165 -0.037842
0.289551 -0.059570 1.003540 0.009766 -0.012817 -0.042358
0.290771 -0.047607 1.000610 0.011475 -0.016602 -0.036255
0.295898 -0.036133 0.994873 0.008179 -0.026001 -0.035767
0.293213 -0.021240 0.989502 0.003052 -0.037354 -0.030762
0.297241 -0.009644 0.983276 -0.006958 -0.044067 -0.020752
0.321167 -0.030151 0.979004 -0.021240 -0.043091 -0.010742
0.357300 -0.055786 0.989990 -0.033936 -0.029053 -0.011353
0.358032 -0.075806 1.010254 -0.040405 0.002686 -0.032104
