0.368530 0.325073 0.895508 -0.225464 -0.031982 0.046143
0.354980 0.375122 0.864258 -0.272339 -0.031250 0.075928
0.341309 0.434326 0.815308 -0.360840 -0.037842 0.106934
0.356201 0.481689 0.760132 -0.489868 -0.036133 0.142822
0.369995 0.495483 0.704224 -0.649658 0.004150 0.193726
0.365723 0.528198 0.630249 -0.838989 0.071899 0.256226
0.406860 0.512817 0.587524 -1.085083 0.108887 0.288208
0.405762 0.432617 0.579224 -1.338135 0.167236 0.324585
0.429810 0.351196 0.598633 -1.554321 0.275513 0.418945
0.395264 0.236572 0.640503 -1.750488 0.397583 0.500000
0.356689 0.109009 0.695801 -1.890259 0.502319 0.604370
0.286255 0.038940 0.706909 -1.983276 0.557495 0.723022
0.296143 -0.003174 0.689209 -2.076904 0.531006 0.800537
0.304321 -0.130005 0.683105 -2.212036 0.472290 0.747559
0.324463 -0.261475 0.697998 -2.300659 0.396851 0.690308
0.338257 -0.308228 0.671387 -2.331787 0.349609 0.692261
0.401123 -0.431274 0.709839 -2.369751 0.336914 0.675537
0.359985 -0.551270 0.710083 -2.344971 0.396606 0.662476
0.377808 -0.556763 0.675659 -2.272827 0.452881 0.731201
0.303467 -0.666748 0.736084 -2.237061 0.511108 0.750244
0.109619 -0.790527 0.855591 -2.130981 0.579590 0.794678
-0.086182 -0.823608 0.916138 -1.985107 0.547119 0.869385
-0.061401 -0.944336 0.940186 -1.859619 0.361328 0.880005
0.139282 -0.964355 0.857666 -1.714844 0.197632 0.832275
0.269043 -1.031616 0.814697 -1.572388 0.197754 0.764771
0.307373 -1.037720 0.772705 -1.377686 0.341675 0.760986
0.251465 -1.049316 0.822021 -1.207275 0.520386 0.734375
0.076294 -1.113770 0.906738 -1.060913 0.596924 0.592896
0.005981 -1.119507 0.936035 -0.890747 0.488037 0.412109
0.027832 -1.083618 0.895752 -0.711426 0.313477 0.219482
0.024170 -1.012573 0.860962 -0.559082 0.149658 0.061035
0.010010 -0.921143 0.801758 -0.452148 0.038330 -0.033447
0.026611 -0.868408 0.770752 -0.400024 -0.011230 -0.035889
0.049561 -1.181763 0.967773 -0.391724 -0.002319 -0.012451
0.121338 -1.163940 0.956421 -0.291260 0.014160 0.026978
0.123657 -0.768066 0.672607 -0.183105 0.075073 0.084961
0.058716 -0.638550 0.592651 -0.170776 0.177612 0.189697
-0.006836 -0.708252 0.664307 -0.185059 0.195679 0.245117
0.063477 -0.784302 0.665161 -0.173218 0.107788 0.180054
0.108276 -0.808838 0.650146 -0.157471 0.021973 0.033936
0.059692 -0.817383 0.673462 -0.134521 -0.017456 -0.085815
0.001831 -0.809570 0.699097 -0.102051 -0.038940 -0.105225
-0.026245 -0.817017 0.716309 -0.085571 -0.049438 -0.046753
0.030762 -0.817871 0.708740 -0.084229 -0.074097 0.018066
0.139893 -0.792480 0.663330 -0.080566 -0.069214 0.074707
0.166138 -0.813477 0.677979 -0.071899 -0.017822 0.101563
0.141724 -0.826416 0.693848 -0.051880 0.019287 0.089966
0.112061 -0.784424 0.659668 -0.031372 0.015503 0.048340
0.128906 -0.770630 0.672241 -0.032837 -0.014038 -0.008179
0.096313 -0.811035 0.698486 -0.022705 -0.010864 -0.042603
0.076904 -0.831543 0.713501 0.012329 -0.003418 -0.053589
0.041626 -0.826660 0.719116 0.057861 0.007080 -0.050049
0.021240 -0.785522 0.689331 0.091797 0.010132 -0.024658
0.031738 -0.809937 0.704224 0.105469 -0.009644 -0.006348
0.080200 -0.779175 0.658936 0.122314 -0.026978 0.004272
0.134033 -0.813110 0.689087 0.105835 -0.040527 -0.030273
0.118896 -0.861816 0.736328 0.120850 -0.015747 -0.054199
0.058838 -0.902344 0.779053 0.174438 0.027344 -0.050537
0.054199 -1.015625 0.859619 0.273926 0.090698 -0.001709
0.061890 -1.142456 0.926392 0.426880 0.142090 0.009399
0.003052 -0.933716 0.737305 0.596191 0.143555 -0.019287
0.079102 -0.877197 0.752319 0.602539 -0.010620 -0.173950
0.080811 -0.909424 0.803833 0.612793 -0.115479 -0.317139
0.051270 -0.894775 0.817749 0.665161 -0.125366 -0.331299
0.012573 -0.885132 0.831299 0.714722 -0.127808 -0.299194
0.013184 -0.872437 0.847290 0.762573 -0.158936 -0.254761
0.069336 -0.896606 0.861572 0.832031 -0.191528 -0.210938
0.122437 -0.885376 0.859375 0.941895 -0.181274 -0.156738
0.161987 -0.889526 0.861938 1.064575 -0.154663 -0.126221
0.138306 -0.871582 0.859497 1.189941 -0.167603 -0.174683
0.101074 -0.784790 0.859741 1.306641 -0.238281 -0.286377
0.085327 -0.728027 0.846802 1.389771 -0.345337 -0.421143
0.125977 -0.665161 0.820435 1.443237 -0.458008 -0.541016
0.125122 -0.591431 0.807861 1.486206 -0.505493 -0.596924
0.169678 -0.573853 0.815063 1.507935 -0.529419 -0.595825
0.213623 -0.554321 0.840942 1.555908 -0.492065 -0.533081
0.201538 -0.466309 0.822876 1.599731 -0.421021 -0.471558
0.197388 -0.357788 0.822754 1.577881 -0.378662 -0.461426
0.208984 -0.296997 0.821045 1.508789 -0.358398 -0.524048
0.250000 -0.315186 0.813477 1.455078 -0.328003 -0.551025
0.270264 -0.324707 0.853271 1.408813 -0.307007 -0.588257
0.234741 -0.251099 0.870728 1.377686 -0.303833 -0.673340
0.168945 -0.174072 0.852051 1.337891 -0.304810 -0.803345
0.118164 -0.065674 0.842529 1.250977 -0.396118 -0.828613
0.195679 -0.025757 0.840332 1.153687 -0.484863 -0.775879
0.259033 0.001221 0.824219 1.072754 -0.479736 -0.704468
0.323242 0.016113 0.813721 0.991455 -0.417358 -0.607788
0.365845 0.014160 0.831299 0.901733 -0.332764 -0.509644
0.369751 0.028687 0.861694 0.840698 -0.237915 -0.422974
0.347778 0.054199 0.876831 0.791016 -0.147339 -0.338867
0.343994 0.032104 0.905518 0.741333 -0.083618 -0.271973
0.332275 0.025391 0.925659 0.705322 -0.059692 -0.244873
0.272461 0.064453 0.935425 0.682739 -0.070435 -0.251465
0.267944 0.084351 0.932251 0.647827 -0.136353 -0.265991
0.257690 0.134766 0.923218 0.597900 -0.209106 -0.292236
0.266724 0.171631 0.903687 0.537842 -0.265991 -0.309692
0.318726 0.164795 0.899292 0.467651 -0.290283 -0.289673
0.394653 0.117188 0.918579 0.403320 -0.274414 -0.262573
0.421387 0.102661 0.942383 0.367432 -0.222656 -0.243286
0.403564 0.131104 0.945068 0.362549 -0.148560 -0.206665
0.339966 0.203979 0.936890 0.353638 -0.091064 -0.166138
0.317383 0.224121 0.926147 0.313965 -0.080200 -0.126709
0.335083 0.199585 0.924072 0.266235 -0.106567 -0.105347
0.360596 0.139526 0.945068 0.226563 -0.146362 -0.111572
0.379761 0.125000 0.965820 0.215454 -0.186279 -0.142334
0.356201 0.157104 0.976318 0.218506 -0.211670 -0.175293
0.357910 0.196533 0.955933 0.212402 -0.224243 -0.176880
0.363037 0.213989 0.933228 0.188721 -0.225464 -0.167358
0.414063 0.199219 0.917236 0.152466 -0.221558 -0.153320
0.414795 0.209595 0.903564 0.119873 -0.199585 -0.146851
0.393555 0.249512 0.898438 0.092529 -0.163696 -0.114258
0.385742 0.257202 0.887817 0.055908 -0.123047 -0.057129
0.395386 0.245483 0.886353 0.011963 -0.089600 -0.003906
0.397949 0.225708 0.879517 -0.024292 -0.057983 0.039917
0.479004 0.151733 0.895508 -0.051636 -0.025513 0.060059
0.481812 0.124512 0.924194 -0.061401 0.013916 0.027832
0.445801 0.138184 0.949829 -0.055420 0.036377 -0.014404
0.407837 0.154297 0.963379 -0.049316 0.036255 -0.042969
0.385864 0.172241 0.965576 -0.047974 0.023315 -0.044922
0.408691 0.140137 0.966187 -0.052002 0.005981 -0.031860
0.415894 0.139282 0.964355 -0.052490 -0.003784 -0.031982
0.394165 0.161743 0.955200 -0.050537 -0.001709 -0.027710
0.386963 0.147095 0.955322 -0.056030 -0.002197 -0.016113
0.393677 0.131226 0.959229 -0.062744 -0.006104 -0.014160
0.385620 0.140503 0.962646 -0.055298 -0.000977 -0.018677
0.383545 0.137451 0.956665 -0.046021 0.007568 -0.015747
0.378418 0.142090 0.951660 -0.045044 0.010864 -0.023315
0.366333 0.152710 0.953735 -0.045898 0.010986 -0.030029
0.353394 0.162598 0.949951 -0.050415 0.006104 -0.025513
0.348267 0.159790 0.951050 -0.060059 -0.006958 -0.014648
0.367432 0.142212 0.952637 -0.070068 -0.024780 -0.001221
0.397339 0.130737 0.949829 -0.068115 -0.030273 0.005249
0.424683 0.113770 0.949585 -0.063232 -0.020508 0.000732
0.431641 0.096802 0.963745 -0.058960 -0.000854 -0.010620
0.406982 0.111206 0.976807 -0.045532 0.019531 -0.021240
0.389160 0.112061 0.984253 -0.036499 0.023071 -0.028198
0.387329 0.110840 0.982788 -0.028198 0.010254 -0.038208
0.393066 0.116577 0.977661 -0.018188 -0.004395 -0.043579
0.394287 0.130371 0.970947 -0.008301 -0.019531 -0.052856
0.386841 0.146606 0.960938 -0.006348 -0.033447 -0.066528
0.404419 0.153320 0.950317 -0.014038 -0.042725 -0.074341
0.415771 0.148560 0.937134 -0.021240 -0.035156 -0.082153
0.423340 0.150391 0.935181 -0.024048 -0.013306 -0.079102
0.411133 0.151245 0.940552 -0.026489 0.014526 -0.075806
0.389648 0.159424 0.945190 -0.031494 0.034790 -0.067871
0.366699 0.164185 0.951172 -0.035645 0.041504 -0.057007
0.356323 0.166138 0.950806 -0.040283 0.034180 -0.043091
0.349121 0.163452 0.949463 -0.045044 0.019531 -0.026855
0.364746 0.141968 0.969116 -0.047729 0.001587 -0.013550
0.353638 0.166626 0.945557 -0.037720 -0.001099 0.005371
