0.296753 0.198730 0.887207 -0.223755 0.117432 0.117554
0.291626 0.284302 0.851074 -0.350952 0.169434 0.205200
0.295776 0.356201 0.792603 -0.525879 0.188843 0.241333
0.259644 0.451660 0.728516 -0.736084 0.210815 0.284668
0.272705 0.613159 0.601563 -1.008667 0.214478 0.334839
0.329468 0.681396 0.466797 -1.390503 0.252686 0.394775
0.326660 0.715332 0.331543 -1.871216 0.336548 0.404785
0.269897 0.692017 0.191040 -2.399780 0.469482 0.498779
0.177856 0.552002 0.127319 -2.960083 0.605957 0.611450
0.028320 0.354004 0.144409 -3.383789 0.697998 0.799561
-0.019287 0.020386 0.174316 -3.715088 0.671509 0.957520
-0.010864 -0.440430 0.304199 -3.945679 0.632568 1.048218
-0.096436 -0.847168 0.464844 -3.973633 0.628540 1.152222
-0.089355 -1.185059 0.557373 -3.881348 0.527466 1.168945
0.110474 -1.504883 0.563843 -3.702026 0.397339 1.092163
0.120728 -1.662109 0.541504 -3.352173 0.466309 1.147339
0.040527 -1.787720 0.550903 -2.962646 0.481934 1.093262
-0.112793 -1.872559 0.606934 -2.578003 0.400391 0.802246
-0.206665 -1.851929 0.601929 -2.150269 0.238403 0.544800
-0.230103 -1.775391 0.574341 -1.749390 0.074219 0.366577
-0.260254 -1.561768 0.518188 -1.377197 -0.064453 0.242676
-0.323242 -1.356323 0.470459 -1.145264 -0.279541 0.082031
-0.168091 -1.205078 0.460083 -0.999146 -0.512939 0.004028
-0.147217 -1.173462 0.424805 -0.912109 -0.401245 -0.075317
0.089966 -1.130615 0.398926 -0.816162 -0.382080 0.024780
0.071899 -1.135986 0.440063 -0.716919 -0.231079 0.065186
0.042236 -1.178711 0.514648 -0.604614 -0.143921 0.066650
0.053589 -1.239746 0.551270 -0.495483 -0.106567 0.069214
0.099976 -1.541626 0.690674 -0.358154 -0.046875 0.123291
0.169312 -1.343628 0.605835 -0.144409 -0.040039 0.062744
0.133789 -0.961548 0.393066 0.016724 -0.053467 -0.017822
0.061035 -0.892090 0.397217 0.052856 -0.009399 -0.047974
0.129639 -0.788574 0.323608 0.014893 -0.026978 -0.126343
0.122681 -0.770874 0.297607 -0.036133 0.041260 -0.058228
0.070679 -0.864868 0.332275 -0.091187 0.097046 -0.001343
0.047974 -0.996826 0.368286 -0.111572 0.116577 0.030029
0.046265 -1.104370 0.395020 -0.077637 0.127808 0.075073
0.021118 -1.131714 0.396240 -0.024902 0.114990 0.049561
0.088623 -1.187134 0.415771 0.027466 0.038208 -0.110107
0.099854 -1.240845 0.434570 0.117310 0.017578 -0.257813
0.013306 -1.247559 0.451782 0.239014 0.017090 -0.346191
0.061035 -1.209106 0.440552 0.343750 -0.060303 -0.506592
0.183228 -1.186523 0.441528 0.427002 -0.119873 -0.670410
0.152710 -1.151001 0.450439 0.520996 -0.058350 -0.694580
0.092896 -1.141113 0.486450 0.609863 0.012207 -0.649170
0.108154 -1.164917 0.526978 0.711304 0.064087 -0.550903
0.128296 -1.142334 0.501831 0.822876 0.159302 -0.352539
0.087524 -1.088501 0.488647 0.927856 0.266113 -0.105591
0.083252 -1.059570 0.494263 0.992188 0.288086 -0.019287
0.107544 -1.041138 0.492310 1.030151 0.254395 -0.094238
0.137695 -1.095581 0.494507 1.074829 0.221802 -0.211304
0.117554 -1.175171 0.550781 1.155762 0.184814 -0.386841
0.045166 -1.214233 0.605591 1.280396 0.106445 -0.608032
-0.028687 -1.198364 0.655518 1.443481 -0.010254 -0.780762
-0.050537 -1.123657 0.650391 1.573120 -0.139771 -0.913452
0.013306 -1.052979 0.619507 1.669312 -0.250732 -0.969360
0.146240 -0.936401 0.582520 1.739380 -0.279419 -0.929443
0.199707 -0.811035 0.569580 1.814697 -0.187744 -0.759888
0.199219 -0.727051 0.550049 1.843628 -0.075195 -0.596069
0.219360 -0.720093 0.579346 1.828857 -0.041382 -0.577148
0.202271 -0.711304 0.641113 1.837280 -0.087036 -0.735229
0.228638 -0.685059 0.703735 1.875610 -0.194336 -0.902832
0.262939 -0.639526 0.722290 1.945313 -0.233521 -0.890503
0.288330 -0.570679 0.714355 2.031738 -0.150024 -0.665039
0.288208 -0.510620 0.729492 2.075439 -0.023926 -0.437866
0.242065 -0.383545 0.726318 2.129761 0.091675 -0.224854
0.173706 -0.302856 0.711304 2.165161 0.176270 -0.000488
0.105103 -0.262207 0.751831 2.151978 0.185181 0.091675
0.089111 -0.263794 0.797729 2.106812 0.076172 -0.001343
0.090332 -0.254761 0.825684 2.035767 -0.092651 -0.217285
0.153564 -0.234497 0.845093 1.966675 -0.236328 -0.424927
0.157349 -0.134277 0.839722 1.923828 -0.272583 -0.488403
0.117798 0.016235 0.814453 1.874146 -0.238159 -0.399170
0.065308 0.223999 0.754028 1.775879 -0.225830 -0.257813
0.071167 0.390991 0.692627 1.590820 -0.258301 -0.177002
0.092773 0.470459 0.675415 1.350342 -0.293213 -0.141357
0.180054 0.503296 0.687866 1.063232 -0.333130 -0.152100
0.308716 0.499634 0.739746 0.761963 -0.334351 -0.165771
0.380493 0.427124 0.811157 0.490845 -0.254028 -0.143677
0.416260 0.348877 0.871826 0.291138 -0.149414 -0.094360
0.419189 0.269531 0.924438 0.175781 -0.051880 -0.018921
0.361206 0.207153 0.958008 0.114258 0.015991 0.051758
0.352051 0.147095 0.972534 0.101807 0.018066 0.133667
0.338623 0.112427 1.001587 0.138306 -0.010742 0.227905
0.333130 0.110107 1.009888 0.117188 -0.069946 0.169312
0.342529 0.077393 1.004761 0.072388 -0.132446 0.081543
0.381348 0.036987 1.002686 0.058716 -0.157715 0.042847
0.397583 0.039185 0.999878 0.076660 -0.148315 0.050537
0.388794 0.071411 1.001343 0.093262 -0.119873 0.073242
0.379517 0.089844 0.989502 0.068726 -0.089600 0.061279
0.362549 0.104858 0.984131 0.031494 -0.051270 0.048340
0.318237 0.125244 0.990845 0.015991 -0.012451 0.064941
0.291504 0.122803 0.995972 -0.011230 -0.011841 0.049438
0.296021 0.108154 0.998291 -0.043701 -0.045288 0.002930
0.318848 0.088623 0.994385 -0.057373 -0.079590 -0.033569
0.346069 0.073608 0.989746 -0.052979 -0.088745 -0.033325
0.362793 0.064209 0.982178 -0.043213 -0.072754 -0.014771
0.372314 0.058228 0.976318 -0.036621 -0.047119 0.006592
0.371094 0.058105 0.972046 -0.037964 -0.016113 0.028320
0.332153 0.074097 0.975098 -0.037964 0.015869 0.057495
0.297729 0.081909 0.981812 -0.047119 0.015259 0.061279
0.297485 0.078247 0.980713 -0.073975 -0.015381 0.035034
0.320801 0.064453 0.979370 -0.105713 -0.051880 0.000244
0.355713 0.049316 0.990234 -0.120117 -0.072510 -0.024902
0.370239 0.051392 0.995483 -0.116089 -0.069580 -0.038940
0.369629 0.053223 1.002197 -0.106934 -0.058472 -0.046509
0.360474 0.056274 0.989624 -0.104004 -0.056030 -0.068970
0.352661 0.048462 0.991455 -0.102783 -0.066040 -0.103638
0.338379 0.052368 1.002563 -0.103516 -0.094238 -0.155396
0.329834 0.060181 0.991699 -0.116821 -0.130615 -0.215088
0.326660 0.054688 0.990112 -0.126099 -0.161743 -0.247314
0.344360 0.048462 0.976440 -0.131226 -0.176880 -0.245972
0.381470 0.025269 0.979126 -0.118652 -0.153076 -0.200439
0.392090 0.030640 0.989014 -0.077881 -0.083008 -0.105103
0.367188 0.033325 0.992065 -0.051636 -0.017700 -0.024780
0.339966 0.032715 0.993408 -0.046509 0.008057 0.000977
0.322388 0.038574 0.988892 -0.041138 0.001099 -0.000977
0.325195 0.028198 0.987671 -0.041626 -0.019897 -0.014282
0.338379 0.024170 0.986694 -0.041260 -0.040527 -0.031616
0.352783 0.027466 0.993164 -0.039429 -0.051758 -0.042969
0.369751 0.010620 1.003418 -0.031128 -0.048950 -0.035400
0.377319 0.027222 0.995728 -0.009521 -0.030151 -0.015381
0.358887 0.045166 0.996460 0.005493 -0.011108 -0.001953
0.343750 0.058960 0.986572 0.008179 -0.010376 -0.001709
0.354004 0.063965 0.977173 0.009644 -0.016846 0.007690
0.377197 0.066040 0.973511 0.003662 -0.018188 0.013916
0.369019 0.075562 0.969482 -0.001953 -0.004028 0.015869
0.360962 0.078125 0.963867 -0.012939 0.009155 0.018555
0.362061 0.064819 0.972290 -0.033569 0.008789 0.005371
0.352051 0.062988 0.973511 -0.043823 0.004150 -0.011108
0.343872 0.075684 0.970581 -0.041504 -0.000610 -0.008423
0.372314 0.056274 0.971436 -0.052612 -0.007080 -0.010498
0.367920 0.046265 0.975586 -0.060913 -0.000854 -0.017456
0.349976 0.049805 0.982178 -0.056274 0.010742 -0.012939
0.341553 0.045898 0.982910 -0.055054 0.013062 -0.005493
0.342896 0.038086 0.991455 -0.059937 0.007324 -0.005859
0.329956 0.033203 0.997192 -0.062622 -0.003540 -0.012207
0.328613 0.026001 1.001831 -0.064453 -0.018433 -0.015625
0.342407 0.025269 0.999878 -0.060669 -0.027832 -0.013184
0.344360 0.020996 0.997314 -0.054932 -0.030884 -0.010986
0.352539 0.026367 0.995483 -0.046631 -0.030518 -0.008057
0.372192 0.017090 0.991699 -0.035889 -0.023926 -0.003418
0.380737 0.015747 1.003662 -0.037476 -0.017212 -0.020874
0.358032 0.023926 1.002930 -0.030884 -0.002075 -0.028442
0.345703 0.026001 0.998291 -0.020386 0.004150 -0.024536
0.338623 0.033203 0.997192 -0.011353 -0.002075 -0.022949
0.332520 0.042603 0.989380 -0.007202 -0.013550 -0.023804
0.342407 0.047607 0.984009 -0.005981 -0.023926 -0.020874
0.350342 0.052490 0.974609 -0.001587 -0.026978 -0.011719
0.368530 0.047363 0.972046 -0.007568 -0.027344 -0.009888
