0.296387 0.161255 0.975586 -0.029297 0.008545 -0.019409
0.300659 0.189331 0.958496 -0.051758 0.010254 -0.016235
0.326660 0.240112 0.922241 -0.092651 0.031372 -0.000244
0.352905 0.299805 0.891235 -0.163330 0.103271 0.060425
0.396362 0.378540 0.828247 -0.283813 0.229858 0.170654
0.429932 0.420288 0.765259 -0.457764 0.401001 0.285645
0.371216 0.463013 0.700195 -0.674683 0.561035 0.366699
0.315186 0.476929 0.672485 -0.927979 0.639893 0.399048
0.230591 0.489868 0.644287 -1.180176 0.628174 0.376831
0.152710 0.524536 0.576294 -1.423218 0.548950 0.347778
0.145508 0.492432 0.486206 -1.722412 0.409668 0.344604
0.226196 0.395874 0.443237 -2.022095 0.287598 0.339844
0.334961 0.295410 0.355957 -2.305542 0.329712 0.412842
0.334351 0.186157 0.336792 -2.587280 0.571655 0.637817
0.167358 0.086670 0.329956 -2.888306 0.801270 0.838257
0.087402 -0.136719 0.349121 -3.165161 0.881958 0.952637
-0.059937 -0.314819 0.390015 -3.381592 0.944092 1.105713
-0.109619 -0.570068 0.456787 -3.504883 0.901978 1.168213
-0.261719 -0.946655 0.635620 -3.480347 0.834106 1.194824
-0.401733 -1.388062 0.886719 -3.288574 0.669067 1.140503
-0.401001 -1.715576 1.041504 -2.982178 0.400757 1.011475
-0.268433 -1.839722 1.014404 -2.560913 0.202393 0.974976
-0.244141 -1.712891 0.927124 -2.120117 0.120361 0.968140
-0.138794 -1.501099 0.833862 -1.751221 -0.014404 0.793579
-0.015137 -1.287720 0.705566 -1.437988 -0.092773 0.572632
-0.009521 -1.182617 0.681763 -1.205444 -0.053467 0.417847
-0.001587 -1.069946 0.623535 -1.036255 0.018677 0.325317
-0.079102 -1.059082 0.678345 -0.891846 0.112671 0.286133
-0.155151 -1.039673 0.725342 -0.746948 0.121216 0.234619
-0.178833 -0.993042 0.721924 -0.628662 0.061768 0.154785
-0.142578 -0.937622 0.703735 -0.545776 0.000000 0.097290
-0.135376 -0.867798 0.677856 -0.493530 -0.029053 0.123901
-0.096558 -0.832520 0.638672 -0.461304 -0.059570 0.147949
-0.080200 -0.835205 0.612671 -0.438599 -0.065308 0.173950
-0.068359 -0.876587 0.614746 -0.423340 -0.062500 0.203857
-0.042358 -0.928223 0.614746 -0.400879 -0.057983 0.214600
0.057617 -0.998901 0.613281 -0.369995 -0.047852 0.185791
0.060059 -1.044800 0.616089 -0.304810 -0.005249 0.143311
0.066284 -1.100220 0.640503 -0.224487 -0.006104 0.041870
0.045776 -1.128784 0.658081 -0.095703 0.000122 -0.042725
0.004761 -1.110962 0.648071 0.044678 0.020874 -0.064697
-0.025024 -1.037354 0.611084 0.151001 0.022461 -0.073486
0.008179 -0.970703 0.571289 0.212646 0.009888 -0.070435
0.010620 -0.960815 0.561157 0.249146 0.054321 -0.024292
-0.038818 -1.014771 0.606323 0.289795 0.124268 0.060181
-0.086670 -1.124756 0.680786 0.381714 0.202637 0.171875
-0.144775 -1.222168 0.740967 0.542480 0.287354 0.301270
-0.243164 -1.226685 0.748535 0.738770 0.331055 0.401123
-0.309814 -1.222412 0.764771 0.907104 0.233521 0.354126
-0.308472 -1.172607 0.766846 1.080688 0.022827 0.182373
-0.272827 -1.075928 0.724731 1.249146 -0.207397 -0.035156
-0.196777 -1.002075 0.708984 1.367798 -0.374023 -0.276367
-0.098022 -0.965942 0.693604 1.446045 -0.474854 -0.493164
-0.012695 -0.979980 0.723022 1.514282 -0.505127 -0.642578
-0.000610 -0.990845 0.745972 1.595093 -0.473022 -0.769043
-0.057983 -0.971558 0.793335 1.713379 -0.450806 -0.879395
-0.066528 -0.975586 0.827759 1.851074 -0.533691 -1.028564
-0.202881 -0.952026 0.846924 1.950317 -0.573486 -1.164673
-0.194092 -0.870972 0.869751 2.049194 -0.684937 -1.213745
-0.169312 -0.853516 0.861694 2.108765 -0.788330 -1.306763
-0.102539 -0.759155 0.779175 2.199829 -0.795898 -1.242065
0.034180 -0.732056 0.745850 2.227295 -0.740967 -1.145142
0.120605 -0.627686 0.689575 2.270142 -0.628052 -1.035034
0.084229 -0.473633 0.675537 2.284790 -0.483765 -0.926270
0.033936 -0.318848 0.665649 2.263062 -0.415283 -0.815674
-0.000854 -0.168335 0.643921 2.212280 -0.434692 -0.763916
-0.065796 -0.060791 0.663086 2.128906 -0.558472 -0.785889
-0.029419 0.057251 0.664917 2.035034 -0.736450 -0.801392
0.001953 0.175537 0.670532 1.903687 -0.860107 -0.796997
0.102905 0.225586 0.659546 1.720703 -0.920776 -0.748291
0.211914 0.292969 0.666748 1.547485 -0.876343 -0.620972
0.275635 0.369629 0.677979 1.340820 -0.754395 -0.482300
0.275024 0.411377 0.690063 1.089233 -0.618774 -0.375000
0.294922 0.407227 0.718262 0.849731 -0.512573 -0.281860
0.337036 0.359131 0.760498 0.669800 -0.429932 -0.179688
0.385620 0.269409 0.841187 0.541260 -0.369263 -0.124146
0.418213 0.197632 0.900513 0.448730 -0.336060 -0.121826
0.420898 0.174805 0.957397 0.382935 -0.322144 -0.142334
0.421143 0.166626 0.971802 0.346313 -0.318970 -0.159912
0.437866 0.163452 0.968262 0.323120 -0.316650 -0.157349
0.447388 0.184570 0.951660 0.307373 -0.300537 -0.144653
0.462769 0.205566 0.926636 0.279053 -0.283936 -0.140015
0.468628 0.233521 0.904663 0.237793 -0.258423 -0.134766
0.468140 0.234131 0.895752 0.171021 -0.225464 -0.138672
0.466309 0.233643 0.888428 0.109863 -0.193481 -0.138184
0.458984 0.232300 0.895996 0.063110 -0.149780 -0.121216
0.440674 0.228760 0.906372 0.016235 -0.100464 -0.114990
0.444458 0.208740 0.910034 -0.027100 -0.062378 -0.116211
0.421631 0.186523 0.914307 -0.060791 -0.019775 -0.116699
0.360229 0.168091 0.930542 -0.081299 0.000488 -0.117798
0.336182 0.156738 0.942383 -0.085693 -0.026367 -0.127319
0.353027 0.137085 0.954346 -0.073364 -0.059326 -0.124878
0.369385 0.131470 0.956787 -0.051270 -0.072510 -0.106079
0.372192 0.153320 0.948486 -0.042969 -0.069336 -0.083984
0.367920 0.144165 0.952271 -0.055298 -0.056763 -0.052734
0.377563 0.145996 0.946289 -0.064331 -0.033813 -0.013306
0.357910 0.144409 0.950928 -0.074585 -0.015503 0.007202
0.386353 0.124756 0.957031 -0.094116 -0.021118 0.009399
0.419922 0.097290 0.972534 -0.105469 -0.027954 -0.010254
0.412598 0.109497 0.980225 -0.092041 -0.021484 -0.028198
0.412109 0.112305 0.979248 -0.081543 -0.019409 -0.041626
0.415894 0.114014 0.967896 -0.068604 -0.012939 -0.049805
0.421753 0.121704 0.964966 -0.053955 0.000488 -0.048706
0.394287 0.140381 0.966919 -0.044556 0.023926 -0.036133
0.364380 0.151489 0.958618 -0.049316 0.034302 -0.020874
0.366455 0.143555 0.952881 -0.061279 0.030273 -0.002808
0.381836 0.133179 0.946533 -0.069946 0.028809 0.014771
0.377075 0.128784 0.953735 -0.071045 0.041504 0.033936
0.376709 0.116089 0.967041 -0.072754 0.046387 0.044922
0.389771 0.091675 0.977783 -0.074829 0.042603 0.036621
0.357910 0.089478 0.985962 -0.069824 0.035645 0.012085
0.358643 0.091431 0.983521 -0.062134 0.012695 -0.006470
0.367432 0.095581 0.973022 -0.059082 -0.013428 -0.030029
0.371216 0.109741 0.967896 -0.053833 -0.020508 -0.032471
0.374146 0.108276 0.965332 -0.048950 -0.019775 -0.029785
0.375366 0.110352 0.967529 -0.041504 -0.014404 -0.019409
0.376343 0.125000 0.974121 -0.035278 -0.008667 -0.004761
0.378906 0.120728 0.968750 -0.040283 -0.008667 0.004517
0.380371 0.133545 0.963623 -0.041870 -0.007202 0.015625
0.392822 0.124146 0.958130 -0.048462 -0.010986 0.021240
0.405762 0.115601 0.954102 -0.055298 -0.017456 0.011230
0.400879 0.124756 0.959351 -0.052002 -0.008301 0.008545
0.400391 0.119751 0.958130 -0.052246 0.002686 0.005371
0.421387 0.098389 0.950928 -0.057495 0.013184 -0.006226
0.395996 0.092163 0.972168 -0.057129 0.030640 -0.016602
0.366943 0.091797 0.984009 -0.052856 0.029541 -0.029297
0.348145 0.096680 0.990967 -0.047119 0.017334 -0.030762
0.340454 0.097656 0.986206 -0.038696 0.004639 -0.019531
0.337280 0.097168 0.977295 -0.032715 -0.010986 -0.009766
0.338745 0.098511 0.982056 -0.026123 -0.023682 0.000977
0.358398 0.094604 0.983154 -0.023315 -0.033569 0.006226
0.371338 0.093506 0.983398 -0.025879 -0.037354 0.001343
0.366577 0.090332 0.991089 -0.025024 -0.035400 0.001709
0.373901 0.087891 0.985229 -0.018677 -0.036865 0.004883
0.388550 0.088013 0.983276 -0.009033 -0.041138 0.000366
0.413696 0.083496 0.974854 -0.000977 -0.049316 -0.018311
0.430054 0.096802 0.970703 0.010010 -0.045532 -0.033447
0.430908 0.109741 0.964478 0.014526 -0.033813 -0.048828
0.419312 0.132324 0.953491 0.012329 -0.019531 -0.052856
0.391602 0.149902 0.939331 0.006104 -0.004761 -0.046631
0.385010 0.154907 0.927124 -0.007935 -0.002808 -0.038086
0.373047 0.165405 0.927124 -0.021729 0.004028 -0.026611
0.365601 0.150146 0.934570 -0.043335 0.010620 -0.013428
0.369385 0.116211 0.943115 -0.066284 0.010986 -0.007935
0.346436 0.106689 0.965454 -0.071777 0.012939 -0.008423
0.324097 0.101563 0.973511 -0.067749 0.001099 -0.009644
0.341797 0.088623 0.973389 -0.060059 -0.025635 -0.009155
0.354004 0.094971 0.967773 -0.047241 -0.037842 -0.003418
0.362671 0.101196 0.958130 -0.039307 -0.040039 0.001465
0.377930 0.092773 0.968506 -0.044067 -0.041626 0.001587
