0.272095 0.301758 0.845825 -0.313110 0.203735 0.193115
0.251343 0.334106 0.801758 -0.447266 0.239258 0.237183
0.284058 0.358521 0.765625 -0.617798 0.281128 0.293945
0.288086 0.330444 0.745605 -0.828857 0.351318 0.323608
0.312012 0.335693 0.706665 -1.040649 0.420654 0.357056
0.334839 0.245239 0.694580 -1.272095 0.524048 0.422241
0.286255 0.184937 0.697510 -1.460083 0.647217 0.515625
0.260376 0.114380 0.721924 -1.640869 0.726074 0.589355
0.224365 -0.017090 0.764160 -1.820557 0.746216 0.612549
0.162476 -0.078369 0.751953 -1.951904 0.701538 0.606812
0.183228 -0.198608 0.761597 -2.110596 0.582886 0.533691
0.136108 -0.303467 0.761353 -2.212158 0.477417 0.434082
0.091187 -0.392456 0.762817 -2.270508 0.335693 0.331055
0.127197 -0.570923 0.813110 -1.689819 0.200562 0.059570
0.172974 -0.712769 0.868774 -2.096558 0.236328 0.271973
0.118042 -0.777344 0.900391 -2.117188 0.355103 0.404785
0.030640 -0.777100 0.830811 -2.121216 0.395386 0.388428
0.078369 -0.825317 0.782959 -2.087524 0.302246 0.349487
0.015869 -0.822510 0.746704 -1.964844 0.264160 0.353882
-0.037231 -0.828613 0.748047 -1.847778 0.201904 0.368042
-0.020996 -0.910645 0.751709 -1.735596 0.102905 0.379761
-0.018799 -0.948242 0.772583 -1.597900 0.055176 0.432983
0.047852 -0.935669 0.747070 -1.474365 0.043213 0.455078
0.126465 -0.957642 0.711792 -1.363525 0.106567 0.467163
0.117920 -0.997681 0.758179 -1.226318 0.240479 0.483643
-0.036377 -0.938721 0.791138 -1.072998 0.352661 0.484375
-0.067627 -0.906982 0.861816 -1.017944 0.360229 0.280273
-0.078247 -1.116577 0.779053 -1.028564 0.335083 -0.010254
-0.007935 -1.094360 0.750366 -0.899536 0.181030 -0.046143
-0.044556 -1.015381 0.700317 -0.710815 0.119141 0.060059
-0.062378 -0.879517 0.630493 -0.597168 0.109497 0.229614
-0.071411 -0.786011 0.571289 -0.562012 0.111328 0.369141
-0.069824 -0.750244 0.527710 -0.562988 0.127686 0.487793
-0.092773 -0.790894 0.539185 -0.596191 0.165161 0.618286
-0.080444 -0.927734 0.600464 -0.605103 0.183716 0.679077
-0.056763 -1.058105 0.650269 -0.552002 0.162964 0.621704
-0.019165 -1.152466 0.691162 -0.447144 0.104858 0.459351
-0.014893 -1.139648 0.669434 -0.306641 0.039185 0.243286
0.041138 -1.143066 0.690674 -0.195557 -0.011353 0.037964
0.000122 -1.193359 0.720947 -0.098511 -0.008301 -0.122192
0.002563 -0.948242 0.602295 0.016479 -0.002686 -0.144531
-0.023682 -0.749268 0.500854 0.068359 0.030273 -0.082764
-0.121460 -0.776001 0.516846 0.035767 0.072021 0.037109
-0.136963 -0.897583 0.583008 -0.013794 0.043457 0.123291
-0.073486 -0.939697 0.586792 -0.027100 -0.009033 0.155640
-0.075928 -0.907227 0.565796 -0.006714 -0.020020 0.192993
-0.087280 -0.930664 0.569824 0.013306 -0.037231 0.179932
-0.078491 -0.965454 0.588867 0.061768 -0.044556 0.167358
-0.079224 -1.021973 0.614502 0.131958 -0.012695 0.165405
-0.067871 -1.145020 0.688965 0.230835 0.035522 0.147949
-0.107422 -1.237427 0.746826 0.392212 0.096680 0.136353
-0.164429 -1.233887 0.742188 0.592773 0.109985 0.112915
-0.212036 -0.987061 0.607178 0.757935 0.010254 0.035522
-0.114502 -0.903687 0.608643 0.787109 -0.203857 -0.163330
-0.119873 -0.905518 0.628784 0.833374 -0.373169 -0.351929
-0.156128 -0.881836 0.661499 0.902344 -0.458618 -0.383789
-0.181763 -0.906982 0.703247 0.944946 -0.512207 -0.361206
-0.171021 -0.919312 0.731201 1.000488 -0.561890 -0.311768
-0.157227 -0.893677 0.729736 1.081177 -0.601074 -0.228760
-0.136841 -0.869141 0.731934 1.156616 -0.629028 -0.135376
-0.116577 -0.812134 0.721436 1.212891 -0.657471 -0.065186
-0.059692 -0.780151 0.716309 1.232178 -0.698975 -0.059814
-0.012573 -0.767090 0.707031 1.241211 -0.742676 -0.145874
0.082031 -0.697754 0.702759 1.256958 -0.843018 -0.287231
0.117432 -0.689087 0.715942 1.199219 -0.865234 -0.523438
0.075439 -0.691162 0.761230 1.175537 -0.912231 -0.745361
0.036255 -0.617188 0.783813 1.187866 -0.972900 -0.856445
0.029663 -0.582153 0.828003 1.186279 -1.001587 -0.875122
0.085449 -0.574585 0.844849 1.180176 -0.991943 -0.824219
0.148193 -0.533813 0.860352 1.180054 -0.924194 -0.739746
0.250854 -0.525635 0.848145 1.186157 -0.802612 -0.633179
0.331665 -0.506226 0.839478 1.196899 -0.623169 -0.529419
0.371826 -0.444336 0.835327 1.179199 -0.436157 -0.463867
0.359375 -0.449341 0.851807 1.110596 -0.303345 -0.500977
0.308594 -0.426758 0.865845 1.084595 -0.226685 -0.556030
0.307861 -0.408569 0.892090 1.084717 -0.214722 -0.586792
0.291870 -0.388672 0.919434 1.083740 -0.237061 -0.640747
0.275879 -0.375488 0.928955 1.089966 -0.279663 -0.674927
0.290039 -0.349121 0.927368 1.098511 -0.293335 -0.661377
0.269287 -0.255859 0.913696 1.111816 -0.281616 -0.635132
0.376587 -0.182251 0.894043 1.085083 -0.248413 -0.658813
0.240967 -0.179077 0.843628 1.031372 -0.207397 -0.715454
0.257324 -0.067383 0.835815 0.963379 -0.280151 -0.626221
0.248291 0.000854 0.823608 0.867554 -0.298950 -0.579590
0.253174 0.078979 0.794067 0.774536 -0.296265 -0.505371
0.260620 0.130737 0.784668 0.656738 -0.264404 -0.403809
0.264282 0.153442 0.784058 0.526855 -0.237305 -0.316406
0.256470 0.156250 0.810669 0.392822 -0.227783 -0.228394
0.285522 0.125122 0.848389 0.267212 -0.244263 -0.139526
0.377319 0.075684 0.864624 0.160034 -0.255981 -0.071777
0.483398 -0.004639 0.889282 0.060303 -0.236084 -0.054565
0.573975 -0.084106 0.936646 0.003784 -0.168335 -0.064697
0.528564 -0.099731 0.995239 -0.000610 -0.044678 -0.070801
0.435791 -0.092285 1.017700 0.012817 0.043091 -0.065308
0.407715 -0.103760 1.019775 0.027710 0.041992 -0.064697
0.415039 -0.129517 1.007690 0.039917 0.003662 -0.086426
0.406738 -0.111206 0.994019 0.054810 -0.033936 -0.132080
0.372314 -0.088257 0.974976 0.054565 -0.055664 -0.155151
0.370483 -0.097046 0.955566 0.049072 -0.063477 -0.144043
0.368286 -0.103394 0.947388 0.041382 -0.059937 -0.129028
0.394165 -0.116821 0.956665 0.042358 -0.045776 -0.117065
0.361084 -0.073730 0.972656 0.063721 -0.009888 -0.099121
0.352905 -0.057129 0.972046 0.066040 0.012695 -0.068848
0.357910 -0.053467 0.962280 0.061768 0.020142 -0.054810
0.344360 -0.035278 0.955566 0.054321 0.018555 -0.055664
0.337891 -0.018555 0.945068 0.039795 0.000366 -0.061157
0.361206 -0.033569 0.935791 0.016968 -0.025879 -0.064941
0.376343 -0.040894 0.941406 -0.005371 -0.037231 -0.067383
0.390137 -0.046265 0.943359 -0.018555 -0.033691 -0.063354
0.401489 -0.047974 0.957764 -0.029663 -0.021973 -0.047852
0.391846 -0.051880 0.964478 -0.042114 -0.000977 -0.024902
0.374634 -0.063965 0.971558 -0.051147 0.014038 -0.002563
0.398682 -0.093262 0.978149 -0.055908 0.012329 0.001099
0.418579 -0.116821 0.993408 -0.050659 0.007690 -0.020996
0.399658 -0.104248 1.003052 -0.032104 0.012573 -0.039429
0.376953 -0.089111 0.992310 -0.021240 0.016602 -0.047119
0.376831 -0.086548 0.982666 -0.009888 0.017456 -0.051636
0.372070 -0.077881 0.974731 -0.003906 0.015869 -0.062866
0.360352 -0.061890 0.969238 -0.006592 0.011475 -0.068848
0.354614 -0.050781 0.966431 -0.015625 0.006836 -0.061401
0.348267 -0.053467 0.973755 -0.026245 0.002197 -0.047852
0.344604 -0.060059 0.972900 -0.031982 -0.006104 -0.036133
0.378540 -0.081421 0.978394 -0.039307 -0.018921 -0.030640
0.399048 -0.098389 0.975952 -0.041748 -0.015747 -0.044922
0.406982 -0.095215 0.978882 -0.030151 0.002075 -0.059326
0.408936 -0.086304 0.971680 -0.016602 0.031860 -0.065674
0.393188 -0.082642 0.968994 -0.005371 0.058350 -0.075684
0.378540 -0.064087 0.971558 0.000732 0.074219 -0.073364
0.359985 -0.054688 0.971924 -0.004028 0.074707 -0.066528
0.355469 -0.048706 0.970947 -0.010254 0.058472 -0.062012
0.348145 -0.037964 0.970337 -0.015015 0.039551 -0.057373
0.348999 -0.031494 0.967163 -0.020386 0.026611 -0.045166
0.351563 -0.042480 0.971802 -0.028320 0.024414 -0.024170
0.368286 -0.071411 0.986450 -0.039307 0.023438 -0.010132
0.375610 -0.100952 1.002930 -0.041504 0.025024 -0.014771
0.377197 -0.110107 1.017456 -0.030884 0.022583 -0.024780
0.376465 -0.117432 1.019897 -0.008179 0.025513 -0.039917
0.356689 -0.096436 1.008911 0.021851 0.033569 -0.050537
0.339478 -0.081543 0.991943 0.038574 0.031494 -0.053711
0.325806 -0.062134 0.976440 0.045044 0.023560 -0.055908
0.320557 -0.049072 0.964844 0.040649 0.011597 -0.054565
0.311523 -0.030762 0.957886 0.031128 0.003174 -0.043945
0.295776 -0.021362 0.960815 0.013550 -0.009277 -0.028564
0.312134 -0.031616 0.963257 -0.010010 -0.027466 -0.009277
0.343628 -0.045532 0.973511 -0.029053 -0.046875 -0.001587
0.362793 -0.067017 0.990234 -0.043335 -0.057251 -0.007202
0.371948 -0.063721 0.991333 -0.038696 -0.050293 -0.003906
0.382324 -0.062622 0.985840 -0.027710 -0.039673 0.003296
0.380005 -0.057251 0.977295 -0.024292 -0.035400 0.010132
0.381592 -0.055908 0.970581 -0.028809 -0.029053 0.011963
