0.271973 0.148193 1.005127 -0.012207 -0.025391 -0.047974
0.262085 0.153442 1.000977 -0.014160 -0.017090 -0.060181
0.236694 0.165771 0.997559 -0.016235 0.006836 -0.048584
0.232544 0.164429 0.995728 -0.024048 0.011597 -0.027466
0.247803 0.148193 1.001221 -0.028687 0.005981 -0.017822
0.279053 0.142944 1.020386 -0.017578 0.008911 -0.013062
0.249023 0.155640 1.031250 -0.006592 0.036255 -0.018433
0.205688 0.165405 1.021973 -0.003296 0.056152 -0.015747
0.185913 0.163818 1.010376 -0.002563 0.044189 -0.013550
0.196289 0.171387 0.997070 0.002686 0.000244 -0.014893
0.209229 0.183350 0.985229 0.002563 -0.036865 -0.026489
0.209229 0.213379 0.965088 -0.020386 -0.049438 -0.044189
0.192383 0.240967 0.954346 -0.072754 -0.044434 -0.037720
0.201416 0.264526 0.932129 -0.130981 -0.040527 -0.012085
0.196167 0.293457 0.905884 -0.213013 -0.047119 0.014038
0.182007 0.349365 0.876953 -0.308594 -0.049927 0.046387
0.180176 0.435669 0.797607 -0.420898 -0.050049 0.087891
0.262939 0.454346 0.733154 -0.626343 -0.029541 0.141113
0.244995 0.446045 0.675049 -0.893677 0.034180 0.160034
0.154053 0.392700 0.660400 -1.190674 0.124268 0.191528
0.056519 0.276001 0.683472 -1.485596 0.140625 0.200928
0.029175 0.178955 0.723877 -1.712402 0.003418 0.115601
0.023560 0.101563 0.769043 -1.892090 -0.214966 -0.017822
0.104248 -0.004395 0.826660 -2.040649 -0.401978 -0.057617
0.317139 -0.075806 0.848389 -2.143555 -0.481567 0.011475
0.482788 -0.170654 0.833130 -2.213745 -0.378174 0.093262
0.536987 -0.268921 0.833862 -2.281372 -0.151001 0.179321
0.467773 -0.337280 0.844727 -2.330933 0.098633 0.283325
0.357300 -0.404419 0.865356 -2.375854 0.259644 0.398804
0.214478 -0.499023 0.915771 -2.375610 0.324097 0.508057
0.149292 -0.591675 0.940308 -2.310425 0.281860 0.573608
0.171021 -0.822388 1.075195 -2.199219 0.220947 0.584595
0.108643 -0.884521 1.056885 -1.956909 0.224854 0.545410
0.100098 -0.868286 0.984009 -1.750244 0.152954 0.424561
0.096436 -0.855469 0.944092 -1.608276 0.005859 0.263550
0.172729 -0.867188 0.938599 -1.467896 -0.105591 0.170166
0.143799 -0.813110 0.850708 -1.313110 -0.017212 0.264893
0.140381 -0.732422 0.750732 -1.188965 0.086304 0.397827
0.164917 -0.752441 0.702393 -1.124023 0.122925 0.478394
0.193481 -0.799927 0.712280 -1.061523 0.179077 0.590698
0.238403 -0.825562 0.717773 -0.981689 0.234253 0.683105
0.240723 -0.900269 0.749146 -0.903442 0.254517 0.636963
0.220581 -0.988281 0.801147 -0.800171 0.219482 0.502563
0.172974 -1.079956 0.894653 -0.628784 0.107422 0.287598
0.204590 -1.041748 0.847168 -0.433594 -0.057617 0.012451
0.159668 -0.839844 0.701050 -0.287231 -0.104858 -0.145386
0.079102 -0.678589 0.628052 -0.267090 -0.062378 -0.170166
0.058838 -0.665527 0.643921 -0.315063 -0.003418 -0.114136
0.141846 -0.745728 0.712524 -0.341919 0.031982 -0.004517
0.188110 -0.762573 0.746826 -0.349976 0.064331 0.024902
0.336914 -0.856201 0.670410 -0.403198 0.159668 -0.118164
0.284668 -0.751831 0.694580 -0.384766 0.206055 -0.041626
0.164673 -0.750854 0.695923 -0.326782 0.214722 0.002808
0.115479 -0.792480 0.726929 -0.276123 0.165894 0.001099
0.081177 -0.772095 0.700928 -0.223633 0.119385 -0.013306
0.093750 -0.761108 0.673218 -0.205200 0.108276 -0.009644
0.070313 -0.829712 0.725586 -0.210205 0.134888 0.027832
0.050049 -0.837036 0.729370 -0.187378 0.152344 0.079346
0.033325 -0.807373 0.698486 -0.149536 0.148315 0.137085
0.046265 -0.820923 0.683105 -0.108154 0.119995 0.177979
0.131226 -0.819458 0.645996 -0.069580 0.075928 0.163452
0.216064 -0.845215 0.631958 -0.046631 0.082153 0.100342
0.140625 -0.878784 0.664429 -0.016602 0.140747 0.042847
0.033081 -0.858643 0.687988 0.044067 0.161987 0.013062
-0.000854 -0.852661 0.689331 0.111084 0.136353 0.016968
-0.030884 -0.832397 0.655884 0.178345 0.102661 0.057251
0.002686 -0.802979 0.645630 0.208740 0.039917 0.078247
0.017090 -0.861938 0.685913 0.219116 0.000000 0.070190
-0.008545 -0.900757 0.725098 0.269531 -0.014526 0.092529
0.026123 -0.986572 0.770874 0.373535 -0.037354 0.130127
0.040771 -1.054199 0.809692 0.574585 -0.010742 0.213135
0.001709 -0.986816 0.764526 0.848267 0.040649 0.312744
0.032471 -0.885010 0.669678 1.068237 0.042969 0.335205
0.117554 -0.804688 0.597656 1.198486 0.021240 0.276978
0.153198 -0.848267 0.622925 1.241211 0.006348 0.155640
0.100342 -0.944580 0.730469 1.308716 -0.020386 0.051758
0.021118 -0.946655 0.814697 1.439941 -0.086182 -0.017578
-0.067139 -0.941650 0.893555 1.563477 -0.217041 -0.124756
-0.037842 -0.878052 0.898804 1.710938 -0.364868 -0.216553
-0.057251 -0.752197 0.872314 1.835693 -0.453857 -0.287842
-0.011108 -0.630005 0.854126 1.863159 -0.537231 -0.305054
0.146362 -0.600586 0.868530 1.829346 -0.544189 -0.266968
0.243652 -0.546143 0.896362 1.815063 -0.388794 -0.194092
0.223389 -0.465454 0.961792 1.795532 -0.123291 -0.125854
0.087524 -0.510376 1.072266 1.738159 0.080933 -0.209106
0.015503 -0.534302 1.195801 1.708252 0.005615 -0.228149
-0.057861 -0.488037 1.261475 1.721313 -0.141724 -0.240967
-0.080444 -0.484985 1.200806 1.757324 -0.332031 -0.328613
-0.063843 -0.419434 1.089111 1.826538 -0.551147 -0.445313
-0.066772 -0.229004 0.914185 1.880493 -0.765747 -0.533325
-0.022705 -0.089355 0.765381 1.817505 -0.912598 -0.525146
0.075562 0.054321 0.650635 1.660522 -0.957886 -0.418579
0.141357 0.161865 0.574707 1.473877 -0.930054 -0.338745
0.277222 0.232666 0.555420 1.296509 -0.857056 -0.220459
0.347534 0.368530 0.562744 1.098755 -0.708618 -0.111328
0.375977 0.416504 0.615356 0.852905 -0.537476 -0.060303
0.413208 0.401123 0.722290 0.621582 -0.393066 -0.044922
0.392944 0.375244 0.826416 0.432129 -0.277222 -0.078491
0.322876 0.288208 0.958618 0.302734 -0.211426 -0.119995
0.300049 0.205444 1.073120 0.246460 -0.209961 -0.135254
0.311279 0.142944 1.116699 0.245239 -0.229126 -0.129150
0.369629 0.060669 1.118286 0.288940 -0.236450 -0.124512
0.341187 0.061768 1.080444 0.351563 -0.208374 -0.122803
0.290039 0.098511 1.006226 0.380981 -0.189697 -0.114136
0.281494 0.131592 0.930786 0.371338 -0.191284 -0.111694
0.257324 0.177490 0.866821 0.331543 -0.184814 -0.111206
0.270752 0.189697 0.845459 0.264282 -0.172485 -0.096558
0.278320 0.212280 0.853882 0.181519 -0.145996 -0.083862
0.283936 0.208618 0.878174 0.083618 -0.110962 -0.077515
0.313477 0.173950 0.907959 -0.000610 -0.074707 -0.073853
0.349121 0.103394 0.964111 -0.057617 -0.036621 -0.070068
0.394043 0.027832 1.035889 -0.074463 0.009277 -0.045898
0.390991 0.020630 1.091309 -0.033447 0.050049 -0.032349
0.362549 0.041504 1.087158 0.015137 0.049805 -0.044434
0.342651 0.049805 1.044922 0.049194 0.015503 -0.068481
0.298340 0.094482 0.980957 0.079102 -0.010010 -0.080811
0.248291 0.153564 0.925293 0.086670 -0.029053 -0.081299
0.241333 0.186035 0.905762 0.066162 -0.046387 -0.077026
0.258545 0.185425 0.913574 0.029541 -0.057495 -0.068970
0.279175 0.161255 0.947876 -0.006958 -0.045288 -0.051880
0.307007 0.112061 0.992188 -0.035034 -0.024170 -0.018311
0.314453 0.102417 1.020020 -0.043213 -0.001099 0.015137
0.321289 0.100342 1.021973 -0.036255 0.011108 0.021484
0.339355 0.097534 0.998901 -0.027100 0.005249 0.005859
0.330811 0.110107 0.977417 -0.024536 0.007324 -0.016846
0.317749 0.126831 0.959839 -0.026123 0.003418 -0.038940
0.322021 0.130005 0.958252 -0.034790 -0.001099 -0.056885
0.320190 0.144409 0.959595 -0.047729 -0.000244 -0.069458
0.330200 0.132690 0.960693 -0.072144 -0.006348 -0.080444
0.370239 0.080200 1.000977 -0.087036 -0.001953 -0.086426
0.343750 0.081055 1.027832 -0.066650 0.040894 -0.075928
0.311157 0.081177 1.041748 -0.043457 0.076538 -0.053589
0.284058 0.068115 1.034180 -0.019653 0.079834 -0.048096
0.276733 0.061646 1.016113 0.012817 0.062378 -0.046021
0.261963 0.074219 1.003662 0.036621 0.045654 -0.025146
0.281006 0.100220 1.000000 0.047485 0.033203 0.008789
0.266235 0.101074 0.998535 0.053711 0.050293 0.004517
0.265381 0.132690 0.990112 0.038330 0.032959 0.002930
0.253906 0.142578 0.971313 0.023926 0.018188 -0.009399
0.264160 0.145752 0.966675 0.004395 0.005127 -0.009155
0.272461 0.143188 0.967041 -0.017700 -0.003296 -0.009277
0.287231 0.115723 0.981689 -0.033936 -0.009155 -0.010376
0.313843 0.107666 1.001465 -0.038330 -0.017822 -0.002808
0.352295 0.091309 1.022339 -0.031250 -0.033936 -0.012085
0.391113 0.097534 1.032593 -0.006226 -0.019531 -0.022949
0.317993 0.119263 1.017822 0.017700 0.052612 -0.016602
0.272583 0.140503 0.986694 0.028198 0.082153 -0.004272
0.265503 0.133301 0.953857 0.016479 0.061890 -0.022461
0.250244 0.151367 0.950684 0.009155 0.042480 -0.034790
0.250488 0.160278 0.964111 -0.004639 0.040649 -0.016968
