0.339966 0.219360 0.926025 0.022095 0.000732 -0.097290
0.325684 0.232666 0.918335 -0.020630 0.005005 -0.081299
0.297607 0.247803 0.901245 -0.071533 0.021118 -0.043945
0.267090 0.311035 0.864624 -0.140625 0.028809 -0.007568
0.269653 0.363525 0.807251 -0.253906 0.028320 0.031616
0.265991 0.391968 0.758667 -0.403564 0.043091 0.076660
0.254517 0.465698 0.686768 -0.589600 0.048096 0.121094
0.290527 0.541260 0.610596 -0.834106 0.023315 0.157715
0.297241 0.602905 0.534668 -1.148804 -0.017456 0.168701
0.327148 0.645752 0.458374 -1.520508 -0.083252 0.154175
0.317139 0.657349 0.380981 -1.958618 -0.093628 0.170410
0.301758 0.600586 0.320923 -2.398315 -0.073364 0.271973
0.297241 0.512573 0.252441 -2.812134 -0.041138 0.442139
0.251343 0.344727 0.242798 -3.202637 0.026978 0.679199
0.239380 0.237793 0.145752 -3.558716 0.091675 0.957275
0.246704 -0.046143 0.153564 -3.890869 0.209595 1.230591
0.254517 -0.443848 0.293945 -4.000000 0.325195 1.121826
0.107056 -1.039673 0.469971 -4.000000 0.483154 1.363159
0.031860 -1.359009 0.764893 -3.856934 0.658813 2.223999
0.038208 -1.545044 0.757568 -3.467041 0.659912 2.531982
0.192139 -1.669800 0.675659 -3.170044 0.541138 2.487671
0.227783 -1.636475 0.586914 -2.845093 0.460449 2.298218
0.125122 -1.622925 0.578369 -2.469849 0.454102 2.076172
-0.060791 -1.599121 0.637085 -1.978149 0.393188 1.778687
-0.130127 -1.604736 0.616699 -1.684937 0.232178 1.346558
-0.119019 -1.511597 0.565430 -1.428833 0.105591 0.949829
-0.124634 -1.409424 0.555298 -1.160645 0.034058 0.709961
-0.130371 -1.311401 0.505981 -0.919556 0.021851 0.514893
-0.175293 -1.186401 0.482544 -0.689209 0.063843 0.454590
-0.273804 -1.103882 0.504883 -0.536499 0.082275 0.412720
-0.291138 -1.060181 0.510376 -0.461182 0.021484 0.315796
-0.261108 -1.037842 0.517578 -0.400024 -0.019409 0.303955
-0.203247 -1.026245 0.526367 -0.367065 -0.059448 0.279907
-0.102051 -1.037109 0.503540 -0.345947 -0.086304 0.211670
-0.068237 -1.021851 0.490723 -0.296875 -0.050659 0.223267
-0.071045 -1.003540 0.487671 -0.250488 -0.034912 0.188232
-0.026001 -1.059692 0.493896 -0.216064 -0.056641 0.096069
-0.007935 -1.116089 0.506958 -0.153809 -0.074097 -0.000854
0.035645 -1.118652 0.510498 -0.085449 -0.107178 -0.140137
0.082764 -1.034180 0.462158 -0.005981 -0.116577 -0.265747
0.068359 -1.041260 0.453979 0.069580 -0.058716 -0.296753
0.061646 -1.146362 0.492310 0.139648 0.004395 -0.309570
0.023315 -1.232544 0.517212 0.255371 0.067383 -0.287109
-0.041748 -1.190918 0.513184 0.393433 0.095459 -0.230469
0.001831 -1.243286 0.534668 0.497192 0.054932 -0.269409
-0.003906 -1.285400 0.542358 0.656616 0.050903 -0.273926
-0.043457 -1.283691 0.539063 0.850220 0.045288 -0.243042
-0.098633 -1.283081 0.540894 1.043823 0.011230 -0.261230
-0.138306 -1.261841 0.565918 1.249268 -0.069946 -0.318970
-0.124634 -1.207397 0.565552 1.424683 -0.193115 -0.446289
-0.068848 -1.165161 0.565063 1.568604 -0.312744 -0.595581
0.004395 -1.135254 0.589722 1.672119 -0.402466 -0.755249
0.068848 -1.145386 0.583862 1.755371 -0.435303 -0.914917
0.080933 -1.127319 0.628906 1.856934 -0.430908 -1.047852
0.047485 -1.054443 0.682251 1.949463 -0.415771 -1.169922
0.020142 -1.036987 0.702026 1.988770 -0.417114 -1.319336
0.057495 -1.020996 0.696167 2.087646 -0.411133 -1.355225
0.034546 -0.895874 0.733154 2.177856 -0.391357 -1.395752
0.074707 -0.820068 0.691895 2.215576 -0.418823 -1.445435
0.195435 -0.749146 0.662720 2.267456 -0.412964 -1.412720
0.214355 -0.608521 0.623901 2.351440 -0.330688 -1.271851
0.215332 -0.461426 0.603760 2.401611 -0.225952 -1.053467
0.195923 -0.341919 0.599976 2.380249 -0.150146 -0.868896
0.140869 -0.226807 0.632324 2.323853 -0.140503 -0.750854
0.130737 -0.159546 0.672485 2.229370 -0.196777 -0.728394
0.125732 -0.124146 0.748169 2.125977 -0.275391 -0.754272
0.159302 -0.097412 0.789307 1.996948 -0.354614 -0.845337
0.121826 -0.005249 0.798462 1.924683 -0.359131 -0.799072
0.056885 0.164673 0.770020 1.853638 -0.349487 -0.643066
0.027344 0.309570 0.699829 1.655518 -0.407959 -0.554077
0.093140 0.357178 0.635986 1.394287 -0.480225 -0.502563
0.216553 0.372803 0.615112 1.149658 -0.525391 -0.450317
0.330688 0.329346 0.648071 0.907227 -0.507935 -0.419434
0.402832 0.292847 0.744995 0.742065 -0.415649 -0.319824
0.411011 0.300537 0.823853 0.632568 -0.286499 -0.159790
0.416626 0.271118 0.881348 0.522827 -0.199585 -0.025024
0.462158 0.204224 0.879761 0.436279 -0.165527 0.076416
0.478638 0.192871 0.901733 0.408325 -0.137939 0.174072
0.515137 0.201416 0.902100 0.317993 -0.140869 0.087280
0.523438 0.170410 0.919189 0.251343 -0.135132 -0.000977
0.521973 0.138062 0.933716 0.206177 -0.131348 -0.059326
0.501953 0.152222 0.954468 0.179688 -0.132324 -0.105469
0.480713 0.157227 0.940674 0.148071 -0.143188 -0.147095
0.471924 0.163940 0.929932 0.114502 -0.160645 -0.176758
0.446533 0.181274 0.920776 0.089600 -0.152100 -0.167114
0.438599 0.193848 0.909912 0.058594 -0.126831 -0.131592
0.438965 0.198486 0.907959 0.014160 -0.094360 -0.096924
0.457031 0.174927 0.909546 -0.042114 -0.064087 -0.086670
0.457031 0.155396 0.919067 -0.077637 -0.035400 -0.088867
0.468018 0.126343 0.929443 -0.092163 -0.004517 -0.077637
0.451538 0.102783 0.949585 -0.093750 0.030396 -0.058838
0.427124 0.088745 0.955933 -0.089478 0.047363 -0.059937
0.410522 0.078979 0.975464 -0.073975 0.039795 -0.070313
0.406860 0.075806 0.961548 -0.066406 0.018433 -0.091187
0.395508 0.084106 0.959229 -0.061279 0.011230 -0.082031
0.372681 0.103516 0.952881 -0.055786 0.014648 -0.053101
0.368286 0.091309 0.948242 -0.061401 0.013550 -0.027832
0.383301 0.085815 0.946411 -0.061401 0.007202 -0.015259
0.376465 0.101196 0.961548 -0.058838 0.002930 -0.012207
0.389160 0.095337 0.967041 -0.063965 -0.006348 -0.017700
0.407715 0.086548 0.972168 -0.061157 -0.007080 -0.017090
0.410645 0.091431 0.960205 -0.050293 0.002808 -0.013672
0.421387 0.083862 0.960693 -0.043457 0.010376 -0.009766
0.416504 0.086304 0.967407 -0.037842 0.017700 -0.008545
0.416870 0.084961 0.967651 -0.036011 0.019775 -0.005737
0.422729 0.080078 0.974243 -0.031250 0.026611 0.007568
0.398926 0.088013 0.965576 -0.029297 0.029785 0.016357
0.400391 0.088013 0.952759 -0.031006 0.017944 0.020142
0.395020 0.090698 0.944336 -0.031250 0.011475 0.018066
0.388794 0.098511 0.944214 -0.029785 0.003418 0.017456
0.413330 0.090820 0.947021 -0.034668 -0.006226 0.005005
0.409424 0.089355 0.956299 -0.040283 -0.003906 -0.009644
0.381714 0.111572 0.957153 -0.031616 0.006714 -0.001343
0.360107 0.115479 0.952393 -0.034546 -0.000977 -0.000977
0.356567 0.119507 0.942017 -0.043823 -0.016357 0.005249
0.357666 0.120972 0.945923 -0.053589 -0.029541 0.032104
0.370483 0.112183 0.946533 -0.062256 -0.035278 0.068359
0.374268 0.105835 0.952637 -0.068970 -0.035645 0.094727
0.394409 0.084839 0.958740 -0.088257 -0.041626 0.098755
0.430908 0.046509 0.963013 -0.095825 -0.036865 0.101074
0.472168 0.000732 0.988281 -0.094238 -0.028687 0.084106
0.464722 -0.001587 0.998657 -0.072388 -0.016113 0.050049
0.431274 0.023926 1.001587 -0.037109 -0.019653 0.010498
0.419312 0.049072 0.987671 -0.018066 -0.032959 -0.023438
0.407959 0.078491 0.960693 -0.000122 -0.034180 -0.026978
0.400513 0.102173 0.952637 0.003052 -0.038696 -0.023315
0.401123 0.111694 0.935791 -0.010620 -0.043823 -0.021484
0.409668 0.108887 0.936035 -0.026001 -0.036255 -0.005249
0.409058 0.100342 0.949585 -0.031860 -0.016602 0.030029
0.405396 0.079956 0.969482 -0.042480 -0.008423 0.044067
0.428223 0.051025 0.971680 -0.045044 -0.010620 0.040283
0.430542 0.049316 0.984619 -0.030151 -0.006104 0.034180
0.416504 0.054688 0.982300 -0.012451 -0.002930 0.031128
0.430908 0.047852 0.975098 -0.009766 -0.013672 0.021362
0.443970 0.057495 0.959961 -0.002197 -0.017212 0.007080
0.438477 0.079590 0.951904 0.005737 -0.012451 -0.009766
0.426880 0.095337 0.933350 0.001465 -0.012573 -0.024902
0.428955 0.108154 0.925781 -0.006348 -0.008179 -0.030884
0.410522 0.119385 0.929810 -0.020386 0.000244 -0.034058
0.393066 0.120483 0.931396 -0.038086 0.003296 -0.027100
0.420044 0.096436 0.936279 -0.057617 0.001221 -0.020752
0.420044 0.087646 0.950562 -0.064697 0.012451 -0.019897
0.407593 0.084351 0.956665 -0.061401 0.027344 -0.012817
0.394165 0.080078 0.962646 -0.064819 0.028198 -0.015503
0.386108 0.067383 0.968018 -0.068970 0.024170 -0.014893
0.374756 0.068848 0.965942 -0.066040 0.017456 -0.008423
0.373047 0.064331 0.967529 -0.066284 0.002686 -0.007446
0.387939 0.056885 0.963257 -0.067749 -0.012085 -0.005859
0.397095 0.050171 0.971558 -0.057129 -0.007935 0.017212
0.416748 0.034302 0.984253 -0.048950 -0.004517 0.027100
