0.372314 0.059937 0.976318 -0.032104 -0.003052 -0.019531
0.378052 0.065063 0.970581 -0.036377 -0.009033 -0.020508
0.380859 0.073853 0.966919 -0.041992 -0.008423 -0.016479
0.376709 0.073120 0.958740 -0.054077 -0.002319 -0.012207
0.366089 0.076538 0.963745 -0.069946 0.003052 -0.008911
0.363159 0.092651 0.964355 -0.091797 -0.005005 -0.018066
0.362427 0.149902 0.945923 -0.136230 -0.017334 -0.045776
0.372803 0.230713 0.898315 -0.221680 -0.013428 -0.049683
0.363281 0.288086 0.858032 -0.363525 0.015747 -0.033691
0.393188 0.387573 0.756348 -0.527466 0.043579 0.022339
0.361084 0.469604 0.700684 -0.770386 0.096558 0.069336
0.324951 0.508179 0.631104 -1.057251 0.132080 0.115356
0.220703 0.491943 0.651733 -1.347168 0.138062 0.151978
0.251465 0.433960 0.589722 -1.665527 0.063354 0.150269
0.284912 0.380981 0.594849 -1.892944 0.031372 0.266113
0.308350 0.331421 0.545532 -2.160522 0.050415 0.370483
0.363770 0.214111 0.496094 -2.437744 0.085449 0.563354
0.331177 0.075439 0.459229 -2.654175 0.181641 0.809692
0.225342 -0.042358 0.442749 -2.859741 0.203613 0.933716
0.135132 -0.226685 0.453857 -3.067627 0.072754 0.861084
0.202026 -0.499268 0.472534 -3.191162 -0.112061 0.740845
0.365601 -0.800415 0.566650 -3.146240 -0.114380 0.794922
0.288086 -0.941406 0.619629 -2.945801 0.094849 1.113892
0.149170 -1.109253 0.633911 -2.796631 0.239990 1.382935
0.058350 -1.139526 0.626099 -2.600952 0.248169 1.565308
0.108643 -1.187500 0.578491 -2.415161 0.186035 1.603271
0.113281 -1.264160 0.565430 -2.213013 0.146240 1.526855
0.086304 -1.396118 0.594971 -1.981689 0.133667 1.434082
0.019531 -1.413574 0.622803 -1.732056 0.129883 1.347656
0.044800 -1.377686 0.594604 -1.494751 0.122925 1.245850
0.024780 -1.262451 0.572388 -1.314331 0.141846 1.128296
0.043457 -1.162964 0.531738 -1.179565 0.115234 0.923462
0.020386 -1.088135 0.501587 -1.053711 0.119507 0.794434
-0.046631 -1.126831 0.543579 -0.964233 0.140747 0.715576
-0.066895 -1.208984 0.564209 -0.867920 0.092041 0.563477
-0.065308 -1.283203 0.591309 -0.748657 0.010986 0.393555
-0.016968 -1.256470 0.568359 -0.614380 -0.061279 0.234619
0.000122 -1.186279 0.535889 -0.491455 -0.082153 0.138794
0.105225 -1.666016 0.730591 -0.398438 -0.088379 0.011841
0.127563 -1.459229 0.634521 -0.202026 -0.048828 -0.054810
0.240967 -0.799805 0.355957 -0.036255 -0.089355 -0.126587
0.210449 -0.670898 0.271606 -0.080444 -0.008423 -0.228516
0.021118 -0.888184 0.370605 -0.132568 0.150513 -0.067139
-0.060059 -1.083862 0.462646 -0.127930 0.202271 0.098145
0.002319 -1.061157 0.440186 -0.089966 0.140381 0.124756
0.018799 -1.039429 0.409424 -0.046997 0.110474 0.113403
0.008057 -1.142578 0.459961 0.018799 0.124878 0.109619
0.040283 -1.290527 0.528320 0.117676 0.135254 0.039551
0.069092 -1.432129 0.580566 0.294189 0.179077 0.001099
0.132568 -1.543091 0.590942 0.543335 0.266846 0.012817
0.089600 -1.459595 0.570557 0.834351 0.377686 0.030396
-0.041260 -1.221558 0.523071 1.041992 0.382446 -0.050537
-0.040161 -1.086304 0.529297 1.088745 0.200195 -0.347778
0.035400 -1.075562 0.545532 1.082153 -0.004639 -0.739380
0.053467 -1.060303 0.548706 1.138184 -0.099854 -0.952637
0.056519 -1.053345 0.579834 1.211670 -0.135376 -1.040649
0.022705 -1.016846 0.568237 1.287964 -0.124512 -1.053711
0.047607 -1.006836 0.590210 1.385620 -0.119873 -0.991577
0.099854 -0.949585 0.542358 1.463745 -0.096191 -0.939087
0.046021 -0.892578 0.542480 1.580322 -0.032471 -0.763062
0.044800 -0.807861 0.568481 1.674927 -0.027588 -0.598389
0.041992 -0.743164 0.615356 1.711914 -0.037598 -0.521362
0.027466 -0.700195 0.624146 1.683472 -0.075928 -0.561523
0.049194 -0.652832 0.657104 1.630859 -0.133911 -0.619385
0.066162 -0.627808 0.685059 1.581177 -0.157471 -0.610229
0.158081 -0.652832 0.686768 1.498657 -0.189087 -0.643555
0.203735 -0.627075 0.712891 1.464355 -0.173462 -0.636108
0.194214 -0.592773 0.754883 1.463623 -0.122803 -0.575806
0.206177 -0.570801 0.774170 1.461182 -0.096436 -0.508545
0.192749 -0.547729 0.806641 1.457153 -0.087524 -0.481201
0.164917 -0.494873 0.826904 1.474487 -0.098267 -0.441040
0.193848 -0.451294 0.826172 1.480103 -0.129517 -0.411743
0.233643 -0.454956 0.833008 1.483643 -0.148193 -0.398071
0.299561 -0.463135 0.845093 1.491577 -0.168335 -0.435791
0.338989 -0.447876 0.863525 1.496338 -0.183960 -0.521362
0.332397 -0.408691 0.880615 1.513306 -0.168701 -0.600220
0.242798 -0.303345 0.890991 1.559448 -0.112671 -0.574097
0.217896 -0.242310 0.880005 1.599854 -0.066406 -0.454224
0.182495 -0.135498 0.875000 1.627441 -0.022461 -0.299683
0.134399 -0.053223 0.852783 1.581543 -0.018555 -0.204346
0.207520 -0.079712 0.838379 1.489380 -0.074219 -0.223022
0.183838 -0.013184 0.850342 1.452637 -0.086304 -0.219604
0.127441 0.107788 0.866211 1.411255 -0.083984 -0.145386
0.106201 0.229248 0.839111 1.310181 -0.117432 -0.054565
0.116699 0.321533 0.811523 1.160400 -0.161987 0.014038
0.171265 0.367554 0.781982 0.949951 -0.217041 -0.003174
0.233276 0.365845 0.785278 0.726929 -0.251831 -0.046875
0.272095 0.351440 0.823486 0.534790 -0.246704 -0.059448
0.314697 0.310303 0.879883 0.389648 -0.209473 -0.019653
0.314453 0.283691 0.925903 0.290527 -0.149292 0.064087
0.328125 0.222412 0.943848 0.203979 -0.111206 0.129028
0.373291 0.172241 0.953247 0.135864 -0.105225 0.153198
0.386475 0.164551 0.958374 0.085571 -0.101685 0.137817
0.357788 0.155151 0.966431 0.050781 -0.096191 0.109985
0.367065 0.106689 0.971802 0.012451 -0.120239 0.067627
0.398560 0.071777 0.983398 0.005005 -0.126587 0.060425
0.426758 0.045410 1.001953 0.011963 -0.109619 0.071045
0.435669 0.031250 1.000854 0.010010 -0.090210 0.040771
0.392334 0.049316 0.995239 0.003540 -0.058105 0.015869
0.364136 0.041748 0.991699 -0.004883 -0.032227 0.012939
0.337524 0.061035 0.991943 0.006470 0.001709 0.047363
0.311279 0.074219 0.992310 0.005493 0.014771 0.073975
0.313721 0.071777 0.989990 -0.011597 -0.005371 0.057129
0.328491 0.063965 0.988770 -0.033691 -0.025269 0.032593
0.329956 0.066650 0.997559 -0.043335 -0.030640 0.018799
0.316162 0.079468 0.993896 -0.059204 -0.040894 -0.010986
0.306396 0.069702 0.988525 -0.088013 -0.061890 -0.047485
0.336792 0.054810 0.981567 -0.102173 -0.077881 -0.072144
0.349365 0.051392 0.989990 -0.102905 -0.068481 -0.076172
0.359741 0.034302 0.991455 -0.096558 -0.044067 -0.068237
0.350464 0.039551 0.998413 -0.081421 -0.013428 -0.044556
0.333130 0.039063 1.001587 -0.065430 0.005371 -0.018433
0.328125 0.044067 0.993286 -0.052002 0.010498 0.004639
0.325684 0.043945 0.987793 -0.046021 0.008667 0.016724
0.339355 0.036621 0.983521 -0.050781 -0.000488 0.005859
0.355835 0.007446 0.994263 -0.054932 -0.005493 -0.012939
0.336914 0.019165 1.007202 -0.035156 0.002197 -0.020874
0.308228 0.042603 1.008423 -0.017700 0.002686 -0.014893
0.303345 0.051270 1.000244 -0.021240 -0.012573 -0.017456
0.304199 0.058838 0.985718 -0.024536 -0.027222 -0.022339
0.326294 0.058350 0.978760 -0.032715 -0.038940 -0.030762
0.343750 0.045410 0.977539 -0.048218 -0.043091 -0.049561
0.336426 0.049683 0.989990 -0.050415 -0.029297 -0.053955
0.317017 0.045288 0.993164 -0.054321 -0.022461 -0.051758
0.350342 0.027222 0.999634 -0.057861 -0.030518 -0.053345
0.339844 0.028687 1.002808 -0.047607 -0.020874 -0.045166
0.317261 0.048706 1.001953 -0.031860 -0.012207 -0.033203
0.311768 0.054932 0.991699 -0.035156 -0.019165 -0.029297
0.327271 0.053711 0.982544 -0.049805 -0.027832 -0.029907
0.326904 0.055420 0.979858 -0.059692 -0.029785 -0.028931
0.334839 0.037842 0.987183 -0.068726 -0.028198 -0.027954
0.368896 0.013062 0.994263 -0.067017 -0.017334 -0.015503
0.346924 0.016968 1.006348 -0.052368 0.008789 -0.002319
0.316406 0.024292 1.011719 -0.038818 0.014160 -0.004395
0.318848 0.027954 1.004395 -0.032593 -0.003906 -0.014526
0.321167 0.033569 0.993896 -0.032715 -0.024658 -0.032959
0.322388 0.051758 0.989746 -0.033081 -0.036743 -0.044434
0.328003 0.053223 0.984253 -0.039917 -0.042725 -0.048096
0.333862 0.047852 0.977783 -0.041870 -0.038696 -0.041748
0.339355 0.045898 0.983032 -0.040649 -0.028931 -0.031128
0.346313 0.037231 0.994629 -0.045166 -0.020508 -0.026733
0.345093 0.027466 0.996704 -0.043213 -0.013794 -0.026978
0.338745 0.034180 0.996826 -0.035522 -0.007446 -0.023804
0.330200 0.039795 0.996826 -0.034180 -0.009399 -0.027710
0.323975 0.041504 0.995728 -0.033691 -0.017334 -0.033447
0.321167 0.050903 0.987305 -0.035156 -0.022339 -0.033936
0.316895 0.053345 0.982544 -0.040283 -0.022339 -0.025879
0.324951 0.048096 0.979370 -0.051514 -0.020020 -0.018555
0.346924 0.019897 0.990112 -0.066895 -0.021118 -0.027222
0.353149 0.021118 1.000122 -0.068481 -0.016357 -0.042969
