0.345093 0.166016 0.947510 -0.089478 -0.005493 0.035400
0.338379 0.191895 0.932739 -0.115967 -0.001465 0.050049
0.338745 0.218384 0.900024 -0.156494 0.003296 0.060547
0.339600 0.262085 0.868286 -0.217773 0.023682 0.087158
0.341797 0.301514 0.829956 -0.313477 0.054199 0.129028
0.309937 0.328247 0.803833 -0.434326 0.105713 0.179199
0.286377 0.363037 0.771973 -0.586304 0.123169 0.214355
0.292725 0.369873 0.753174 -0.783569 0.109131 0.231079
0.318970 0.339233 0.733032 -0.993286 0.119385 0.248169
0.324341 0.335938 0.692749 -1.199951 0.150024 0.283569
0.373779 0.292114 0.675659 -1.436157 0.162964 0.303223
0.418213 0.161865 0.694214 -1.651001 0.222412 0.328125
0.432739 0.120117 0.682983 -1.796021 0.330200 0.407593
0.442261 0.044556 0.681274 -1.965332 0.416016 0.461548
0.421387 -0.096802 0.709106 -2.113892 0.486084 0.500732
0.360596 -0.192749 0.719604 -2.184692 0.582275 0.585449
0.313721 -0.261230 0.711060 -2.233032 0.646606 0.679443
0.267578 -0.430298 0.785889 -2.268066 0.664917 0.734619
0.177368 -0.493652 0.803101 -2.225708 0.676392 0.817261
0.186401 -0.612549 0.828125 -2.188599 0.643677 0.877930
0.171143 -0.729858 0.849976 -2.102539 0.640259 0.911987
0.151123 -0.802856 0.853638 -1.976318 0.671387 0.946411
0.126099 -0.866455 0.852539 -1.860718 0.702515 0.921875
0.102417 -0.920654 0.839478 -1.728760 0.707520 0.848633
0.087280 -0.875244 0.784180 -1.580933 0.685059 0.741333
0.088257 -0.942993 0.819824 -1.473755 0.636597 0.581177
0.002197 -0.980835 0.846924 -1.306763 0.615967 0.466309
-0.105957 -0.941772 0.860229 -1.140137 0.600586 0.405640
-0.132324 -0.844604 0.781372 -1.021240 0.566162 0.452637
-0.150635 -0.741943 0.716553 -0.964233 0.575928 0.609009
-0.159790 -0.668213 0.655518 -0.960815 0.571167 0.701294
-0.212891 -0.521362 0.635986 -0.996948 0.575317 0.758789
-0.177734 -0.720337 0.652100 -1.145508 0.641235 0.618164
-0.235718 -0.950928 0.708618 -1.197876 0.544067 0.592407
-0.217041 -1.006226 0.762573 -1.055176 0.351196 0.689941
-0.189087 -1.093140 0.777832 -0.946411 0.218384 0.656372
-0.119629 -1.050537 0.749268 -0.810669 0.135498 0.578979
-0.046021 -1.004639 0.696655 -0.681885 0.084595 0.449463
-0.061157 -0.952637 0.659058 -0.562866 0.077759 0.346313
-0.113403 -0.924194 0.655518 -0.489014 0.077759 0.264282
-0.116455 -0.932007 0.640991 -0.440308 0.051514 0.191162
-0.094116 -0.947998 0.634277 -0.400879 0.040649 0.132568
-0.123535 -0.948242 0.624878 -0.352905 0.058472 0.112183
-0.169067 -0.952759 0.633667 -0.301636 0.063477 0.135010
-0.265991 -1.329834 0.873169 -0.248047 0.015137 0.110474
-0.092896 -1.126709 0.696045 -0.109375 -0.087158 0.050903
-0.000488 -0.786377 0.471802 -0.028809 -0.103394 0.006592
-0.134766 -0.772949 0.488037 -0.025635 -0.035889 0.024048
-0.251465 -0.892090 0.563232 -0.031860 0.015015 0.087280
-0.218506 -0.913452 0.564819 -0.018677 0.004150 0.126709
-0.178955 -0.883057 0.559937 -0.004272 -0.020630 0.113525
-0.223877 -0.878540 0.583496 0.020020 -0.046021 0.082886
-0.264038 -0.905884 0.625122 0.064331 -0.092896 0.092773
-0.245972 -0.946533 0.648560 0.121704 -0.145874 0.132813
-0.238159 -1.033569 0.706421 0.202393 -0.190674 0.166626
-0.182983 -1.111206 0.751099 0.324707 -0.212036 0.191406
-0.109009 -1.124512 0.740234 0.463989 -0.164185 0.183960
-0.074463 -1.134155 0.739624 0.585449 -0.094849 0.106934
-0.140747 -1.009888 0.659668 0.716797 -0.069214 0.002930
-0.144409 -0.838989 0.591797 0.758423 -0.185425 -0.187744
-0.077271 -0.866699 0.648315 0.728882 -0.388306 -0.498413
-0.090698 -0.921021 0.709473 0.757324 -0.506226 -0.749756
-0.163818 -0.945679 0.767334 0.828735 -0.554321 -0.863159
-0.223145 -0.953491 0.823608 0.913574 -0.590210 -0.860107
-0.234619 -0.942505 0.847534 1.026855 -0.618408 -0.764404
-0.221069 -0.909912 0.820801 1.149658 -0.638062 -0.610229
-0.190674 -0.829346 0.774048 1.258789 -0.665894 -0.440674
-0.137817 -0.754883 0.726685 1.322876 -0.694702 -0.311157
-0.022949 -0.703369 0.699585 1.351563 -0.694336 -0.279541
0.054199 -0.680664 0.681274 1.353882 -0.663208 -0.372437
0.061646 -0.702637 0.707153 1.340210 -0.645996 -0.530273
0.109619 -0.735229 0.747192 1.363403 -0.674683 -0.660156
0.123779 -0.706055 0.797729 1.407593 -0.684082 -0.750000
0.067017 -0.614624 0.839722 1.445190 -0.679443 -0.785522
0.030029 -0.502563 0.850342 1.448486 -0.699341 -0.777100
0.051758 -0.406738 0.839355 1.420532 -0.725220 -0.735962
0.092407 -0.321289 0.813965 1.374634 -0.724609 -0.662109
0.150757 -0.299805 0.786011 1.300293 -0.691650 -0.584595
0.247925 -0.327515 0.782837 1.229370 -0.622559 -0.479736
0.328613 -0.348267 0.808960 1.165283 -0.500732 -0.378662
0.356812 -0.363281 0.861450 1.108154 -0.358154 -0.329468
0.342407 -0.342773 0.903442 1.060791 -0.260376 -0.351440
0.308838 -0.296753 0.912842 1.023438 -0.208252 -0.414429
0.267700 -0.256226 0.916992 1.005981 -0.188110 -0.490845
0.162231 -0.185181 0.914551 0.991455 -0.250854 -0.544312
0.130737 -0.139160 0.919800 0.951294 -0.374878 -0.546387
0.141235 -0.105957 0.923584 0.902466 -0.470947 -0.541260
0.202637 -0.111328 0.918091 0.858154 -0.536987 -0.528931
0.320923 -0.132446 0.919189 0.823608 -0.533203 -0.477295
0.396606 -0.164551 0.945557 0.798096 -0.439941 -0.427368
0.397705 -0.126221 0.949585 0.799316 -0.298096 -0.368164
0.333618 -0.042114 0.938965 0.805786 -0.145752 -0.282227
0.229736 0.049438 0.907349 0.773193 -0.068970 -0.218994
0.193115 0.096191 0.879028 0.688721 -0.099121 -0.187012
0.241089 0.093018 0.863892 0.584229 -0.179443 -0.193604
0.283325 0.091064 0.867310 0.499390 -0.239502 -0.219727
0.344482 0.074829 0.883179 0.423340 -0.267212 -0.235352
0.387207 0.067627 0.907837 0.368286 -0.250488 -0.214233
0.409302 0.064209 0.927368 0.322144 -0.194580 -0.168579
0.414551 0.067749 0.936523 0.279541 -0.134521 -0.117920
0.417114 0.088379 0.943604 0.237061 -0.090698 -0.073120
0.403809 0.102905 0.939209 0.197876 -0.049805 -0.028198
0.379395 0.102051 0.939331 0.166870 -0.012329 0.032471
0.367065 0.091431 0.944702 0.132935 0.006470 0.083618
0.371948 0.064697 0.946411 0.092529 0.005615 0.088501
0.366577 0.058472 0.948120 0.050415 -0.013916 0.053101
0.366089 0.042358 0.957764 0.002563 -0.043579 0.006958
0.402710 0.006836 0.954224 -0.032837 -0.064209 -0.031250
0.396973 0.011108 0.965576 -0.038330 -0.044312 -0.055908
0.375244 0.033325 0.961792 -0.040649 -0.010254 -0.068848
0.347534 0.049072 0.950684 -0.049927 0.016602 -0.070679
0.340820 0.037476 0.950317 -0.062378 0.031250 -0.067871
0.312744 0.035278 0.956177 -0.063721 0.037231 -0.049805
0.310181 0.027710 0.971313 -0.061890 0.031982 -0.004883
0.334717 -0.006226 0.994385 -0.064697 0.020996 0.036255
0.385254 -0.049194 1.018555 -0.064453 0.016235 0.043579
0.414307 -0.074097 1.022827 -0.055786 0.024048 0.011597
0.389282 -0.054810 1.026611 -0.033936 0.046021 -0.027954
0.366821 -0.029541 1.006226 -0.012939 0.058594 -0.056274
0.319336 0.003174 1.000732 -0.003052 0.054199 -0.083618
0.281006 0.042236 0.988037 -0.001953 0.028076 -0.096802
0.278564 0.049927 0.974365 -0.012207 -0.005371 -0.090576
0.298462 0.041504 0.966553 -0.027832 -0.022705 -0.070313
0.303955 0.030029 0.969604 -0.042358 -0.017822 -0.045044
0.294556 0.019775 0.977051 -0.049072 -0.006104 -0.023193
0.283081 0.002441 0.985840 -0.054932 -0.006104 -0.004883
0.288086 -0.010132 0.991089 -0.056763 -0.021118 0.008911
0.292114 -0.013672 0.992188 -0.050171 -0.043579 0.017212
0.302856 0.003052 0.987183 -0.038574 -0.064697 0.027588
0.329590 0.016479 0.976074 -0.036743 -0.077759 0.038452
0.403320 -0.045776 0.981201 -0.047729 -0.076782 0.028198
0.454102 -0.064941 1.012939 -0.043945 -0.063599 -0.017334
0.405151 -0.034424 1.035767 -0.030029 -0.032227 -0.062378
0.376587 -0.020630 1.035034 -0.014160 -0.012085 -0.064697
0.358398 -0.005493 1.021240 -0.001709 -0.005737 -0.057373
0.343628 0.015259 1.000610 0.009888 -0.008667 -0.047241
0.333252 0.030396 0.974731 0.011597 -0.021606 -0.034058
0.346069 0.030151 0.963623 0.002075 -0.034180 -0.016724
0.357910 0.017822 0.962524 -0.011963 -0.032837 -0.003418
0.356689 0.011108 0.960815 -0.025513 -0.024048 -0.006470
0.374634 -0.012573 0.971436 -0.031250 -0.023560 -0.015991
0.386963 -0.011108 0.981445 -0.026123 -0.021118 -0.035889
0.358643 0.007935 0.988770 -0.017456 -0.013062 -0.058716
0.341064 0.025635 0.973999 -0.017578 -0.016357 -0.068359
0.343994 0.031494 0.957031 -0.023315 -0.024780 -0.071045
0.340210 0.042114 0.947266 -0.027466 -0.019287 -0.064209
0.325317 0.055908 0.946289 -0.040283 -0.012207 -0.053711
0.310669 0.058350 0.953857 -0.064575 -0.012573 -0.038940
0.297363 0.043335 0.959473 -0.088867 -0.019409 -0.018433
0.317139 0.004395 0.976563 -0.109741 -0.036499 -0.003418
