0.290649 0.025024 0.990356 -0.031860 -0.005859 0.001587
0.290527 0.039185 0.984253 -0.041138 -0.005859 0.007813
0.282715 0.046875 0.974609 -0.055420 0.000854 0.021362
0.292114 0.073242 0.961304 -0.075806 0.011719 0.044312
0.307251 0.113403 0.932495 -0.104980 0.041382 0.079224
0.301514 0.145264 0.913330 -0.158203 0.095337 0.128906
0.284912 0.177002 0.898682 -0.238892 0.151978 0.179443
0.258911 0.198364 0.877197 -0.338013 0.203735 0.222534
0.235718 0.198975 0.849854 -0.452881 0.239990 0.264893
0.249390 0.190796 0.834717 -0.591064 0.264038 0.324097
0.282471 0.194092 0.833984 -0.764404 0.288574 0.343262
0.307373 0.186768 0.804199 -0.955933 0.339966 0.337769
0.322754 0.166626 0.760010 -1.143921 0.429077 0.364624
0.354126 0.117798 0.741699 -1.314575 0.531860 0.419556
0.376709 0.077515 0.725098 -1.482666 0.637817 0.442383
0.317871 0.035278 0.696411 -1.643921 0.730103 0.421997
0.265869 0.049805 0.646240 -1.823486 0.721802 0.366089
0.329712 -0.025513 0.629028 -2.048218 0.644775 0.255127
0.337280 -0.195679 0.654053 -2.226929 0.663330 0.184448
0.278076 -0.242188 0.628296 -2.341064 0.756836 0.224365
0.188477 -0.401855 0.688354 -2.450806 0.815674 0.214233
0.065918 -0.549561 0.735596 -0.583008 0.205322 -0.088257
-0.038818 -0.681519 0.786499 0.067017 0.003174 0.000488
-0.083374 -0.865479 0.849731 0.121094 -0.006104 0.007813
-0.105225 -0.931641 0.812988 -0.097534 0.047363 -0.216919
-0.092651 -1.039429 0.814819 -1.910767 0.587036 0.393921
-0.108521 -1.104736 0.806641 -1.921875 0.546509 0.620117
-0.165771 -1.119019 0.809570 -1.727173 0.421997 0.541870
-0.196655 -1.163574 0.844971 -1.529907 0.288330 0.441650
-0.226807 -1.142700 0.834839 -1.312378 0.199463 0.392456
-0.203491 -1.084351 0.813965 -1.133667 0.129639 0.362915
-0.258667 -0.913330 0.771118 -0.994629 0.099609 0.304321
-0.213989 -0.880249 0.718262 -1.012451 0.105347 0.083496
-0.108765 -1.003784 0.633667 -1.054077 0.082520 -0.050659
-0.058228 -0.919312 0.642944 -0.864746 0.027588 0.110840
-0.068848 -0.892578 0.640381 -0.748169 0.045776 0.198730
-0.080200 -0.879028 0.632080 -0.676392 0.074829 0.240723
-0.060303 -0.875122 0.628784 -0.596802 0.062866 0.256226
-0.078003 -0.907593 0.625488 -0.531006 0.033936 0.244629
-0.099731 -0.933228 0.636963 -0.457397 -0.006470 0.236328
-0.109619 -0.891235 0.603516 -0.385986 -0.055176 0.243652
-0.028687 -0.873657 0.565918 -0.354370 -0.107788 0.222046
0.064331 -0.871704 0.531738 -0.341064 -0.086548 0.176880
0.012451 -0.905884 0.553223 -0.338379 0.008667 0.180786
-0.073364 -0.954346 0.590454 -0.317627 0.056641 0.180176
-0.069580 -1.014648 0.614258 -0.280029 0.036621 0.138184
-0.034546 -1.050171 0.610352 -0.219849 0.013062 0.085693
-0.048462 -1.064331 0.617188 -0.129272 0.015259 0.055908
-0.104248 -1.036621 0.604614 -0.040649 0.025024 0.041870
-0.142456 -0.989990 0.589233 0.019775 -0.013428 0.020020
-0.156006 -0.941650 0.570068 0.069824 -0.065308 0.022095
-0.147095 -0.895386 0.541992 0.099609 -0.080078 0.085449
-0.118164 -0.899414 0.546509 0.098511 -0.065430 0.139282
-0.118164 -0.919800 0.561523 0.099976 -0.044189 0.162231
-0.108887 -0.945190 0.580566 0.114380 -0.031616 0.149902
-0.108398 -0.988525 0.603027 0.137085 -0.012939 0.106689
-0.076538 -1.026001 0.630127 0.190308 0.015503 0.083374
-0.069336 -1.057007 0.654785 0.276489 0.072144 0.068970
-0.079102 -1.116577 0.706421 0.383667 0.127563 0.043945
-0.126587 -1.172119 0.748047 0.529297 0.175537 0.024902
-0.168335 -1.137329 0.732178 0.693237 0.180664 0.006348
-0.223389 -0.949707 0.628052 0.818359 0.105835 -0.069946
-0.213989 -0.751099 0.547974 0.805054 -0.117188 -0.296265
-0.193848 -0.778198 0.599731 0.732056 -0.406616 -0.618042
-0.237061 -0.826050 0.652100 0.742554 -0.591309 -0.779785
-0.270142 -0.857788 0.680908 0.782837 -0.694702 -0.753784
-0.182251 -0.891113 0.712158 0.840698 -0.727051 -0.636353
-0.092285 -0.928467 0.734253 0.947388 -0.684326 -0.488647
-0.021973 -0.899902 0.717407 1.089478 -0.585449 -0.346680
0.033691 -0.852905 0.716553 1.177979 -0.479248 -0.282593
0.110352 -0.800537 0.720581 1.211914 -0.394897 -0.323608
0.130005 -0.776855 0.719727 1.218750 -0.350952 -0.454102
0.094482 -0.723755 0.750977 1.199707 -0.369385 -0.613403
0.072510 -0.702515 0.779541 1.161621 -0.446411 -0.763184
0.087280 -0.671509 0.799316 1.140625 -0.544800 -0.884766
0.146118 -0.728760 0.849731 1.180786 -0.605713 -0.959717
0.111084 -0.677124 0.842407 1.281616 -0.556641 -0.895874
0.167358 -0.615601 0.841064 1.349365 -0.471924 -0.739624
0.135132 -0.554932 0.827393 1.352661 -0.355225 -0.648560
0.147095 -0.533691 0.827881 1.344971 -0.286133 -0.566162
0.149536 -0.496704 0.850098 1.348145 -0.237915 -0.485352
0.183594 -0.484009 0.861938 1.348877 -0.190918 -0.404907
0.230957 -0.507446 0.879517 1.368042 -0.097168 -0.321655
0.198975 -0.476563 0.913818 1.411499 -0.024658 -0.291382
0.160889 -0.452026 0.928345 1.398193 -0.040771 -0.346069
0.072632 -0.401367 0.935791 1.383667 -0.121704 -0.447632
0.090820 -0.382446 0.957031 1.351563 -0.240845 -0.519897
0.178223 -0.340088 0.957153 1.177124 -0.144409 -0.667114
0.154785 -0.261108 0.950439 0.283325 0.331543 -1.106201
0.118042 -0.184692 0.918457 -0.979248 0.260986 -2.343262
0.200073 -0.134155 0.904541 -0.467651 0.065674 -1.857666
0.223389 -0.084351 0.894165 0.055054 -0.011597 -0.318115
0.210327 -0.011353 0.876587 0.114258 -0.018677 -0.031860
0.208008 0.035889 0.874878 0.121094 -0.018921 0.008057
0.223999 0.073486 0.859253 0.121704 -0.018433 0.011230
0.231079 0.093140 0.856934 0.121094 -0.019409 0.008423
0.239014 0.113647 0.859619 0.120972 -0.018555 0.007446
0.247681 0.175293 0.863403 0.121216 -0.019531 0.006958
0.265503 0.177979 0.858521 0.121094 -0.018433 0.006836
0.303955 0.219849 0.865967 0.121338 -0.019165 0.006348
0.298950 0.265137 0.858887 0.120850 -0.018555 0.006592
0.289063 0.288086 0.858521 0.121216 -0.018799 0.006348
0.291748 0.298096 0.864014 0.121216 -0.019287 0.006348
0.293579 0.280029 0.875244 0.121704 -0.019409 0.006226
0.307495 0.225586 0.907837 0.120850 -0.018555 0.006226
0.313354 0.195679 0.943481 0.121094 -0.018677 0.006226
0.311401 0.166382 0.965942 0.120972 -0.018066 0.006470
0.307739 0.139038 0.981934 0.120850 -0.017578 0.006958
0.308472 0.119995 0.984619 0.120239 -0.016602 0.006714
0.294434 0.116821 0.987061 0.120850 -0.016602 0.006592
0.270752 0.118408 0.994385 0.119995 -0.016357 0.006470
0.245239 0.110474 1.005493 0.120850 -0.015991 0.006836
0.216797 0.100098 1.006470 0.120361 -0.014771 0.007080
0.213135 0.080444 1.015503 0.120483 -0.016602 0.006958
0.209351 0.059082 1.026489 0.120483 -0.016357 0.007324
0.244141 0.028687 1.029785 0.120728 -0.017578 0.007690
0.261475 0.019409 1.036865 0.121582 -0.017578 0.008545
0.239746 0.040527 1.031372 0.121338 -0.017700 0.009155
0.212524 0.076538 1.022949 0.121948 -0.018433 0.009888
0.197144 0.095947 1.004272 0.122314 -0.017944 0.009888
0.204956 0.107178 0.992310 0.122925 -0.018188 0.007324
0.213989 0.107666 0.990601 0.122925 -0.018555 0.000977
0.240234 0.097290 0.995728 0.124023 -0.018799 -0.030762
0.284546 0.073608 1.002197 0.123901 -0.018921 -0.090698
0.286377 0.071411 1.014282 0.122803 -0.019287 -0.324829
0.279663 0.067993 1.023438 0.115967 -0.020020 -0.549194
0.293457 0.064209 1.014526 0.085449 -0.018066 -1.336914
0.301514 0.075684 1.002563 0.042114 -0.015137 -1.603149
0.297729 0.097656 0.987549 -0.131592 -0.003174 -2.300537
0.289063 0.109497 0.976318 -0.240479 0.008545 -2.333252
0.287354 0.110962 0.968994 -0.701782 0.056030 -2.284180
0.299072 0.092896 0.977417 -0.801514 0.077026 -2.231812
0.291504 0.092651 0.991699 -1.509399 0.214478 -1.785400
0.279175 0.076660 1.018066 -1.579590 0.266235 -1.677002
0.271484 0.063965 1.026611 -1.983765 0.562866 -1.214478
0.259399 0.063721 1.035767 -1.966675 0.619019 -1.125610
0.270386 0.047974 1.033691 -1.748291 0.913818 -0.806396
0.277100 0.034790 1.035645 -1.692383 0.915405 -0.773438
0.267212 0.032471 1.038574 -1.267578 0.957886 -0.571411
0.269531 0.032837 1.035767 -1.181396 0.932739 -0.538696
0.265625 0.046387 1.030151 -0.809814 0.752441 -0.394897
0.288940 0.040283 1.023071 -0.735596 0.706421 -0.365234
0.296509 0.044922 1.019287 -0.490479 0.492920 -0.271240
0.279053 0.065186 1.015991 -0.439819 0.459595 -0.262451
0.262207 0.088013 1.001343 -0.316772 0.325195 -0.214233
0.264404 0.078247 0.994019 -0.301270 0.296753 -0.209473
0.249268 0.099243 0.984985 -0.216187 0.196777 -0.165039
0.218750 0.118652 0.976196 -0.199951 0.171143 -0.138306
0.211670 0.118286 0.965210 -0.159912 0.105469 -0.083740
0.213379 0.111328 0.960449 -0.160278 0.092163 -0.050415
