0.287476 0.038574 1.015747 0.009521 -0.011230 0.023071
0.282471 0.048340 1.020508 0.018677 -0.004639 0.015869
0.279785 0.051514 1.010010 0.025391 -0.008789 -0.007690
0.276367 0.056396 1.011353 0.031860 -0.024170 -0.029907
0.272583 0.074707 1.007446 0.038574 -0.035034 -0.041138
0.264404 0.085693 1.006226 0.034424 -0.039551 -0.041382
0.250732 0.095215 1.007324 0.022827 -0.049072 -0.036621
0.239868 0.112549 1.008545 0.008301 -0.067139 -0.027100
0.223022 0.138062 1.007690 -0.008057 -0.089600 -0.014648
0.216064 0.158081 0.996216 -0.037476 -0.122925 0.006470
0.251221 0.170776 0.980347 -0.077881 -0.141235 0.058594
0.279053 0.213867 0.938965 -0.138428 -0.120605 0.085449
0.277344 0.249512 0.900757 -0.249634 -0.073730 0.082153
0.277954 0.266724 0.864136 -0.414429 -0.046875 0.079956
0.261963 0.341797 0.765259 -0.625244 -0.022217 0.100830
0.272949 0.427979 0.681885 -0.930176 -0.005981 0.126221
0.356201 0.419922 0.627319 -1.315552 0.018799 0.098389
0.424316 0.345093 0.557983 -1.662476 0.121704 0.080444
0.385986 0.315674 0.512207 -1.968262 0.335693 0.168335
0.252563 0.180542 0.592285 -2.257813 0.525146 0.270142
0.138794 -0.016846 0.684204 -2.443604 0.654419 0.410278
0.000122 -0.171997 0.749146 -2.514771 0.700562 0.557739
-0.038208 -0.279053 0.757202 -2.544678 0.590454 0.647339
0.027222 -0.529785 0.825562 -2.546997 0.387939 0.662354
0.118164 -0.587158 0.804810 -2.360596 0.279297 0.739502
0.140381 -0.601440 0.774170 -2.164673 0.290283 0.815674
0.112427 -0.659912 0.779297 -2.010010 0.317261 0.865479
0.191040 -0.753906 0.792114 -1.844360 0.327637 0.889160
0.182861 -0.837646 0.801270 -1.661865 0.422852 0.917480
0.174072 -0.911377 0.832886 -1.512817 0.508179 0.914917
0.117920 -1.006592 0.918335 -1.367554 0.516113 0.813599
0.090454 -1.132690 1.020874 -1.188110 0.396118 0.572021
0.092407 -1.173462 1.042969 -0.935059 0.176514 0.206909
0.102417 -1.064331 0.977051 -0.665649 -0.037476 -0.136353
0.090576 -0.865234 0.839233 -0.475098 -0.145386 -0.332764
0.043213 -0.670410 0.741089 -0.402344 -0.118408 -0.306885
0.007935 -0.571655 0.674683 -0.421753 -0.021362 -0.151978
0.013916 -0.565308 0.685181 -0.493774 0.135010 0.113770
-0.010010 -0.646606 0.746216 -0.567261 0.283569 0.344971
-0.006714 -0.765259 0.842041 -0.598267 0.334961 0.449219
-0.000122 -0.863159 0.880737 -0.562256 0.297607 0.408569
0.030640 -0.946167 0.913330 -0.487915 0.187500 0.244263
0.085205 -1.100830 0.973999 -0.392090 0.053101 -0.023682
0.073853 -1.460571 1.204712 -0.270020 -0.077393 -0.293457
0.184937 -0.961304 0.789795 -0.057983 -0.145142 -0.377686
0.025635 -0.560913 0.598877 -0.023193 0.034668 -0.190674
-0.078735 -0.540649 0.623291 -0.112549 0.137451 0.017822
0.013428 -0.725708 0.696533 -0.179443 0.127319 0.130493
0.091675 -0.877075 0.770996 -0.177124 0.058838 0.115356
0.091553 -0.882690 0.765503 -0.110474 -0.019287 0.014648
0.039673 -0.794556 0.707153 -0.033569 -0.059814 -0.081909
0.000366 -0.823120 0.757690 0.015869 -0.072144 -0.162231
0.058472 -0.829346 0.771362 0.093872 -0.089600 -0.224976
0.094238 -0.720215 0.691895 0.174683 -0.052490 -0.227051
0.067749 -0.731567 0.746216 0.191528 0.020386 -0.166382
0.022705 -0.721313 0.753540 0.208984 0.070068 -0.075195
0.061523 -0.736084 0.793457 0.205322 0.041992 -0.023438
0.051514 -0.770386 0.835815 0.214966 0.023071 0.003906
0.005859 -0.833496 0.891357 0.252686 0.020386 0.049194
-0.003662 -0.903809 0.923706 0.325073 0.005737 0.088623
0.009888 -0.910645 0.872803 0.421875 -0.000732 0.108521
0.077881 -0.915161 0.846924 0.503296 0.007080 0.098022
0.039673 -0.779907 0.703979 0.568848 0.027466 0.067627
0.059692 -0.753174 0.738525 0.542236 -0.033447 0.000854
0.012817 -0.790161 0.808350 0.548340 -0.068726 -0.069946
-0.035522 -0.763550 0.833984 0.596680 -0.058716 -0.061035
-0.051270 -0.799438 0.902588 0.645874 -0.077148 -0.056396
-0.054443 -0.867188 0.984619 0.747437 -0.103027 -0.048584
-0.039185 -0.882690 1.000488 0.915405 -0.093628 0.009644
-0.049438 -0.880859 0.995605 1.079346 -0.091919 0.063477
-0.023682 -0.838989 0.953003 1.222534 -0.130371 0.116821
0.040405 -0.793823 0.908691 1.317749 -0.183228 0.101563
0.092407 -0.748047 0.877441 1.383301 -0.224365 0.008057
0.085083 -0.692871 0.868896 1.447388 -0.248779 -0.093384
0.092896 -0.626465 0.868896 1.498535 -0.280762 -0.188965
0.069824 -0.573608 0.864380 1.538208 -0.312500 -0.264771
0.126953 -0.530151 0.859009 1.593384 -0.343750 -0.275391
0.184326 -0.536865 0.869019 1.674927 -0.327026 -0.271973
0.214478 -0.486450 0.856201 1.752197 -0.291748 -0.287964
0.216309 -0.418701 0.886597 1.798828 -0.241943 -0.362793
0.156616 -0.360718 0.893921 1.806396 -0.176147 -0.517578
0.012085 -0.289917 0.875732 1.776611 -0.217407 -0.656616
-0.050537 -0.130859 0.872192 1.712769 -0.374512 -0.685547
-0.062622 -0.037842 0.845337 1.599731 -0.536865 -0.716797
0.005615 0.009521 0.808350 1.490845 -0.650513 -0.707642
0.050171 0.061768 0.790405 1.406738 -0.646729 -0.635742
0.069946 0.159424 0.784668 1.322021 -0.546997 -0.465576
0.064697 0.265259 0.787476 1.193726 -0.449463 -0.306152
0.096436 0.353027 0.771240 1.030518 -0.406738 -0.205444
0.130737 0.356934 0.770630 0.839233 -0.382813 -0.155029
0.165039 0.328491 0.796509 0.646118 -0.373657 -0.130615
0.155762 0.321045 0.835449 0.479736 -0.382202 -0.119751
0.156616 0.298706 0.886841 0.334229 -0.424438 -0.126709
0.226074 0.233032 0.917236 0.225464 -0.462769 -0.118042
0.305542 0.158081 0.954102 0.171875 -0.438599 -0.085327
0.383179 0.107422 0.982300 0.172241 -0.356567 -0.033447
0.397217 0.129517 0.983521 0.183838 -0.240601 0.014404
0.364380 0.182617 0.970703 0.162231 -0.140259 0.034912
0.359741 0.195068 0.950073 0.110474 -0.095581 0.016846
0.381348 0.181885 0.953003 0.060059 -0.068726 -0.007690
0.373291 0.170532 0.962158 0.009766 -0.043701 -0.037720
0.331787 0.165649 0.980591 -0.040405 -0.038696 -0.072754
0.293579 0.147339 1.005615 -0.079224 -0.055420 -0.084961
0.283447 0.108032 1.017700 -0.099731 -0.078857 -0.071411
0.341309 0.054810 1.015503 -0.089478 -0.083496 -0.038818
0.386963 0.029419 1.017334 -0.074463 -0.047852 -0.024170
0.355469 0.057495 1.007080 -0.057495 -0.000122 -0.040283
0.322144 0.068604 1.005615 -0.053101 0.029907 -0.052612
0.267578 0.077271 1.020386 -0.050049 0.039917 -0.055176
0.228882 0.083130 1.035278 -0.045654 0.013794 -0.061279
0.227173 0.078491 1.035400 -0.036255 -0.043091 -0.070557
0.231201 0.077515 1.026611 -0.016479 -0.095703 -0.070801
0.258057 0.079956 1.009644 0.004761 -0.134399 -0.067871
0.283447 0.081665 0.993652 0.018311 -0.155518 -0.070313
0.303589 0.086426 0.986328 0.029907 -0.147705 -0.065674
0.318726 0.097168 0.978027 0.028198 -0.117554 -0.058105
0.308594 0.103760 0.962646 0.016602 -0.077881 -0.064941
0.277222 0.122559 0.958862 0.011230 -0.038452 -0.062744
0.258057 0.135132 0.954590 -0.011719 -0.000244 -0.042480
0.255737 0.132080 0.955811 -0.040527 0.022217 -0.023315
0.240356 0.131958 0.955322 -0.058594 0.023438 -0.019043
0.231812 0.115234 0.967773 -0.075562 0.013428 -0.008789
0.231689 0.104004 0.984619 -0.080933 -0.005737 0.004517
0.249146 0.086670 1.000244 -0.083130 -0.029785 0.011108
0.287109 0.050171 1.013794 -0.082642 -0.044189 0.010376
0.309570 0.043823 1.027832 -0.068115 -0.037842 0.003418
0.300781 0.051025 1.031250 -0.056885 -0.023438 -0.008667
0.298096 0.062134 1.033691 -0.049194 -0.016113 -0.012573
0.297607 0.052856 1.036133 -0.042480 -0.010254 -0.007690
0.309937 0.043579 1.039307 -0.029541 -0.002808 0.003418
0.297974 0.052246 1.035034 -0.015015 0.008057 0.007446
0.283081 0.069336 1.026489 -0.000977 0.009766 0.003174
0.276123 0.084717 1.020996 0.008667 0.004150 0.002441
0.286255 0.087891 1.004272 0.014282 -0.009399 -0.006470
0.301025 0.093018 0.981445 0.011475 -0.023315 -0.026123
0.303101 0.094360 0.975342 0.007568 -0.020752 -0.042725
0.298340 0.102051 0.966553 -0.000488 -0.016113 -0.049805
0.298340 0.102783 0.973633 -0.011719 -0.015381 -0.056030
0.294434 0.107910 0.969971 -0.025024 -0.015625 -0.056885
0.288330 0.116333 0.975098 -0.036377 -0.012573 -0.048462
0.290771 0.107544 0.977905 -0.044922 -0.010620 -0.041138
0.287598 0.102661 0.988892 -0.049316 -0.007080 -0.038452
0.293579 0.095215 0.991089 -0.052002 -0.002319 -0.039429
0.281372 0.093262 1.000244 -0.048096 0.005127 -0.044189
0.262085 0.095825 1.001221 -0.044922 0.010864 -0.043701
0.267700 0.083618 0.995850 -0.043945 0.004761 -0.041504
0.262329 0.083618 0.998169 -0.035767 -0.002563 -0.044189
0.250244 0.097656 0.994751 -0.032959 -0.010010 -0.044556
0.241089 0.107666 0.993774 -0.037476 -0.020264 -0.034790
0.245972 0.101807 0.995117 -0.046143 -0.033325 -0.017334
