0.383545 0.050293 0.979370 0.024048 -0.030396 -0.026855
0.382446 0.064453 0.975952 0.028442 -0.029541 -0.035889
0.381470 0.072510 0.963989 0.023926 -0.028564 -0.045898
0.373291 0.079102 0.959961 0.015747 -0.018066 -0.045654
0.346924 0.092041 0.955200 0.002319 -0.000854 -0.032959
0.332764 0.107422 0.952148 -0.016846 0.009399 -0.012939
0.323364 0.119629 0.936890 -0.042603 0.011475 0.005859
0.326660 0.138428 0.917847 -0.078247 0.004883 0.018066
0.336182 0.148926 0.896362 -0.136230 -0.004761 0.013550
0.323608 0.179443 0.866455 -0.202271 0.004639 0.020020
0.285400 0.213623 0.846558 -0.281372 0.020264 0.041138
0.239746 0.280884 0.805420 -0.389404 0.023560 0.071411
0.221191 0.344116 0.739624 -0.552124 -0.021362 0.081421
0.283569 0.340332 0.703979 -0.768188 -0.092041 0.068115
0.390381 0.368164 0.640625 -0.990967 -0.068359 0.114746
0.470825 0.333496 0.601196 -1.247314 0.099487 0.250000
0.459839 0.313721 0.533203 -1.519409 0.335449 0.425537
0.434448 0.230469 0.522095 -1.815796 0.550903 0.576660
0.362427 0.115967 0.543335 -2.077515 0.703125 0.665039
0.250366 -0.017212 0.628418 -2.254272 0.787231 0.735840
0.100342 -0.141724 0.719849 -2.353149 0.819214 0.840820
0.031738 -0.255493 0.757690 -2.410522 0.800171 0.985962
0.031250 -0.440674 0.793457 -2.441040 0.713989 1.058838
0.031128 -0.573364 0.810303 -2.368042 0.684204 1.180176
0.050293 -0.706665 0.826904 -2.261475 0.735962 1.361816
0.045532 -0.868286 0.872314 -2.137695 0.821655 1.523315
0.044800 -1.055298 0.921509 -1.962646 0.917358 1.616943
0.050049 -1.114258 0.907837 -1.750122 0.962646 1.607300
0.010010 -1.252808 0.982910 -1.526489 0.884399 1.381836
0.011475 -1.316895 1.036133 -1.241577 0.696655 1.022217
-0.032227 -1.309082 1.057251 -0.941895 0.475952 0.605957
-0.093994 -1.194946 1.033569 -0.655762 0.266846 0.254272
-0.202271 -1.019775 0.995605 -0.431763 0.068848 -0.022949
-0.158813 -0.736328 0.896118 -0.297729 -0.102051 -0.215332
-0.037476 -0.716797 0.778442 -0.277832 -0.116211 -0.302734
-0.009033 -0.448120 0.661499 -0.275879 -0.063843 -0.092896
-0.039917 -0.318237 0.589844 -0.367798 0.093994 0.219360
-0.097046 -0.344116 0.604126 -0.503906 0.235474 0.495605
-0.121338 -0.442871 0.641724 -0.608032 0.286865 0.666260
-0.121460 -0.603271 0.709961 -0.669800 0.248047 0.695068
-0.170898 -0.823975 0.801758 -0.680542 0.164063 0.624268
-0.122192 -1.016479 0.869995 -0.620117 0.010376 0.448242
-0.004517 -1.101685 0.864380 -0.497192 -0.119873 0.192993
0.048950 -1.027100 0.815186 -0.349487 -0.161987 -0.023071
0.008667 -0.819702 0.735474 -0.238525 -0.103882 -0.085938
-0.043091 -0.724609 0.705811 -0.224365 -0.011108 -0.016724
-0.072754 -0.691772 0.687744 -0.262939 0.062622 0.099121
-0.127686 -0.763916 0.719116 -0.307739 0.118652 0.195923
-0.184082 -0.857544 0.750488 -0.312500 0.122437 0.259644
-0.156494 -0.934326 0.775757 -0.288696 0.039063 0.210693
-0.107300 -0.975464 0.770020 -0.237061 -0.051880 0.083862
-0.079712 -0.961060 0.759766 -0.161865 -0.097900 -0.026733
-0.089355 -0.908691 0.742188 -0.088745 -0.105835 -0.097168
-0.078125 -0.867065 0.739624 -0.040527 -0.109619 -0.125732
-0.053711 -0.847290 0.735718 -0.010254 -0.111572 -0.130859
-0.030884 -0.833252 0.732666 0.010254 -0.088623 -0.110107
-0.066040 -0.838623 0.757446 0.027832 -0.038330 -0.047485
-0.105225 -0.860840 0.782837 0.062378 -0.004517 0.032227
-0.103027 -0.851929 0.756226 0.107666 -0.009399 0.075195
-0.075928 -0.871582 0.756714 0.141968 -0.036865 0.072144
-0.094116 -0.888184 0.752930 0.195313 -0.051147 0.060181
-0.082642 -0.909302 0.757690 0.246704 -0.062134 0.057739
-0.075562 -1.011108 0.816772 0.312012 -0.074341 0.005127
-0.114014 -1.071899 0.876221 0.436401 -0.077148 -0.054810
-0.151733 -1.105103 0.928345 0.595215 -0.083618 -0.097656
-0.140259 -1.066406 0.919678 0.769409 -0.086792 -0.110474
-0.112061 -0.971558 0.866089 0.911987 -0.088989 -0.144775
-0.105225 -0.852295 0.792969 1.012817 -0.132690 -0.224487
-0.160278 -0.715820 0.724121 1.051636 -0.256348 -0.361328
-0.156860 -0.609131 0.697144 1.011353 -0.487671 -0.531860
-0.153687 -0.656738 0.770386 0.953125 -0.717896 -0.707886
-0.167725 -0.727905 0.843140 0.966675 -0.876831 -0.793457
-0.167603 -0.780640 0.900513 1.043457 -0.973145 -0.755615
-0.027588 -0.830322 0.937622 1.183838 -0.985962 -0.629150
0.158081 -0.851196 0.925171 1.337402 -0.869629 -0.538086
0.225586 -0.812744 0.905029 1.477051 -0.677490 -0.525757
0.205933 -0.698364 0.883179 1.591187 -0.517822 -0.536377
0.107178 -0.567749 0.864990 1.640381 -0.457764 -0.601440
0.022705 -0.462158 0.847046 1.630981 -0.542114 -0.722534
0.004883 -0.372437 0.836304 1.586670 -0.731445 -0.865112
0.058838 -0.354126 0.809082 1.546021 -0.931274 -0.997925
0.152100 -0.306885 0.785889 1.526611 -0.989502 -1.008667
0.271606 -0.286011 0.770508 1.491577 -0.891235 -0.895142
0.337524 -0.268555 0.761719 1.441406 -0.692749 -0.758057
0.374634 -0.270630 0.799438 1.399048 -0.457153 -0.652954
0.335449 -0.202148 0.842651 1.388550 -0.270752 -0.589844
0.217041 -0.113647 0.873047 1.361450 -0.160400 -0.569092
0.128784 -0.056030 0.871704 1.298584 -0.177002 -0.595459
0.102539 -0.054810 0.887085 1.208984 -0.352295 -0.655029
0.168335 -0.064819 0.896851 1.143799 -0.585938 -0.728271
0.328369 -0.111206 0.906250 1.114868 -0.750244 -0.807373
0.447144 -0.106689 0.911987 1.117188 -0.767822 -0.844849
0.450073 -0.038940 0.917114 1.131104 -0.653442 -0.824951
0.435303 0.060181 0.902100 1.131836 -0.491943 -0.727539
0.395264 0.141479 0.858521 1.099365 -0.341553 -0.617188
0.326538 0.198486 0.827881 1.047485 -0.242310 -0.528320
0.278564 0.266602 0.797974 0.979858 -0.228638 -0.472656
0.276855 0.305176 0.786011 0.879761 -0.265015 -0.440796
0.286133 0.319214 0.803833 0.785156 -0.309204 -0.433838
0.289307 0.360229 0.812012 0.707153 -0.350220 -0.426025
0.316772 0.375000 0.821777 0.620972 -0.364990 -0.385498
0.384277 0.375610 0.825073 0.538086 -0.354370 -0.322021
0.434692 0.383423 0.820313 0.450928 -0.305664 -0.255249
0.464722 0.393311 0.812988 0.357666 -0.236084 -0.200684
0.468262 0.390625 0.811523 0.261597 -0.160400 -0.160278
0.471069 0.360107 0.822388 0.181763 -0.088867 -0.097168
0.458984 0.343750 0.844116 0.132202 -0.013306 -0.016113
0.421631 0.341309 0.863770 0.093628 0.050171 0.040527
0.427612 0.308105 0.876099 0.052124 0.063965 0.068604
0.456177 0.264160 0.896606 0.018799 0.064575 0.057861
0.448486 0.242310 0.916748 0.002319 0.055908 0.009155
0.411499 0.256348 0.937744 -0.002319 0.025635 -0.039917
0.391479 0.270264 0.929688 -0.004395 -0.016113 -0.067505
0.407349 0.263672 0.909546 -0.003662 -0.042358 -0.065308
0.424683 0.266968 0.900879 -0.004150 -0.039917 -0.043701
0.445313 0.263184 0.896851 -0.015747 -0.020020 -0.029175
0.442993 0.252930 0.909302 -0.027710 0.012329 -0.028442
0.417725 0.251343 0.917236 -0.030273 0.041138 -0.026611
0.394775 0.246704 0.924683 -0.030884 0.049438 -0.026978
0.372192 0.248413 0.929077 -0.029541 0.031006 -0.040283
0.359253 0.258423 0.925293 -0.029175 -0.000122 -0.053955
0.363281 0.261963 0.918457 -0.031738 -0.023682 -0.052979
0.369263 0.268799 0.916870 -0.033203 -0.032837 -0.038086
0.364380 0.271851 0.919434 -0.042114 -0.035522 -0.018188
0.360352 0.274658 0.913818 -0.057617 -0.043457 0.004883
0.384277 0.248779 0.923950 -0.075317 -0.051147 0.027832
0.413330 0.230713 0.929443 -0.084839 -0.053101 0.042236
0.427368 0.211304 0.937744 -0.080200 -0.037842 0.057129
0.430054 0.201294 0.956055 -0.070801 -0.023560 0.066284
0.436401 0.183960 0.964966 -0.056885 -0.023804 0.051514
0.444824 0.180420 0.962891 -0.033813 -0.035645 0.016357
0.440674 0.204956 0.951172 -0.012085 -0.046997 -0.013306
0.422607 0.235718 0.931274 -0.001221 -0.052002 -0.032104
0.416992 0.258057 0.906128 -0.001221 -0.053223 -0.035645
0.411255 0.279541 0.887451 -0.007080 -0.053711 -0.032959
0.394165 0.297241 0.879517 -0.027832 -0.058105 -0.032959
0.365967 0.313965 0.871216 -0.055908 -0.069946 -0.026123
0.352783 0.307861 0.870728 -0.086426 -0.091431 -0.012207
0.372803 0.267456 0.869263 -0.117798 -0.116089 0.009277
0.417969 0.231812 0.883667 -0.131592 -0.125366 0.035645
0.450439 0.206543 0.904419 -0.130371 -0.112915 0.053467
0.462646 0.207520 0.927124 -0.121338 -0.078369 0.072754
0.467163 0.199097 0.941406 -0.114990 -0.031982 0.063232
0.443481 0.185547 0.949463 -0.109131 -0.004395 0.029541
0.429565 0.185913 0.954102 -0.100952 -0.005615 0.003784
0.416992 0.194824 0.950562 -0.094727 -0.020630 -0.024170
0.410156 0.207275 0.947632 -0.086914 -0.037231 -0.039185
0.420532 0.208740 0.942139 -0.076538 -0.046875 -0.030396
0.434814 0.202271 0.937012 -0.070557 -0.042114 -0.009033
0.449463 0.187500 0.944214 -0.068481 -0.029419 0.005249
