0.348267 0.215454 0.910400 -0.067505 0.016235 -0.038330
0.351440 0.263794 0.883057 -0.124756 0.043701 -0.000977
0.344604 0.327148 0.847046 -0.212891 0.079590 0.049438
0.347290 0.380859 0.801880 -0.336426 0.113892 0.104980
0.349609 0.438110 0.740967 -0.491943 0.134766 0.130737
0.316772 0.472290 0.713989 -0.691040 0.180176 0.180054
0.289917 0.525391 0.668457 -0.930664 0.215698 0.275635
0.254883 0.580811 0.609863 -1.214478 0.206055 0.321899
0.274292 0.571777 0.514282 -1.544189 0.130005 0.284790
0.361328 0.528198 0.469604 -1.898926 0.108154 0.298096
0.394531 0.485840 0.400024 -2.221313 0.201172 0.394287
0.392334 0.526611 0.259277 -2.575562 0.338501 0.513672
0.398438 0.425659 0.151855 -2.993652 0.446533 0.614014
0.279175 0.176025 0.169067 -3.364380 0.556763 0.692017
0.054321 -0.109009 0.296753 -3.599976 0.643799 0.838501
-0.268799 -0.465820 0.485229 -3.741699 0.659912 1.103394
-0.388062 -0.913940 0.696533 -3.749878 0.518066 1.374634
-0.220459 -1.229492 0.681519 -3.579468 0.347778 1.640137
0.196777 -1.484863 0.599854 -3.328857 0.321655 1.918701
0.375977 -1.603882 0.618164 -3.067871 0.523804 2.003784
0.315186 -1.805176 0.621704 -2.841553 0.705078 1.791992
-0.081055 -2.001221 0.882690 -2.320313 0.774658 1.569702
-0.237915 -2.161743 1.034668 -1.766968 0.480103 0.973877
-0.197144 -2.035522 0.991455 -1.194214 0.119873 0.375244
-0.091309 -1.618896 0.795654 -0.710693 -0.123413 -0.065308
-0.067261 -1.107666 0.637329 -0.405396 -0.225342 -0.284912
-0.123413 -0.685547 0.518311 -0.277344 -0.241943 -0.288818
-0.137939 -0.458984 0.468018 -0.317627 -0.222412 -0.144531
-0.094482 -0.460571 0.473633 -0.467773 -0.186157 0.060669
-0.028320 -0.614258 0.492798 -0.625000 -0.135620 0.250488
0.080688 -0.794678 0.520874 -0.713989 -0.072876 0.406616
0.072021 -0.979980 0.574463 -0.746704 0.029053 0.497803
0.039551 -1.173340 0.624634 -0.713013 0.079956 0.467041
0.057983 -1.344971 0.667114 -0.575195 0.065186 0.342041
0.086548 -1.398560 0.639526 -0.344360 0.019287 0.171875
0.046265 -1.286743 0.615112 -0.089600 -0.008057 0.056396
0.002075 -1.117065 0.562134 0.078613 -0.045044 -0.032715
-0.053101 -0.976929 0.526245 0.160278 -0.083618 -0.040405
0.029297 -0.852417 0.453003 0.167358 -0.136963 -0.022217
0.132202 -0.841064 0.409546 0.111450 -0.115845 0.007080
0.100220 -0.934326 0.475342 0.076660 -0.026855 0.094971
0.013306 -1.054321 0.570068 0.110474 0.043945 0.182007
0.014526 -1.226074 0.660278 0.201172 0.057007 0.220947
0.022095 -1.418091 0.743530 0.392822 0.107910 0.311401
-0.031250 -1.493042 0.772095 0.699585 0.202759 0.455444
-0.087158 -1.404541 0.754150 1.003906 0.199341 0.457397
-0.136719 -1.306519 0.725708 1.219604 0.052002 0.215942
-0.177490 -1.174805 0.707275 1.399414 -0.158203 -0.097412
-0.123779 -1.033813 0.648926 1.518555 -0.360474 -0.396484
-0.035400 -0.997803 0.638672 1.559448 -0.482178 -0.721313
0.047974 -1.023071 0.642822 1.583862 -0.565796 -1.070190
0.048218 -0.999512 0.639404 1.653564 -0.594604 -1.315674
0.005005 -0.931519 0.662964 1.775269 -0.601318 -1.388672
0.084351 -0.968384 0.712891 1.879028 -0.618408 -1.388550
0.186646 -0.930542 0.707642 2.005127 -0.566284 -1.308838
0.123901 -0.818359 0.736328 2.129272 -0.383911 -1.080933
0.087280 -0.717041 0.741211 2.194458 -0.270996 -0.901367
0.172363 -0.649658 0.724487 2.186279 -0.206787 -0.890503
0.220459 -0.608154 0.703735 2.148438 -0.164063 -0.954102
0.186890 -0.603394 0.758789 2.141602 -0.154541 -1.010376
0.176514 -0.559326 0.775391 2.195679 -0.178223 -1.040527
0.114258 -0.434570 0.806152 2.299072 -0.182617 -0.981567
0.070190 -0.322388 0.826782 2.362549 -0.206543 -0.863037
0.084717 -0.177979 0.786255 2.376343 -0.258911 -0.718506
0.045532 0.031250 0.723877 2.312378 -0.325317 -0.603271
0.044922 0.188843 0.651611 2.139526 -0.413696 -0.548950
0.058594 0.282227 0.624634 1.891968 -0.518555 -0.580078
0.086060 0.330322 0.604736 1.634888 -0.606079 -0.631104
0.117676 0.401123 0.619995 1.407715 -0.635864 -0.590088
0.187866 0.423340 0.655762 1.169800 -0.606201 -0.492676
0.262207 0.409790 0.697266 0.943726 -0.515137 -0.351318
0.342163 0.382935 0.748901 0.738892 -0.391846 -0.193970
0.371948 0.338867 0.813354 0.584595 -0.264160 -0.045654
0.362427 0.297852 0.858643 0.471558 -0.194458 0.048096
0.366943 0.270020 0.899048 0.400757 -0.189941 0.103638
0.405762 0.201538 0.932373 0.323853 -0.222534 0.068848
0.444824 0.134277 0.956421 0.274170 -0.249634 0.004761
0.458862 0.131226 0.975952 0.277222 -0.260620 -0.035400
0.456421 0.157471 0.969727 0.283203 -0.275879 -0.064819
0.464844 0.190308 0.938110 0.272217 -0.278809 -0.061279
0.471069 0.223755 0.908936 0.236694 -0.252808 -0.042603
0.466675 0.261597 0.887695 0.181763 -0.219482 -0.038330
0.469116 0.282837 0.869385 0.109375 -0.194214 -0.050781
0.506592 0.272217 0.861572 0.019165 -0.160767 -0.076538
0.494751 0.252930 0.882568 -0.051392 -0.088135 -0.074341
0.452393 0.212280 0.919189 -0.094116 -0.020264 -0.048218
0.417114 0.168701 0.949341 -0.114258 0.002319 -0.037231
0.401001 0.132446 0.972046 -0.104736 -0.002441 -0.022705
0.405151 0.104980 0.976318 -0.070679 -0.012939 0.011108
0.429443 0.093262 0.978271 -0.045044 -0.027100 0.003662
0.420410 0.115967 0.968994 -0.029907 -0.022949 -0.031616
0.401367 0.130249 0.954346 -0.025513 -0.010620 -0.037109
0.373169 0.140747 0.946289 -0.030518 0.002930 -0.029297
0.343750 0.152832 0.943604 -0.033081 0.008179 -0.004028
0.348633 0.142456 0.951782 -0.046387 -0.003662 0.012573
0.367188 0.125366 0.956055 -0.061279 -0.024048 0.013062
0.394653 0.118286 0.968628 -0.066772 -0.035889 0.005981
0.412598 0.109131 0.971191 -0.067627 -0.038330 0.000244
0.410278 0.113403 0.968628 -0.048462 -0.023804 0.007568
0.404785 0.122070 0.963501 -0.035400 -0.015747 0.003540
0.398193 0.129517 0.957642 -0.034546 -0.022705 -0.011353
0.400635 0.119385 0.961792 -0.028076 -0.024780 -0.011353
0.393921 0.129395 0.963867 -0.019287 -0.027588 -0.006226
0.394043 0.137329 0.955933 -0.010742 -0.032715 0.011108
0.394897 0.132324 0.953979 -0.005615 -0.038330 0.024902
0.414551 0.134521 0.944214 -0.006104 -0.041138 0.030884
0.436279 0.117188 0.942505 -0.009277 -0.037109 0.023560
0.424194 0.122437 0.950806 -0.000488 -0.019409 0.022705
0.395508 0.141113 0.950928 0.007324 -0.001831 0.031006
0.390015 0.138550 0.935669 -0.000732 -0.015503 0.022705
0.424316 0.137817 0.929077 -0.016113 -0.053345 -0.009399
0.444336 0.133301 0.941528 -0.026855 -0.073364 -0.032104
0.443481 0.129761 0.962769 -0.011719 -0.045044 0.001099
0.432861 0.144165 0.973877 0.016235 -0.003418 0.071777
0.432983 0.133911 0.976807 0.007813 0.014160 0.084717
0.444336 0.123169 0.969971 -0.007324 0.026245 0.063599
0.430420 0.126465 0.966064 -0.009277 0.045776 0.052856
0.419922 0.109985 0.967407 -0.011475 0.060547 0.042114
0.405273 0.106689 0.978149 -0.005249 0.065796 0.036499
0.391235 0.103882 0.979980 -0.003052 0.051270 0.017090
0.386719 0.108032 0.978027 0.001587 0.024902 -0.010986
0.394409 0.123169 0.959839 0.013794 0.007202 -0.022461
0.396851 0.135010 0.948242 0.021729 0.005249 -0.020142
0.394897 0.133057 0.941162 0.021973 0.009644 -0.018799
0.365723 0.153687 0.933960 0.034302 0.030029 0.014526
0.366821 0.152100 0.938965 0.031982 0.033325 0.042725
0.384155 0.146484 0.935547 0.015625 0.025146 0.040527
0.397339 0.134766 0.938843 0.002197 0.024536 0.041016
0.402222 0.128662 0.948853 0.000366 0.034180 0.040649
0.388428 0.139282 0.953003 -0.000610 0.041382 0.031494
0.378052 0.143555 0.952271 -0.012329 0.027222 0.002686
0.378906 0.150024 0.956787 -0.017212 0.007568 -0.012939
0.378296 0.161865 0.952759 -0.020142 -0.011353 -0.014526
0.401489 0.153320 0.953369 -0.025024 -0.027100 -0.009521
0.413208 0.142700 0.958496 -0.023682 -0.024048 0.004150
0.415527 0.139038 0.964722 -0.018188 -0.005127 0.024780
0.406738 0.136841 0.974976 -0.015137 0.010498 0.042847
0.399292 0.115234 0.981567 -0.018066 0.012695 0.041870
0.400757 0.101440 0.987183 -0.012207 0.005005 0.033081
0.397461 0.102173 0.983765 0.005249 -0.007813 0.022827
0.405151 0.094849 0.974365 0.020020 -0.025879 0.008057
0.421753 0.094971 0.966064 0.036377 -0.032837 -0.006226
0.411011 0.113159 0.960815 0.067993 -0.012817 0.023315
0.411621 0.134644 0.948853 0.086060 0.009521 0.047607
0.394531 0.151978 0.942383 0.074097 0.018188 0.016479
0.381714 0.168213 0.928467 0.059448 0.015747 -0.016846
0.362183 0.190674 0.918945 0.046997 0.014404 -0.026001
0.355957 0.201660 0.923584 0.023682 0.005127 -0.028564
0.342285 0.208984 0.925293 -0.004272 -0.007813 -0.026001
0.353760 0.201416 0.932861 -0.029663 -0.022949 -0.016968
