0.421875 0.202881 0.924683 -0.018188 -0.008667 -0.024414
0.425415 0.199463 0.928955 -0.021729 -0.004028 -0.019409
0.421875 0.197388 0.940186 -0.023560 -0.001831 -0.019409
0.417114 0.196899 0.937012 -0.021362 -0.004517 -0.019287
0.413574 0.203369 0.929932 -0.019531 -0.010620 -0.019043
0.415405 0.214600 0.916260 -0.019775 -0.013672 -0.014771
0.425293 0.211060 0.914429 -0.025146 -0.014526 -0.009766
0.432495 0.205811 0.920044 -0.033569 -0.010742 -0.006714
0.426514 0.205200 0.927368 -0.041870 -0.005859 -0.009033
0.420410 0.211304 0.926270 -0.046509 -0.003174 -0.008545
0.419556 0.209473 0.927124 -0.049072 0.000366 -0.003296
0.407593 0.222656 0.914917 -0.055908 0.004517 0.000732
0.395386 0.248291 0.900757 -0.073608 0.000244 0.000122
0.390259 0.284180 0.866943 -0.113892 -0.016846 -0.008423
0.391846 0.323853 0.834106 -0.184326 -0.031250 -0.019775
0.395264 0.384644 0.785645 -0.289795 -0.026367 -0.025146
0.379761 0.489746 0.717773 -0.428955 0.013062 0.000610
0.350830 0.568237 0.648193 -0.644409 0.063965 0.019531
0.304321 0.589722 0.573242 -0.909790 0.090942 0.045166
0.300415 0.545166 0.556274 -1.180054 0.103882 0.113647
0.307495 0.463013 0.564453 -1.427246 0.130615 0.201416
0.296143 0.409790 0.584229 -1.642090 0.152222 0.300659
0.296265 0.320190 0.601929 -1.868164 0.134277 0.375244
0.315674 0.207520 0.615723 -2.074707 0.106567 0.460938
0.317993 0.190308 0.543091 -2.235718 0.082031 0.602905
0.374756 0.076660 0.513306 -2.444092 0.042114 0.718506
0.321045 -0.013550 0.494873 -2.629883 0.050049 0.855469
0.320923 -0.177734 0.519043 -2.789307 0.072754 1.031982
0.283813 -0.403442 0.606079 -2.866821 0.175659 1.207764
0.304199 -0.626343 0.728516 -2.786499 0.333130 1.430908
0.178223 -0.780151 0.793701 -2.622070 0.551880 1.635864
0.143921 -0.968994 0.906616 -2.431885 0.655640 1.764893
0.108643 -1.208252 1.015503 -2.224243 0.625854 1.636719
0.114502 -1.397949 1.103516 -1.959595 0.462402 1.364868
0.109863 -1.454590 1.105469 -1.642212 0.244019 1.020386
0.237671 -1.374756 0.976563 -1.345703 -0.006348 0.687378
0.267090 -1.202759 0.905029 -1.019165 -0.123291 0.435913
0.349976 -0.950562 0.743896 -0.748413 -0.130249 0.244751
0.279663 -0.763916 0.671509 -0.614624 0.059326 0.228516
0.132813 -0.667358 0.673584 -0.575317 0.258545 0.330933
0.038330 -0.658936 0.694214 -0.572876 0.331177 0.465942
0.008423 -0.656494 0.720703 -0.556152 0.290405 0.574707
0.097290 -0.714478 0.727417 -0.578369 0.213379 0.590088
0.146606 -0.800293 0.754639 -0.578125 0.167358 0.536865
0.141235 -0.878296 0.783569 -0.540405 0.100830 0.401367
0.172852 -0.938843 0.786743 -0.475952 0.000000 0.215820
0.179443 -0.966309 0.786377 -0.414673 -0.036255 0.070557
0.138672 -0.928955 0.763062 -0.356201 -0.012451 0.035645
0.090454 -0.873413 0.721069 -0.321289 0.026123 0.085938
0.076172 -0.850708 0.726563 -0.320068 0.035767 0.156738
0.116455 -0.861450 0.713745 -0.318726 0.009277 0.171753
0.171753 -0.882202 0.704834 -0.303345 0.002563 0.178955
0.193726 -0.925293 0.705444 -0.269775 0.031250 0.182983
0.162598 -0.908447 0.683472 -0.210938 0.063232 0.168457
0.169800 -0.904297 0.685547 -0.168823 0.045776 0.104492
0.184570 -0.894409 0.677368 -0.132813 0.022095 -0.001343
0.166016 -0.859985 0.671631 -0.103638 0.040283 -0.047974
0.103271 -0.862793 0.697876 -0.085449 0.096924 -0.005737
0.045166 -0.877686 0.708862 -0.053833 0.119873 0.060425
0.022583 -0.782349 0.649048 -0.039063 0.073120 0.098022
0.110718 -0.824097 0.669312 -0.073242 -0.016479 0.069214
0.150269 -0.862793 0.674805 -0.061157 -0.012573 0.064819
0.132568 -0.925903 0.717896 -0.023315 0.034668 0.086670
0.107666 -0.982544 0.748901 0.037842 0.069702 0.090820
0.117554 -0.979248 0.746948 0.110596 0.077393 0.064941
0.159180 -1.013062 0.762085 0.190063 0.081299 0.021729
0.173584 -1.061523 0.793823 0.304932 0.136963 0.007690
0.121582 -1.039673 0.774170 0.438843 0.219727 0.023315
0.091309 -1.006836 0.779663 0.543457 0.241211 0.015991
0.046997 -0.918457 0.720093 0.628662 0.194458 -0.053345
0.072021 -0.865723 0.708862 0.663208 0.097046 -0.149780
0.095459 -0.905029 0.755737 0.689697 0.035156 -0.227783
0.062988 -0.906128 0.778931 0.773071 0.043213 -0.222168
0.014038 -0.892212 0.795776 0.875366 0.041382 -0.188110
-0.024780 -0.887817 0.837769 0.986206 0.004272 -0.156494
-0.021729 -0.895630 0.860352 1.105957 -0.067017 -0.153809
0.005859 -0.889771 0.870728 1.223999 -0.146118 -0.185181
0.045166 -0.882324 0.868896 1.305664 -0.218628 -0.257935
0.118164 -0.928589 0.878662 1.410400 -0.257568 -0.329224
0.079346 -0.835693 0.862793 1.545288 -0.258545 -0.397095
0.032837 -0.735474 0.888062 1.602051 -0.329834 -0.508911
0.048340 -0.690430 0.872314 1.612061 -0.433838 -0.636475
0.041992 -0.594971 0.864746 1.640381 -0.507935 -0.711914
0.153076 -0.597046 0.861694 1.643433 -0.586426 -0.765259
0.245361 -0.527466 0.853394 1.691772 -0.573975 -0.808716
0.261719 -0.463257 0.834961 1.718628 -0.509277 -0.866821
0.244141 -0.450928 0.854370 1.714111 -0.456421 -0.904663
0.265259 -0.448608 0.887085 1.714966 -0.415283 -0.929443
0.285278 -0.411987 0.885376 1.736816 -0.358398 -0.955566
0.211548 -0.282837 0.853882 1.769409 -0.272583 -0.947632
0.139282 -0.148071 0.801636 1.740723 -0.239136 -0.912964
0.105469 -0.082886 0.757324 1.658936 -0.270630 -0.833130
0.145996 -0.021484 0.748901 1.601929 -0.304565 -0.694458
0.138306 0.074585 0.732300 1.552734 -0.286621 -0.549561
0.129150 0.144897 0.728516 1.429321 -0.305298 -0.471680
0.199829 0.142578 0.735596 1.272339 -0.362671 -0.435059
0.245972 0.160767 0.755859 1.143799 -0.379761 -0.414917
0.273438 0.173096 0.785278 1.031616 -0.363525 -0.379639
0.309082 0.191162 0.834595 0.935425 -0.341431 -0.326050
0.314209 0.261963 0.852051 0.863037 -0.318970 -0.285645
0.325684 0.317261 0.842896 0.773926 -0.305298 -0.270142
0.351196 0.334717 0.834351 0.653198 -0.291748 -0.259766
0.345947 0.296509 0.839233 0.524048 -0.269287 -0.265869
0.360718 0.266846 0.855103 0.415771 -0.273193 -0.272461
0.392456 0.244141 0.881104 0.330566 -0.271362 -0.266113
0.425049 0.236694 0.897827 0.285889 -0.239868 -0.245728
0.415527 0.256592 0.909668 0.260498 -0.191528 -0.224243
0.399292 0.267578 0.902222 0.232910 -0.152832 -0.204224
0.364868 0.263062 0.904053 0.194092 -0.130005 -0.184448
0.384033 0.244263 0.922363 0.148071 -0.128662 -0.152832
0.391479 0.260132 0.936035 0.117676 -0.119385 -0.123169
0.388306 0.260132 0.937866 0.090698 -0.099731 -0.103638
0.400269 0.264038 0.934692 0.065552 -0.073975 -0.068848
0.386597 0.265747 0.921631 0.043701 -0.039917 -0.050171
0.346558 0.262207 0.916382 0.016357 -0.016235 -0.044067
0.344360 0.235840 0.931641 -0.018311 -0.036255 -0.054932
0.384155 0.188110 0.949219 -0.045410 -0.087280 -0.088745
0.414917 0.145386 0.967896 -0.047729 -0.130737 -0.135010
0.409912 0.147339 0.977295 -0.021606 -0.149780 -0.159546
0.414429 0.162598 0.962402 0.009888 -0.149048 -0.153931
0.406982 0.190186 0.927856 0.043457 -0.120483 -0.132690
0.380249 0.217773 0.909546 0.052490 -0.084595 -0.109253
0.376709 0.245239 0.888916 0.037720 -0.060059 -0.090210
0.354858 0.256348 0.893677 0.010010 -0.037720 -0.078979
0.315796 0.264648 0.908569 -0.014893 -0.029053 -0.061890
0.317749 0.250244 0.918701 -0.036743 -0.046753 -0.038208
0.336792 0.226318 0.930786 -0.046631 -0.074829 -0.016724
0.366455 0.202515 0.935303 -0.043457 -0.096680 -0.006714
0.394531 0.203857 0.942017 -0.036133 -0.110840 -0.003296
0.396729 0.224609 0.939941 -0.029297 -0.105347 0.008301
0.392944 0.242798 0.925659 -0.032715 -0.092773 0.026489
0.401733 0.244263 0.919067 -0.055786 -0.083374 0.040527
0.398926 0.243530 0.915649 -0.090088 -0.077759 0.041504
0.410400 0.220581 0.918213 -0.125488 -0.075439 0.040283
0.454956 0.162109 0.950073 -0.147095 -0.069702 0.032471
0.485107 0.132446 0.972412 -0.139648 -0.054932 0.011230
0.476807 0.138794 0.986694 -0.109497 -0.032349 -0.011963
0.442139 0.150513 0.988159 -0.076294 -0.014526 -0.028564
0.414551 0.164307 0.973633 -0.046875 -0.004272 -0.032715
0.391968 0.179565 0.948364 -0.025635 -0.010254 -0.032837
0.386841 0.183105 0.925171 -0.014771 -0.024536 -0.032349
0.396484 0.179443 0.929688 -0.007568 -0.033325 -0.019165
0.395752 0.185913 0.934814 -0.004272 -0.032349 -0.004517
0.414551 0.172974 0.933594 -0.004883 -0.032837 -0.001953
0.408081 0.170166 0.934448 0.001221 -0.027832 -0.009033
0.409668 0.173950 0.941040 0.003418 -0.028442 -0.016357
0.395996 0.193115 0.944580 0.002319 -0.036743 -0.029663
0.397583 0.202881 0.936279 0.002075 -0.049561 -0.039063
0.415405 0.200195 0.923950 -0.000122 -0.057983 -0.046875
0.437622 0.195190 0.924194 -0.003052 -0.052490 -0.058472
