0.230225 0.080322 1.013794 -0.038818 -0.037842 -0.016235
0.246826 0.067871 1.013916 -0.042236 -0.052979 -0.021851
0.259766 0.060669 1.015503 -0.041260 -0.054321 -0.024170
0.267090 0.057617 1.023682 -0.037354 -0.045532 -0.021606
0.274414 0.056885 1.028564 -0.033203 -0.035522 -0.020508
0.275879 0.065308 1.026123 -0.025635 -0.020386 -0.019043
0.258179 0.085938 1.025146 -0.023193 -0.006714 -0.017212
0.242188 0.108154 1.015381 -0.027588 0.001465 -0.010132
0.239502 0.116455 1.008911 -0.039795 0.001343 -0.003174
0.243042 0.128052 1.005615 -0.054199 0.000000 0.004395
0.220825 0.155151 0.985840 -0.070557 -0.000122 0.006958
0.205566 0.194580 0.967041 -0.103394 -0.010986 0.020630
0.193970 0.248047 0.941406 -0.160889 -0.026611 0.030762
0.165283 0.303223 0.894531 -0.263062 -0.048950 0.023071
0.184570 0.309570 0.840454 -0.406494 -0.066284 0.026001
0.251587 0.258911 0.811279 -0.569946 -0.059082 0.044067
0.292725 0.214478 0.767334 -0.730347 -0.010376 0.065430
0.348877 0.145996 0.773560 -0.887573 0.037476 0.072632
0.351929 0.092407 0.787964 -1.008179 0.119873 0.086914
0.282227 0.086670 0.814209 -1.087402 0.222290 0.134888
0.199097 0.095215 0.830444 -1.166138 0.269287 0.182983
0.155762 0.090942 0.829468 -1.258057 0.211914 0.193970
0.133057 0.054443 0.836792 -1.358643 0.116211 0.192383
0.144043 -0.019043 0.839966 -1.456299 0.043823 0.218628
0.191162 -0.097290 0.826172 -1.531982 0.017700 0.276123
0.259155 -0.177734 0.800049 -1.607544 0.021240 0.321533
0.329590 -0.295898 0.795532 -1.671753 0.057739 0.346436
0.361938 -0.415894 0.817383 -1.707031 0.154419 0.372559
0.318848 -0.475464 0.856445 -1.703979 0.279663 0.413574
0.220703 -0.489258 0.868774 -1.674561 0.336792 0.413818
0.149414 -0.553101 0.929321 -1.656250 0.288696 0.355103
0.088501 -0.644409 1.012451 -1.578369 0.199829 0.284912
-0.010376 -0.653076 1.021973 -1.440063 0.091431 0.223877
0.014282 -0.705566 1.022095 -1.341187 -0.087891 0.124512
0.087036 -0.745361 0.959473 -1.232178 -0.242920 0.034790
0.212402 -0.760864 0.912109 -1.122681 -0.304199 -0.004639
0.233398 -0.749878 0.866211 -1.008423 -0.232300 0.002197
0.204224 -0.725952 0.863525 -0.924561 -0.120239 0.063965
0.159180 -0.704346 0.874878 -0.860229 -0.020508 0.135254
0.137329 -0.701172 0.871094 -0.817139 0.056274 0.192993
0.150269 -0.725708 0.865479 -0.785034 0.090332 0.214844
0.174561 -0.752197 0.875977 -0.750366 0.089844 0.208008
0.178467 -0.767822 0.876221 -0.687012 0.064209 0.141968
0.221313 -0.788086 0.874512 -0.630127 0.032471 0.057495
0.216797 -0.786133 0.855225 -0.579590 0.017822 -0.012451
0.233521 -0.729980 0.794678 -0.546509 0.030640 -0.026367
0.185425 -0.644897 0.737671 -0.519043 0.076416 0.077393
0.142944 -0.636475 0.725952 -0.507690 0.122559 0.223389
0.141479 -0.678223 0.747437 -0.524902 0.165405 0.322876
0.132813 -0.716187 0.751831 -0.512817 0.176880 0.379028
0.137451 -0.761353 0.785645 -0.477783 0.135498 0.384033
0.148804 -0.789429 0.785034 -0.407349 0.060791 0.331299
0.211914 -0.809204 0.791504 -0.343018 0.001343 0.240967
0.237305 -0.788086 0.755493 -0.276855 0.010742 0.163330
0.186035 -0.769043 0.765869 -0.231934 0.060791 0.126099
0.127075 -0.767944 0.767944 -0.196289 0.103882 0.109741
0.076904 -0.760498 0.762817 -0.173340 0.138306 0.136963
0.077515 -0.766235 0.761353 -0.169312 0.147949 0.177368
0.118530 -0.893188 0.834229 -0.164063 0.161743 0.214233
0.188721 -1.033569 0.911499 -0.117310 0.162720 0.191162
0.188354 -0.929321 0.800903 -0.025513 0.175415 0.131104
0.074219 -0.737793 0.662720 0.024780 0.211792 0.118408
-0.035034 -0.685303 0.661987 -0.004272 0.229492 0.163330
-0.043091 -0.762451 0.723755 -0.037476 0.194092 0.187988
-0.016602 -0.801880 0.743042 -0.025635 0.151978 0.195435
-0.002075 -0.837646 0.775391 0.018555 0.116699 0.191406
-0.023438 -0.841797 0.790771 0.087280 0.087036 0.179565
-0.019775 -0.851807 0.819824 0.154419 0.036011 0.149292
-0.005615 -0.865723 0.828369 0.229370 -0.003906 0.133179
0.036621 -0.890991 0.828857 0.310669 -0.008179 0.130249
0.044678 -0.832520 0.791992 0.395264 0.008545 0.107788
0.055298 -0.790161 0.798096 0.427246 -0.027466 0.009644
0.056885 -0.831909 0.850952 0.460571 -0.074097 -0.109619
0.019531 -0.803955 0.838989 0.536621 -0.079834 -0.157959
0.019531 -0.789063 0.844727 0.592285 -0.130005 -0.215698
0.041992 -0.781738 0.844604 0.644409 -0.200073 -0.297974
0.075195 -0.787476 0.852417 0.705688 -0.229492 -0.348633
0.062866 -0.771362 0.850464 0.792480 -0.203125 -0.336670
0.065063 -0.713623 0.820801 0.858643 -0.176758 -0.296509
0.077271 -0.701904 0.832520 0.890869 -0.167358 -0.272339
0.059326 -0.686279 0.849487 0.938843 -0.147949 -0.245972
0.039795 -0.682129 0.866455 0.979492 -0.143066 -0.213745
0.016113 -0.670654 0.895630 1.015747 -0.168945 -0.199219
0.001587 -0.647461 0.887085 1.041992 -0.243042 -0.233032
-0.003296 -0.602173 0.880981 1.051270 -0.351807 -0.305542
0.011719 -0.557739 0.873413 1.042358 -0.487305 -0.383789
0.111328 -0.589233 0.887329 1.029053 -0.599731 -0.439453
0.212158 -0.594971 0.895142 1.058472 -0.590332 -0.439819
0.235596 -0.580933 0.910034 1.081055 -0.474731 -0.387573
0.230225 -0.554443 0.939087 1.099487 -0.336426 -0.280029
0.231323 -0.547363 0.980957 1.133301 -0.227905 -0.217651
0.190063 -0.494751 0.984131 1.203369 -0.179443 -0.192993
0.121948 -0.408203 0.988403 1.246094 -0.225708 -0.218262
0.114380 -0.334229 0.970703 1.249146 -0.362915 -0.307129
0.179688 -0.320068 0.920288 1.254395 -0.506348 -0.400391
0.214600 -0.305176 0.902100 1.267700 -0.600586 -0.489258
0.261841 -0.279541 0.881348 1.286865 -0.642578 -0.534180
0.279541 -0.220459 0.868164 1.303711 -0.614990 -0.536011
0.293457 -0.166504 0.853882 1.300293 -0.522339 -0.473877
0.319214 -0.130615 0.856201 1.287964 -0.385986 -0.367065
0.394653 -0.058960 0.843262 1.296143 -0.213257 -0.259399
0.284668 0.018921 0.803467 1.255981 -0.074463 -0.254028
0.249268 0.125244 0.787109 1.167480 -0.081055 -0.233398
0.221680 0.174194 0.790649 1.037842 -0.131836 -0.261841
0.213013 0.211914 0.803467 0.899414 -0.190552 -0.271729
0.253540 0.226929 0.810791 0.777344 -0.235718 -0.244141
0.327026 0.218872 0.812744 0.672241 -0.236816 -0.212646
0.352173 0.242432 0.810425 0.566772 -0.193237 -0.177124
0.375610 0.257813 0.819092 0.461060 -0.136841 -0.142090
0.389526 0.253540 0.844849 0.360840 -0.080200 -0.129761
0.386230 0.254761 0.868286 0.266846 -0.024658 -0.111938
0.339355 0.248291 0.889893 0.180786 0.020020 -0.092651
0.309326 0.233643 0.927612 0.097534 0.015137 -0.071533
0.309814 0.187500 0.962524 0.029907 -0.036743 -0.068848
0.347168 0.146118 0.981079 -0.000488 -0.084473 -0.058838
0.395386 0.107544 0.995605 -0.006836 -0.086670 -0.028687
0.414185 0.091309 0.996460 -0.000488 -0.043579 -0.002686
0.403076 0.092407 0.992798 0.004517 0.004272 -0.001465
0.362671 0.110718 0.984131 -0.003418 0.041992 -0.023193
0.343628 0.098999 0.985718 -0.015137 0.070923 -0.038696
0.305542 0.096802 0.992554 -0.024658 0.088135 -0.054810
0.277588 0.090576 0.995117 -0.035034 0.083252 -0.063110
0.288574 0.075562 0.999878 -0.036255 0.064087 -0.065674
0.294800 0.055786 1.015625 -0.032837 0.048340 -0.066772
0.274658 0.052124 1.024292 -0.026001 0.027466 -0.078491
0.265991 0.046021 1.026733 -0.010254 -0.003540 -0.089722
0.258667 0.069824 1.016357 0.015869 -0.023804 -0.076050
0.256714 0.085327 1.003296 0.030884 -0.033081 -0.046265
0.272339 0.089722 0.989258 0.033569 -0.042969 -0.026367
0.268311 0.115234 0.976807 0.030640 -0.051147 -0.015869
0.275635 0.131104 0.968384 0.018921 -0.054321 0.003540
0.296753 0.107178 0.964600 0.001587 -0.044434 0.010864
0.309082 0.102173 0.972412 -0.009766 -0.034912 0.002197
0.328369 0.083984 0.970093 -0.017334 -0.035400 -0.014526
0.330933 0.079834 0.989258 -0.017944 -0.033936 -0.032593
0.310425 0.101685 0.995361 -0.013794 -0.028198 -0.044189
0.304810 0.115967 0.994385 -0.024536 -0.027710 -0.046509
0.311523 0.102905 0.988037 -0.040039 -0.031982 -0.041504
0.312622 0.096191 0.980225 -0.044189 -0.027588 -0.019165
0.304932 0.104492 0.991211 -0.042725 -0.016724 0.009033
0.296021 0.094727 0.995239 -0.045288 -0.017700 0.023438
0.302246 0.087646 0.992676 -0.044434 -0.025391 0.031128
0.310303 0.079834 0.987793 -0.042236 -0.029541 0.026978
0.323242 0.072876 0.989136 -0.039551 -0.031982 0.017456
0.338379 0.066284 0.988770 -0.031982 -0.034058 0.002441
0.333740 0.082397 0.983521 -0.022827 -0.031006 -0.014160
0.328369 0.091431 0.985229 -0.019043 -0.020508 -0.022583
0.307495 0.109985 0.986206 -0.020020 -0.007324 -0.018921
0.306519 0.091553 0.989746 -0.028931 -0.009644 -0.010376
0.313965 0.078979 0.995972 -0.029907 -0.024780 -0.014648
