0.453125 0.142578 0.921875 0.035645 0.010010 -0.048828
0.440796 0.149902 0.917114 0.031738 0.023315 -0.049927
0.425415 0.161255 0.913818 0.028198 0.028320 -0.050171
0.409668 0.176270 0.899780 0.023193 0.025269 -0.050049
0.401733 0.192017 0.891724 0.012939 0.017334 -0.042969
0.395020 0.209106 0.883911 0.000610 0.006104 -0.028687
0.396240 0.212524 0.878540 -0.015625 -0.002563 -0.014648
0.409790 0.217041 0.885742 -0.034790 -0.013062 0.000366
0.428711 0.213379 0.895020 -0.057373 -0.020996 0.009033
0.432617 0.218994 0.893555 -0.082764 -0.024536 0.010986
0.433350 0.236938 0.888062 -0.114380 -0.026001 0.014282
0.416992 0.257202 0.879028 -0.156372 -0.015747 0.020020
0.395752 0.277100 0.872803 -0.215454 -0.006348 0.036133
0.377075 0.297363 0.852417 -0.302246 0.001709 0.055786
0.362305 0.307495 0.845093 -0.417847 0.014648 0.078247
0.364136 0.296875 0.842529 -0.536987 0.023315 0.101196
0.351074 0.323975 0.808716 -0.651978 0.031006 0.118042
0.357544 0.346191 0.766724 -0.801392 0.046143 0.147583
0.404053 0.313599 0.737061 -0.967773 0.085327 0.191406
0.440308 0.245239 0.734619 -1.111328 0.158447 0.237915
0.460327 0.198975 0.726685 -1.228516 0.240234 0.291748
0.438354 0.173828 0.725342 -1.349121 0.306030 0.328125
0.433350 0.148926 0.719971 -1.486084 0.308594 0.328491
0.411987 0.078979 0.728760 -1.617310 0.287354 0.284668
0.400146 0.001831 0.741089 -1.706055 0.257446 0.271118
0.364380 -0.030884 0.751831 -1.757080 0.238647 0.302246
0.309570 -0.031860 0.710938 -1.818970 0.230713 0.369629
0.301758 -0.086426 0.683472 -1.920776 0.213745 0.454590
0.300781 -0.141846 0.641968 -2.015381 0.233643 0.556396
0.342407 -0.230957 0.609497 -2.091919 0.252563 0.654907
0.322021 -0.349121 0.651001 -2.129028 0.284424 0.726074
0.200439 -0.416138 0.663208 -2.108276 0.339111 0.838135
0.186035 -0.576294 0.739014 -2.099854 0.331543 0.914551
0.177612 -0.810181 0.846558 -2.037720 0.327271 0.946167
0.195190 -0.952637 0.860474 -1.866577 0.288330 0.953125
0.283447 -1.005249 0.855347 -1.657837 0.204834 0.893799
0.371826 -1.060059 0.823975 -1.479004 0.181274 0.752563
0.340698 -1.099121 0.837769 -1.314453 0.238403 0.606567
0.271851 -1.151245 0.874512 -1.135254 0.260254 0.469727
0.229858 -1.166626 0.900391 -0.952393 0.205811 0.320923
0.223389 -1.087280 0.880981 -0.765503 0.122437 0.205688
0.163574 -1.003418 0.850586 -0.629883 0.095581 0.138184
0.098999 -0.910278 0.835815 -0.547363 0.065186 0.103638
0.069702 -0.854370 0.797119 -0.503418 0.029297 0.105835
0.084595 -0.808716 0.759521 -0.483032 0.010376 0.189087
0.059937 -0.798706 0.742188 -0.472656 0.018066 0.313354
0.101685 -0.791382 0.724365 -0.467407 0.025879 0.430542
0.198242 -0.824707 0.733398 -0.468384 0.033447 0.455566
0.228516 -0.847656 0.716919 -0.440430 0.059570 0.399536
0.189697 -0.877319 0.753296 -0.382202 0.045288 0.306519
0.184326 -0.854980 0.726074 -0.303101 -0.010986 0.193970
0.224365 -0.845459 0.707520 -0.243408 -0.062866 0.084106
0.211670 -0.846313 0.704956 -0.190186 -0.082642 0.005493
0.192871 -0.767456 0.668701 -0.143677 -0.066895 0.010742
0.170532 -0.853149 0.734863 -0.148804 -0.019409 0.083374
0.254028 -1.041016 0.847534 -0.131714 -0.014282 0.139526
0.348022 -1.053711 0.811768 -0.056030 -0.028320 0.102661
0.274658 -0.823853 0.654541 0.037231 0.043457 0.123901
0.163818 -0.659180 0.582397 0.031860 0.108032 0.155518
0.127197 -0.763428 0.650146 -0.027588 0.086670 0.091553
0.136108 -0.806396 0.662231 -0.021729 0.075928 0.056885
0.118774 -0.869507 0.711670 0.016113 0.076660 0.048340
0.079224 -0.889771 0.747437 0.093018 0.085083 0.075317
0.089966 -0.955688 0.817261 0.184814 0.073975 0.117920
0.104980 -1.027588 0.842529 0.319580 0.093994 0.190063
0.085449 -1.004883 0.802856 0.477539 0.149414 0.300293
0.049683 -0.937378 0.728638 0.585815 0.150391 0.341431
0.126709 -0.777832 0.656494 0.594116 0.047852 0.268799
0.156494 -0.897827 0.753418 0.516357 -0.053589 0.074219
0.130493 -0.937744 0.815063 0.539307 -0.053833 -0.004761
0.125610 -0.949341 0.861328 0.604736 -0.041626 -0.050659
0.135498 -0.992432 0.920898 0.688721 -0.042847 -0.125244
0.147827 -0.996704 0.928711 0.835327 -0.028564 -0.165405
0.121948 -0.926147 0.901001 0.992188 -0.014893 -0.192139
0.094971 -0.836182 0.870483 1.103394 -0.038208 -0.235107
0.095337 -0.767944 0.837524 1.171021 -0.096924 -0.301514
0.095825 -0.696655 0.792236 1.227539 -0.149048 -0.343994
0.066895 -0.651489 0.794556 1.264771 -0.200928 -0.355835
0.045288 -0.646973 0.836426 1.273804 -0.266846 -0.368774
0.079712 -0.654785 0.840088 1.290649 -0.313232 -0.350464
0.118042 -0.655762 0.842163 1.322876 -0.326172 -0.336670
0.147461 -0.642212 0.848267 1.353760 -0.331055 -0.356201
0.143311 -0.586304 0.830933 1.389160 -0.335693 -0.380127
0.121704 -0.479248 0.825195 1.388428 -0.367065 -0.411255
0.129639 -0.421143 0.829712 1.333740 -0.411987 -0.457886
0.184448 -0.462402 0.878418 1.265259 -0.454956 -0.522827
0.229736 -0.470093 0.899658 1.254395 -0.463623 -0.578613
0.258301 -0.488892 0.935181 1.267822 -0.425659 -0.610962
0.296143 -0.489868 0.948486 1.324829 -0.383545 -0.640137
0.312378 -0.493652 0.981323 1.389648 -0.369873 -0.701172
0.244995 -0.395264 0.964111 1.483276 -0.361328 -0.736328
0.203979 -0.231201 0.901245 1.580688 -0.374878 -0.711426
0.184204 -0.075806 0.846802 1.586914 -0.403687 -0.714600
0.203857 0.005737 0.802734 1.514160 -0.416382 -0.746094
0.214111 0.042969 0.735107 1.439575 -0.462402 -0.753052
0.278931 0.053467 0.746216 1.356934 -0.477539 -0.673950
0.354980 0.034668 0.779175 1.283203 -0.433716 -0.597656
0.326172 0.081177 0.790771 1.262451 -0.332275 -0.510620
0.278076 0.153564 0.801758 1.233154 -0.273926 -0.428467
0.300903 0.185181 0.822144 1.167603 -0.280884 -0.373047
0.357056 0.158081 0.848511 1.089355 -0.306763 -0.353760
0.407349 0.180054 0.859497 1.060425 -0.317383 -0.332397
0.409424 0.223755 0.858765 1.034668 -0.307007 -0.335083
0.410034 0.278687 0.849976 1.012451 -0.300049 -0.327393
0.398804 0.340454 0.831787 0.971558 -0.304077 -0.325317
0.377441 0.432129 0.789063 0.904175 -0.320801 -0.324951
0.371094 0.478516 0.765869 0.804565 -0.321899 -0.298584
0.408447 0.468506 0.757324 0.678589 -0.310059 -0.267700
0.490479 0.373413 0.786621 0.559937 -0.265991 -0.234131
0.508789 0.358398 0.804321 0.521362 -0.170654 -0.187500
0.436279 0.434204 0.811646 0.488770 -0.066162 -0.157715
0.361938 0.456177 0.824341 0.406494 -0.031250 -0.154785
0.320313 0.445435 0.833008 0.319824 -0.046997 -0.146240
0.321533 0.411621 0.833984 0.249268 -0.096436 -0.125122
0.358765 0.373291 0.857300 0.212646 -0.133301 -0.080200
0.400391 0.359253 0.873047 0.198120 -0.143311 -0.031128
0.413330 0.392944 0.861450 0.189209 -0.116089 0.026978
0.428223 0.428223 0.852661 0.156372 -0.078125 0.061157
0.458740 0.428833 0.837158 0.095825 -0.062134 0.048462
0.488892 0.412476 0.825928 0.021240 -0.040283 0.021240
0.508179 0.374268 0.832397 -0.033936 0.007324 -0.002808
0.460815 0.381470 0.846313 -0.069458 0.048218 -0.034790
0.414185 0.392212 0.856567 -0.105347 0.049072 -0.063599
0.390747 0.380371 0.863403 -0.126221 0.032959 -0.066772
0.375366 0.368164 0.870483 -0.140259 0.017700 -0.053711
0.410278 0.285278 0.881226 -0.136841 0.000366 -0.032837
0.452271 0.246094 0.910767 -0.094116 0.005249 0.004272
0.421997 0.287354 0.926392 -0.045898 0.024048 0.017944
0.394775 0.314453 0.917603 -0.026367 0.015625 0.008423
0.405151 0.307007 0.908691 -0.033691 -0.000366 -0.001221
0.405762 0.300537 0.901733 -0.048096 -0.005249 -0.015503
0.393555 0.321289 0.894287 -0.058472 -0.010132 -0.034058
0.369507 0.335693 0.898315 -0.065796 -0.014282 -0.047119
0.388062 0.322266 0.897339 -0.075439 -0.025879 -0.047729
0.391357 0.314209 0.908936 -0.070313 -0.022949 -0.034180
0.389404 0.326782 0.916626 -0.061523 -0.015991 -0.014893
0.393433 0.324829 0.916870 -0.065552 -0.022949 -0.007202
0.404663 0.299194 0.914673 -0.066772 -0.034302 -0.004639
0.425903 0.280640 0.913940 -0.054199 -0.036743 0.005615
0.403931 0.303467 0.916992 -0.030640 -0.017700 0.017090
0.401855 0.312256 0.902832 -0.025513 -0.015259 0.017090
0.403198 0.308838 0.899658 -0.034668 -0.023926 0.007568
0.401611 0.297241 0.890747 -0.041870 -0.030151 0.000854
0.401123 0.294678 0.897217 -0.042480 -0.039551 -0.003662
0.411865 0.285400 0.904419 -0.036133 -0.043213 -0.004761
0.425781 0.285645 0.914307 -0.017456 -0.037598 0.003784
0.425781 0.278687 0.918091 0.001343 -0.022461 0.017456
0.421753 0.281738 0.931519 0.027588 -0.012207 0.036133
0.412354 0.293945 0.929077 0.051147 -0.001099 0.059937
0.398071 0.307495 0.923096 0.062866 -0.009399 0.065674
