0.362549 0.025757 0.974609 -0.043701 -0.015381 0.000610
0.361694 0.028564 0.966309 -0.048706 -0.014038 0.008179
0.354370 0.038696 0.954590 -0.059570 -0.011719 0.015381
0.349609 0.058472 0.940063 -0.074585 -0.006592 0.025269
0.348877 0.100464 0.921509 -0.103760 -0.001709 0.039795
0.346924 0.139648 0.886841 -0.155884 0.016113 0.062378
0.329468 0.183594 0.848511 -0.234985 0.053101 0.104370
0.339600 0.228638 0.807251 -0.343506 0.081665 0.160278
0.354004 0.260132 0.768066 -0.494019 0.106323 0.201050
0.359009 0.289551 0.715576 -0.681396 0.138306 0.210327
0.336670 0.379272 0.635376 -0.926270 0.138916 0.175171
0.365356 0.368896 0.581299 -1.257690 0.113770 0.124512
0.340698 0.287476 0.567749 -1.563110 0.141602 0.131470
0.338745 0.262207 0.544922 -1.808960 0.200684 0.244995
0.375366 0.213867 0.515015 -2.078369 0.285889 0.410889
0.339111 0.144409 0.460693 -2.375366 0.414795 0.593628
0.355347 0.005859 0.416626 -2.635620 0.555054 0.849976
0.289673 -0.146240 0.389893 -2.835083 0.744385 1.122437
0.156616 -0.315186 0.459473 -2.982910 0.896118 1.357422
0.007202 -0.598633 0.559937 -3.091431 0.926025 1.526001
-0.012451 -0.888550 0.706299 -3.047363 0.887085 1.632202
-0.062866 -1.189819 0.838135 -2.865967 0.914551 1.668579
-0.096313 -1.446899 0.947144 -2.652100 0.925903 1.610107
-0.101318 -1.689697 0.995605 -2.326416 0.842163 1.385498
-0.081055 -1.760132 1.012939 -1.913208 0.683228 1.126099
-0.075684 -1.575195 0.938354 -1.468994 0.515625 0.854736
-0.054199 -1.237427 0.857910 -1.128174 0.419800 0.497437
-0.118408 -1.190552 0.715820 -0.984741 0.419556 0.134033
-0.223145 -1.021851 0.677124 -0.784058 0.254883 0.118896
-0.202026 -0.882324 0.666748 -0.594849 0.097412 0.248901
-0.176758 -0.818970 0.623169 -0.539063 0.064087 0.375122
-0.111328 -0.752197 0.619385 -0.517822 0.048340 0.494751
-0.084473 -0.706055 0.602051 -0.512695 0.072632 0.592407
-0.059814 -0.758423 0.622437 -0.542236 0.094604 0.628052
-0.057373 -0.867065 0.661621 -0.537720 0.111694 0.601563
-0.035156 -0.944458 0.671875 -0.476929 0.099121 0.516113
-0.008179 -0.999023 0.674561 -0.402588 0.069824 0.361084
-0.024292 -0.982666 0.636353 -0.320679 0.057861 0.225708
-0.015869 -0.962891 0.604126 -0.261719 0.044800 0.114502
-0.053345 -0.941406 0.570679 -0.218750 0.046631 0.036133
-0.098389 -0.943115 0.574219 -0.183960 0.017456 -0.011353
-0.122192 -0.909546 0.546021 -0.142700 -0.012329 -0.005249
-0.097168 -1.122559 0.672974 -0.146240 -0.047119 0.011353
-0.063110 -1.242432 0.720337 -0.101807 -0.084351 -0.034912
0.050171 -0.876465 0.519531 -0.008179 -0.101074 -0.049683
-0.025513 -0.739136 0.474243 0.009277 -0.045288 -0.035156
-0.129883 -0.852539 0.549072 -0.021729 0.006226 0.005737
-0.103149 -0.928345 0.577393 -0.048218 0.005615 0.001465
-0.052246 -0.843506 0.526123 -0.040527 0.038696 0.036621
-0.100952 -0.854004 0.562500 -0.044922 0.087524 0.082764
-0.108643 -0.908691 0.600220 -0.031250 0.096558 0.112671
-0.094727 -0.914917 0.605225 0.006226 0.084106 0.121460
-0.114258 -0.905884 0.609253 0.057129 0.067627 0.123047
-0.131958 -0.951416 0.633545 0.115234 0.049194 0.116455
-0.163086 -1.025513 0.681396 0.213867 0.059570 0.155884
-0.302734 -1.008911 0.657104 0.344849 0.090698 0.272095
-0.352051 -0.910156 0.614014 0.418457 -0.024292 0.291260
-0.278198 -0.804688 0.569458 0.401367 -0.263794 0.164429
-0.137451 -0.853394 0.576904 0.352173 -0.438110 0.009277
-0.058960 -0.948853 0.613647 0.342529 -0.448120 -0.086914
-0.003174 -1.032471 0.655640 0.376831 -0.397461 -0.143066
-0.050903 -1.093994 0.707397 0.464111 -0.287109 -0.209595
-0.077881 -1.158813 0.745850 0.583008 -0.243530 -0.327515
-0.104248 -1.161987 0.788330 0.769653 -0.263428 -0.430298
-0.131226 -1.122803 0.807007 0.958618 -0.317993 -0.498779
-0.142212 -1.023438 0.785767 1.112305 -0.396851 -0.539429
-0.125000 -0.901489 0.750854 1.206299 -0.489502 -0.587036
-0.082764 -0.812866 0.715820 1.258301 -0.579346 -0.650146
-0.075684 -0.728760 0.696777 1.298706 -0.657593 -0.703247
-0.055664 -0.662354 0.694824 1.303589 -0.738037 -0.756226
0.042480 -0.650391 0.694336 1.284668 -0.777222 -0.787720
0.122437 -0.683716 0.701660 0.565674 -0.310181 -0.361328
0.143677 -0.634644 0.723755 0.156006 -0.040527 -0.022461
0.156738 -0.618652 0.754517 0.135620 -0.001099 0.006348
0.138550 -0.587769 0.795532 0.127197 -0.015259 0.004028
0.134033 -0.521973 0.810181 0.123779 -0.019775 0.003052
0.112915 -0.476318 0.813232 0.123657 -0.020996 0.002808
0.127075 -0.436646 0.835327 0.123535 -0.020630 0.003174
0.133789 -0.413940 0.845947 0.125000 -0.021240 0.003540
0.117432 -0.367554 0.842163 0.125366 -0.020264 0.003662
0.103027 -0.357300 0.841919 0.124268 -0.020752 0.003174
0.147705 -0.411987 0.860596 0.124390 -0.020874 0.002930
0.207031 -0.434204 0.887695 0.123413 -0.021240 0.002319
0.262085 -0.463379 0.928711 0.123291 -0.021240 0.002808
0.313965 -0.506836 0.960815 0.123535 -0.020874 0.002197
0.347534 -0.464478 0.981323 0.123779 -0.020508 0.001953
0.286743 -0.382690 0.958740 0.122803 -0.020874 0.001831
0.295532 -0.258789 0.929443 0.123535 -0.020630 0.001953
0.143799 -0.232910 0.908447 0.123047 -0.020386 0.001953
0.160645 -0.192383 0.905884 0.123657 -0.021118 0.000977
0.181274 -0.197021 0.929077 0.122559 -0.020630 0.000977
0.177002 -0.227783 0.963867 0.122925 -0.019897 0.002319
0.212158 -0.236938 0.990479 0.123169 -0.019775 0.001953
0.228516 -0.179688 0.988159 0.122803 -0.020142 0.001709
0.183716 -0.086670 0.962646 0.123291 -0.020874 0.001343
0.129028 0.002075 0.906250 0.123169 -0.020630 0.001343
0.119385 0.046753 0.873779 0.122925 -0.020142 0.001587
0.122070 0.054688 0.866089 0.123291 -0.020508 0.002075
0.140991 0.046021 0.888428 0.123413 -0.020752 0.001709
0.131836 0.041992 0.919189 0.123657 -0.021240 0.001587
0.164185 0.005615 0.959595 0.123657 -0.021606 0.001465
0.209961 -0.022339 0.987915 0.123047 -0.021118 0.001709
0.254761 -0.021362 0.998535 0.122925 -0.020630 0.001953
0.260620 0.009521 0.993774 0.122314 -0.020996 0.002808
0.264404 0.040283 0.968262 0.122437 -0.020996 0.002563
0.315186 0.051636 0.935547 0.121948 -0.020874 0.002441
0.362671 0.064087 0.920898 0.122559 -0.020630 0.002319
0.366089 0.047241 0.931030 0.122314 -0.020630 0.002563
0.343628 0.017822 0.965820 0.122559 -0.020874 0.002686
0.343018 -0.008667 1.012329 0.122070 -0.020508 0.002075
0.349365 -0.044800 1.042603 0.122070 -0.020386 0.002686
0.330444 -0.034058 1.051514 0.122681 -0.020752 0.002930
0.297729 -0.000977 1.038086 0.122192 -0.021118 0.002686
0.271118 0.019653 1.011475 0.123169 -0.020630 0.002319
0.246582 0.027832 0.992676 0.122314 -0.020386 0.002808
0.229492 0.031006 0.976196 0.122559 -0.020386 0.003296
0.229248 0.025024 0.966919 0.122681 -0.020386 0.003540
0.245850 -0.004028 0.963867 0.122559 -0.019897 0.003662
0.270386 -0.024414 0.980103 0.122437 -0.019897 0.003296
0.285400 -0.025635 0.991455 0.123291 -0.020752 0.003296
0.289185 -0.022949 1.005005 0.122070 -0.020142 0.003784
0.278076 -0.015259 1.011719 0.123047 -0.020020 0.003540
0.271484 0.005615 1.009277 0.123169 -0.020630 0.003174
0.251831 0.035645 0.999634 0.123169 -0.020996 0.003540
0.233521 0.057495 0.977661 0.122314 -0.020386 0.003784
0.233154 0.065552 0.973511 0.122925 -0.020752 0.003418
0.224731 0.067627 0.970581 0.122559 -0.020508 0.003906
0.218018 0.042847 0.971313 0.122559 -0.020630 0.003662
0.247070 -0.019897 0.991455 0.122559 -0.020142 0.003662
0.272949 -0.062500 1.023926 0.123169 -0.020264 0.002808
0.273438 -0.081421 1.046753 0.122803 -0.020020 0.003418
0.282227 -0.086670 1.054932 0.122070 -0.020142 0.003418
0.277954 -0.062012 1.050049 0.122070 -0.020508 0.002930
0.284180 -0.038086 1.031738 0.122925 -0.020264 0.003418
0.285522 -0.015503 1.020020 0.122437 -0.020142 0.003296
0.298462 -0.003540 1.006592 0.122681 -0.019653 0.003418
0.318115 -0.000244 1.001953 0.122070 -0.019897 0.003418
0.338013 0.005371 1.006592 0.122437 -0.019531 0.003906
0.342163 -0.005981 1.008423 0.122314 -0.019409 0.003784
0.334351 -0.015747 1.017090 0.122192 -0.019653 0.004150
0.297974 0.003540 1.015015 0.122437 -0.019653 0.004150
0.279053 0.009888 1.005127 0.122314 -0.019653 0.003906
0.272095 0.014526 0.992432 0.122314 -0.020020 0.003418
0.266602 0.023438 0.980713 0.122070 -0.020264 0.003540
0.259399 0.019897 0.967896 0.122314 -0.020386 0.003784
0.270996 0.003296 0.969238 0.121948 -0.020508 0.005615
0.276611 -0.011841 0.981323 0.118042 -0.020386 0.007446
0.278076 -0.029663 1.000000 0.115967 -0.020630 0.008545
0.271362 -0.036133 1.018311 0.115967 -0.020264 0.008057
0.274170 -0.032349 1.019165 0.117798 -0.019043 0.008911
