0.357544 0.005615 0.992188 -0.032593 0.002197 -0.001709
0.346436 0.011230 0.989746 -0.032471 0.004150 -0.003418
0.336914 0.012451 0.985107 -0.035645 -0.001709 -0.008667
0.328979 0.021240 0.983521 -0.036499 -0.014526 -0.015869
0.329224 0.047974 0.974854 -0.035278 -0.026489 -0.012573
0.319824 0.073486 0.968628 -0.048706 -0.031372 -0.010010
0.314453 0.079834 0.958984 -0.085449 -0.039429 -0.014038
0.308350 0.117920 0.945801 -0.126343 -0.043091 -0.001953
0.288086 0.163330 0.923340 -0.192749 -0.049683 0.006592
0.230225 0.250854 0.896240 -0.288208 -0.055420 0.040161
0.158936 0.350830 0.859985 -0.421143 -0.085815 0.104248
0.158569 0.425903 0.790527 -0.603027 -0.148315 0.189819
0.135986 0.526489 0.739624 -0.853394 -0.189331 0.291626
0.170166 0.603027 0.655396 -1.203735 -0.254272 0.359375
0.236938 0.603027 0.567261 -1.625122 -0.326538 0.420776
0.362061 0.537842 0.507690 -2.138428 -0.379150 0.375122
0.643555 0.463745 0.310913 -2.729614 -0.343140 0.186279
0.691284 0.259888 0.273193 -3.019165 -0.096436 0.399414
0.548462 0.034058 0.414429 -3.113892 0.220947 0.804199
0.374756 -0.217651 0.493896 -3.177612 0.381958 1.043945
0.199463 -0.534302 0.568604 -3.263550 0.366577 1.027100
0.090820 -0.842163 0.666748 -3.198242 0.220215 1.032104
0.045044 -1.068359 0.692993 -3.042114 0.013916 1.036865
0.041626 -1.161987 0.633789 -2.833252 -0.193115 1.111328
0.035767 -1.162354 0.524902 -2.635376 -0.351807 1.181519
0.229736 -1.162109 0.390137 -2.477417 -0.459229 1.103271
0.447510 -1.114868 0.286377 -2.379639 -0.438721 0.953003
0.619995 -1.085205 0.224365 -2.288452 -0.203857 0.905762
0.375977 -1.110107 0.259033 -2.133545 0.171387 1.057617
0.065552 -1.262085 0.436401 -1.948730 0.383911 1.134644
-0.113159 -1.381592 0.525269 -1.737427 0.396729 1.079712
-0.132935 -1.467896 0.559937 -1.505371 0.298950 1.024536
-0.075195 -1.476807 0.541016 -1.284790 0.147949 0.885010
0.025391 -1.462891 0.512817 -1.071899 0.039307 0.757446
0.132568 -1.356934 0.460083 -0.879517 -0.005981 0.616821
0.182373 -1.243286 0.410767 -0.731689 0.031860 0.485107
0.212158 -1.152710 0.405151 -0.606689 0.119385 0.367065
0.147949 -1.059814 0.389771 -0.524536 0.214478 0.259888
0.057251 -1.089844 0.434204 -0.468018 0.250854 0.188965
0.028687 -1.147827 0.463623 -0.411743 0.231934 0.137695
0.049194 -1.187012 0.456177 -0.325684 0.206665 0.149414
0.026855 -1.172363 0.429321 -0.233154 0.184937 0.164673
0.017700 -1.105469 0.390381 -0.156494 0.130493 0.112183
0.092407 -0.993774 0.338135 -0.104492 0.067505 0.038208
0.172119 -0.906006 0.279785 -0.097412 0.087402 0.054932
0.134888 -0.924683 0.273682 -0.118896 0.178589 0.147461
0.031494 -0.992798 0.306152 -0.138672 0.213257 0.148682
0.032104 -1.072754 0.340576 -0.138916 0.159790 0.068115
0.076538 -1.134277 0.341553 -0.112305 0.115479 0.006470
0.060059 -1.190674 0.372681 -0.044312 0.117310 0.025269
0.069824 -1.273315 0.406250 0.042969 0.098877 -0.003662
0.030396 -1.340454 0.432373 0.171387 0.094849 -0.026245
-0.016968 -1.298218 0.431152 0.314453 0.065430 -0.067261
0.050293 -1.214478 0.400391 0.429565 0.004883 -0.130737
0.085693 -1.203613 0.385864 0.514648 0.011963 -0.131470
0.076172 -1.215820 0.393188 0.622437 0.063599 -0.037109
0.039307 -1.212524 0.405884 0.755005 0.121460 0.124634
-0.006226 -1.182129 0.409424 0.861572 0.152100 0.227417
-0.040649 -1.168579 0.431274 0.932739 0.104614 0.208618
-0.063232 -1.176147 0.468018 0.982056 -0.002197 0.054321
-0.065674 -1.215454 0.495361 1.040894 -0.131836 -0.156494
-0.067505 -1.254028 0.534668 1.127930 -0.245605 -0.391846
-0.010986 -1.333130 0.559204 1.282715 -0.318848 -0.559692
0.098267 -1.343506 0.554688 1.480957 -0.369751 -0.745117
0.151001 -1.313965 0.551392 1.696777 -0.384033 -0.911377
0.154541 -1.180176 0.536865 1.929199 -0.353638 -0.968384
0.119629 -1.090088 0.538940 2.118530 -0.295654 -0.953735
0.096191 -0.991943 0.539917 2.257813 -0.275024 -0.988281
0.133179 -0.941406 0.518188 2.336426 -0.288940 -1.099365
0.177368 -0.871216 0.516479 2.394287 -0.286377 -1.197754
0.143555 -0.755127 0.510864 2.457764 -0.223145 -1.158936
0.046143 -0.580200 0.523926 2.491943 -0.163818 -1.018921
-0.032959 -0.373047 0.537476 2.442871 -0.169556 -0.897827
-0.052612 -0.207275 0.550537 2.299561 -0.225098 -0.802490
0.012085 -0.044556 0.559814 2.079712 -0.295288 -0.735352
0.115845 0.098755 0.560547 1.810181 -0.309814 -0.619385
0.233765 0.204102 0.559937 1.506226 -0.241211 -0.468262
0.337402 0.320435 0.575195 1.177002 -0.122070 -0.334229
0.400146 0.382935 0.602173 0.821289 0.033691 -0.223511
0.412598 0.366089 0.650757 0.465454 0.198608 -0.140259
0.320435 0.258179 0.721313 0.194092 0.319702 -0.055054
0.232788 0.142334 0.829956 0.019287 0.334595 0.012085
0.216187 -0.015747 0.926514 -0.131470 0.237793 -0.028564
0.255737 -0.168335 0.990967 -0.237061 0.103149 -0.125000
0.304199 -0.290527 1.017090 -0.258789 0.006470 -0.146118
0.321045 -0.368896 1.018066 -0.217285 -0.031250 -0.084106
0.325684 -0.441528 1.013184 -0.157593 -0.050537 0.005737
0.380371 -0.487183 0.997437 -0.120850 -0.074463 0.021606
0.370361 -0.483521 0.993896 -0.103394 -0.077515 -0.034058
0.339600 -0.463501 0.982422 -0.068359 -0.042603 -0.036743
0.287231 -0.430298 0.987427 -0.026611 0.004028 0.003662
0.245361 -0.407593 1.000122 -0.004395 0.024414 0.033569
0.217773 -0.397827 1.006104 0.011597 0.021118 0.044434
0.191406 -0.376343 1.004150 0.032959 0.007813 0.049683
0.201660 -0.363037 1.004272 0.045654 -0.019165 0.047363
0.256714 -0.357300 0.986816 0.040283 -0.046021 0.022705
0.304688 -0.341309 0.973877 0.040771 -0.032593 0.022705
0.302368 -0.322021 0.959717 0.051636 0.010010 0.050903
0.263306 -0.309814 0.952759 0.069336 0.050659 0.098389
0.208252 -0.293823 0.956055 0.082520 0.055420 0.126099
0.168701 -0.286011 0.953369 0.063843 0.008789 0.091553
0.144653 -0.281128 0.938477 0.032104 -0.063232 0.040161
0.156616 -0.291992 0.926392 0.003906 -0.146484 0.010498
0.201782 -0.317139 0.911011 -0.018433 -0.218384 -0.002197
0.259521 -0.324951 0.906372 -0.024170 -0.246704 0.004761
0.361816 -0.352905 0.902710 -0.037231 -0.230835 0.018433
0.437866 -0.367432 0.912720 -0.053101 -0.163208 0.026611
0.433960 -0.352905 0.941528 -0.038940 -0.055176 0.077637
0.380371 -0.335693 0.965088 -0.001587 0.036865 0.178101
0.298218 -0.317993 0.997192 0.026978 0.081787 0.219116
0.266113 -0.309448 0.993652 0.008179 0.039429 0.135498
0.255981 -0.292236 0.986450 -0.017578 -0.026001 0.046997
0.242554 -0.291138 0.972168 -0.051880 -0.079956 -0.011963
0.244141 -0.306274 0.955566 -0.104004 -0.131592 -0.063843
0.328735 -0.356323 0.937134 -0.159180 -0.170898 -0.127319
0.378052 -0.395386 0.936523 -0.198608 -0.171997 -0.209106
0.389282 -0.412476 0.937256 -0.171509 -0.106567 -0.193970
0.333984 -0.397095 0.958496 -0.088623 -0.019043 -0.094116
0.271729 -0.378784 0.971069 -0.044556 0.014893 -0.050415
0.255127 -0.366455 0.966431 -0.026245 0.002075 -0.047119
0.252808 -0.356812 0.949585 -0.005737 -0.014038 -0.027100
0.251587 -0.332520 0.944580 0.009888 -0.030273 -0.002319
0.285278 -0.328125 0.937988 -0.001343 -0.048340 0.007690
0.313965 -0.332520 0.935547 -0.025513 -0.046265 0.003662
0.344604 -0.342285 0.939697 -0.041504 -0.026489 0.005615
0.328491 -0.349854 0.953247 -0.045532 0.003296 0.000122
0.296021 -0.352661 0.961182 -0.036865 0.019043 -0.007324
0.266357 -0.352905 0.966797 -0.029663 0.006104 -0.030884
0.264282 -0.347168 0.958618 -0.028809 -0.026245 -0.065796
0.288330 -0.341919 0.943115 -0.018311 -0.037842 -0.057373
0.285034 -0.332031 0.940674 0.002930 -0.019165 0.003540
0.279663 -0.333008 0.934692 0.007324 -0.003296 0.060425
0.323975 -0.351929 0.935181 -0.009888 -0.001587 0.073608
0.334473 -0.365967 0.956177 -0.028931 0.000977 0.046265
0.318726 -0.378296 0.975952 -0.034790 0.002075 0.005371
0.299683 -0.365234 0.982788 -0.025513 -0.011353 -0.031982
0.293945 -0.365723 0.978149 -0.013794 -0.035034 -0.060059
0.294556 -0.353516 0.962158 -0.001465 -0.049316 -0.072388
0.284912 -0.338257 0.945068 0.012085 -0.052734 -0.069580
0.282471 -0.334473 0.937134 0.012207 -0.053955 -0.058716
0.313599 -0.348022 0.936157 -0.003662 -0.054321 -0.055908
0.342163 -0.369873 0.938477 -0.021729 -0.036011 -0.053101
0.337402 -0.387573 0.956665 -0.018066 -0.001587 -0.024658
0.309082 -0.396851 0.983521 0.006470 0.023926 0.011353
0.283081 -0.405518 0.991333 0.040649 0.015381 0.012939
0.268555 -0.388672 0.989868 0.079346 -0.021484 -0.026001
0.267944 -0.369629 0.977295 0.113281 -0.074829 -0.081177
0.288086 -0.347290 0.958252 0.137329 -0.121094 -0.134033
0.322266 -0.323242 0.946289 0.141724 -0.144287 -0.177979
0.341309 -0.291992 0.933105 0.131470 -0.138794 -0.193604
