0.313721 -0.003296 0.990112 0.007446 -0.016113 -0.022827
0.307495 0.004272 0.989746 0.002686 -0.020752 -0.020752
0.298950 0.009644 0.985596 -0.005859 -0.023926 -0.012329
0.299438 0.014526 0.982666 -0.018311 -0.026001 -0.002319
0.290283 0.030762 0.972168 -0.033691 -0.023804 0.008179
0.278442 0.057739 0.963257 -0.055542 -0.016724 0.022095
0.275391 0.096680 0.947388 -0.091919 -0.000488 0.051147
0.265625 0.133545 0.919922 -0.148804 0.037231 0.094727
0.275269 0.206543 0.881226 -0.241211 0.084351 0.132446
0.288696 0.238403 0.807251 -0.382324 0.144409 0.185181
0.294312 0.268677 0.734985 -0.545654 0.210938 0.262573
0.312134 0.309814 0.678223 -0.746338 0.246582 0.287231
0.310181 0.387695 0.576172 -1.009155 0.262207 0.260986
0.367310 0.424561 0.520630 -1.359497 0.242798 0.208008
0.547363 0.390991 0.467163 -1.727661 0.280396 0.187256
0.610596 0.370117 0.367676 -2.060547 0.535278 0.300659
0.544800 0.279663 0.321289 -2.416138 0.910767 0.511597
0.380493 0.120972 0.416626 -2.866821 1.142700 0.581665
0.085083 -0.105591 0.429321 -3.208130 1.216919 0.573120
-0.046875 -0.294922 0.482666 -3.371216 1.078003 0.502563
-0.020996 -0.501221 0.539673 -3.512573 0.889893 0.471313
0.085815 -0.740845 0.500488 -3.578491 0.812866 0.484009
0.012085 -1.003906 0.548096 -3.465820 0.928101 0.737793
-0.128418 -1.196777 0.567993 -3.233154 0.963867 1.063965
-0.273926 -1.252197 0.610352 -2.926147 0.883423 1.353394
-0.269653 -1.386963 0.634033 -2.694824 0.733765 1.399048
-0.262085 -1.437378 0.585449 -2.462036 0.678711 1.392700
-0.357544 -1.429321 0.547729 -2.211304 0.633423 1.426147
-0.344849 -1.532227 0.590698 -2.014648 0.430908 1.186035
-0.333130 -1.580933 0.604370 -1.716064 0.286011 0.966797
-0.317749 -1.755615 0.676025 -1.393921 0.240723 0.790527
-0.730957 -2.661255 1.301514 -1.076904 0.280640 0.512451
-0.258423 -1.543945 0.781616 -0.456909 -0.061646 0.367432
0.243896 -0.752930 0.277954 -0.177856 -0.392700 -0.193604
0.033447 -0.550659 0.207886 -0.083862 -0.156006 -0.356323
-0.399658 -0.705200 0.397949 -0.108398 0.143677 -0.162598
-0.575684 -0.869385 0.496460 -0.159424 0.202026 0.077515
-0.364624 -0.980103 0.521240 -0.199097 0.076416 0.165527
-0.183716 -1.021484 0.503784 -0.165039 0.009277 0.166382
-0.183105 -0.992432 0.474365 -0.083374 0.015259 0.174316
-0.195923 -1.034546 0.517090 -0.015259 0.010254 0.132935
-0.158813 -1.102783 0.532593 0.066895 -0.027710 0.028809
-0.113403 -1.136353 0.526245 0.176880 -0.036499 -0.026001
-0.062012 -1.195557 0.536743 0.313599 0.006836 -0.004395
-0.094849 -1.149536 0.533325 0.478516 0.065430 0.037476
-0.155151 -1.071777 0.533691 0.592651 0.036987 -0.013428
-0.158203 -1.051514 0.561401 0.657959 -0.080811 -0.151489
-0.161743 -1.063232 0.565796 0.736450 -0.198364 -0.257690
-0.159912 -1.117188 0.567749 0.849365 -0.275513 -0.276123
-0.187378 -1.155518 0.619873 0.997925 -0.317261 -0.286011
-0.215088 -1.141846 0.656860 1.137573 -0.361206 -0.302246
-0.205933 -1.104126 0.662354 1.239502 -0.420898 -0.364746
-0.155518 -1.074463 0.646851 1.309082 -0.497314 -0.455933
-0.126465 -1.045532 0.650879 1.401611 -0.543213 -0.498047
-0.099731 -1.013428 0.657715 1.498291 -0.590210 -0.552246
-0.122192 -0.952271 0.672974 1.619019 -0.622314 -0.578491
-0.145264 -0.861084 0.688843 1.709473 -0.664063 -0.619141
-0.158813 -0.814941 0.713867 1.716431 -0.748169 -0.718140
-0.127930 -0.793091 0.737061 1.706177 -0.835205 -0.831909
-0.023315 -0.788208 0.728760 1.698486 -0.900513 -0.945435
0.053345 -0.741089 0.740234 1.724121 -0.867798 -0.953125
0.149658 -0.735352 0.727661 1.740234 -0.747559 -0.870972
0.186401 -0.653320 0.726196 1.772583 -0.570313 -0.723022
0.275513 -0.613037 0.729858 1.788208 -0.410400 -0.610352
0.225464 -0.561523 0.772705 1.849731 -0.246826 -0.542847
0.147339 -0.483276 0.792847 1.900269 -0.194336 -0.501709
0.110474 -0.445679 0.817139 1.896606 -0.263306 -0.521362
0.102661 -0.440552 0.846924 1.896362 -0.380493 -0.638306
0.119629 -0.428833 0.844482 1.932251 -0.486084 -0.760742
0.136230 -0.360840 0.847534 1.998413 -0.515991 -0.739502
0.078369 -0.214844 0.827393 2.045776 -0.491333 -0.616943
0.046387 -0.024902 0.791626 1.994019 -0.500732 -0.525391
0.044434 0.118408 0.739746 1.830444 -0.532959 -0.479370
0.093140 0.200439 0.712891 1.618652 -0.557617 -0.446533
0.142822 0.295410 0.687622 1.400513 -0.538696 -0.398438
0.191406 0.352295 0.689331 1.174194 -0.497803 -0.348999
0.233398 0.363403 0.698242 0.938843 -0.448242 -0.300049
0.273804 0.343994 0.754028 0.712280 -0.390137 -0.233887
0.310059 0.293823 0.816528 0.522949 -0.328979 -0.162231
0.340820 0.245361 0.886108 0.384033 -0.269531 -0.092896
0.354248 0.206909 0.938110 0.285034 -0.215210 -0.026489
0.384155 0.164551 0.958008 0.221802 -0.168213 0.034912
0.419434 0.111938 0.959229 0.167480 -0.124512 0.069824
0.434204 0.078979 0.956543 0.127075 -0.090576 0.059448
0.402344 0.064209 0.968628 0.088257 -0.074341 0.006836
0.367432 0.048706 0.978882 0.052490 -0.086060 -0.061523
0.333130 0.049194 0.982056 0.035645 -0.111206 -0.109009
0.326904 0.049561 0.987061 0.020020 -0.144287 -0.128784
0.359985 0.031616 0.984985 0.016846 -0.162231 -0.124146
0.396729 0.030151 0.988159 0.020508 -0.142212 -0.108643
0.401245 0.039917 0.993530 0.018433 -0.094116 -0.096191
0.375732 0.076782 0.993286 0.023438 -0.038818 -0.081665
0.337280 0.096191 0.984009 0.018799 0.005493 -0.059448
0.317749 0.106812 0.970093 0.006348 0.022217 -0.046997
0.315918 0.093628 0.956299 -0.015381 0.013428 -0.057129
0.308716 0.095947 0.958130 -0.031982 -0.002197 -0.075684
0.290771 0.096802 0.961548 -0.046509 -0.008789 -0.079834
0.275513 0.084595 0.966064 -0.067993 -0.018555 -0.075684
0.269531 0.061646 0.968384 -0.089111 -0.033813 -0.066528
0.282959 0.034424 0.981079 -0.104980 -0.047241 -0.049316
0.324097 0.003540 0.999512 -0.105103 -0.044189 -0.024536
0.320435 -0.008545 1.015747 -0.089478 -0.023560 -0.009277
0.316895 -0.002075 1.028687 -0.072021 -0.009521 0.009888
0.312012 0.001709 1.024536 -0.057495 -0.005859 0.021729
0.323120 0.012329 1.017334 -0.040649 -0.009521 0.025269
0.351440 0.003906 1.006958 -0.031128 -0.019409 0.010742
0.361572 0.022949 0.998901 -0.021118 -0.022705 -0.012939
0.349487 0.041260 1.000732 -0.011475 -0.013672 -0.029053
0.334595 0.046753 0.995972 -0.015015 -0.008667 -0.036865
0.313110 0.058350 0.988403 -0.017578 -0.005249 -0.030518
0.305420 0.058350 0.985229 -0.022339 -0.015747 -0.022339
0.311768 0.066528 0.975830 -0.024536 -0.023926 -0.010498
0.318115 0.055176 0.972778 -0.029541 -0.021606 0.003906
0.345947 0.026001 0.976563 -0.034180 -0.014526 0.014648
0.348511 0.011963 1.000488 -0.034180 0.000366 0.012329
0.338257 0.011353 1.009644 -0.029053 0.010742 0.003052
0.333008 0.007813 1.016968 -0.023071 0.005493 -0.011963
0.325317 0.014893 1.007568 -0.012817 -0.003540 -0.020874
0.336670 0.021362 1.004761 -0.008179 -0.018311 -0.029297
0.338745 0.033447 0.997681 -0.004883 -0.025146 -0.035156
0.345947 0.051880 0.990845 -0.001587 -0.025269 -0.032593
0.335938 0.064941 0.985229 -0.010864 -0.020264 -0.028076
0.324951 0.074463 0.978149 -0.024658 -0.017212 -0.011475
0.342529 0.056152 0.981812 -0.037109 -0.017456 -0.003296
0.370361 0.032349 0.985352 -0.043701 -0.015137 -0.013916
0.368042 0.027100 0.991699 -0.039185 -0.001221 -0.032715
0.349487 0.038940 0.997803 -0.035034 0.014893 -0.052368
0.319214 0.041992 0.989868 -0.033203 0.025757 -0.062622
0.295654 0.051392 0.980103 -0.030151 0.030029 -0.060913
0.284424 0.050659 0.972534 -0.030396 0.025391 -0.055908
0.267700 0.056885 0.973999 -0.033569 0.020386 -0.044312
0.253174 0.066284 0.975952 -0.038696 0.013550 -0.022705
0.264038 0.047852 0.982788 -0.049072 -0.005249 -0.001099
0.298828 0.014404 0.994141 -0.062500 -0.024658 0.010254
0.309570 0.003174 1.006348 -0.060425 -0.030640 0.010986
0.318848 -0.003906 1.018555 -0.049194 -0.035156 0.005859
0.327637 0.000732 1.020996 -0.036133 -0.042847 0.000732
0.338989 0.007080 1.025391 -0.023682 -0.050903 -0.011841
0.353394 0.011719 1.019897 -0.012451 -0.054443 -0.031250
0.361938 0.026978 1.012939 -0.002808 -0.049072 -0.045166
0.348022 0.044556 1.004395 0.004517 -0.037109 -0.050049
0.324951 0.062256 0.996582 0.010254 -0.024292 -0.041504
0.312256 0.065674 0.993286 0.007080 -0.019409 -0.021362
0.322266 0.055420 0.984619 -0.000244 -0.015015 -0.002441
0.325195 0.040283 0.991943 -0.002319 -0.002808 0.013184
0.337280 0.021484 0.993530 -0.003784 0.004517 0.015503
0.341553 0.008179 1.000977 -0.005371 0.001587 -0.006836
0.334717 0.006348 1.002319 -0.002686 -0.003784 -0.034424
0.336670 0.019897 0.996948 0.003296 -0.010498 -0.049194
0.327148 0.036133 0.995361 0.014404 -0.011963 -0.060425
