0.265381 -0.243286 0.999390 -0.042725 0.026978 -0.041626
0.257813 -0.246094 1.011597 -0.040283 0.027466 -0.044922
0.262207 -0.248047 1.008545 -0.031738 0.023682 -0.041870
0.248169 -0.233032 1.008301 -0.019409 0.029663 -0.037598
0.230835 -0.245728 1.002441 -0.012939 0.026367 -0.036621
0.227905 -0.237183 0.994873 -0.005859 0.008423 -0.020020
0.228149 -0.237915 0.981445 -0.006348 -0.004639 -0.011719
0.229004 -0.232300 0.976196 -0.008423 -0.014160 -0.005249
0.217651 -0.236328 0.985718 -0.013794 -0.023438 -0.001221
0.225952 -0.243042 0.996582 -0.016235 -0.039063 0.003540
0.237061 -0.271973 1.016724 -0.011475 -0.053589 0.004028
0.207764 -0.308105 1.062134 0.003906 -0.084351 -0.025635
0.179321 -0.337646 1.099243 0.040649 -0.166626 -0.079834
0.173462 -0.349121 1.114746 0.103516 -0.273804 -0.130005
0.166138 -0.336304 1.114990 0.177979 -0.366699 -0.175293
0.151123 -0.304688 1.101929 0.244019 -0.452148 -0.203247
0.154297 -0.277710 1.084961 0.286743 -0.538574 -0.212891
0.168213 -0.263916 1.080811 0.314819 -0.604126 -0.204712
0.120605 -0.254272 1.082520 0.335327 -0.665894 -0.197876
0.073486 -0.253418 1.087646 0.361694 -0.762817 -0.180176
0.066406 -0.283569 1.097534 0.406982 -0.894775 -0.146362
0.004272 -0.329224 1.131592 0.471680 -1.084961 -0.143066
-0.025024 -0.347412 1.140015 0.572510 -1.371948 -0.168335
-0.005493 -0.345459 1.098389 0.706665 -1.680054 -0.185181
0.023804 -0.308228 1.034424 0.849976 -1.959106 -0.174561
0.132568 -0.253906 0.908936 0.975952 -2.174072 -0.124878
0.215698 -0.222534 0.810791 1.059937 -2.298706 -0.076172
0.197754 -0.175415 0.752441 1.103882 -2.412842 -0.042358
0.129883 -0.163940 0.694214 1.139404 -2.536499 0.035645
0.063232 -0.180054 0.651123 1.186646 -2.726196 0.145996
0.188843 -0.181274 0.547852 1.262207 -3.024292 0.234253
0.483154 -0.186035 0.382080 1.340088 -3.283691 0.251221
0.702271 -0.116699 0.252075 1.371094 -3.390625 0.184570
0.924072 -0.044434 0.128906 1.364502 -3.371948 0.088989
1.079102 0.062378 0.011719 1.293213 -3.165771 0.061768
1.128662 0.135254 -0.035767 1.145386 -2.847900 0.059448
1.095825 0.158203 0.012207 0.996216 -2.555542 0.028809
1.081909 0.138062 0.041382 0.888916 -2.356934 -0.006104
1.015381 0.140137 0.050537 0.835083 -2.164673 0.006592
1.046997 0.157349 -0.016235 0.789185 -2.018188 0.061523
1.062866 0.211060 -0.125977 0.720337 -1.799927 0.200073
1.104858 0.256470 -0.205200 0.623047 -1.568359 0.338501
1.225586 0.204834 -0.237671 0.500732 -1.358032 0.409058
1.220703 0.093018 -0.149292 0.377808 -1.204102 0.358398
1.315186 0.014526 -0.064453 0.317017 -1.172119 0.216675
1.334473 0.024902 -0.080078 0.306763 -1.122437 0.025391
1.274414 0.091675 -0.114624 0.306396 -1.006836 -0.098022
1.161011 0.100952 -0.112793 0.279541 -0.837036 -0.113647
1.061768 0.083740 -0.086914 0.266724 -0.675171 -0.057007
1.038330 0.086304 -0.099609 0.268677 -0.578613 0.013306
1.093994 0.102173 -0.143677 0.257935 -0.538940 0.062988
1.130859 0.116943 -0.168701 0.220093 -0.477173 0.095581
1.165405 0.095825 -0.162109 0.163208 -0.395142 0.115356
1.164429 0.075562 -0.148315 0.118408 -0.310181 0.102295
1.113037 0.058838 -0.124512 0.085205 -0.292236 0.038208
1.079224 0.072510 -0.126465 0.072266 -0.315674 -0.023071
1.089844 0.093384 -0.141479 0.062744 -0.310547 -0.034180
1.072998 0.075317 -0.146362 0.043701 -0.251953 -0.013916
1.049805 0.072388 -0.132202 0.038574 -0.158325 0.061890
1.042969 0.072021 -0.118896 0.051147 -0.082764 0.132935
1.091919 0.078735 -0.140137 0.058960 -0.037109 0.165405
1.142456 0.057617 -0.140137 0.035400 -0.001221 0.130737
1.195801 0.065186 -0.137939 0.006836 0.025635 0.045532
1.207642 0.052124 -0.135254 -0.043823 0.067627 -0.040161
1.190430 0.049072 -0.119385 -0.085205 0.144043 -0.090210
1.109131 0.048950 -0.077026 -0.107788 0.240723 -0.105225
1.010620 0.040283 -0.029663 -0.110107 0.288208 -0.110474
0.989624 0.052490 -0.017334 -0.095825 0.282959 -0.090210
1.029907 0.038574 -0.022705 -0.085815 0.282471 -0.064209
1.077148 0.048340 -0.017090 -0.058105 0.336548 -0.030518
1.094849 0.075195 -0.027466 -0.026367 0.443726 -0.005493
1.077148 0.071655 -0.080444 -0.037354 0.547485 0.009521
1.120117 0.094849 -0.098877 -0.059692 0.635132 0.032959
1.188599 0.085205 -0.087891 -0.093018 0.754761 0.040894
1.197266 0.077026 -0.091064 -0.121582 0.929321 0.045410
1.164307 0.101685 -0.117065 -0.157715 1.122559 0.079834
1.124756 0.108276 -0.078735 -0.223633 1.232788 0.113281
1.075806 0.094727 -0.016357 -0.277100 1.296631 0.113281
1.041016 0.047852 0.063232 -0.310425 1.313965 0.102173
1.021118 0.050537 0.153320 -0.309326 1.325928 0.082764
0.941406 -0.015991 0.202148 -0.300415 1.312134 -0.008545
0.989990 -0.006958 0.237549 -0.273438 1.243164 -0.026123
1.052368 -0.012085 0.259766 -0.249146 1.256958 -0.008545
1.099487 -0.026123 0.282837 -0.249146 1.322510 -0.020142
1.128662 -0.026245 0.278687 -0.228027 1.408936 -0.042480
1.129883 0.003052 0.260254 -0.222290 1.516113 -0.033081
1.129517 0.018311 0.245972 -0.262329 1.651733 0.001953
1.103516 0.049194 0.264038 -0.320190 1.785889 0.021240
1.077759 0.047119 0.291016 -0.389771 1.868286 -0.019653
1.028564 0.026489 0.336304 -0.447998 1.939941 -0.078247
0.872803 0.014771 0.436768 -0.477295 1.959106 -0.137573
0.742188 -0.022583 0.518066 -0.484985 1.891602 -0.166504
0.699829 -0.032349 0.583252 -0.472534 1.801880 -0.143921
0.720703 -0.043579 0.604858 -0.449585 1.708740 -0.129028
0.765137 -0.021973 0.606812 -0.424438 1.651001 -0.126343
0.776123 0.003052 0.592896 -0.435059 1.663330 -0.117554
0.800293 0.033325 0.555054 -0.473389 1.723999 -0.110474
0.776367 0.058716 0.523804 -0.535156 1.801514 -0.135498
0.625488 0.043701 0.558960 -0.639526 1.836426 -0.169434
0.496948 0.008423 0.657959 -0.703247 1.794067 -0.164917
0.434082 -0.048828 0.747314 -0.724609 1.731567 -0.137817
0.472534 -0.099854 0.810913 -0.704590 1.645142 -0.105835
0.515137 -0.106567 0.825195 -0.657104 1.604126 -0.095459
0.484375 -0.074707 0.836426 -0.626465 1.613403 -0.103271
0.407959 -0.133545 0.820801 -0.617188 1.618286 -0.111572
0.329346 -0.124268 0.855225 -0.591919 1.576172 -0.061768
0.230469 -0.156250 0.905640 -0.566162 1.465088 -0.063721
0.143066 -0.194214 0.963623 -0.528076 1.291748 -0.084106
0.116333 -0.223877 1.002686 -0.490479 1.082031 -0.132813
0.146118 -0.232422 1.017212 -0.443481 0.914063 -0.173706
0.176514 -0.238403 1.019287 -0.409180 0.807739 -0.167725
0.223755 -0.236328 1.000366 -0.386108 0.733398 -0.153320
0.225586 -0.238647 1.006348 -0.380371 0.705688 -0.123901
0.182373 -0.255981 1.040894 -0.360596 0.647949 -0.119385
0.181396 -0.266724 1.063477 -0.307983 0.533081 -0.109619
0.186523 -0.284912 1.067871 -0.238159 0.413086 -0.088745
0.214233 -0.271729 1.054688 -0.158691 0.284790 -0.072021
0.211914 -0.244141 1.053101 -0.075562 0.181396 -0.069702
0.231934 -0.209106 1.046631 -0.018799 0.117432 -0.070801
0.225830 -0.186401 1.036865 0.012329 0.069336 -0.103394
0.210327 -0.161377 1.026001 0.028076 0.016235 -0.130981
0.232422 -0.151245 1.010254 0.000488 -0.013916 -0.187134
0.294312 -0.134155 0.982300 -0.010254 0.023926 -0.172363
0.340576 -0.140625 0.976440 -0.017334 0.005859 -0.223145
0.317993 -0.149292 0.993164 -0.044312 0.042603 -0.208496
0.300537 -0.151733 1.013916 -0.062134 0.070190 -0.168701
0.265137 -0.174683 1.043457 -0.067993 0.079468 -0.144409
0.249878 -0.179932 1.058594 -0.049561 0.048950 -0.125854
0.236084 -0.176514 1.050903 -0.026245 0.018799 -0.117920
0.230957 -0.173950 1.032593 -0.004883 -0.012695 -0.099243
0.278809 -0.170410 1.019287 0.017456 -0.060913 -0.090210
0.310181 -0.169678 1.010864 0.027588 -0.090820 -0.099243
0.317749 -0.156372 0.979004 0.029907 -0.092285 -0.114746
0.280640 -0.091064 0.988892 0.037231 -0.017944 -0.109619
0.322876 -0.131958 0.958374 0.008667 -0.014526 -0.089600
0.253174 -0.102173 1.033447 0.036743 0.043335 -0.026855
0.296143 -0.164551 0.997192 0.017456 0.025757 -0.039673
0.294434 -0.136475 0.997437 0.008179 0.011353 -0.040771
0.283447 -0.167603 1.000610 -0.000977 0.028198 -0.039551
0.297852 -0.135254 0.989136 0.004395 0.028564 -0.047119
0.256104 -0.181519 0.994995 -0.025513 0.023315 -0.085815
0.280151 -0.170044 0.992432 -0.009766 -0.018066 -0.070313
0.327881 -0.128296 0.973022 0.013550 -0.051270 -0.050903
0.343750 -0.134277 0.973633 -0.002563 -0.079956 -0.090820
0.362427 -0.122681 0.982666 -0.011475 -0.099854 -0.122925
0.325439 -0.129761 1.008911 -0.019653 -0.081055 -0.133179
0.291748 -0.117065 0.981323 -0.019165 -0.043823 -0.109375
0.279297 -0.133301 0.974976 -0.019897 -0.011108 -0.056396
0.277832 -0.124146 0.996826 -0.015015 0.011353 -0.003906
0.264160 -0.122070 0.961548 -0.028931 0.019531 0.020752
