0.215942 -0.190552 1.036743 -0.029785 -0.011108 -0.011963
0.216797 -0.199097 1.041748 -0.020996 -0.018799 -0.010254
0.208618 -0.199585 1.045776 -0.009521 -0.029297 -0.012817
0.193237 -0.213501 1.056641 0.002197 -0.047363 -0.017456
0.169678 -0.223999 1.062134 0.020142 -0.076172 -0.021606
0.166138 -0.217896 1.066040 0.045654 -0.114380 -0.021240
0.178711 -0.210449 1.054810 0.065552 -0.147339 -0.017700
0.192871 -0.189331 1.038452 0.080688 -0.156128 -0.006226
0.177979 -0.171753 1.029541 0.086548 -0.152710 0.003174
0.152954 -0.173218 1.027344 0.087769 -0.168335 0.004883
0.138184 -0.190918 1.044067 0.098022 -0.214111 -0.001465
0.097046 -0.243164 1.085571 0.125244 -0.304077 -0.027954
0.084961 -0.266113 1.110352 0.176147 -0.477051 -0.084595
0.109497 -0.275513 1.124146 0.250854 -0.663696 -0.136841
0.126343 -0.251587 1.114136 0.350220 -0.806641 -0.180664
0.142944 -0.208252 1.081909 0.425537 -0.913940 -0.181641
0.165894 -0.159058 1.042725 0.469727 -0.966431 -0.124146
0.183350 -0.138428 1.012207 0.487915 -0.975220 -0.023804
0.145386 -0.122070 1.008545 0.499756 -0.968384 0.088867
0.062134 -0.154053 1.035034 0.512939 -1.004639 0.195435
-0.028076 -0.199097 1.054199 0.552368 -1.134155 0.298584
-0.043457 -0.232910 1.035889 0.616821 -1.389648 0.377808
0.033936 -0.227539 0.971558 0.702026 -1.719360 0.398804
0.155151 -0.202026 0.881104 0.788574 -2.051880 0.362549
0.392456 -0.171265 0.779175 0.874512 -2.322754 0.299316
0.590942 -0.141602 0.701172 0.954956 -2.432373 0.220093
0.678101 -0.065918 0.631470 1.001465 -2.371826 0.187134
0.604614 -0.018433 0.610962 0.989014 -2.281006 0.162598
0.472534 0.000854 0.598755 0.958374 -2.303711 0.138428
0.402100 0.034546 0.568359 0.944336 -2.382202 0.208496
0.420654 0.072266 0.471069 0.931641 -2.489380 0.316406
0.553467 0.137573 0.307007 0.906738 -2.578857 0.406006
0.718994 0.173584 0.172363 0.818970 -2.605591 0.465576
0.871826 0.185791 0.096191 0.669312 -2.526978 0.542969
1.001221 0.114502 0.102661 0.510620 -2.322388 0.617798
1.026245 0.021118 0.180054 0.410400 -2.072266 0.662964
1.018433 -0.055908 0.240112 0.378906 -1.881836 0.664185
0.989014 -0.091553 0.264893 0.399902 -1.835571 0.561768
1.085449 -0.084473 0.211548 0.459595 -1.920898 0.412964
1.250000 -0.016602 0.114502 0.501221 -1.899048 0.299438
1.279785 0.035278 0.030151 0.489990 -1.725830 0.204224
1.281738 0.055786 -0.017700 0.439941 -1.508789 0.164185
1.174194 0.028687 -0.007324 0.362915 -1.284668 0.143433
1.032104 0.030396 0.020142 0.302246 -1.177124 0.132080
0.992065 0.043335 -0.017212 0.272583 -1.189087 0.124634
0.926880 0.043579 -0.035156 0.225220 -1.216919 0.136963
0.968994 -0.000122 -0.045166 0.175659 -1.270752 0.184082
1.136108 -0.052734 -0.043945 0.156128 -1.260376 0.248535
1.275879 -0.080688 -0.057861 0.152588 -1.151123 0.265015
1.329224 -0.074707 -0.074585 0.152832 -1.002441 0.204834
1.346313 -0.083130 -0.083984 0.159668 -0.851685 0.116333
1.255615 -0.048462 -0.092407 0.172241 -0.687988 0.042603
1.133789 -0.052979 -0.089722 0.150513 -0.574463 -0.023560
1.068115 -0.029053 -0.100586 0.145630 -0.529175 -0.031372
1.012329 -0.020630 -0.113525 0.128784 -0.495605 -0.017944
1.041504 -0.000488 -0.142944 0.119019 -0.495483 0.016846
1.076904 0.009399 -0.156372 0.103149 -0.461548 0.051758
1.058960 -0.003418 -0.148315 0.079956 -0.389160 0.090454
1.077393 -0.032959 -0.124634 0.065796 -0.319946 0.128418
1.155151 -0.030151 -0.144165 0.067139 -0.269043 0.135742
1.245728 -0.032959 -0.162598 0.066162 -0.193848 0.096558
1.317871 -0.001587 -0.213745 0.059692 -0.079346 0.034546
1.294800 0.020630 -0.239258 0.017578 0.063599 -0.040405
1.207153 0.005249 -0.203369 -0.043701 0.152954 -0.134644
1.167480 -0.002075 -0.173096 -0.085327 0.169922 -0.215332
1.149902 -0.003418 -0.145874 -0.109985 0.204102 -0.241211
1.136230 -0.007080 -0.128052 -0.120239 0.278320 -0.228638
1.126343 -0.000732 -0.111206 -0.123047 0.367676 -0.189697
1.140503 0.014038 -0.114990 -0.122437 0.466064 -0.142212
1.189575 0.031616 -0.128296 -0.123047 0.599487 -0.088013
1.195313 0.040039 -0.136353 -0.136353 0.793945 -0.035278
1.214233 0.023926 -0.123413 -0.154907 1.012451 0.018066
1.215820 0.018799 -0.118408 -0.168579 1.239014 0.052856
1.137573 0.012939 -0.092896 -0.187500 1.411011 0.036255
1.012329 -0.008057 -0.029053 -0.223633 1.414307 -0.059570
0.978638 -0.025024 0.043945 -0.262085 1.216309 -0.197510
1.029053 -0.038818 0.100342 -0.284180 0.979004 -0.349365
1.099487 -0.027954 0.123779 -0.287476 0.856079 -0.452393
1.137085 0.009033 0.116333 -0.296265 0.919800 -0.460083
1.196289 0.021484 0.084717 -0.321655 1.136353 -0.373657
1.145752 0.006958 0.106079 -0.347534 1.479736 -0.217041
1.105103 0.053711 0.112183 -0.345703 1.825806 -0.018188
1.019043 0.034912 0.152710 -0.380859 2.093750 0.101563
0.965332 0.005493 0.218506 -0.412598 2.195313 0.136719
0.948120 -0.028320 0.294189 -0.417603 2.125977 0.084106
0.963501 -0.031250 0.355835 -0.404785 1.957520 -0.050415
0.974609 -0.043457 0.405151 -0.400513 1.772339 -0.235352
0.952026 -0.033813 0.441406 -0.402466 1.640381 -0.403564
0.946411 -0.011597 0.459229 -0.422241 1.562012 -0.534302
0.952026 -0.005005 0.457764 -0.458984 1.570557 -0.613770
0.905029 0.017822 0.447388 -0.505493 1.662476 -0.633301
0.764893 0.018066 0.462891 -0.561279 1.760254 -0.590820
0.653564 0.041138 0.527588 -0.622803 1.813965 -0.485840
0.660522 0.001953 0.577881 -0.662354 1.825073 -0.404663
0.706787 -0.026367 0.616821 -0.668213 1.811035 -0.377197
0.687012 -0.021362 0.626587 -0.670044 1.800781 -0.404175
0.646851 0.006470 0.614746 -0.684204 1.806885 -0.428589
0.593262 0.001587 0.617432 -0.716675 1.833252 -0.434326
0.532837 0.000732 0.647461 -0.749268 1.862305 -0.411987
0.451050 0.004272 0.678955 -0.786255 1.898804 -0.353027
0.348267 -0.010254 0.726685 -0.823364 1.897949 -0.290649
0.233276 -0.026855 0.793945 -0.841187 1.832520 -0.214722
0.163452 -0.070679 0.860962 -0.829590 1.719360 -0.138184
0.158691 -0.132935 0.930054 -0.782593 1.573853 -0.081543
0.223633 -0.208374 0.970459 -0.702515 1.424805 -0.047607
0.329468 -0.262817 0.993164 -0.596924 1.317993 -0.042480
0.329346 -0.244019 0.984741 -0.489258 1.275024 -0.076538
0.224976 -0.189941 0.969482 -0.411499 1.221558 -0.144165
0.107178 -0.138794 0.969604 -0.384399 1.068115 -0.199097
0.065430 -0.133789 0.997070 -0.389771 0.848022 -0.212891
0.096680 -0.154419 1.028320 -0.379150 0.659058 -0.197510
0.073853 -0.206055 1.076172 -0.350098 0.533813 -0.186890
0.053467 -0.237671 1.115845 -0.291870 0.393799 -0.184082
0.102295 -0.251953 1.118286 -0.214478 0.244263 -0.185303
0.149048 -0.259644 1.119629 -0.137329 0.141479 -0.191772
0.159058 -0.233154 1.101318 -0.065430 0.089111 -0.188110
0.165649 -0.199341 1.077271 -0.010132 0.052246 -0.177368
0.176758 -0.162231 1.054199 0.018921 0.018188 -0.148560
0.203857 -0.129517 1.031860 0.026245 -0.004639 -0.115967
0.214600 -0.104248 1.020752 0.012451 -0.006592 -0.080688
0.195190 -0.089478 1.018921 -0.018066 -0.001587 -0.044556
0.223999 -0.097168 1.016602 -0.049316 -0.003296 -0.009277
0.314819 -0.135010 1.010742 -0.071655 0.019897 0.016846
0.332275 -0.138184 1.006714 -0.084106 0.077393 0.006470
0.271851 -0.156006 1.034180 -0.094604 0.112183 -0.040527
0.240112 -0.171387 1.059692 -0.080933 0.093018 -0.087891
0.207275 -0.175659 1.074219 -0.051636 0.058350 -0.120117
0.169556 -0.167969 1.078735 -0.015747 0.020874 -0.125244
0.133911 -0.147095 1.063843 0.016235 -0.016724 -0.099609
0.150269 -0.142212 1.041626 0.036133 -0.055298 -0.053345
0.193237 -0.138916 1.016846 0.044556 -0.091431 -0.015137
0.272949 -0.140381 0.990723 0.047241 -0.109497 0.006104
0.287476 -0.132446 0.977661 0.039673 -0.072510 0.010498
0.274292 -0.123047 0.975708 0.022949 -0.036377 0.001221
0.275024 -0.127319 0.982178 0.006714 -0.024048 -0.018066
0.262817 -0.117920 0.992432 -0.002319 -0.028564 -0.044312
0.246582 -0.113647 1.004761 -0.007690 -0.040894 -0.058838
0.254639 -0.115723 1.004272 -0.008301 -0.053589 -0.057983
0.258057 -0.117310 1.008057 -0.006836 -0.064087 -0.057251
0.250366 -0.119995 1.012573 -0.003540 -0.071533 -0.050781
0.263428 -0.126709 1.005005 0.005127 -0.072876 -0.028320
0.288452 -0.124146 1.000366 0.013794 -0.058716 -0.001343
0.304199 -0.122070 0.984863 0.012939 -0.044312 0.002441
0.312744 -0.125732 0.973999 0.005493 -0.031128 -0.008911
0.317017 -0.121094 0.980713 -0.003174 -0.010010 -0.022217
0.290649 -0.124023 0.993042 -0.012573 0.006104 -0.040161
0.267700 -0.124756 1.002808 -0.014893 0.007568 -0.050537
0.257813 -0.129028 1.006104 -0.012451 -0.004150 -0.055786
0.243408 -0.122681 1.003174 -0.010010 -0.020386 -0.055786
0.224487 -0.123535 1.009033 -0.010986 -0.047607 -0.051514
