0.316772 -0.206421 1.022217 0.002197 -0.052979 -0.057861
0.300293 -0.210083 1.029419 0.020630 -0.085205 -0.062988
0.288452 -0.209473 1.038940 0.043335 -0.128174 -0.065918
0.282104 -0.206543 1.035767 0.068481 -0.173950 -0.068848
0.268066 -0.190186 1.026733 0.091675 -0.217896 -0.070557
0.237427 -0.182373 1.032593 0.110840 -0.261108 -0.073853
0.204102 -0.180786 1.041870 0.133423 -0.327759 -0.085083
0.183350 -0.171875 1.062012 0.162598 -0.424072 -0.094727
0.143799 -0.172852 1.080811 0.194458 -0.534302 -0.095215
0.117554 -0.179810 1.102539 0.234131 -0.672241 -0.088501
0.112061 -0.183960 1.107544 0.285767 -0.839966 -0.076782
0.133667 -0.194702 1.104004 0.344116 -1.023926 -0.055908
0.162964 -0.182983 1.073364 0.418091 -1.210571 -0.034790
0.171997 -0.166992 1.031616 0.492554 -1.395264 -0.024658
0.163330 -0.181152 1.003174 0.537476 -1.591064 -0.005249
0.150879 -0.202637 0.975342 0.590698 -1.815308 0.029541
0.168579 -0.220825 0.946533 0.665161 -2.081909 0.058472
0.200684 -0.239746 0.899902 0.764038 -2.348511 0.069214
0.201538 -0.256714 0.842896 0.866333 -2.595947 0.079834
0.199951 -0.261353 0.754517 0.990112 -2.866699 0.069824
0.241577 -0.267822 0.652100 1.122681 -3.145752 0.070801
0.302246 -0.255493 0.533081 1.260010 -3.355591 0.100952
0.391846 -0.228271 0.374756 1.373535 -3.489258 0.161499
0.508179 -0.162354 0.206421 1.447632 -3.563110 0.216919
0.629150 -0.102783 0.036377 1.463745 -3.607666 0.246948
0.782959 -0.049438 -0.105225 1.429565 -3.651611 0.256836
0.903076 0.023682 -0.234009 1.364136 -3.601563 0.271484
1.050049 0.080322 -0.342407 1.263062 -3.457520 0.305542
1.162231 0.123535 -0.434082 1.133789 -3.173096 0.376587
1.242065 0.143433 -0.485718 0.969238 -2.807861 0.474121
1.381592 0.139893 -0.499878 0.789673 -2.408813 0.551514
1.447144 0.110474 -0.494507 0.618042 -1.969238 0.557373
1.391235 0.070557 -0.442993 0.468506 -1.524414 0.536011
1.281006 0.007568 -0.367310 0.357666 -1.153076 0.522827
1.173950 -0.052002 -0.296753 0.303345 -0.904419 0.500977
1.128662 -0.106201 -0.257202 0.285034 -0.792969 0.453247
1.160889 -0.105957 -0.271973 0.278809 -0.768555 0.385620
1.227173 -0.096802 -0.301514 0.266357 -0.751831 0.277222
1.276367 -0.094360 -0.325195 0.248901 -0.678589 0.157959
1.260498 -0.072266 -0.340820 0.213867 -0.526123 0.070190
1.153442 -0.066040 -0.322144 0.177124 -0.383057 -0.011353
1.036987 -0.061646 -0.309570 0.140381 -0.298706 -0.053345
0.978638 -0.069092 -0.309692 0.099731 -0.281738 -0.040161
1.038940 -0.069092 -0.328491 0.066162 -0.312866 -0.015137
1.148560 -0.045044 -0.379761 0.040527 -0.264038 0.029053
1.176025 -0.044800 -0.383057 0.000610 -0.147217 0.057373
1.135498 -0.061157 -0.353027 -0.035156 -0.039185 0.053467
1.068481 -0.082397 -0.292603 -0.061401 -0.015747 0.009521
1.024048 -0.089844 -0.242920 -0.074463 -0.074097 -0.052002
0.991943 -0.100098 -0.213501 -0.074097 -0.135010 -0.090332
1.001709 -0.100098 -0.201660 -0.048828 -0.129883 -0.061157
1.023926 -0.082642 -0.214844 -0.018311 -0.055298 0.004028
1.006958 -0.074463 -0.212402 0.006470 0.040161 0.051270
1.010132 -0.077026 -0.209229 0.022583 0.104248 0.079712
1.055908 -0.078735 -0.208984 0.037842 0.151733 0.101807
1.085205 -0.054199 -0.229614 0.051514 0.209106 0.100586
1.069946 -0.054199 -0.224854 0.023071 0.240112 0.065674
1.073975 -0.074097 -0.203369 -0.017822 0.215088 0.003662
1.108154 -0.073120 -0.208008 -0.043091 0.185547 -0.058838
1.156738 -0.074951 -0.208984 -0.069458 0.206543 -0.112793
1.180176 -0.071411 -0.211914 -0.096924 0.290894 -0.150513
1.183105 -0.058105 -0.226440 -0.122681 0.410156 -0.174927
1.183472 -0.052124 -0.235840 -0.150269 0.536743 -0.196045
1.205688 -0.042603 -0.254761 -0.172974 0.673828 -0.199341
1.250732 -0.028809 -0.285889 -0.192505 0.828613 -0.186523
1.270508 -0.010742 -0.301880 -0.223633 1.029785 -0.161621
1.271484 -0.022461 -0.279907 -0.273804 1.240601 -0.156738
1.292969 -0.045410 -0.245728 -0.314697 1.429810 -0.165039
1.275513 -0.060059 -0.213745 -0.343262 1.581421 -0.208130
1.219727 -0.062988 -0.162598 -0.375000 1.689819 -0.272583
1.150635 -0.093872 -0.106567 -0.405884 1.767700 -0.317017
1.135742 -0.114502 -0.035645 -0.436035 1.832031 -0.309204
1.086792 -0.115356 0.024170 -0.441162 1.912354 -0.306030
1.048340 -0.099731 0.045654 -0.446655 1.981812 -0.289429
1.020630 -0.130371 0.069580 -0.455688 2.091919 -0.215210
0.972534 -0.088745 0.115479 -0.438721 2.223755 -0.121826
0.919434 -0.102173 0.167725 -0.439819 2.316772 -0.100220
0.887817 -0.096436 0.205322 -0.442871 2.343262 -0.130615
0.880371 -0.125488 0.255005 -0.448486 2.334473 -0.218872
0.839844 -0.110718 0.278809 -0.468994 2.324707 -0.317871
0.765137 -0.074585 0.286865 -0.510986 2.352661 -0.386230
0.654785 -0.027100 0.331665 -0.569092 2.347656 -0.429565
0.632568 -0.014893 0.412476 -0.630127 2.259399 -0.448486
0.682007 -0.024414 0.466064 -0.679199 2.160645 -0.474854
0.695557 -0.007202 0.501221 -0.704346 2.089722 -0.522583
0.687988 -0.000244 0.523560 -0.727539 2.056152 -0.549927
0.647705 0.004883 0.534790 -0.738403 2.050415 -0.534912
0.551025 0.049438 0.556274 -0.747803 2.056030 -0.478516
0.448364 0.077515 0.570923 -0.786743 2.071411 -0.405396
0.340332 0.078369 0.587036 -0.861694 2.071045 -0.317139
0.208130 0.061279 0.656128 -0.938721 2.015503 -0.229370
0.100220 0.006836 0.767578 -1.007690 1.871094 -0.150391
0.040894 -0.085083 0.899292 -1.034180 1.664673 -0.083984
0.032837 -0.190796 1.024170 -0.980591 1.418091 -0.039063
0.093994 -0.294189 1.109985 -0.865356 1.129517 -0.044067
0.201660 -0.354370 1.158203 -0.705444 0.868164 -0.078857
0.256714 -0.339355 1.152954 -0.534302 0.690063 -0.120361
0.245972 -0.284180 1.135498 -0.398193 0.574707 -0.149658
0.251465 -0.230591 1.113037 -0.305054 0.457153 -0.155640
0.294189 -0.204712 1.095825 -0.251831 0.350708 -0.135132
0.334595 -0.195923 1.093628 -0.220337 0.271118 -0.125122
0.355469 -0.197632 1.096802 -0.195557 0.214355 -0.128784
0.397339 -0.196533 1.096313 -0.175903 0.181152 -0.134399
0.396362 -0.193604 1.095215 -0.166870 0.196655 -0.133423
0.368896 -0.192871 1.098145 -0.160767 0.227539 -0.114624
0.354248 -0.202271 1.103027 -0.150635 0.249756 -0.081177
0.325439 -0.196899 1.110840 -0.138550 0.264282 -0.053223
0.310791 -0.198608 1.091797 -0.109497 0.240967 -0.040405
0.311890 -0.199829 1.070923 -0.063354 0.185059 -0.039063
0.311890 -0.200317 1.055054 -0.023193 0.109375 -0.053711
0.312256 -0.205078 1.040527 0.010254 0.026978 -0.080444
0.320923 -0.206421 1.023438 0.044067 -0.046875 -0.105225
0.322144 -0.194824 0.998047 0.069824 -0.097534 -0.118408
0.337402 -0.182983 0.981201 0.088135 -0.124390 -0.120239
0.343262 -0.165894 0.959595 0.093140 -0.118042 -0.112305
0.345703 -0.145752 0.938232 0.085327 -0.096313 -0.097412
0.352295 -0.139526 0.921265 0.069580 -0.071411 -0.072510
0.353638 -0.141479 0.918213 0.053955 -0.041382 -0.049927
0.349365 -0.135376 0.921021 0.041138 -0.032349 -0.036377
0.363892 -0.138672 0.924561 0.029541 -0.039551 -0.031250
0.380981 -0.142822 0.927612 0.019409 -0.041870 -0.033081
0.385010 -0.144531 0.923828 0.009155 -0.035645 -0.043335
0.377319 -0.135620 0.931641 -0.002075 -0.039673 -0.054565
0.381348 -0.138794 0.939087 -0.013062 -0.046997 -0.062012
0.385376 -0.141846 0.941040 -0.018066 -0.041626 -0.059326
0.375488 -0.134888 0.936279 -0.024414 -0.030151 -0.048462
0.364746 -0.132080 0.939209 -0.035400 -0.014404 -0.025269
0.361694 -0.138184 0.944458 -0.049438 0.006592 0.014404
0.390137 -0.163452 0.952026 -0.060303 0.026489 0.050537
0.402832 -0.180664 0.968872 -0.067261 0.048218 0.055664
0.389648 -0.187378 0.978149 -0.068726 0.059326 0.031738
0.363281 -0.187134 0.997681 -0.061035 0.049438 -0.004761
0.348389 -0.178833 1.004883 -0.045776 0.020508 -0.035645
0.344849 -0.170166 1.003784 -0.029419 -0.014648 -0.055420
0.351196 -0.164307 0.994873 -0.014893 -0.033813 -0.054443
0.348877 -0.157959 0.981812 -0.006226 -0.034058 -0.037354
0.337524 -0.153076 0.972656 -0.003662 -0.032837 -0.016602
0.332397 -0.146729 0.965088 -0.005981 -0.039673 0.003784
0.342163 -0.148560 0.960938 -0.008179 -0.047119 0.022827
0.358765 -0.151123 0.955688 -0.007202 -0.045044 0.041748
0.371094 -0.146729 0.947998 -0.004517 -0.037842 0.052856
0.386475 -0.152588 0.945068 -0.009521 -0.034302 0.046143
0.404297 -0.157959 0.951782 -0.013550 -0.039795 0.023071
0.403809 -0.158447 0.958374 -0.012085 -0.037476 -0.003052
0.384399 -0.149048 0.966309 -0.004395 -0.032593 -0.022949
0.369507 -0.144897 0.962158 0.002563 -0.038452 -0.029175
0.374023 -0.148682 0.957520 0.000122 -0.043457 -0.019775
0.365356 -0.149658 0.948364 -0.003296 -0.032227 -0.007813
0.340698 -0.151978 0.937988 -0.009766 -0.015015 0.004395
0.330566 -0.150879 0.940796 -0.016113 -0.002686 0.024902
