0.279663 -0.180176 1.027100 0.007690 -0.040894 -0.015625
0.276733 -0.179321 1.023560 0.013916 -0.045654 -0.017334
0.262573 -0.186035 1.040161 0.020874 -0.052002 -0.019897
0.244385 -0.200806 1.066406 0.033936 -0.074463 -0.027466
0.229736 -0.216553 1.087524 0.058472 -0.115112 -0.036743
0.231323 -0.220703 1.101685 0.093750 -0.168579 -0.045166
0.227783 -0.226807 1.103027 0.132813 -0.222168 -0.054932
0.216553 -0.223511 1.100220 0.172974 -0.273804 -0.060303
0.183960 -0.225220 1.108398 0.213501 -0.334839 -0.062500
0.130859 -0.229858 1.124512 0.259521 -0.419067 -0.064209
0.057495 -0.216675 1.133301 0.319458 -0.550293 -0.066406
0.017456 -0.221802 1.145752 0.382690 -0.723389 -0.056641
-0.043701 -0.229370 1.163330 0.460205 -0.918457 -0.034546
-0.122559 -0.234741 1.173340 0.559204 -1.159912 0.001221
-0.184692 -0.250488 1.158203 0.680176 -1.448975 0.069580
-0.163574 -0.247559 1.090454 0.819946 -1.795166 0.150146
-0.096313 -0.255005 1.012939 0.961060 -2.174683 0.205811
-0.037720 -0.273804 0.915894 1.094604 -2.523071 0.256470
-0.034912 -0.277466 0.843994 1.224609 -2.797119 0.349121
0.014038 -0.283447 0.728394 1.345215 -3.036377 0.459229
0.102783 -0.273926 0.576538 1.427856 -3.268677 0.540405
0.234619 -0.240845 0.393555 1.470581 -3.484863 0.573242
0.327881 -0.173462 0.234863 1.468872 -3.648315 0.577148
0.362427 -0.133789 0.125610 1.415527 -3.761475 0.576782
0.424805 -0.092163 0.017456 1.351807 -3.858032 0.624268
0.551392 -0.042969 -0.127075 1.275391 -3.864258 0.748413
0.795654 0.005859 -0.277954 1.175049 -3.752197 0.897949
1.110107 0.013428 -0.369019 1.048950 -3.515503 0.990234
1.314575 -0.017456 -0.350830 0.893555 -3.123169 1.011841
1.427368 -0.078247 -0.291626 0.752563 -2.698364 0.949341
1.510620 -0.084839 -0.290405 0.660889 -2.350952 0.799194
1.550415 -0.045166 -0.319214 0.580688 -2.094116 0.595581
1.483154 0.005615 -0.297241 0.482056 -1.894653 0.357666
1.370239 -0.013306 -0.292603 0.394287 -1.701782 0.144653
1.271851 -0.032349 -0.278076 0.326660 -1.512573 0.035278
1.204224 -0.025269 -0.300537 0.289185 -1.279785 0.031128
1.178955 -0.015015 -0.324707 0.265747 -1.015259 0.093384
1.121826 -0.034912 -0.318237 0.210693 -0.791870 0.153320
1.034058 -0.085571 -0.275146 0.166138 -0.634888 0.215576
1.049438 -0.093262 -0.270264 0.149902 -0.546875 0.286377
1.120728 -0.099609 -0.269287 0.132080 -0.501709 0.294067
1.230225 -0.113159 -0.288574 0.109741 -0.488770 0.210449
1.539185 -0.071655 -0.427368 0.084351 -0.341919 0.138428
1.433960 -0.113770 -0.404297 0.022461 -0.061646 0.045044
1.204590 -0.114624 -0.355103 -0.015991 0.122070 -0.054443
1.019409 -0.115112 -0.290894 -0.041382 0.110840 -0.136108
0.934448 -0.136597 -0.217041 -0.054932 -0.007202 -0.169189
0.965698 -0.140015 -0.181030 -0.036377 -0.105103 -0.118164
1.045410 -0.122192 -0.187744 -0.013428 -0.108276 -0.028809
1.076538 -0.112549 -0.179077 -0.004639 -0.055298 0.021973
1.057129 -0.106934 -0.163940 0.005981 0.018921 0.030884
1.043335 -0.088989 -0.169434 0.028564 0.096436 0.026001
1.083374 -0.100586 -0.158936 0.040039 0.146729 -0.005371
1.123047 -0.096436 -0.179321 0.040771 0.194092 -0.044067
1.135742 -0.080078 -0.192627 0.018555 0.244995 -0.089233
1.097900 -0.074829 -0.178223 -0.019653 0.287598 -0.144287
1.058716 -0.079590 -0.157593 -0.052246 0.285522 -0.199585
1.057251 -0.070679 -0.146118 -0.075562 0.263184 -0.228149
1.072144 -0.069702 -0.129761 -0.092407 0.273438 -0.231323
1.094360 -0.069092 -0.116089 -0.098267 0.326050 -0.214966
1.085571 -0.060303 -0.109863 -0.097900 0.419678 -0.179321
1.073120 -0.051025 -0.107422 -0.091675 0.531372 -0.122925
1.094116 -0.042236 -0.114380 -0.087891 0.650513 -0.063965
1.134399 -0.034546 -0.126221 -0.093506 0.783813 -0.024048
1.157593 -0.054565 -0.124878 -0.111328 0.936279 -0.006470
1.202271 -0.058960 -0.097534 -0.125488 1.088013 -0.011475
1.219360 -0.086670 -0.080200 -0.123657 1.225830 -0.064209
1.242065 -0.102173 -0.054077 -0.139160 1.342529 -0.112915
1.238770 -0.107422 -0.032959 -0.153809 1.444824 -0.181519
1.221924 -0.104858 -0.006592 -0.166992 1.509766 -0.272827
1.188232 -0.098267 0.013672 -0.191040 1.530884 -0.355103
1.191650 -0.065674 0.042725 -0.231812 1.562622 -0.381836
1.232544 -0.073120 0.056274 -0.274170 1.657104 -0.387573
1.231934 -0.074463 0.081421 -0.308716 1.830688 -0.378906
1.152832 -0.058838 0.111206 -0.325439 2.008911 -0.391235
1.059937 -0.061035 0.130737 -0.341919 2.107666 -0.419556
1.021118 -0.053345 0.163574 -0.379150 2.159302 -0.419922
0.972412 -0.053101 0.196655 -0.411377 2.172852 -0.455566
0.980225 -0.033936 0.244629 -0.437988 2.127808 -0.527466
1.017822 -0.029297 0.256714 -0.468628 2.100586 -0.620117
0.950928 0.020386 0.271729 -0.491943 2.123657 -0.733154
0.828735 0.062988 0.283569 -0.556519 2.127563 -0.826172
0.738892 0.090820 0.323486 -0.652466 2.106445 -0.840820
0.729004 0.077759 0.356567 -0.728394 2.074219 -0.835815
0.657593 0.104736 0.390747 -0.807251 2.032471 -0.832886
0.634399 0.115967 0.405884 -0.892090 2.057617 -0.788330
0.591919 0.108643 0.416382 -0.988403 2.176270 -0.692627
0.485107 0.102661 0.431030 -1.079590 2.368408 -0.536133
0.314087 0.106445 0.458008 -1.178223 2.533569 -0.372070
0.190430 0.089844 0.525635 -1.286499 2.586182 -0.224609
0.102295 0.013184 0.604614 -1.385742 2.531860 -0.127808
0.034912 -0.068237 0.722900 -1.429810 2.395752 -0.038696
-0.022461 -0.167847 0.849121 -1.405396 2.208984 0.040161
-0.035034 -0.259888 0.961548 -1.326904 2.000122 0.101440
-0.074585 -0.371582 1.074341 -1.202515 1.749146 0.097412
-0.067261 -0.461548 1.172485 -1.030884 1.400879 0.029541
-0.059814 -0.504028 1.236328 -0.828125 1.029175 -0.057617
-0.087891 -0.519897 1.292603 -0.612061 0.670532 -0.153320
-0.073730 -0.516235 1.308716 -0.401245 0.312744 -0.246704
-0.009155 -0.467651 1.276855 -0.207764 0.008667 -0.302246
0.080688 -0.391968 1.216797 -0.059326 -0.185791 -0.314941
0.179077 -0.329468 1.144653 0.025757 -0.258667 -0.288208
0.232666 -0.259521 1.082397 0.059692 -0.220093 -0.227173
0.248169 -0.212036 1.046387 0.045044 -0.129150 -0.153076
0.254517 -0.181641 1.036743 0.005371 -0.033813 -0.080933
0.258423 -0.182617 1.041382 -0.035645 0.043213 -0.031128
0.261719 -0.178101 1.046509 -0.058594 0.073364 -0.011353
0.249878 -0.170898 1.047974 -0.065308 0.074951 -0.006958
0.248291 -0.170166 1.042847 -0.062500 0.058228 -0.003418
0.241089 -0.165283 1.031006 -0.052124 0.032471 0.000854
0.256836 -0.173828 1.022217 -0.032593 0.002563 0.005981
0.291870 -0.183472 1.004395 -0.007080 -0.021240 -0.000854
0.295532 -0.188110 0.994507 0.010254 -0.026001 -0.021851
0.282349 -0.183105 0.980957 0.026367 -0.031372 -0.035400
0.280762 -0.176392 0.977051 0.036377 -0.050781 -0.045776
0.300293 -0.172852 0.966187 0.037231 -0.071533 -0.058350
0.323364 -0.169800 0.957764 0.028076 -0.081177 -0.076050
0.307495 -0.167969 0.964966 0.011475 -0.064941 -0.088989
0.279419 -0.167480 0.975342 -0.004517 -0.048584 -0.087280
0.245728 -0.171753 0.988037 -0.017212 -0.044067 -0.071533
0.236694 -0.185791 1.000977 -0.022583 -0.052124 -0.043091
0.252686 -0.201782 1.008911 -0.021973 -0.068481 -0.013672
0.274780 -0.219482 1.010132 -0.013062 -0.086304 0.007446
0.295044 -0.226440 1.006470 0.000977 -0.096680 0.017090
0.309204 -0.228760 1.002075 0.012817 -0.099365 0.014038
0.324951 -0.227295 0.998047 0.022827 -0.095459 -0.001465
0.338379 -0.219971 0.995728 0.030151 -0.101563 -0.029663
0.339600 -0.200073 0.995605 0.035522 -0.098145 -0.053589
0.334106 -0.190063 0.996460 0.033936 -0.082764 -0.068237
0.320679 -0.179443 0.986328 0.028320 -0.063965 -0.072388
0.297729 -0.172241 0.993286 0.023560 -0.047119 -0.064819
0.293823 -0.166870 0.992065 0.020142 -0.044434 -0.045044
0.296265 -0.167847 0.980835 0.016846 -0.050171 -0.026123
0.301880 -0.169189 0.973267 0.012939 -0.055054 -0.012573
0.306885 -0.165039 0.972046 0.008301 -0.061768 -0.004517
0.329102 -0.171143 0.967896 0.000854 -0.063965 -0.002686
0.348267 -0.176025 0.965210 -0.008301 -0.056763 -0.013306
0.350464 -0.179688 0.972412 -0.016846 -0.041992 -0.032715
0.338257 -0.171509 0.975586 -0.019897 -0.031982 -0.052124
0.316528 -0.173340 0.984253 -0.020264 -0.034058 -0.067627
0.304321 -0.172485 0.987671 -0.018188 -0.044189 -0.071655
0.298828 -0.173828 0.988770 -0.011475 -0.049316 -0.060547
0.287598 -0.168335 0.985840 -0.001343 -0.053345 -0.043457
0.292725 -0.168213 0.980225 0.008301 -0.062256 -0.021484
0.299561 -0.168457 0.976440 0.012695 -0.068604 0.006470
0.290283 -0.161133 0.974487 0.017334 -0.067505 0.042358
0.290039 -0.159058 0.973022 0.020752 -0.067139 0.083984
0.295166 -0.169067 0.979736 0.018433 -0.067627 0.122803
0.287476 -0.188965 0.974609 0.019653 -0.083008 0.141968
0.328613 -0.164673 0.973389 0.027588 -0.102051 0.157471
