0.244873 -0.204712 0.991821 -0.031006 0.015747 -0.049194
0.229370 -0.208130 0.994873 -0.032349 0.012573 -0.046021
0.220093 -0.204346 0.998169 -0.029785 0.007324 -0.038086
0.219482 -0.198608 0.999878 -0.027588 -0.000122 -0.026489
0.211060 -0.209229 1.020020 -0.025024 -0.015869 -0.024780
0.187256 -0.207275 1.035645 -0.013672 -0.046631 -0.028931
0.189941 -0.213989 1.045410 0.002808 -0.090820 -0.030396
0.215332 -0.217529 1.051147 0.026123 -0.131836 -0.034424
0.200928 -0.227417 1.064575 0.049805 -0.159790 -0.044312
0.164185 -0.239136 1.087036 0.074219 -0.210083 -0.067383
0.125732 -0.248657 1.115723 0.105957 -0.294922 -0.098511
0.099854 -0.270264 1.142090 0.149292 -0.396729 -0.119385
0.028320 -0.289429 1.181641 0.207397 -0.509766 -0.134399
-0.030518 -0.312988 1.206909 0.279663 -0.668091 -0.137573
-0.064819 -0.330566 1.222412 0.371094 -0.858521 -0.121338
-0.079834 -0.339355 1.213623 0.473999 -1.083984 -0.109131
-0.071045 -0.368286 1.192993 0.586182 -1.336304 -0.102539
-0.171143 -0.417236 1.223022 0.718872 -1.651733 -0.139282
-0.243530 -0.437256 1.213989 0.898560 -2.093262 -0.203613
-0.219604 -0.427124 1.131836 1.121948 -2.554321 -0.207886
-0.183472 -0.382935 0.992188 1.350952 -2.923340 -0.142212
-0.116699 -0.305786 0.792480 1.546265 -3.206665 -0.022095
-0.015869 -0.228882 0.578979 1.672607 -3.390381 0.157227
0.115356 -0.166626 0.368896 1.713867 -3.487793 0.374878
0.277954 -0.108887 0.181274 1.668091 -3.536377 0.570313
0.376831 -0.083862 0.083008 1.543579 -3.571167 0.692749
0.483032 -0.100464 0.000732 1.413452 -3.660645 0.750610
0.737061 -0.033447 -0.099976 1.351563 -3.782104 0.733154
1.007813 0.008545 -0.207520 1.261108 -3.804565 0.604492
1.279907 0.085693 -0.298096 1.154053 -3.564087 0.534790
1.408691 0.129639 -0.323975 1.020996 -3.050537 0.548218
1.392944 0.124878 -0.309570 0.882813 -2.411255 0.612061
1.235229 0.127319 -0.302856 0.760742 -1.815674 0.712280
1.211792 0.141968 -0.317505 0.641235 -1.492676 0.731201
1.208862 0.148071 -0.358643 0.503540 -1.376465 0.631226
1.307373 0.135498 -0.358032 0.339722 -1.349243 0.498047
1.387817 0.020508 -0.282227 0.188965 -1.262207 0.333374
1.402954 -0.058716 -0.217163 0.120483 -1.055908 0.218140
1.460571 -0.062988 -0.232910 0.125854 -0.796509 0.154053
1.417603 -0.034790 -0.251587 0.124512 -0.526978 0.085327
1.290039 0.000488 -0.206421 0.110962 -0.299072 0.027344
1.150146 -0.007080 -0.144775 0.094116 -0.195435 -0.048340
1.097168 -0.010742 -0.122314 0.092529 -0.190796 -0.091919
1.125244 -0.000122 -0.131226 0.081909 -0.225342 -0.105591
1.172363 0.015137 -0.138916 0.054688 -0.220093 -0.103638
1.174683 0.026245 -0.146973 0.019043 -0.141357 -0.089600
1.159912 0.020874 -0.137695 -0.021118 -0.030151 -0.062988
1.158569 0.025269 -0.135132 -0.050659 0.075806 -0.031372
1.174194 0.021606 -0.122437 -0.074707 0.166748 -0.012695
1.153809 0.013306 -0.097900 -0.095093 0.252930 -0.008667
1.061157 -0.015137 -0.030151 -0.107300 0.290161 -0.027344
0.995972 -0.022339 0.022217 -0.098633 0.250732 -0.047974
1.015015 -0.020142 0.041260 -0.077026 0.183105 -0.051514
1.080566 -0.025879 0.028931 -0.072998 0.149170 -0.043579
1.153198 -0.034912 0.036133 -0.062622 0.177246 -0.050293
1.192749 -0.042114 0.021484 -0.052612 0.258911 -0.069214
1.229614 -0.012451 -0.007080 -0.052246 0.403809 -0.072632
1.271606 0.009888 -0.047852 -0.069214 0.597168 -0.072144
1.331299 0.039673 -0.106201 -0.104736 0.836548 -0.071045
1.297729 0.060547 -0.133545 -0.173218 1.093262 -0.096069
1.107056 0.028687 -0.051514 -0.251465 1.293579 -0.111206
1.040527 0.005859 0.014771 -0.278931 1.394531 -0.068237
1.094727 0.013550 0.036255 -0.284058 1.438354 -0.027222
1.163452 0.004272 0.055786 -0.312988 1.440186 -0.083740
1.192383 -0.021729 0.108765 -0.345947 1.441162 -0.230469
1.272217 -0.028076 0.108154 -0.374268 1.498291 -0.367676
1.272949 -0.013306 0.095825 -0.426147 1.700562 -0.438599
1.157349 -0.017334 0.100952 -0.483643 1.976563 -0.463745
0.972412 -0.026245 0.148682 -0.548096 2.162964 -0.415771
0.856812 -0.000610 0.223877 -0.601318 2.214111 -0.323730
0.794434 0.005249 0.285278 -0.639404 2.160400 -0.292603
0.784912 -0.003296 0.342773 -0.667603 2.061646 -0.302979
0.833374 -0.020752 0.390381 -0.696289 1.984131 -0.319580
0.870361 -0.035522 0.432373 -0.714722 1.976196 -0.342529
0.972778 -0.056519 0.450073 -0.729370 2.044800 -0.385498
0.968384 -0.015381 0.421509 -0.754028 2.195801 -0.474976
0.882568 0.012451 0.373413 -0.817993 2.365601 -0.581055
0.713379 0.036987 0.323975 -0.922485 2.541260 -0.594238
0.458740 0.066650 0.357788 -1.064331 2.670898 -0.528687
0.236084 0.084717 0.451294 -1.186523 2.688477 -0.428223
0.063354 0.067627 0.566528 -1.285645 2.622437 -0.257446
-0.014648 0.019775 0.691528 -1.361816 2.483154 -0.073975
-0.015259 -0.072510 0.815552 -1.380493 2.263672 0.042358
0.111206 -0.192383 0.900391 -1.322632 2.024414 0.097778
0.246826 -0.275146 0.911987 -1.208862 1.870850 0.104980
0.294556 -0.331177 0.927856 -1.098145 1.785400 0.045654
0.230347 -0.338257 0.929565 -0.994019 1.718140 -0.045044
0.076172 -0.349731 0.969727 -0.910034 1.602173 -0.125610
-0.101563 -0.360962 1.048096 -0.839844 1.386963 -0.167603
-0.126953 -0.409424 1.115601 -0.742065 1.090698 -0.170776
-0.060303 -0.436157 1.152100 -0.619507 0.821533 -0.151489
-0.017944 -0.436523 1.145264 -0.491211 0.623047 -0.157471
0.018188 -0.427612 1.122192 -0.390503 0.485718 -0.150879
0.028320 -0.404785 1.093384 -0.323608 0.388672 -0.136230
0.015381 -0.360596 1.075073 -0.285400 0.325684 -0.103638
0.057007 -0.345215 1.064697 -0.272583 0.280396 -0.036377
0.074219 -0.328125 1.048706 -0.276978 0.277832 0.027710
0.126465 -0.363281 1.065674 -0.288330 0.257935 0.047119
0.151367 -0.414185 1.118530 -0.287720 0.192139 0.006958
0.167114 -0.431030 1.168701 -0.254517 0.115356 -0.050049
0.151978 -0.419922 1.198730 -0.162476 0.056396 -0.123047
0.123291 -0.390869 1.188110 -0.071167 0.005737 -0.189087
0.160522 -0.384888 1.155396 0.005371 -0.046143 -0.230469
0.153564 -0.354004 1.121216 0.074219 -0.057617 -0.236206
0.113281 -0.310425 1.089844 0.128174 -0.050781 -0.217651
0.090576 -0.270752 1.051147 0.160278 -0.055542 -0.176147
0.082397 -0.234985 1.006958 0.165405 -0.063965 -0.114502
0.063232 -0.233276 0.965210 0.138306 -0.066772 -0.033936
0.083008 -0.217285 0.951416 0.099609 -0.076660 0.054077
0.176514 -0.291260 0.960327 0.073730 -0.120972 0.038330
0.232300 -0.312622 0.985474 0.072632 -0.170288 -0.020630
0.238892 -0.309692 0.999268 0.094482 -0.196899 -0.090820
0.220337 -0.285400 0.989746 0.122925 -0.210571 -0.141968
0.205566 -0.263428 0.986694 0.140869 -0.219238 -0.160156
0.194092 -0.237305 0.976929 0.148193 -0.220215 -0.148071
0.189819 -0.217651 0.958008 0.141113 -0.207275 -0.112915
0.205200 -0.204468 0.943237 0.120728 -0.177368 -0.060059
0.219482 -0.200195 0.924316 0.088379 -0.129272 -0.001099
0.250488 -0.204346 0.922974 0.047607 -0.082764 0.041504
0.293701 -0.233765 0.925415 0.005005 -0.046021 0.054932
0.300537 -0.256836 0.950562 -0.025391 -0.018921 0.037231
0.270264 -0.269653 0.981567 -0.037354 -0.004761 0.000000
0.254150 -0.283691 1.004150 -0.030273 -0.016479 -0.039307
0.224976 -0.279419 1.007813 -0.013428 -0.040405 -0.068359
0.197632 -0.266602 1.016113 0.004517 -0.057861 -0.077148
0.179199 -0.259766 1.015503 0.018677 -0.076904 -0.064941
0.180908 -0.253784 1.007446 0.029541 -0.096802 -0.038208
0.187988 -0.250732 1.001831 0.036865 -0.110718 -0.005005
0.211304 -0.243896 0.982666 0.039551 -0.119751 0.023438
0.254639 -0.242676 0.965088 0.031372 -0.119019 0.040405
0.279785 -0.245361 0.957397 0.011108 -0.101563 0.036865
0.262451 -0.245850 0.956055 -0.004395 -0.058838 0.032959
0.252441 -0.247192 0.961670 -0.017944 -0.036499 0.022827
0.245483 -0.250244 0.972290 -0.026733 -0.035767 0.002808
0.245728 -0.254395 0.979492 -0.029419 -0.038940 -0.011353
0.242920 -0.255127 0.986694 -0.028687 -0.036743 -0.016235
0.261597 -0.265869 0.994629 -0.024658 -0.032715 -0.017700
0.258423 -0.262207 0.999023 -0.018311 -0.027710 -0.029907
0.236084 -0.250488 0.992798 -0.012451 -0.026123 -0.042358
0.214233 -0.243896 0.991211 -0.008789 -0.028564 -0.042969
0.208740 -0.236694 0.984131 -0.004395 -0.029053 -0.026489
0.235840 -0.235107 0.976440 -0.004150 -0.034058 -0.015015
0.254517 -0.230713 0.971924 -0.008911 -0.040039 -0.019165
0.250977 -0.233765 0.979492 -0.016479 -0.034790 -0.021484
0.262817 -0.244385 0.979858 -0.022095 -0.023926 -0.020508
0.250610 -0.241211 0.981812 -0.023315 -0.006470 -0.020996
0.239014 -0.240723 0.984863 -0.025269 0.000977 -0.020142
0.243896 -0.249146 0.980469 -0.029663 -0.001465 -0.015747
0.242920 -0.249634 0.986206 -0.032715 -0.005859 -0.016724
0.224854 -0.244263 0.984375 -0.031860 -0.004761 -0.016724
