0.294678 -0.189209 0.990234 -0.027710 0.010376 -0.037964
0.285522 -0.186523 0.989380 -0.026978 0.007690 -0.032227
0.272217 -0.190552 0.999878 -0.024414 -0.003418 -0.025879
0.267944 -0.188599 1.013062 -0.018066 -0.023071 -0.015503
0.273438 -0.192505 1.020630 -0.013062 -0.048340 -0.006226
0.279541 -0.204346 1.036865 -0.005859 -0.068481 0.002686
0.260376 -0.222290 1.062866 0.009277 -0.095825 -0.002197
0.222778 -0.251343 1.105591 0.038574 -0.156128 -0.022949
0.156738 -0.276123 1.166138 0.089844 -0.267700 -0.062256
0.095825 -0.302002 1.223267 0.169312 -0.443115 -0.114624
0.030029 -0.320068 1.275513 0.274048 -0.651855 -0.163574
-0.058472 -0.323486 1.303345 0.400635 -0.890869 -0.202881
-0.143799 -0.310547 1.308960 0.534912 -1.173584 -0.216553
-0.185059 -0.291382 1.276855 0.668335 -1.486206 -0.193359
-0.198364 -0.274780 1.231079 0.805176 -1.814453 -0.143555
-0.176270 -0.253784 1.146118 0.928101 -2.161743 -0.082153
-0.137329 -0.251831 1.043457 1.041260 -2.504150 -0.010864
-0.089844 -0.259766 0.930298 1.161621 -2.845337 0.057251
0.035278 -0.274170 0.791870 1.278687 -3.197021 0.099609
0.141846 -0.271362 0.658936 1.401123 -3.474609 0.115967
0.216675 -0.240845 0.509399 1.514893 -3.676758 0.124634
0.318115 -0.211670 0.332031 1.607544 -3.816040 0.147095
0.426025 -0.147705 0.171997 1.663574 -3.876953 0.189209
0.538208 -0.086182 0.041870 1.662476 -3.894653 0.260254
0.692749 -0.045166 -0.092285 1.615112 -3.805664 0.368164
0.900391 0.005859 -0.251343 1.557129 -3.589844 0.477783
1.076660 0.062256 -0.364502 1.477905 -3.317749 0.485474
1.154175 0.102539 -0.404663 1.370117 -3.082886 0.383667
1.135254 0.109253 -0.392090 1.239136 -2.929443 0.230225
1.066406 0.091431 -0.387085 1.126221 -2.788330 0.116943
1.007446 0.074097 -0.394165 1.054565 -2.625610 0.087402
1.057495 0.089233 -0.461426 1.033813 -2.409912 0.140625
1.124023 0.083374 -0.548096 0.978394 -2.037842 0.296387
1.187378 0.088013 -0.589478 0.880981 -1.552979 0.501587
1.226563 0.052246 -0.569458 0.779907 -1.116821 0.609131
1.232422 0.020386 -0.510498 0.663208 -0.830078 0.594849
1.195313 -0.034912 -0.428711 0.539063 -0.718994 0.482910
1.151367 -0.076538 -0.366455 0.437134 -0.724609 0.337769
1.148193 -0.093994 -0.344482 0.372314 -0.756104 0.203003
1.145508 -0.114136 -0.349976 0.350708 -0.764038 0.091431
1.145752 -0.110962 -0.378296 0.341919 -0.705688 0.047974
1.148315 -0.084351 -0.401001 0.315552 -0.580566 0.073486
1.143433 -0.061401 -0.412476 0.284424 -0.439575 0.098999
1.132690 -0.054810 -0.412598 0.243164 -0.328003 0.110107
1.108398 -0.048950 -0.408447 0.191162 -0.227173 0.119751
1.105225 -0.038208 -0.417603 0.134155 -0.151733 0.117188
1.124023 -0.028076 -0.439209 0.083374 -0.105835 0.097778
1.132568 -0.018311 -0.439087 0.032837 -0.062866 0.065186
1.116333 -0.019165 -0.419678 -0.012939 -0.027588 0.026611
1.086304 -0.029053 -0.373291 -0.043457 -0.011597 -0.018799
1.052246 -0.050537 -0.342896 -0.050659 0.007690 -0.038208
1.043701 -0.040771 -0.337646 -0.042725 0.063354 -0.006714
1.047852 -0.029541 -0.327393 -0.041016 0.140015 0.040527
1.056030 -0.030640 -0.305908 -0.050537 0.205933 0.062622
1.054565 -0.051758 -0.273804 -0.066406 0.236572 0.045654
1.076904 -0.070801 -0.235352 -0.074707 0.247192 0.015015
1.094604 -0.075317 -0.215332 -0.074951 0.257690 -0.031982
1.081543 -0.071411 -0.204834 -0.079712 0.270142 -0.090088
1.072510 -0.071045 -0.209473 -0.089966 0.273804 -0.143921
1.094849 -0.054565 -0.228271 -0.099609 0.287842 -0.179199
1.142456 -0.042358 -0.255371 -0.112061 0.330933 -0.202393
1.201416 -0.022827 -0.296753 -0.133423 0.441406 -0.210327
1.238037 0.021118 -0.363403 -0.165527 0.642334 -0.189331
1.241577 0.053101 -0.420044 -0.210571 0.899780 -0.149780
1.221680 0.065308 -0.431152 -0.286377 1.167236 -0.097412
1.232056 0.043335 -0.398804 -0.368042 1.379150 -0.077881
1.235352 0.007080 -0.341553 -0.429810 1.530884 -0.116699
1.242188 -0.014648 -0.291748 -0.473633 1.639404 -0.184204
1.239014 -0.035767 -0.231689 -0.514038 1.735718 -0.252075
1.253296 -0.058838 -0.179688 -0.548218 1.812012 -0.338867
1.231445 -0.067261 -0.140015 -0.583618 1.878418 -0.437744
1.269775 -0.084351 -0.101807 -0.631226 1.954834 -0.514404
1.236938 -0.100708 -0.074951 -0.672852 2.096069 -0.569214
1.136230 -0.080933 -0.040894 -0.705444 2.270020 -0.570557
1.066284 -0.041870 -0.023682 -0.727661 2.391602 -0.536011
1.045532 -0.026367 -0.009644 -0.758057 2.457031 -0.540039
1.073730 -0.046143 0.004028 -0.815796 2.499146 -0.567261
1.024048 -0.041138 0.027466 -0.891479 2.576782 -0.592651
0.897827 -0.031738 0.060181 -0.978516 2.669556 -0.627441
0.710083 -0.020752 0.096558 -1.093628 2.731812 -0.621582
0.512207 -0.057251 0.152466 -1.230103 2.788940 -0.499512
0.418457 -0.008423 0.223511 -1.309692 2.782227 -0.314453
0.384521 0.026611 0.282593 -1.346313 2.682617 -0.256226
0.464600 0.016357 0.331299 -1.392334 2.545044 -0.271851
0.503174 -0.001953 0.363403 -1.441284 2.542725 -0.269531
0.425415 -0.016968 0.410278 -1.467529 2.610596 -0.269775
0.262573 -0.055908 0.491211 -1.501221 2.611206 -0.237061
0.089111 -0.092651 0.640015 -1.535645 2.522461 -0.133789
-0.129395 -0.187622 0.894897 -1.508057 2.284546 -0.095703
-0.215698 -0.310059 1.132324 -1.362427 1.866821 -0.117310
-0.176636 -0.386108 1.253906 -1.089233 1.401001 -0.140137
-0.000244 -0.382935 1.218140 -0.778931 1.021729 -0.113037
0.169434 -0.323853 1.114990 -0.534668 0.803955 -0.081421
0.260742 -0.240723 1.017456 -0.389771 0.718140 -0.057739
0.262451 -0.187256 0.979126 -0.342407 0.696777 -0.037109
0.226196 -0.179932 1.000488 -0.353027 0.650146 -0.026245
0.200928 -0.218262 1.066650 -0.359375 0.548950 -0.026855
0.199219 -0.276978 1.137939 -0.346680 0.399048 -0.046997
0.199463 -0.322998 1.197754 -0.295410 0.232666 -0.065796
0.193359 -0.337891 1.233765 -0.214722 0.073975 -0.072998
0.246582 -0.358398 1.230469 -0.118896 -0.050903 -0.067505
0.324219 -0.361816 1.205078 -0.026855 -0.096069 -0.053955
0.362671 -0.334106 1.149902 0.048584 -0.056152 -0.022583
0.372559 -0.294922 1.110840 0.099121 0.008911 0.013184
0.399292 -0.251465 1.067627 0.125000 0.051880 0.036377
0.409668 -0.218018 1.034912 0.122437 0.101563 0.053223
0.405396 -0.191284 1.016235 0.100342 0.144287 0.054077
0.389893 -0.169800 1.000977 0.079346 0.143555 0.027588
0.366089 -0.153564 1.000244 0.057129 0.114502 -0.016357
0.348511 -0.158447 1.000488 0.035400 0.082886 -0.061401
0.302856 -0.173584 1.006226 0.034424 0.057739 -0.087524
0.259399 -0.178955 1.005737 0.061279 0.024780 -0.078857
0.235352 -0.180298 1.000122 0.090942 -0.030151 -0.063477
0.259399 -0.179321 0.980835 0.113281 -0.101440 -0.042725
0.333984 -0.180786 0.959839 0.121094 -0.156250 -0.025391
0.381836 -0.173096 0.937500 0.109009 -0.153809 -0.010986
0.397827 -0.163330 0.922729 0.080688 -0.114502 -0.000244
0.405396 -0.159790 0.916748 0.050903 -0.057129 0.013794
0.397217 -0.161377 0.922485 0.022827 -0.009399 0.018311
0.382568 -0.166260 0.940430 0.000977 0.012695 0.010132
0.383179 -0.172974 0.957275 -0.007080 0.018066 -0.001221
0.376953 -0.174438 0.967651 -0.002319 0.022583 -0.010864
0.369629 -0.174438 0.965454 0.006836 0.028442 -0.018066
0.360474 -0.162842 0.953491 0.015015 0.030273 -0.023071
0.356567 -0.161743 0.953003 0.018921 0.018677 -0.023438
0.371582 -0.165039 0.950439 0.020508 0.000488 -0.019165
0.381958 -0.162720 0.938721 0.020630 -0.010986 -0.019775
0.367554 -0.151978 0.939087 0.011475 -0.012451 -0.020752
0.340088 -0.151733 0.938843 -0.000977 -0.019287 -0.021851
0.340698 -0.154175 0.945068 -0.012085 -0.036255 -0.014404
0.358521 -0.155396 0.941040 -0.014893 -0.051270 -0.013794
0.356689 -0.154053 0.943359 -0.021484 -0.046875 -0.017944
0.365112 -0.154785 0.948975 -0.029907 -0.036865 -0.021851
0.376343 -0.163086 0.957397 -0.037598 -0.030518 -0.029907
0.374146 -0.164307 0.968994 -0.041382 -0.020020 -0.038574
0.369507 -0.165771 0.974121 -0.044067 -0.005737 -0.039917
0.356201 -0.173096 0.989380 -0.047729 0.001099 -0.036987
0.359009 -0.184082 0.997070 -0.046021 0.003296 -0.029053
0.356445 -0.193481 1.004395 -0.038452 -0.000977 -0.021362
0.349609 -0.196777 1.007690 -0.027466 -0.012207 -0.019043
0.333374 -0.199219 1.010254 -0.009277 -0.034180 -0.022705
0.329590 -0.198730 1.010376 0.012573 -0.071655 -0.031006
0.337036 -0.189087 0.999878 0.030640 -0.115601 -0.044189
0.347290 -0.177246 0.990356 0.045654 -0.154541 -0.053711
0.370483 -0.170166 0.978271 0.053589 -0.179810 -0.058594
0.394287 -0.150879 0.963501 0.049316 -0.179077 -0.061890
0.393433 -0.134521 0.943359 0.032837 -0.149780 -0.053955
0.403564 -0.134888 0.936646 0.011353 -0.105835 -0.038696
0.422607 -0.137939 0.934692 -0.011963 -0.058105 -0.028198
0.422119 -0.145996 0.935303 -0.033813 -0.016968 -0.037598
