0.254272 -0.216797 0.997681 -0.020752 0.018311 -0.022949
0.245361 -0.218140 0.996582 -0.021362 0.020142 -0.020264
0.234497 -0.221069 0.999878 -0.023560 0.013550 -0.017822
0.236206 -0.225952 1.010864 -0.019653 -0.002563 -0.012939
0.255981 -0.226685 1.001099 -0.011719 -0.017822 -0.009277
0.265259 -0.217896 0.997437 -0.005737 -0.018799 -0.007690
0.264771 -0.215210 0.991699 -0.005127 -0.013062 -0.006958
0.260376 -0.210815 0.995239 -0.007935 -0.010132 -0.008911
0.252319 -0.212524 1.006226 -0.010132 -0.010132 -0.011230
0.227051 -0.212769 1.016113 -0.008911 -0.020996 -0.017212
0.205933 -0.220337 1.032349 -0.001953 -0.050049 -0.026123
0.179199 -0.230713 1.063721 0.013672 -0.097900 -0.038208
0.133179 -0.266235 1.107300 0.040894 -0.180542 -0.069580
0.053711 -0.317749 1.182495 0.088867 -0.330322 -0.134888
0.000122 -0.365356 1.265259 0.172241 -0.571533 -0.231567
-0.048950 -0.392090 1.312500 0.284912 -0.859985 -0.329468
-0.135254 -0.374390 1.328613 0.431396 -1.166504 -0.413818
-0.164307 -0.337402 1.291382 0.585083 -1.498535 -0.448975
-0.153320 -0.319092 1.223877 0.743164 -1.791626 -0.412231
-0.245850 -0.320190 1.200928 0.903809 -2.071167 -0.351196
-0.327026 -0.348022 1.149170 1.066284 -2.425781 -0.261230
-0.388916 -0.400146 1.085327 1.251343 -2.828369 -0.114624
-0.397705 -0.443848 0.939819 1.453857 -3.256470 0.063354
-0.302734 -0.458130 0.724609 1.664551 -3.675659 0.239746
-0.190674 -0.451782 0.453369 1.880493 -4.000000 0.274048
-0.087402 -0.385864 0.191406 2.021484 -4.000000 0.257813
0.057617 -0.274536 -0.075806 2.112183 -4.000000 0.303589
0.204712 -0.184326 -0.308472 2.130005 -4.000000 0.359131
0.480713 -0.091064 -0.616699 2.129517 -4.000000 0.459473
0.827759 0.110229 -0.873657 2.058350 -4.000000 0.607300
1.099976 0.281616 -1.041870 1.868652 -4.000000 0.688477
1.266602 0.314087 -1.061157 1.556519 -3.967896 0.744995
1.381592 0.219971 -0.958374 1.218018 -3.389648 0.819580
1.408325 0.090332 -0.813477 0.950439 -2.826050 0.896851
1.368042 -0.027344 -0.670288 0.751343 -2.311523 0.936646
1.307861 -0.099854 -0.570679 0.612549 -1.954102 0.886597
1.416504 -0.128174 -0.568604 0.524536 -1.787476 0.734619
1.560791 -0.114868 -0.592285 0.429688 -1.582397 0.580933
1.643433 -0.103027 -0.607422 0.334473 -1.234253 0.448853
1.593384 -0.117310 -0.560303 0.258179 -0.814575 0.312378
1.470215 -0.136108 -0.532349 0.207153 -0.450684 0.177612
1.377808 -0.110596 -0.547607 0.172241 -0.190796 0.067505
1.322876 -0.075317 -0.565796 0.136841 -0.001343 -0.005005
1.300293 -0.062866 -0.554688 0.076294 0.151489 -0.057129
1.301758 -0.068726 -0.500244 0.026245 0.283081 -0.091187
1.332397 -0.084961 -0.453857 -0.002808 0.436035 -0.115234
1.357422 -0.073975 -0.433228 -0.016968 0.638550 -0.145264
1.326538 -0.065552 -0.418457 -0.039551 0.858521 -0.204956
1.296509 -0.037964 -0.424316 -0.092285 1.042114 -0.266235
1.285156 -0.004517 -0.428345 -0.169922 1.241821 -0.284668
1.265625 0.024048 -0.422485 -0.251465 1.446533 -0.300415
1.187744 0.017456 -0.384888 -0.351929 1.620972 -0.314575
1.192139 0.000977 -0.334717 -0.440063 1.728638 -0.326172
1.249756 -0.022583 -0.288208 -0.503906 1.855957 -0.333618
1.270996 -0.029663 -0.245117 -0.547119 2.049194 -0.348755
1.372192 -0.079712 -0.207520 -0.591919 2.276123 -0.359497
1.399658 -0.127686 -0.151245 -0.615601 2.610352 -0.374878
1.373901 -0.146484 -0.135498 -0.604248 2.922241 -0.443604
1.273071 -0.142944 -0.128418 -0.605835 3.145142 -0.562622
1.101685 -0.146484 -0.115601 -0.659912 3.280884 -0.672852
0.957764 -0.119995 -0.110718 -0.736328 3.327637 -0.715698
0.851440 -0.065918 -0.121216 -0.816528 3.356567 -0.710815
0.756104 -0.031494 -0.143066 -0.960815 3.381958 -0.705688
0.600830 -0.007690 -0.111206 -1.140137 3.457886 -0.676636
0.349609 0.011353 -0.056030 -1.320068 3.552490 -0.604248
0.082886 0.062744 0.015503 -1.479614 3.617432 -0.485840
-0.147461 0.105225 0.130981 -1.575928 3.617676 -0.323853
-0.264771 0.088257 0.286011 -1.604126 3.539063 -0.122925
-0.209961 0.027588 0.409180 -1.596802 3.358032 0.104126
-0.152344 -0.093018 0.569702 -1.591675 3.133667 0.279175
-0.222412 -0.260498 0.819580 -1.561035 2.736938 0.272827
-0.286743 -0.408691 1.087891 -1.455322 2.111450 0.139038
-0.266235 -0.537354 1.272339 -1.261108 1.380371 -0.033813
-0.135010 -0.608765 1.385010 -1.003662 0.701050 -0.158203
0.028687 -0.587891 1.385376 -0.710938 0.253540 -0.195679
0.143799 -0.496338 1.306274 -0.458862 0.088623 -0.144287
0.233276 -0.393921 1.210205 -0.306763 0.094116 -0.056641
0.302734 -0.342285 1.180786 -0.239380 0.161743 0.033691
0.320190 -0.351318 1.216919 -0.217651 0.215454 0.088867
0.350708 -0.387085 1.282593 -0.185913 0.204712 0.095459
0.367065 -0.404663 1.315796 -0.108521 0.155884 0.050537
0.363403 -0.390015 1.311035 -0.011108 0.080688 -0.048096
0.365479 -0.352905 1.263916 0.097534 -0.023438 -0.177002
0.358032 -0.305298 1.191895 0.184814 -0.116089 -0.258911
0.338623 -0.235107 1.110107 0.225586 -0.148804 -0.256226
0.340210 -0.178955 1.036011 0.234009 -0.133545 -0.203613
0.348389 -0.141113 0.971069 0.221558 -0.081055 -0.140503
0.337280 -0.119141 0.926880 0.184814 -0.014526 -0.072876
0.314453 -0.111816 0.900391 0.130615 0.045776 0.003174
0.320435 -0.127808 0.893799 0.078491 0.084595 0.068237
0.367310 -0.165039 0.886719 0.046509 0.089111 0.087769
0.430054 -0.206787 0.893921 0.027466 0.074829 0.042480
0.415161 -0.230225 0.923828 0.021240 0.056274 -0.050537
0.337646 -0.229492 0.958984 0.034790 0.011475 -0.144165
0.273071 -0.226196 0.986328 0.056396 -0.079346 -0.200195
0.275513 -0.221436 0.989624 0.090210 -0.175781 -0.208740
0.298828 -0.204590 0.974609 0.119385 -0.228516 -0.181763
0.315674 -0.181885 0.943115 0.130615 -0.218994 -0.122192
0.322632 -0.163330 0.920654 0.119751 -0.165894 -0.040649
0.351318 -0.164429 0.907959 0.094604 -0.104736 0.031006
0.397461 -0.177612 0.903198 0.067749 -0.049927 0.071411
0.420776 -0.181885 0.917358 0.043701 -0.011475 0.067505
0.407227 -0.180054 0.929932 0.027954 0.010376 0.040039
0.401001 -0.173340 0.946167 0.013916 0.016724 0.022217
0.407837 -0.168091 0.945313 0.006470 0.011353 0.004028
0.399658 -0.160767 0.943848 -0.000977 0.002563 -0.016479
0.382080 -0.154785 0.937256 -0.010132 -0.001831 -0.028320
0.371826 -0.155396 0.951660 -0.019043 0.000000 -0.019409
0.379028 -0.164063 0.950806 -0.026978 0.011719 0.005493
0.375732 -0.176758 0.959595 -0.034546 0.032104 0.028198
0.363770 -0.195923 0.974609 -0.035278 0.042969 0.038330
0.353027 -0.208984 0.989746 -0.026245 0.013062 0.019653
0.348267 -0.223755 1.001343 -0.010986 -0.049561 -0.018921
0.345215 -0.231201 1.009399 0.012817 -0.123413 -0.061646
0.391724 -0.223389 0.997314 0.044922 -0.197998 -0.105103
0.402222 -0.193848 0.971680 0.070313 -0.225952 -0.143677
0.409180 -0.157471 0.945923 0.071777 -0.216309 -0.149658
0.423584 -0.132813 0.925171 0.054688 -0.170776 -0.128052
0.426270 -0.122192 0.917725 0.025269 -0.098877 -0.090576
0.424194 -0.123535 0.921265 -0.007324 -0.017944 -0.046143
0.415405 -0.134644 0.924683 -0.037231 0.056152 -0.004517
0.399048 -0.146362 0.937622 -0.057007 0.107544 0.024414
0.366821 -0.164307 0.960693 -0.063599 0.117065 0.025757
0.367554 -0.180542 0.972412 -0.057007 0.079956 0.005981
0.375854 -0.178589 0.977539 -0.042480 0.020874 -0.031982
0.377930 -0.164673 0.968750 -0.027100 -0.022095 -0.059448
0.392212 -0.158203 0.955322 -0.020630 -0.036255 -0.059570
0.395752 -0.157715 0.938721 -0.022217 -0.023315 -0.052002
0.384766 -0.154053 0.942017 -0.030273 -0.000732 -0.041382
0.367310 -0.159668 0.944702 -0.039917 0.018433 -0.025024
0.360352 -0.166260 0.946045 -0.046997 0.026733 -0.007324
0.374023 -0.172852 0.953369 -0.053589 0.033081 0.010742
0.388428 -0.175781 0.949951 -0.058472 0.037720 0.015503
0.406128 -0.184448 0.953003 -0.062622 0.045166 0.008057
0.404297 -0.190796 0.958740 -0.063354 0.063110 -0.000732
0.380737 -0.189087 0.963745 -0.062012 0.068359 -0.016602
0.359497 -0.187378 0.973267 -0.057129 0.050049 -0.035889
0.350342 -0.184204 0.976563 -0.048706 0.021240 -0.049927
0.346924 -0.179199 0.978394 -0.040527 0.002808 -0.049805
0.332642 -0.172119 0.974365 -0.036133 -0.001221 -0.034546
0.336426 -0.171265 0.973633 -0.032349 -0.003540 -0.009399
0.356689 -0.175171 0.968750 -0.030396 -0.010254 0.010498
0.377686 -0.174805 0.966675 -0.031372 -0.015137 0.021362
0.397217 -0.178223 0.971924 -0.034058 -0.010376 0.025024
0.386353 -0.182495 0.972412 -0.036987 -0.000366 0.013062
0.386841 -0.185181 0.972412 -0.035645 0.002686 0.006226
0.376221 -0.187500 0.981323 -0.032593 0.005981 -0.006592
0.360352 -0.182251 0.980225 -0.027100 0.005493 -0.017944
0.355103 -0.178101 0.973022 -0.023682 -0.002197 -0.020386
0.360474 -0.182007 0.973755 -0.021484 -0.005615 -0.018311
