0.398193 -0.198364 0.954590 -0.020508 0.000122 -0.020508
0.382935 -0.190430 0.957031 -0.021240 0.002686 -0.026855
0.378784 -0.193604 0.958618 -0.023315 0.002075 -0.029907
0.374512 -0.188965 0.955200 -0.023804 0.001953 -0.031738
0.364990 -0.187012 0.963379 -0.026733 -0.000122 -0.034424
0.363770 -0.187378 0.971069 -0.028687 -0.008179 -0.033691
0.367554 -0.185181 0.979736 -0.025391 -0.013672 -0.026367
0.369263 -0.184204 0.978271 -0.021729 -0.020264 -0.022705
0.362061 -0.194336 0.989258 -0.018799 -0.031494 -0.023926
0.344971 -0.205444 1.007568 -0.007935 -0.060303 -0.035889
0.330444 -0.206787 1.020508 0.011230 -0.106201 -0.052856
0.312012 -0.212524 1.047119 0.031372 -0.160156 -0.061401
0.275024 -0.224121 1.075439 0.055664 -0.230591 -0.075073
0.214355 -0.235474 1.134155 0.078979 -0.350098 -0.108398
0.136475 -0.267456 1.226929 0.110840 -0.544800 -0.161987
0.022827 -0.280396 1.272583 0.147339 -0.845337 -0.246826
-0.076050 -0.276733 1.319946 0.229980 -1.269043 -0.353027
-0.123047 -0.283813 1.323975 0.390015 -1.747192 -0.415894
-0.111938 -0.296875 1.272095 0.612427 -2.206055 -0.399170
-0.106567 -0.324341 1.179565 0.864380 -2.637085 -0.355347
-0.046997 -0.352539 1.040771 1.115967 -3.044800 -0.290283
0.025391 -0.359009 0.864868 1.360840 -3.388916 -0.229736
0.163818 -0.328369 0.645142 1.598999 -3.681519 -0.207153
0.305298 -0.262939 0.398560 1.780151 -3.870850 -0.178589
0.422607 -0.161377 0.213867 1.827026 -3.903442 -0.064575
0.523438 -0.071899 0.074951 1.782104 -3.775757 0.139404
0.691284 -0.008179 -0.063110 1.693848 -3.550171 0.376953
0.831421 0.065552 -0.181396 1.571533 -3.296631 0.552246
0.857300 0.085205 -0.228516 1.392578 -3.089355 0.637329
0.911987 0.066284 -0.246826 1.209717 -2.949097 0.701416
1.011597 0.037354 -0.272583 1.067383 -2.813965 0.731323
1.119507 0.010620 -0.297607 0.969727 -2.682373 0.675171
1.164917 0.007690 -0.338623 0.882446 -2.540771 0.563721
1.225952 0.003784 -0.368042 0.779419 -2.357544 0.481567
1.237061 -0.006714 -0.381836 0.689087 -2.119141 0.407104
1.244995 -0.010986 -0.400269 0.608154 -1.874634 0.339966
1.236450 0.001587 -0.430542 0.534790 -1.603394 0.293579
1.212891 0.015991 -0.464111 0.456421 -1.330444 0.259766
1.179077 0.010376 -0.447266 0.370483 -1.083130 0.223755
1.091919 -0.043823 -0.382446 0.287842 -0.891113 0.166260
1.015869 -0.080444 -0.332275 0.255127 -0.780640 0.107666
0.939575 -0.107788 -0.308594 0.260010 -0.737183 0.067871
0.945435 -0.097168 -0.341553 0.261597 -0.715576 0.096313
1.007080 -0.064697 -0.387573 0.240845 -0.639648 0.166626
1.068359 -0.063721 -0.391113 0.192139 -0.540649 0.204712
1.157837 -0.093140 -0.372314 0.138550 -0.451050 0.196411
1.218140 -0.116821 -0.356567 0.097534 -0.347534 0.138794
1.278809 -0.123535 -0.358643 0.057251 -0.234253 0.061523
1.322876 -0.111572 -0.379272 0.012329 -0.117554 -0.038574
1.286865 -0.109863 -0.384155 -0.046265 0.000122 -0.136719
1.164917 -0.137939 -0.338745 -0.078979 0.101929 -0.186401
1.040161 -0.151245 -0.307251 -0.049194 0.182861 -0.151367
1.009888 -0.090576 -0.308960 0.000366 0.240479 -0.045288
1.062622 -0.057129 -0.319092 0.036987 0.256348 0.022949
1.125488 -0.047485 -0.320435 0.059814 0.263184 0.009399
1.142700 -0.031738 -0.324707 0.042358 0.323242 -0.014648
1.140503 -0.004761 -0.349487 0.005371 0.431763 -0.020874
1.131226 0.016724 -0.358765 -0.049927 0.558105 -0.015503
1.070313 0.006714 -0.347778 -0.107178 0.669678 -0.020752
1.024170 -0.001953 -0.309326 -0.164795 0.690308 -0.055542
1.049194 -0.010620 -0.282104 -0.218628 0.625000 -0.119385
1.111938 -0.020874 -0.249756 -0.275269 0.574219 -0.186646
1.129639 -0.037354 -0.215698 -0.323242 0.603149 -0.229492
1.126709 -0.028809 -0.191040 -0.352661 0.685547 -0.237671
1.186157 -0.033936 -0.174316 -0.378418 0.799194 -0.212158
1.211548 -0.053833 -0.143066 -0.390015 0.995728 -0.163818
1.203369 -0.074707 -0.105957 -0.396851 1.217041 -0.109375
1.183960 -0.090332 -0.069946 -0.393799 1.427002 -0.061279
1.145630 -0.080444 -0.042114 -0.377197 1.601074 -0.019897
1.144653 -0.071045 -0.027832 -0.353760 1.686646 -0.020508
1.157227 -0.059814 -0.015503 -0.347290 1.722412 -0.055908
1.218018 -0.063477 -0.021606 -0.360962 1.797363 -0.083008
1.277100 -0.050659 -0.028442 -0.393921 1.942627 -0.103882
1.263428 -0.049805 -0.036743 -0.447266 2.141113 -0.144287
1.160767 -0.074829 -0.015015 -0.534668 2.324951 -0.189209
1.002441 -0.067139 0.035889 -0.624146 2.441528 -0.214844
0.901978 -0.051514 0.106567 -0.674561 2.459473 -0.208862
0.828125 -0.059204 0.190796 -0.687012 2.474365 -0.166138
0.818970 -0.049438 0.247559 -0.660889 2.476563 -0.140747
0.848511 -0.069580 0.262573 -0.649536 2.466797 -0.165283
0.828125 -0.070190 0.284668 -0.650024 2.472656 -0.227905
0.733887 -0.059082 0.310791 -0.651855 2.470581 -0.316895
0.672363 -0.062256 0.343628 -0.712891 2.469604 -0.330322
0.577881 -0.040527 0.367432 -0.799438 2.524170 -0.286621
0.464722 -0.021973 0.428589 -0.899048 2.548462 -0.225464
0.407593 -0.041382 0.496094 -0.961304 2.493774 -0.176758
0.410400 -0.089355 0.576172 -1.012817 2.380371 -0.143799
0.400024 -0.163696 0.680908 -1.017212 2.252930 -0.163452
0.340576 -0.202637 0.787476 -0.973633 2.081055 -0.234619
0.327637 -0.238403 0.863403 -0.888794 1.857178 -0.307129
0.326538 -0.260254 0.920288 -0.784180 1.640503 -0.380249
0.257568 -0.246094 0.952515 -0.700195 1.443604 -0.428467
0.185181 -0.217285 0.964966 -0.649780 1.268188 -0.421021
0.135254 -0.220459 0.994629 -0.623413 1.133301 -0.345459
0.109375 -0.233276 1.023193 -0.572632 1.013062 -0.258545
0.109985 -0.268433 1.053955 -0.504028 0.870117 -0.208984
0.121826 -0.304932 1.080200 -0.427124 0.703979 -0.183716
0.170776 -0.340576 1.117432 -0.340820 0.532715 -0.178589
0.235596 -0.351929 1.133667 -0.252075 0.388550 -0.184448
0.274536 -0.340576 1.137573 -0.168579 0.302368 -0.188721
0.279053 -0.303833 1.129883 -0.097778 0.259644 -0.176636
0.291992 -0.279541 1.118652 -0.053101 0.214966 -0.151855
0.333862 -0.267212 1.112183 -0.028931 0.176636 -0.128418
0.373047 -0.249878 1.100342 -0.014404 0.137573 -0.122925
0.402222 -0.225586 1.086182 0.010742 0.113892 -0.143433
0.389771 -0.197876 1.071167 0.028687 0.110474 -0.176147
0.366455 -0.179077 1.064697 0.032837 0.099976 -0.196533
0.332886 -0.167480 1.048096 0.035645 0.080933 -0.198608
0.305176 -0.150513 1.027954 0.044678 0.056396 -0.182983
0.260742 -0.133057 0.996582 0.051392 0.032715 -0.151367
0.248779 -0.130859 0.968628 0.047974 -0.002686 -0.093018
0.237305 -0.114502 0.936401 0.037231 -0.022461 -0.023926
0.283813 -0.135376 0.924438 0.025635 -0.035522 0.039795
0.332031 -0.174927 0.912720 0.018921 -0.012085 0.083740
0.370605 -0.191040 0.908569 0.011719 0.009277 0.083374
0.391357 -0.199341 0.920410 0.000122 -0.003418 0.036133
0.393433 -0.200073 0.942139 -0.003418 -0.028320 -0.025635
0.379761 -0.192505 0.959229 0.002808 -0.050049 -0.070557
0.359741 -0.188599 0.965210 0.008545 -0.072998 -0.097778
0.350342 -0.181519 0.972412 0.013672 -0.094482 -0.106201
0.343750 -0.178223 0.969482 0.017090 -0.105713 -0.095215
0.341797 -0.169434 0.957642 0.020508 -0.096313 -0.062988
0.347656 -0.171143 0.948364 0.019531 -0.080200 -0.033447
0.374512 -0.175781 0.939209 0.012329 -0.062500 -0.011597
0.397949 -0.184448 0.947144 0.005249 -0.036377 -0.002319
0.414063 -0.195068 0.958130 0.002441 -0.009155 -0.008423
0.401978 -0.195435 0.970947 0.006104 -0.000366 -0.038452
0.387329 -0.192627 0.983887 0.016602 -0.019775 -0.076294
0.375488 -0.181641 0.987183 0.028564 -0.051025 -0.106079
0.369141 -0.179443 0.983887 0.037476 -0.074951 -0.114746
0.335815 -0.163696 0.972900 0.045166 -0.079224 -0.109741
0.321411 -0.166992 0.961548 0.050049 -0.086914 -0.082520
0.336060 -0.123291 0.940430 0.053955 -0.088379 -0.032227
0.324951 -0.127808 0.929932 0.031250 -0.070557 -0.021729
0.361328 -0.144531 0.933716 0.004761 -0.048828 0.007813
0.392212 -0.162231 0.939697 -0.013794 -0.021240 0.027710
0.419800 -0.168945 0.958130 -0.021240 0.005493 0.026245
0.418457 -0.175049 0.967407 -0.023804 0.017700 0.000854
0.427856 -0.179810 0.981567 -0.020752 0.013672 -0.028076
0.418457 -0.171265 0.985352 -0.013916 0.012207 -0.052002
0.394043 -0.153076 0.973511 -0.008179 0.014526 -0.064087
0.372437 -0.138550 0.976196 -0.009399 0.010498 -0.064819
0.354614 -0.133179 0.974121 -0.015991 0.005737 -0.053223
0.350220 -0.136475 0.965332 -0.021484 0.000488 -0.027954
0.338623 -0.136719 0.957031 -0.026367 0.001465 -0.003906
0.340088 -0.140747 0.953491 -0.030640 -0.003784 0.017822
0.342896 -0.149658 0.949097 -0.035767 -0.018555 0.031128
0.364136 -0.161743 0.953003 -0.041382 -0.035400 0.035889
0.373169 -0.165405 0.953369 -0.042725 -0.045288 0.028809
0.370850 -0.167358 0.953735 -0.044067 -0.050049 0.020996
