0.295288 -0.190918 1.025146 -0.016357 -0.019531 -0.035522
0.279419 -0.197998 1.039307 -0.005371 -0.042847 -0.046387
0.260620 -0.203613 1.047241 0.010620 -0.074219 -0.056152
0.232300 -0.210693 1.062622 0.031860 -0.124512 -0.069946
0.217041 -0.209717 1.068481 0.061035 -0.197144 -0.086792
0.219238 -0.205322 1.063965 0.088867 -0.273193 -0.101563
0.221924 -0.189453 1.060425 0.116821 -0.342163 -0.113647
0.190063 -0.187866 1.079468 0.141113 -0.399780 -0.121094
0.121338 -0.198730 1.122314 0.170654 -0.491333 -0.141968
0.088867 -0.213745 1.162231 0.218506 -0.650269 -0.169067
0.111572 -0.229004 1.167969 0.287476 -0.813965 -0.172485
0.097290 -0.233521 1.170532 0.366333 -0.955200 -0.158813
0.055786 -0.221191 1.164551 0.451904 -1.114014 -0.130737
-0.019409 -0.251221 1.165283 0.539307 -1.306152 -0.090576
-0.146118 -0.271362 1.184937 0.652588 -1.608276 -0.074585
-0.231445 -0.302002 1.150879 0.803345 -2.031494 -0.049438
-0.283569 -0.335205 1.077026 0.993286 -2.518799 -0.005493
-0.243652 -0.338135 0.919434 1.206299 -3.076416 0.031250
-0.236328 -0.334473 0.744995 1.408447 -3.600952 0.065674
-0.213013 -0.319336 0.512329 1.593628 -4.000000 0.101318
-0.149414 -0.301147 0.256104 1.748291 -4.000000 0.185059
-0.014526 -0.241821 0.007813 1.865479 -4.000000 0.354126
0.240479 -0.218506 -0.281860 1.928833 -4.000000 0.559204
0.518188 -0.103760 -0.547974 1.926147 -4.000000 0.756714
0.808105 0.023438 -0.762329 1.811523 -4.000000 0.915283
1.073486 0.099121 -0.865723 1.620972 -4.000000 1.075806
1.226196 0.059082 -0.821533 1.356323 -3.721436 1.197510
1.402954 -0.022583 -0.772461 1.109375 -3.258057 1.237793
1.528442 -0.078003 -0.689453 0.941650 -2.868408 1.080688
1.587891 -0.148438 -0.585938 0.819824 -2.615479 0.753784
1.699829 -0.150635 -0.575806 0.724609 -2.367065 0.469971
1.732788 -0.133301 -0.593384 0.673950 -1.919189 0.276001
1.624146 -0.119019 -0.613525 0.646851 -1.311401 0.179810
1.397461 -0.086304 -0.609619 0.598267 -0.720459 0.156616
1.152954 -0.075073 -0.566040 0.511597 -0.359375 0.134277
1.068481 -0.045044 -0.559448 0.407593 -0.300049 0.092163
1.132080 -0.027466 -0.562134 0.282715 -0.360107 0.052734
1.250000 -0.061890 -0.512573 0.166748 -0.349609 0.019653
1.293823 -0.103271 -0.473022 0.088867 -0.194824 0.007568
1.243164 -0.102051 -0.443970 0.029785 0.007446 0.003662
1.211426 -0.100098 -0.424927 -0.043579 0.122559 -0.018311
1.209106 -0.107788 -0.377075 -0.116577 0.157715 -0.053955
1.223267 -0.127197 -0.348633 -0.159180 0.206055 -0.085449
1.147949 -0.156982 -0.266846 -0.176514 0.302734 -0.092041
0.977051 -0.218872 -0.149658 -0.134155 0.387329 -0.059448
0.911743 -0.170898 -0.140625 -0.038452 0.413330 0.019775
0.955933 -0.109619 -0.189209 0.012329 0.370605 0.083740
1.029785 -0.097168 -0.206177 0.016602 0.312256 0.088745
1.084717 -0.100464 -0.212646 0.010864 0.307007 0.054199
1.108643 -0.102417 -0.243896 0.000610 0.353638 -0.002319
1.184326 -0.083130 -0.287109 -0.013062 0.461792 -0.030151
1.276123 -0.073608 -0.328613 -0.039917 0.649536 -0.053345
1.328125 -0.077271 -0.348267 -0.084229 0.909424 -0.100464
1.327759 -0.084961 -0.365845 -0.133545 1.165649 -0.187378
1.302002 -0.075073 -0.382568 -0.188110 1.369995 -0.279175
1.289307 -0.062866 -0.365234 -0.267334 1.537964 -0.350220
1.346924 -0.068481 -0.354614 -0.361206 1.687134 -0.423340
1.413086 -0.140381 -0.287720 -0.453491 1.862061 -0.516479
1.461304 -0.174438 -0.250366 -0.529541 2.073242 -0.602539
1.493408 -0.196289 -0.247192 -0.585571 2.407227 -0.624878
1.435547 -0.164795 -0.241333 -0.620361 2.840576 -0.592041
1.354248 -0.174438 -0.230103 -0.673584 3.245728 -0.567749
1.181274 -0.177002 -0.206787 -0.744507 3.586060 -0.559814
1.017212 -0.164429 -0.153198 -0.828125 3.801392 -0.589111
0.879395 -0.133789 -0.124390 -0.893311 3.848389 -0.699463
0.700317 -0.109741 -0.078613 -0.971313 3.801392 -0.846802
0.476807 -0.106323 -0.049194 -1.083130 3.722656 -0.946533
0.174072 -0.055786 0.085449 -1.184448 3.632080 -0.944702
-0.157837 -0.049927 0.254639 -1.239746 3.402588 -0.910889
-0.315063 -0.054565 0.426758 -1.253418 3.050781 -0.819336
-0.329224 -0.045288 0.577393 -1.229370 2.684814 -0.657837
-0.231323 -0.021484 0.679321 -1.201904 2.343750 -0.450439
-0.079834 -0.032715 0.744385 -1.167969 2.118408 -0.195801
0.037720 -0.051758 0.810425 -1.118896 2.024292 0.044800
-0.037964 -0.138306 0.979004 -1.043945 1.903442 0.180298
-0.141113 -0.261475 1.213745 -0.931885 1.548706 0.195801
-0.101074 -0.407349 1.411133 -0.754639 0.979004 0.115845
0.089233 -0.493530 1.489624 -0.476685 0.372803 0.008911
0.334717 -0.439575 1.425659 -0.159302 -0.043701 -0.043701
0.528442 -0.311035 1.296509 0.092896 -0.164429 -0.035645
0.575562 -0.160034 1.141113 0.221680 -0.022217 0.026123
0.567017 -0.038818 1.034424 0.220337 0.209717 0.114380
0.506714 0.000244 0.997192 0.146240 0.394653 0.170410
0.429321 -0.033325 1.048706 0.049805 0.442505 0.145386
0.355835 -0.109009 1.131958 -0.025269 0.344238 0.053833
0.287720 -0.171875 1.189331 -0.042358 0.163208 -0.052979
0.282471 -0.200684 1.205200 -0.001953 -0.017212 -0.120483
0.337891 -0.199341 1.157349 0.065063 -0.125488 -0.146118
0.359131 -0.166016 1.083862 0.120605 -0.144043 -0.137695
0.376587 -0.123901 1.000610 0.155884 -0.112305 -0.109619
0.381104 -0.088379 0.941040 0.157837 -0.063477 -0.069336
0.398438 -0.072144 0.898560 0.132080 -0.020752 -0.026123
0.405518 -0.071899 0.890991 0.095581 0.017090 0.002441
0.381836 -0.074951 0.901855 0.059692 0.025757 0.000977
0.358521 -0.094482 0.922485 0.034058 -0.004517 -0.014893
0.358765 -0.109985 0.946045 0.032349 -0.053833 -0.024902
0.374268 -0.107422 0.956177 0.046997 -0.101318 -0.033936
0.413940 -0.087646 0.932983 0.063721 -0.139282 -0.041992
0.467163 -0.068481 0.888062 0.064941 -0.129395 -0.038452
0.472046 -0.059204 0.869141 0.047485 -0.067383 -0.027954
0.437744 -0.059937 0.884766 0.015381 0.011108 -0.002319
0.392456 -0.075928 0.912231 -0.012817 0.061768 0.018799
0.381592 -0.094849 0.925659 -0.029419 0.071777 0.033569
0.386475 -0.104980 0.941650 -0.038696 0.061035 0.036865
0.413940 -0.112671 0.946533 -0.043335 0.046265 0.032104
0.436035 -0.123047 0.940430 -0.048706 0.040039 0.013062
0.445923 -0.123047 0.944336 -0.046509 0.034424 -0.019043
0.425659 -0.129639 0.946655 -0.039429 0.024536 -0.063599
0.403931 -0.115845 0.942627 -0.033936 -0.006958 -0.104980
0.411377 -0.097290 0.931641 -0.034302 -0.026489 -0.119873
0.416016 -0.097900 0.940552 -0.044922 0.001221 -0.104126
0.404053 -0.099243 0.958130 -0.055908 0.046875 -0.072144
0.385010 -0.102295 0.965942 -0.064819 0.081543 -0.041748
0.369385 -0.107422 0.961792 -0.069702 0.097046 -0.012695
0.367554 -0.114136 0.960205 -0.074097 0.095703 0.013794
0.381714 -0.124634 0.962158 -0.072144 0.078735 0.017700
0.380981 -0.135254 0.966797 -0.062622 0.047363 -0.003174
0.389038 -0.133667 0.967407 -0.049072 0.006714 -0.031128
0.390015 -0.118896 0.970337 -0.034912 -0.035034 -0.057739
0.401001 -0.106201 0.971191 -0.027832 -0.061646 -0.075806
0.399658 -0.090210 0.964111 -0.025635 -0.055908 -0.073242
0.402954 -0.087646 0.968872 -0.027222 -0.042725 -0.063599
0.395874 -0.081421 0.969604 -0.026733 -0.030518 -0.049927
0.389526 -0.083008 0.971069 -0.028442 -0.025269 -0.035034
0.409058 -0.088135 0.966675 -0.029297 -0.030029 -0.028809
0.439087 -0.092041 0.958618 -0.030640 -0.028564 -0.031982
0.427490 -0.087280 0.960327 -0.035156 0.000244 -0.038452
0.397217 -0.081177 0.962280 -0.043823 0.031982 -0.043457
0.388672 -0.086426 0.965698 -0.051025 0.046265 -0.037598
0.387695 -0.099609 0.968750 -0.057129 0.056396 -0.030640
0.384277 -0.119385 0.979858 -0.061523 0.065430 -0.036743
0.370605 -0.127930 0.993042 -0.058960 0.047485 -0.056763
0.360718 -0.128540 0.999268 -0.050903 0.017822 -0.076904
0.351563 -0.120850 0.996826 -0.044067 -0.005005 -0.081787
0.362671 -0.109253 0.985474 -0.039063 -0.010376 -0.074463
0.364014 -0.127197 0.980835 -0.041626 -0.001587 -0.071167
0.371338 -0.116455 0.974609 -0.034180 -0.006104 -0.050415
0.378174 -0.105835 0.968506 -0.027344 -0.014526 -0.036621
0.385742 -0.106323 0.972046 -0.023682 -0.017456 -0.023071
0.391724 -0.104126 0.970337 -0.022949 -0.007446 -0.006226
0.396240 -0.104248 0.965454 -0.024170 0.005371 0.001831
0.391602 -0.103760 0.962646 -0.026978 0.011963 -0.005493
0.385498 -0.098511 0.959473 -0.026855 0.006958 -0.013428
0.384277 -0.095459 0.957520 -0.026245 0.002808 -0.019043
0.383911 -0.101929 0.958130 -0.028564 -0.001343 -0.024658
0.376587 -0.098267 0.956177 -0.032715 -0.003296 -0.020630
0.369019 -0.102417 0.960571 -0.036011 -0.005981 -0.015991
0.370483 -0.110352 0.970337 -0.035522 -0.010254 -0.008423
0.378906 -0.110107 0.970093 -0.033569 -0.011597 -0.004517
0.387085 -0.111938 0.967529 -0.036011 -0.007935 -0.001953
