0.201538 -0.146851 1.036255 -0.028809 -0.003784 -0.003906
0.189087 -0.136353 1.029053 -0.026978 0.001831 -0.014526
0.180786 -0.124878 1.029541 -0.028442 0.006958 -0.018799
0.179199 -0.120728 1.046631 -0.033936 0.018799 -0.011475
0.160645 -0.124390 1.054199 -0.037720 0.033936 0.000000
0.145874 -0.134644 1.064331 -0.035767 0.040039 0.015259
0.145386 -0.144653 1.071655 -0.026245 0.040771 0.036255
0.144897 -0.155029 1.074951 -0.015137 0.038940 0.052734
0.132324 -0.159546 1.074097 -0.002075 0.024658 0.054077
0.119141 -0.150879 1.067627 0.016235 -0.004028 0.049194
0.104858 -0.148438 1.066650 0.026367 -0.033447 0.047974
0.074707 -0.171509 1.087646 0.032227 -0.070801 0.040527
0.041260 -0.198120 1.105591 0.050415 -0.148193 0.013184
-0.041992 -0.249146 1.153442 0.088867 -0.259888 -0.023438
-0.139282 -0.289063 1.180786 0.158569 -0.435547 -0.061035
-0.174805 -0.342285 1.209229 0.258057 -0.665405 -0.083862
-0.172974 -0.371582 1.211182 0.393799 -0.921753 -0.103516
-0.183716 -0.359497 1.180176 0.556519 -1.167236 -0.106934
-0.233643 -0.317505 1.132202 0.717773 -1.412476 -0.104858
-0.227539 -0.249390 1.051880 0.850220 -1.682983 -0.060791
-0.218750 -0.171875 0.970459 0.930664 -1.925537 0.026245
-0.232300 -0.134277 0.885742 0.956177 -2.152344 0.146118
-0.216064 -0.167725 0.849609 0.961304 -2.394409 0.323975
-0.137451 -0.183472 0.795044 0.987061 -2.624268 0.522583
0.006226 -0.274780 0.716675 1.017700 -2.874390 0.639648
0.056030 -0.334473 0.659058 1.068726 -3.163452 0.659058
0.152344 -0.310425 0.546509 1.132202 -3.552368 0.616211
0.326416 -0.223145 0.365723 1.224365 -3.873535 0.556274
0.537598 -0.051514 0.126953 1.252686 -4.000000 0.494019
0.750122 0.103638 -0.081055 1.179199 -4.000000 0.461426
0.977539 0.203125 -0.219604 1.019287 -3.829590 0.506470
1.234253 0.215210 -0.249878 0.819092 -3.399536 0.576050
1.313843 0.191406 -0.209839 0.627808 -2.885132 0.604614
1.375977 0.151489 -0.143799 0.462402 -2.462158 0.564941
1.386963 0.144775 -0.153198 0.376709 -2.097534 0.496216
1.434326 0.159912 -0.176270 0.325928 -1.785767 0.469360
1.543213 0.169922 -0.202148 0.269043 -1.451904 0.446899
1.565674 0.188721 -0.245117 0.192749 -1.051636 0.410522
1.492065 0.157959 -0.183228 0.091064 -0.740112 0.310425
1.389893 0.097778 -0.088379 0.004395 -0.593506 0.174805
1.410034 0.042358 -0.019653 -0.034058 -0.514771 0.067993
1.417236 0.017578 0.015503 -0.038330 -0.399536 -0.016846
1.322021 0.030029 0.036499 -0.037720 -0.252441 -0.077393
1.239258 0.022339 0.075684 -0.048584 -0.123291 -0.078003
1.221802 0.008667 0.094116 -0.050659 0.011597 -0.027100
1.208740 0.004761 0.118652 -0.049927 0.151489 0.022705
1.205688 0.013062 0.123291 -0.050903 0.275269 0.047729
1.176514 0.027344 0.111450 -0.069702 0.385376 0.045654
1.108643 0.020752 0.136353 -0.108521 0.466919 0.026245
1.011230 -0.011230 0.219238 -0.144409 0.459351 -0.028076
0.971191 -0.046143 0.279175 -0.135742 0.339600 -0.106201
1.046997 -0.046753 0.283325 -0.083374 0.195190 -0.171753
1.101563 -0.018188 0.253784 -0.028809 0.142456 -0.221680
1.101318 0.017822 0.218262 0.000977 0.166016 -0.244507
1.154175 0.032959 0.191772 0.003784 0.230591 -0.230713
1.236206 0.049561 0.173462 0.005859 0.435303 -0.168823
1.232300 0.079102 0.168091 0.019531 0.736206 -0.125122
1.239624 0.023438 0.165283 0.009888 1.023193 -0.095215
1.377930 0.008789 0.165649 0.028931 1.326904 -0.043945
1.393799 -0.009644 0.121216 0.050781 1.688354 -0.075439
1.332886 -0.002808 0.090576 0.034058 1.960327 -0.148438
1.293335 0.020508 0.097534 -0.034180 2.101563 -0.247803
1.287476 0.049194 0.084961 -0.123535 2.205078 -0.354370
1.179565 0.102417 0.084595 -0.240601 2.368774 -0.430298
1.114624 0.108398 0.068726 -0.392334 2.582397 -0.405396
1.008423 0.184814 0.109741 -0.542236 2.901245 -0.244263
0.802368 0.157959 0.192871 -0.647583 3.222778 -0.136719
0.703003 0.105957 0.233887 -0.707153 3.490601 -0.063965
0.509277 0.074097 0.298584 -0.769775 3.640503 -0.111572
0.224854 0.066895 0.383545 -0.805298 3.601929 -0.319824
0.053223 0.017212 0.487793 -0.873779 3.363403 -0.482422
0.036621 0.010376 0.576416 -0.933472 3.032837 -0.500610
0.027100 0.017212 0.588745 -1.010864 2.716675 -0.464478
-0.216187 0.020386 0.766113 -1.110474 2.392578 -0.359497
-0.312622 -0.110229 1.000244 -1.092041 1.965210 -0.281616
-0.191772 -0.290405 1.174927 -0.975464 1.537720 -0.199951
-0.025391 -0.381714 1.248901 -0.758545 1.180908 -0.167969
0.045166 -0.343384 1.211670 -0.512939 0.897583 -0.203979
0.108154 -0.290405 1.148071 -0.338867 0.677856 -0.256958
0.174561 -0.243896 1.101807 -0.256348 0.561035 -0.275635
0.118286 -0.195190 1.096802 -0.225342 0.536865 -0.287354
0.022827 -0.150635 1.116943 -0.219604 0.510254 -0.247681
0.000854 -0.154297 1.144409 -0.236938 0.446411 -0.174072
0.039429 -0.177368 1.145142 -0.228882 0.365356 -0.111938
0.031250 -0.196533 1.159790 -0.210815 0.292847 -0.069336
0.033691 -0.219849 1.159790 -0.180298 0.225342 -0.025513
0.048706 -0.227539 1.143921 -0.122070 0.165771 0.010620
0.091064 -0.222900 1.121948 -0.052856 0.081543 0.009644
0.140991 -0.185303 1.100098 0.002808 -0.004150 -0.014648
0.196533 -0.138062 1.060303 0.040894 -0.043579 -0.045776
0.178467 -0.089600 1.032349 0.043579 -0.036743 -0.072021
0.140991 -0.069458 1.031250 0.022461 -0.020020 -0.056885
0.139282 -0.078735 1.036255 0.002563 -0.025024 -0.016724
0.150024 -0.090332 1.038940 -0.004639 -0.048828 0.012573
0.192261 -0.097290 1.019165 -0.008911 -0.063843 0.046997
0.260498 -0.122070 0.997681 -0.027832 -0.031494 0.079102
0.281494 -0.135986 1.003052 -0.039795 0.031982 0.079712
0.219727 -0.150757 1.020752 -0.041992 0.070801 0.040283
0.160400 -0.157715 1.043701 -0.025269 0.028809 -0.027344
0.144287 -0.158325 1.057251 0.001221 -0.054810 -0.073486
0.131836 -0.146240 1.056274 0.030518 -0.122070 -0.087769
0.143677 -0.116943 1.025269 0.055664 -0.175781 -0.064941
0.182495 -0.102173 0.989258 0.061279 -0.189209 -0.020264
0.225708 -0.093140 0.967041 0.048706 -0.174561 0.019287
0.271484 -0.107300 0.960205 0.021851 -0.129028 0.053589
0.301514 -0.136475 0.976440 -0.000244 -0.062256 0.075195
0.269043 -0.121338 0.994995 -0.021973 -0.007935 0.073853
0.240601 -0.126465 1.018311 -0.019165 -0.023071 0.017212
0.252075 -0.126465 1.020386 -0.007202 -0.052612 -0.019897
0.227295 -0.122192 1.022583 0.002197 -0.054688 -0.041260
0.208374 -0.112793 1.014648 0.013550 -0.069702 -0.047729
0.209473 -0.104492 1.007080 0.018188 -0.089966 -0.039917
0.224609 -0.088745 0.981812 0.010132 -0.100708 -0.022461
0.239868 -0.086060 0.976563 -0.012817 -0.091309 0.002075
0.249756 -0.098145 0.979370 -0.040405 -0.066162 0.025879
0.263306 -0.121094 1.006836 -0.059570 -0.040771 0.042847
0.248291 -0.138916 1.026367 -0.061279 -0.031494 0.036011
0.257935 -0.156860 1.037598 -0.049194 -0.038086 0.022827
0.279053 -0.145508 1.024780 -0.026367 -0.037354 0.004395
0.237427 -0.130493 1.018799 -0.012207 -0.026855 -0.020874
0.235474 -0.109497 1.001465 -0.004272 -0.028442 -0.035767
0.256470 -0.103394 0.982544 -0.008667 -0.017212 -0.037354
0.241943 -0.097168 0.981689 -0.023926 0.014648 -0.034912
0.204346 -0.102661 0.996094 -0.044434 0.038086 -0.029663
0.174438 -0.123291 1.019165 -0.060791 0.022095 -0.029663
0.169556 -0.134644 1.027588 -0.057129 -0.013672 -0.019653
0.177246 -0.135376 1.019653 -0.046509 -0.038574 -0.000977
0.239990 -0.154297 1.013550 -0.037476 -0.047485 0.018555
0.248291 -0.152710 1.020386 -0.029663 -0.036255 0.013428
0.233521 -0.142944 1.020386 -0.020874 -0.029297 -0.002686
0.246094 -0.128418 1.018555 -0.012085 -0.032593 -0.010864
0.265625 -0.112915 1.012085 -0.010254 -0.027222 -0.019043
0.253052 -0.098145 1.009399 -0.023315 -0.004761 -0.030884
0.236084 -0.097778 1.016602 -0.039429 0.014648 -0.039551
0.218994 -0.102539 1.024170 -0.046875 0.029907 -0.031860
0.215454 -0.106445 1.026855 -0.045898 0.038452 -0.017822
0.217041 -0.121094 1.024292 -0.043457 0.037964 -0.008301
0.219727 -0.129395 1.016479 -0.041382 0.029175 -0.000732
0.220337 -0.139160 1.019531 -0.040405 0.018433 0.003418
0.227539 -0.140503 1.018799 -0.036987 0.005493 -0.000977
0.229004 -0.136597 1.014038 -0.034668 -0.010254 -0.016602
0.237671 -0.132080 1.010864 -0.037476 -0.019653 -0.023926
0.221191 -0.119873 0.995483 -0.035400 -0.009399 -0.029907
0.222900 -0.114746 0.989258 -0.044067 0.005493 -0.024292
0.213501 -0.116455 0.997192 -0.060181 0.032593 -0.011353
0.196289 -0.113159 1.000610 -0.074707 0.059814 0.006470
0.187622 -0.118896 1.008789 -0.085083 0.069824 0.023804
0.203857 -0.125610 1.013672 -0.087036 0.062866 0.036011
0.218018 -0.137939 1.023438 -0.084595 0.044067 0.031616
0.231812 -0.149048 1.031250 -0.068848 0.012939 0.011353
