0.248901 -0.234131 0.998291 -0.019409 -0.010864 -0.028442
0.247803 -0.234253 0.992432 -0.016235 -0.012939 -0.026855
0.257568 -0.234985 0.992065 -0.013306 -0.010742 -0.020752
0.258911 -0.231934 0.994629 -0.013184 -0.003296 -0.015991
0.245850 -0.232666 1.000000 -0.014038 0.002563 -0.013184
0.240479 -0.234009 1.006470 -0.012451 -0.005127 -0.011719
0.259766 -0.241577 1.007690 -0.007813 -0.018921 -0.012939
0.269653 -0.253174 1.012451 -0.000366 -0.025879 -0.022705
0.241455 -0.262329 1.022705 0.010742 -0.036743 -0.043457
0.201416 -0.262207 1.036621 0.030396 -0.074463 -0.067383
0.179932 -0.260986 1.049561 0.055054 -0.139404 -0.086914
0.162964 -0.271484 1.068604 0.084229 -0.211304 -0.100342
0.141113 -0.275757 1.082520 0.121704 -0.296021 -0.117188
0.139526 -0.269043 1.078735 0.163818 -0.387207 -0.129639
0.128296 -0.266724 1.068970 0.199341 -0.458008 -0.127808
0.070313 -0.274048 1.073120 0.230103 -0.527466 -0.125122
0.026001 -0.270508 1.088623 0.265015 -0.639038 -0.119629
-0.010864 -0.295532 1.107788 0.305908 -0.791016 -0.107178
-0.060791 -0.319702 1.145508 0.368530 -1.019409 -0.112793
-0.104858 -0.369263 1.177856 0.471924 -1.336548 -0.149414
-0.124023 -0.411499 1.201172 0.609741 -1.747192 -0.219482
-0.180176 -0.416382 1.187988 0.789795 -2.233154 -0.319458
-0.235352 -0.364136 1.144043 0.991577 -2.777344 -0.389404
-0.203125 -0.308472 1.010986 1.213745 -3.297119 -0.385620
-0.104492 -0.319458 0.839111 1.434082 -3.690674 -0.315674
-0.083618 -0.341309 0.659668 1.645508 -3.964355 -0.234375
-0.120117 -0.345581 0.476318 1.815430 -4.000000 -0.151489
-0.128052 -0.301758 0.265137 1.926270 -4.000000 -0.009399
-0.019165 -0.239990 -0.000977 2.006592 -4.000000 0.136353
0.176880 -0.176270 -0.284912 2.069824 -4.000000 0.189941
0.439697 -0.030884 -0.603149 2.086182 -4.000000 0.265503
0.763062 0.133301 -0.881592 2.025513 -4.000000 0.387329
1.028320 0.268799 -1.020020 1.834595 -4.000000 0.548462
1.232300 0.291992 -1.054932 1.551270 -4.000000 0.820557
1.462036 0.212158 -1.087280 1.290405 -3.280151 1.154297
1.759644 0.100220 -1.027710 1.069580 -2.364136 1.415771
1.825684 0.013306 -0.866089 0.879150 -1.543823 1.400024
1.575195 -0.085571 -0.673218 0.692505 -1.018066 1.137207
1.454590 -0.109985 -0.588379 0.514526 -0.973633 0.769043
1.447754 -0.055786 -0.608154 0.403442 -1.062012 0.377075
1.501953 -0.078979 -0.594604 0.321167 -1.077271 0.034302
1.478149 -0.119263 -0.548096 0.261841 -0.847900 -0.148315
1.353271 -0.121094 -0.518433 0.218140 -0.455566 -0.160889
1.236572 -0.107666 -0.476196 0.158936 -0.109131 -0.105469
1.198975 -0.099243 -0.433716 0.096802 0.111328 -0.062256
1.211914 -0.112061 -0.385986 0.029419 0.245850 -0.067139
1.203857 -0.117798 -0.354980 -0.035767 0.372559 -0.083740
1.199585 -0.105835 -0.343628 -0.095093 0.505249 -0.088989
1.207886 -0.091797 -0.342285 -0.141479 0.645508 -0.123901
1.182495 -0.082153 -0.346313 -0.180298 0.802002 -0.172363
1.132080 -0.071899 -0.331421 -0.211426 0.942627 -0.203369
1.114746 -0.046875 -0.319092 -0.234009 1.056885 -0.204224
1.152466 -0.042725 -0.307739 -0.266113 1.147583 -0.202026
1.177612 -0.053467 -0.276245 -0.305786 1.257080 -0.206909
1.258179 -0.072754 -0.239624 -0.330444 1.391724 -0.213623
1.347290 -0.086914 -0.207031 -0.335449 1.614624 -0.208618
1.383911 -0.073242 -0.201416 -0.327881 1.895386 -0.239990
1.421021 -0.088135 -0.211548 -0.371704 2.177612 -0.264160
1.390991 -0.097534 -0.165771 -0.438354 2.483887 -0.277344
1.284912 -0.119019 -0.128540 -0.493774 2.722534 -0.336548
1.180420 -0.149170 -0.056763 -0.537476 2.821045 -0.421265
1.163452 -0.163696 -0.017212 -0.557007 2.831787 -0.507324
1.225342 -0.143921 -0.033569 -0.553101 2.838379 -0.619751
1.224731 -0.115967 -0.081909 -0.570923 2.935669 -0.791382
1.108398 -0.081543 -0.132813 -0.656982 3.104492 -0.939941
0.950562 -0.044800 -0.145142 -0.853149 3.321655 -0.962524
0.676514 -0.015137 -0.126587 -1.068481 3.599854 -0.943237
0.431396 0.034058 -0.108643 -1.260986 3.816650 -0.861450
0.206299 0.066406 -0.053101 -1.445190 3.943237 -0.701294
-0.041138 0.106812 0.055786 -1.610840 3.957764 -0.487305
-0.134277 0.090942 0.214844 -1.750610 3.809814 -0.283325
-0.114136 -0.003906 0.370605 -1.796997 3.543213 -0.191650
-0.177612 -0.123535 0.573853 -1.757813 3.175781 -0.222900
-0.341309 -0.238281 0.844360 -1.679688 2.704102 -0.273926
-0.450684 -0.338501 1.100342 -1.544312 2.109619 -0.292603
-0.391724 -0.428345 1.256226 -1.302002 1.521606 -0.248535
-0.228760 -0.442383 1.295532 -0.987427 1.089600 -0.143677
-0.084106 -0.402588 1.236572 -0.693970 0.835938 -0.039063
0.036377 -0.359131 1.165771 -0.491821 0.663818 0.020142
0.083130 -0.374146 1.183472 -0.395508 0.496948 0.028442
0.116333 -0.407959 1.262451 -0.337769 0.283936 -0.017578
0.217896 -0.431763 1.331909 -0.266846 0.106934 -0.056763
0.318726 -0.453003 1.369995 -0.181030 0.020752 -0.090942
0.339722 -0.411865 1.348755 -0.092041 -0.004761 -0.128174
0.302612 -0.354248 1.334473 -0.029419 -0.003662 -0.155518
0.246338 -0.311279 1.287354 0.014160 -0.005859 -0.160278
0.222290 -0.272217 1.230347 0.052612 -0.009399 -0.127930
0.218018 -0.241211 1.158936 0.095337 -0.026001 -0.098999
0.211670 -0.202393 1.082275 0.133789 -0.037476 -0.070190
0.213013 -0.162476 1.010620 0.154907 -0.038574 -0.030396
0.234009 -0.147827 0.952515 0.153809 -0.030884 0.010620
0.272095 -0.146606 0.915771 0.134155 -0.034424 0.035278
0.357910 -0.171387 0.894409 0.102905 -0.032104 0.039307
0.375977 -0.179688 0.888306 0.076050 0.004395 0.012085
0.332031 -0.177368 0.903931 0.049683 0.031738 -0.027100
0.282471 -0.172485 0.923462 0.030640 0.020142 -0.058594
0.268433 -0.173828 0.930786 0.020874 -0.016235 -0.062622
0.257202 -0.168091 0.936523 0.015381 -0.029907 -0.047241
0.239380 -0.170898 0.933105 0.008667 -0.033081 -0.019531
0.236816 -0.179565 0.934814 -0.000366 -0.039307 0.017578
0.275024 -0.194336 0.939087 -0.008179 -0.040649 0.053955
0.303345 -0.208252 0.944702 -0.014526 -0.025513 0.072998
0.312134 -0.215576 0.949463 -0.024780 -0.011475 0.062134
0.315186 -0.213623 0.963623 -0.034790 -0.016113 0.036621
0.320435 -0.218750 0.968872 -0.041260 -0.031250 0.005981
0.319336 -0.219482 0.982666 -0.043945 -0.046875 -0.024048
0.306396 -0.217896 0.989380 -0.044067 -0.059814 -0.049561
0.295044 -0.209106 0.991699 -0.040161 -0.062988 -0.055176
0.278687 -0.205688 0.992554 -0.036377 -0.055664 -0.041504
0.284912 -0.200439 0.986816 -0.035400 -0.039307 -0.014160
0.297974 -0.204102 0.993652 -0.038452 -0.018311 0.012085
0.310425 -0.207520 0.994995 -0.042969 0.008667 0.031494
0.321533 -0.214722 0.999390 -0.043823 0.034912 0.041504
0.312012 -0.213745 0.997681 -0.040161 0.045044 0.035400
0.311035 -0.217651 0.998413 -0.035156 0.033081 0.018921
0.322510 -0.216675 0.998779 -0.027832 0.006470 -0.005493
0.315674 -0.208740 0.986694 -0.022095 -0.016357 -0.033569
0.297363 -0.195313 0.980835 -0.025024 -0.028076 -0.054443
0.297119 -0.192871 0.972900 -0.032837 -0.039551 -0.060913
0.315308 -0.195801 0.972046 -0.040161 -0.046387 -0.062866
0.317993 -0.197388 0.980225 -0.046387 -0.043457 -0.071533
0.321289 -0.205200 0.980957 -0.048706 -0.038696 -0.081177
0.311035 -0.206787 0.991089 -0.046143 -0.024658 -0.085327
0.302246 -0.206421 0.992920 -0.039307 -0.014038 -0.078735
0.295044 -0.200439 0.994019 -0.033813 -0.004272 -0.061279
0.307007 -0.201050 0.983643 -0.024902 0.013062 -0.031494
0.297363 -0.192627 0.976807 -0.023438 0.035278 -0.005615
0.284180 -0.191528 0.972778 -0.028442 0.047852 0.009277
0.285278 -0.201172 0.974487 -0.036621 0.048096 0.015137
0.275757 -0.204468 0.981567 -0.044189 0.038574 0.009155
0.270386 -0.207886 0.989502 -0.047607 0.024292 0.003174
0.286011 -0.217529 0.997437 -0.045532 0.008301 -0.003418
0.299561 -0.230225 1.003784 -0.039185 -0.010986 -0.020142
0.300415 -0.226685 1.003784 -0.028320 -0.028809 -0.037598
0.296631 -0.215820 0.996582 -0.019653 -0.034790 -0.041748
0.293823 -0.205322 0.993164 -0.017822 -0.035156 -0.036987
0.300781 -0.210449 0.990479 -0.016968 -0.024170 -0.021973
0.306274 -0.211304 0.985718 -0.019165 -0.013306 -0.010254
0.307983 -0.213623 0.983032 -0.022705 -0.003174 -0.007202
0.317993 -0.220825 0.979126 -0.026001 0.009521 -0.008301
0.309204 -0.219971 0.978516 -0.026733 0.023438 -0.015869
0.299438 -0.216797 0.977417 -0.030273 0.031982 -0.026611
0.284302 -0.214478 0.981201 -0.037476 0.035522 -0.035645
0.261841 -0.212402 0.987061 -0.043701 0.032349 -0.035889
0.248047 -0.222046 0.996948 -0.044434 0.019653 -0.031006
0.262939 -0.224731 0.996460 -0.037231 -0.003784 -0.025146
0.280762 -0.228149 0.992432 -0.027954 -0.021484 -0.025146
0.287354 -0.223633 0.982056 -0.019653 -0.028442 -0.031128
0.283936 -0.214355 0.983154 -0.017944 -0.037842 -0.039429
0.276245 -0.207397 0.987427 -0.019897 -0.043579 -0.042725
