0.318359 -0.177734 0.996338 -0.025635 -0.021606 -0.050537
0.305786 -0.174438 1.002075 -0.023315 -0.030396 -0.058228
0.287231 -0.175659 1.020386 -0.020020 -0.044189 -0.063599
0.270386 -0.181396 1.033691 -0.013794 -0.068359 -0.065186
0.265747 -0.181396 1.041870 -0.003662 -0.101074 -0.062744
0.275391 -0.190186 1.055054 0.008667 -0.132935 -0.060913
0.272583 -0.197266 1.059937 0.024170 -0.165405 -0.063599
0.256592 -0.196533 1.057251 0.042969 -0.205811 -0.076416
0.231812 -0.204834 1.072510 0.061523 -0.265381 -0.094116
0.201660 -0.205688 1.094849 0.086548 -0.354736 -0.120850
0.171875 -0.236328 1.115967 0.123657 -0.473389 -0.160156
0.111328 -0.260864 1.152832 0.178345 -0.629883 -0.219360
0.079102 -0.276245 1.170654 0.256470 -0.842041 -0.286743
0.052612 -0.269531 1.162964 0.352539 -1.081421 -0.358521
0.056763 -0.253418 1.124146 0.456055 -1.319336 -0.406860
0.073975 -0.235962 1.067261 0.558838 -1.520142 -0.417603
0.081177 -0.243896 1.032593 0.651978 -1.693481 -0.406372
0.044434 -0.290039 1.022705 0.738770 -1.880615 -0.396362
-0.049561 -0.328735 1.027222 0.836304 -2.152222 -0.430176
-0.115723 -0.350708 0.996216 0.980957 -2.539917 -0.485596
-0.135254 -0.333984 0.912720 1.183472 -2.935059 -0.484619
-0.165649 -0.294678 0.774536 1.404419 -3.293701 -0.417969
-0.151733 -0.278687 0.590454 1.615845 -3.639160 -0.301636
-0.116577 -0.254639 0.354614 1.812012 -3.974731 -0.171509
-0.079346 -0.213501 0.114258 1.978516 -4.000000 -0.038940
0.032471 -0.210449 -0.109741 2.091187 -4.000000 0.138550
0.281738 -0.187988 -0.397461 2.169678 -4.000000 0.296631
0.530640 -0.062134 -0.640625 2.195190 -4.000000 0.421143
0.820068 0.073608 -0.838501 2.150391 -4.000000 0.514038
1.170410 0.264648 -1.001099 2.003296 -4.000000 0.686890
1.494019 0.315674 -1.060059 1.724487 -3.580566 0.864624
1.616577 0.270874 -1.009644 1.423706 -2.641357 1.016479
1.525635 0.157715 -0.869385 1.135254 -1.648804 1.170898
1.403564 0.048950 -0.717285 0.880005 -1.001465 1.251465
1.230469 -0.068481 -0.569092 0.666626 -0.757568 1.158569
1.308105 -0.107178 -0.519165 0.508545 -0.888672 0.938110
1.944946 0.119385 -0.964111 0.398804 -1.158325 0.600586
2.319946 0.096313 -0.961548 0.257813 -0.689819 0.466187
1.923828 -0.120605 -0.805420 0.047852 -0.164551 0.151611
1.565552 -0.158203 -0.615356 -0.015991 0.027344 -0.126831
1.188843 -0.112549 -0.487183 -0.034668 0.019775 -0.311768
1.022095 -0.015747 -0.397339 -0.030396 0.060303 -0.263550
0.978516 0.025635 -0.333740 -0.051147 0.072754 -0.179199
1.028564 -0.000977 -0.253906 -0.088867 0.102661 -0.121094
1.049561 -0.061768 -0.182739 -0.100342 0.149048 -0.115479
1.019897 -0.085693 -0.139038 -0.087891 0.215698 -0.122314
0.989136 -0.101196 -0.117798 -0.061523 0.275146 -0.119629
1.023560 -0.083130 -0.136230 -0.039063 0.283081 -0.109009
1.112305 -0.057251 -0.182251 -0.016602 0.313477 -0.092896
1.168945 -0.051392 -0.202393 -0.027954 0.402344 -0.094238
1.099609 -0.072021 -0.152222 -0.054688 0.486938 -0.144043
1.045288 -0.066528 -0.155029 -0.060547 0.440552 -0.224243
1.064575 -0.022705 -0.203735 -0.061523 0.331177 -0.283203
1.108398 0.017944 -0.230591 -0.078247 0.276855 -0.311523
1.154541 0.040039 -0.251709 -0.111694 0.306641 -0.334106
1.162964 0.066528 -0.272339 -0.149780 0.420410 -0.338135
1.175293 0.080933 -0.281494 -0.192749 0.602417 -0.311768
1.181396 0.089478 -0.280151 -0.238770 0.835938 -0.272217
1.158203 0.087280 -0.269287 -0.287842 1.069946 -0.252808
1.086670 0.068237 -0.230469 -0.346924 1.255005 -0.247070
1.054565 0.040039 -0.176147 -0.401489 1.356689 -0.240845
1.058960 0.010742 -0.127686 -0.435791 1.403076 -0.256714
1.106812 0.018311 -0.108154 -0.452393 1.402344 -0.320801
1.150879 0.096558 -0.141113 -0.483887 1.363403 -0.445313
1.275024 0.162109 -0.204346 -0.584595 1.378052 -0.550659
1.326904 0.158447 -0.215210 -0.737915 1.574707 -0.593506
1.246826 0.117432 -0.162231 -0.901367 1.892090 -0.578979
1.244141 0.061890 -0.104736 -1.026489 2.208862 -0.481323
1.257813 0.009644 -0.044434 -1.082642 2.552856 -0.351685
1.207764 0.003174 0.008667 -1.091064 2.840332 -0.288574
1.138428 0.017944 0.044434 -1.111206 3.038696 -0.250488
1.045288 0.017334 0.086304 -1.139160 3.160522 -0.248901
0.960205 0.021851 0.143555 -1.151489 3.169556 -0.308838
0.892578 0.006958 0.186768 -1.161743 3.106567 -0.396973
0.830688 -0.006104 0.220093 -1.172363 3.055420 -0.464600
0.755005 0.000610 0.230591 -1.196289 3.042480 -0.501099
0.626953 0.047241 0.206787 -1.244995 3.086914 -0.494751
0.464844 0.064941 0.171875 -1.315796 3.269775 -0.344604
0.201172 0.077881 0.181885 -1.418701 3.549438 -0.113770
-0.090088 0.008057 0.250000 -1.554321 3.690674 0.075684
-0.357056 -0.098389 0.413696 -1.643677 3.575195 0.189087
-0.721680 -0.276001 0.746338 -1.638794 3.155273 0.166992
-0.990723 -0.469238 1.185913 -1.494141 2.311768 0.009888
-0.868774 -0.615112 1.451172 -1.177246 1.164673 -0.158813
-0.429443 -0.683472 1.502930 -0.760864 0.135132 -0.286255
0.059692 -0.613647 1.360474 -0.340210 -0.413940 -0.303467
0.339966 -0.427856 1.160645 -0.027222 -0.424561 -0.211304
0.338257 -0.237183 1.015381 0.108521 -0.174561 -0.094727
0.291870 -0.107178 0.946411 0.106201 0.016479 0.011108
0.327271 -0.052856 0.931763 0.026123 0.081787 0.102295
0.421387 -0.028076 0.942871 -0.072144 0.121216 0.169922
0.485840 -0.035645 0.972656 -0.171631 0.218628 0.210938
0.477051 -0.092651 1.028442 -0.253174 0.343384 0.208374
0.402710 -0.163574 1.094849 -0.294678 0.407837 0.155396
0.303467 -0.237427 1.178467 -0.290649 0.361816 0.051880
0.219482 -0.295898 1.242310 -0.233154 0.219604 -0.062988
0.159668 -0.314087 1.258423 -0.128052 0.029785 -0.156616
0.153931 -0.300171 1.218628 -0.005127 -0.144287 -0.202637
0.183105 -0.250854 1.129517 0.099731 -0.277100 -0.215332
0.248657 -0.197021 1.050903 0.158081 -0.340454 -0.193359
0.295776 -0.154175 0.990601 0.165771 -0.311279 -0.139038
0.314453 -0.131470 0.960815 0.132935 -0.208740 -0.060181
0.337646 -0.137451 0.960205 0.085449 -0.092529 0.019897
0.352539 -0.155518 0.977051 0.043701 -0.010498 0.063599
0.341797 -0.171021 0.992798 0.019043 0.018555 0.066528
0.336914 -0.171387 1.005127 0.011230 -0.000610 0.045166
0.332886 -0.168457 1.002686 0.016602 -0.037842 0.012939
0.331421 -0.163330 0.999512 0.034058 -0.075195 -0.008301
0.335938 -0.155396 0.990112 0.050659 -0.108521 -0.023315
0.355835 -0.152710 0.983887 0.063599 -0.142212 -0.039063
0.371582 -0.143921 0.965698 0.071045 -0.163086 -0.053345
0.384033 -0.140503 0.952393 0.071533 -0.159668 -0.059570
0.405151 -0.134033 0.940186 0.067261 -0.130371 -0.054932
0.416016 -0.132813 0.927490 0.051147 -0.083374 -0.052734
0.404541 -0.127808 0.927979 0.032104 -0.033569 -0.054443
0.384155 -0.125977 0.933472 0.012695 0.007080 -0.052246
0.365479 -0.124512 0.940796 -0.005615 0.037476 -0.042847
0.344604 -0.132935 0.956421 -0.018066 0.060425 -0.024292
0.330200 -0.132690 0.957642 -0.022339 0.073975 0.000732
0.330078 -0.138672 0.955566 -0.026855 0.077515 0.025146
0.338867 -0.148804 0.957642 -0.031616 0.076172 0.042847
0.348511 -0.162109 0.957642 -0.034668 0.074219 0.048218
0.345215 -0.164307 0.960083 -0.037842 0.063721 0.041992
0.344238 -0.166382 0.956543 -0.035889 0.047485 0.032104
0.351196 -0.164917 0.959717 -0.033813 0.033691 0.015137
0.340088 -0.160767 0.972290 -0.031982 0.017578 -0.009766
0.332886 -0.156128 0.978638 -0.029175 -0.002197 -0.029053
0.334473 -0.149170 0.980347 -0.023682 -0.013062 -0.034546
0.340210 -0.148071 0.972412 -0.021484 -0.012207 -0.026855
0.336060 -0.144897 0.978760 -0.024292 0.000000 -0.010864
0.333618 -0.144775 0.982544 -0.028076 0.013184 0.007568
0.349731 -0.154053 0.980957 -0.029907 0.015747 0.015259
0.362061 -0.155762 0.979492 -0.029907 0.013184 0.008179
0.353027 -0.155029 0.978271 -0.028076 0.014893 -0.003418
0.344971 -0.153564 0.978760 -0.024658 0.017700 -0.013062
0.344849 -0.154297 0.988281 -0.023682 0.014771 -0.023438
0.333618 -0.146118 0.981445 -0.021851 0.013306 -0.032837
0.326538 -0.140747 0.975952 -0.018433 0.008545 -0.035034
0.323120 -0.142090 0.980347 -0.019409 0.004272 -0.035767
0.312378 -0.137817 0.966797 -0.018921 0.001953 -0.029541
0.311890 -0.133667 0.957764 -0.020630 -0.002319 -0.023560
0.319458 -0.139771 0.955200 -0.027100 -0.005493 -0.016113
0.313110 -0.143677 0.970581 -0.034424 0.001465 -0.003052
0.311768 -0.150879 0.979614 -0.041626 0.011597 0.016602
0.311890 -0.160400 0.981689 -0.044312 0.017822 0.028564
0.329346 -0.165649 0.987793 -0.045410 0.018921 0.034180
0.335693 -0.168701 0.985229 -0.043213 0.024048 0.028931
0.340088 -0.170288 0.989868 -0.042114 0.023682 0.013306
0.326904 -0.163208 0.989014 -0.041138 0.023682 -0.002808
0.310059 -0.163330 0.988281 -0.042114 0.016724 -0.017700
