-0.001465 -0.296875 1.169434 0.375610 -1.036255 -0.298218
-0.056519 -0.291016 1.154785 0.505981 -1.340576 -0.347412
-0.092163 -0.261230 1.111694 0.643799 -1.677246 -0.355713
-0.152466 -0.220581 1.041504 0.789795 -2.018433 -0.327148
-0.284424 -0.240356 0.989136 0.916260 -2.388184 -0.252930
-0.533447 -0.252197 0.965210 1.053101 -2.883667 -0.167236
-0.578003 -0.290405 0.815552 1.245239 -3.561035 -0.084595
-0.467163 -0.297729 0.546997 1.492798 -4.000000 -0.034668
-0.262695 -0.258911 0.217896 1.686768 -4.000000 -0.004272
-0.087769 -0.204468 -0.070313 1.790771 -4.000000 0.035156
0.018555 -0.147583 -0.291992 1.833618 -4.000000 0.118652
0.182373 -0.110352 -0.527222 1.842529 -4.000000 0.250000
0.456055 -0.011597 -0.749146 1.835815 -4.000000 0.439331
0.802734 0.107666 -0.956909 1.771240 -4.000000 0.591309
1.244873 0.238403 -1.115967 1.610229 -4.000000 0.770508
1.667114 0.264771 -1.151123 1.344971 -4.000000 1.000732
1.796875 0.098389 -0.987183 1.052734 -3.098633 1.157227
1.885498 -0.101563 -0.807251 0.841187 -2.154541 1.192871
1.875122 -0.189697 -0.651245 0.679443 -1.506958 1.007202
1.785645 -0.172852 -0.611450 0.591675 -1.177124 0.653809
1.700195 -0.124146 -0.609863 0.512085 -1.014282 0.300049
1.565186 -0.116699 -0.619019 0.409424 -0.814819 0.067017
1.391846 -0.137207 -0.578003 0.322388 -0.526123 -0.025513
1.220825 -0.131836 -0.552734 0.288818 -0.263672 -0.034912
1.113159 -0.066772 -0.556641 0.282349 -0.099487 -0.005371
1.109009 0.016479 -0.589111 0.253662 -0.035767 0.026611
1.121338 0.007446 -0.596191 0.172607 0.019531 0.046387
1.346191 0.046509 -0.680542 0.113037 -0.113159 0.039551
1.238647 -0.043579 -0.523804 -0.060425 0.073730 -0.080200
1.105469 -0.041016 -0.489746 -0.103516 0.336426 -0.107910
1.100586 -0.004517 -0.492065 -0.103882 0.424316 -0.076416
1.144409 -0.013550 -0.478027 -0.161377 0.430664 -0.100098
1.176392 -0.028198 -0.440552 -0.229736 0.468994 -0.127930
1.123169 -0.054688 -0.351563 -0.257324 0.563965 -0.141235
1.078003 -0.083862 -0.286987 -0.243042 0.647095 -0.148315
1.081543 -0.079102 -0.255615 -0.211670 0.711060 -0.140625
1.119019 -0.057983 -0.272461 -0.195435 0.750366 -0.151733
1.196899 -0.053101 -0.271362 -0.208252 0.783203 -0.191284
1.256836 -0.044067 -0.273193 -0.226563 0.874023 -0.243286
1.305542 -0.061646 -0.261597 -0.257690 1.060669 -0.267334
1.318848 -0.067139 -0.251343 -0.285645 1.315063 -0.263672
1.309326 -0.049194 -0.255127 -0.299194 1.592163 -0.248535
1.295898 -0.029785 -0.256226 -0.328613 1.844482 -0.255615
1.292114 -0.018311 -0.235962 -0.379395 2.040527 -0.301514
1.287231 -0.029175 -0.195190 -0.447998 2.236450 -0.325806
1.265137 -0.043579 -0.139038 -0.517090 2.476440 -0.324219
1.213989 -0.055542 -0.087158 -0.580322 2.708862 -0.330566
1.146362 -0.088623 -0.038086 -0.640381 2.894531 -0.361694
1.054443 -0.095947 0.030884 -0.663086 2.978760 -0.439087
0.984253 -0.078613 0.054321 -0.683350 2.953369 -0.530396
0.861450 -0.051025 0.089233 -0.710815 2.913330 -0.578491
0.755859 -0.027832 0.141357 -0.732544 2.874146 -0.578369
0.689087 0.015259 0.178345 -0.742432 2.862305 -0.517456
0.609619 0.067139 0.197632 -0.764893 2.885864 -0.431396
0.467407 0.104736 0.236572 -0.809570 2.884766 -0.332520
0.350098 0.110596 0.323120 -0.886230 2.812378 -0.206665
0.307129 0.099731 0.407593 -0.930298 2.693970 -0.071411
0.287720 0.087280 0.477905 -0.929077 2.567627 0.024902
0.307251 0.048340 0.532593 -0.918579 2.417603 0.069702
0.294922 -0.013672 0.619507 -0.918823 2.308472 0.107544
0.188477 -0.137939 0.775757 -0.902466 2.180420 0.117065
0.131226 -0.272095 0.973267 -0.837158 1.868774 0.046875
0.095825 -0.342896 1.119629 -0.704590 1.427856 -0.090088
0.189453 -0.326294 1.140015 -0.534058 0.963135 -0.214478
0.335938 -0.244751 1.064697 -0.380127 0.678711 -0.239136
0.397217 -0.149902 0.969727 -0.295898 0.628784 -0.196777
0.395264 -0.091431 0.932617 -0.282837 0.691284 -0.097900
0.354858 -0.094727 0.951660 -0.307007 0.791138 0.026489
0.288452 -0.157959 1.022949 -0.327637 0.838013 0.120850
0.239746 -0.223877 1.094604 -0.303589 0.778564 0.157349
0.210205 -0.263794 1.149536 -0.241821 0.626831 0.131470
0.187622 -0.290771 1.159790 -0.169556 0.413696 0.046021
0.211182 -0.269531 1.149780 -0.082642 0.171387 -0.041382
0.256592 -0.242065 1.126343 -0.014771 -0.031860 -0.106812
0.290283 -0.194702 1.083740 0.040161 -0.150757 -0.131226
0.298096 -0.138916 1.037842 0.072266 -0.193481 -0.111206
0.311768 -0.100830 0.997070 0.074097 -0.195801 -0.056519
0.359863 -0.080322 0.958862 0.055908 -0.187500 0.008911
0.472900 -0.088623 0.931396 0.030762 -0.147705 0.057495
0.522705 -0.088379 0.921509 0.010254 -0.063843 0.054688
0.519775 -0.084961 0.924927 -0.010254 0.015259 0.024902
0.444336 -0.093628 0.951538 -0.028442 0.066162 -0.015869
0.397827 -0.102905 0.975342 -0.024292 0.064331 -0.043701
0.372192 -0.111450 0.983521 -0.002930 0.037354 -0.054321
0.367920 -0.114502 0.974609 0.021484 0.000488 -0.059082
0.370728 -0.108032 0.953369 0.032715 -0.031128 -0.057861
0.408447 -0.106079 0.929688 0.029785 -0.038940 -0.041016
0.426147 -0.105225 0.920288 0.014038 0.002441 -0.009766
0.397949 -0.107178 0.916626 -0.010010 0.056152 0.015625
0.368774 -0.114990 0.934204 -0.033325 0.077271 0.037842
0.377563 -0.127441 0.949341 -0.044922 0.062988 0.053833
0.395508 -0.141724 0.956909 -0.050171 0.031372 0.041504
0.426025 -0.150513 0.960327 -0.047485 -0.003296 0.012329
0.434082 -0.155151 0.955688 -0.042358 -0.015381 -0.021973
0.427734 -0.153076 0.959229 -0.036011 -0.010498 -0.040527
0.415039 -0.143433 0.949951 -0.032227 0.004761 -0.043945
0.412476 -0.137817 0.957275 -0.033081 0.018311 -0.040039
0.415161 -0.137573 0.953491 -0.036987 0.037720 -0.031128
0.397949 -0.135742 0.958374 -0.039063 0.058838 -0.023315
0.381836 -0.134766 0.967041 -0.041504 0.060547 -0.013916
0.379517 -0.134766 0.972900 -0.039795 0.049683 -0.004517
0.386719 -0.134521 0.968872 -0.036377 0.038696 0.006226
0.392334 -0.132813 0.962036 -0.037354 0.027222 0.013672
0.401001 -0.139893 0.962402 -0.039307 0.013184 0.014893
0.415771 -0.139893 0.963623 -0.041382 0.000977 0.009155
0.424683 -0.131592 0.965576 -0.040039 -0.007935 -0.013062
0.443237 -0.124512 0.963867 -0.038696 -0.017578 -0.043457
0.457397 -0.121094 0.958252 -0.040405 -0.020874 -0.072266
0.440674 -0.115845 0.966553 -0.046509 -0.011841 -0.093872
0.413208 -0.115112 0.973877 -0.051025 0.003174 -0.098877
0.394043 -0.113037 0.978882 -0.047852 0.016846 -0.083496
0.382935 -0.115723 0.977173 -0.037842 0.034302 -0.058228
0.369751 -0.117676 0.974731 -0.029785 0.042236 -0.034302
0.375488 -0.118774 0.967773 -0.024536 0.037598 -0.018311
0.395630 -0.123657 0.958618 -0.023193 0.030151 -0.015381
0.393188 -0.126587 0.956299 -0.025024 0.028564 -0.021851
0.382813 -0.132080 0.960449 -0.026855 0.026611 -0.028809
0.378662 -0.134033 0.965454 -0.031982 0.020508 -0.034546
0.373901 -0.135742 0.971924 -0.032837 0.008789 -0.045044
0.369751 -0.140137 0.979004 -0.029297 -0.009521 -0.055542
0.373291 -0.133545 0.976929 -0.022705 -0.013672 -0.049561
0.369385 -0.132324 0.971069 -0.017822 -0.006714 -0.032227
0.381958 -0.124146 0.969604 -0.015015 0.000366 -0.016724
0.403687 -0.123779 0.969360 -0.014526 0.007080 -0.006592
0.396118 -0.120361 0.968872 -0.015259 0.017578 -0.011719
0.377441 -0.113281 0.959961 -0.014771 0.019043 -0.015869
0.368896 -0.109619 0.962402 -0.019897 0.011963 -0.018799
0.367432 -0.114868 0.972778 -0.024048 0.007080 -0.011963
0.377808 -0.123291 0.975464 -0.025024 0.002075 -0.008667
0.386475 -0.128052 0.977905 -0.025757 -0.003418 -0.016724
0.379639 -0.126953 0.976563 -0.025513 -0.016113 -0.029053
0.382080 -0.127808 0.975342 -0.023926 -0.030029 -0.034546
0.395752 -0.118774 0.972778 -0.020996 -0.031128 -0.031616
0.410278 -0.121338 0.962524 -0.020996 -0.015625 -0.027222
0.395386 -0.120605 0.962158 -0.024902 0.005859 -0.028564
0.387085 -0.121216 0.958252 -0.031860 0.018433 -0.028198
0.385620 -0.123779 0.956787 -0.036621 0.023193 -0.035034
0.381226 -0.125000 0.953979 -0.038208 0.023926 -0.043823
0.373779 -0.129517 0.953613 -0.040405 0.026611 -0.052368
0.365967 -0.124878 0.956177 -0.042847 0.026733 -0.056641
0.367310 -0.122437 0.960205 -0.043701 0.020142 -0.052979
0.366089 -0.118530 0.959839 -0.043823 0.017212 -0.048340
0.373535 -0.114258 0.964478 -0.046997 0.015991 -0.040771
0.378296 -0.124023 0.963867 -0.053101 0.018188 -0.036499
0.368408 -0.128052 0.967163 -0.057251 0.022339 -0.026611
0.364990 -0.130615 0.976074 -0.058838 0.029419 -0.012451
0.369873 -0.132446 0.979126 -0.056030 0.032959 -0.002930
0.365723 -0.131348 0.985962 -0.051270 0.027466 0.002319
0.367432 -0.129761 0.986938 -0.046631 0.018433 0.001709
0.364136 -0.124634 0.984253 -0.040039 0.010132 -0.006348
