0.268799 -0.111084 1.080200 0.233398 -0.379883 -0.113525
0.294800 -0.102417 1.075562 0.246216 -0.387817 -0.087158
0.295410 -0.106689 1.093994 0.266113 -0.395752 -0.078613
0.277832 -0.122559 1.116211 0.293701 -0.437012 -0.088257
0.246338 -0.164551 1.155029 0.340942 -0.520020 -0.119019
0.194946 -0.213257 1.190796 0.422974 -0.659912 -0.175171
0.167480 -0.226196 1.198242 0.539673 -0.851440 -0.237427
0.138672 -0.222656 1.183716 0.677124 -1.041382 -0.274902
0.092041 -0.202637 1.160767 0.816040 -1.230225 -0.284424
0.082642 -0.156250 1.106079 0.948486 -1.419189 -0.251099
0.111206 -0.143188 1.050415 1.065308 -1.573853 -0.182129
0.123779 -0.124023 0.988892 1.166504 -1.731567 -0.120728
0.156860 -0.096680 0.910034 1.259399 -1.910400 -0.067749
0.147461 -0.083130 0.847412 1.339966 -2.096924 -0.039185
0.149048 -0.050171 0.758789 1.417725 -2.323120 -0.021118
0.173706 -0.024170 0.663818 1.492798 -2.534180 0.027832
0.152466 0.001953 0.589844 1.553589 -2.715210 0.109985
0.165527 0.031982 0.470581 1.600830 -2.890381 0.235352
0.196289 0.057007 0.303223 1.613403 -2.991821 0.448364
0.237183 0.052368 0.195679 1.603271 -3.043335 0.688965
0.401123 -0.001099 0.104980 1.608032 -3.119385 0.916260
0.608887 -0.020874 0.024658 1.588501 -3.163208 1.076538
0.817383 -0.037598 -0.072388 1.571411 -3.185425 1.062866
0.994141 0.014648 -0.194946 1.571533 -3.145996 1.009399
1.057983 0.112427 -0.287964 1.529419 -2.983521 0.963501
1.088501 0.230713 -0.404053 1.398071 -2.731445 0.971558
1.122314 0.315308 -0.504517 1.190918 -2.388550 1.098267
1.161743 0.334106 -0.517944 0.954590 -2.036987 1.219482
1.208374 0.197266 -0.469604 0.715576 -1.722656 1.252930
1.262207 0.078735 -0.392456 0.529785 -1.462158 1.218384
1.327148 -0.032593 -0.338867 0.421875 -1.287476 1.108032
1.425049 -0.081787 -0.303589 0.374268 -1.134888 0.940674
1.546875 -0.106812 -0.310669 0.360596 -0.989990 0.724976
1.542480 -0.091187 -0.315796 0.346680 -0.725830 0.563232
1.456543 -0.030640 -0.347778 0.322632 -0.422729 0.448120
1.334473 0.044922 -0.380737 0.249634 -0.204102 0.345825
1.228149 0.037231 -0.354492 0.124756 -0.139648 0.222046
1.191162 -0.031616 -0.294434 0.005737 -0.160889 0.114990
1.200684 -0.047485 -0.253784 -0.057983 -0.156128 0.067139
1.202759 -0.047241 -0.236328 -0.088623 -0.104126 0.052124
1.189453 -0.054077 -0.210571 -0.105957 -0.026978 0.044678
1.168823 -0.072632 -0.178223 -0.111084 0.037964 0.031250
1.165649 -0.077026 -0.165283 -0.098633 0.083862 0.011108
1.175903 -0.048706 -0.178223 -0.078735 0.122803 -0.016602
1.152466 -0.032837 -0.178101 -0.071899 0.164795 -0.055298
1.112427 -0.029541 -0.178711 -0.070435 0.212524 -0.075317
1.107544 -0.013916 -0.173950 -0.071167 0.263306 -0.065186
1.119873 -0.010986 -0.174805 -0.076050 0.293213 -0.078613
1.125366 -0.005371 -0.172241 -0.088745 0.327637 -0.099976
1.127075 0.002686 -0.164063 -0.106689 0.372437 -0.117310
1.118530 0.007568 -0.153076 -0.126343 0.435425 -0.126343
1.114990 0.014038 -0.139648 -0.142334 0.520996 -0.128540
1.106934 0.026978 -0.148926 -0.161133 0.620972 -0.126221
1.134521 0.017944 -0.134888 -0.192261 0.728027 -0.124512
1.162354 0.009277 -0.119629 -0.221802 0.857910 -0.124023
1.151733 0.005981 -0.098511 -0.239380 0.983521 -0.149170
1.165527 -0.005981 -0.072144 -0.278198 1.093018 -0.188721
1.209351 -0.040039 -0.040894 -0.313477 1.214355 -0.208618
1.232910 -0.063354 -0.010986 -0.324341 1.374268 -0.212402
1.249756 -0.074341 0.018799 -0.326660 1.500244 -0.255371
1.261597 -0.059937 0.031006 -0.346191 1.586914 -0.323608
1.226196 -0.048218 0.035889 -0.372803 1.683472 -0.387451
1.186523 -0.005615 0.061890 -0.407349 1.790039 -0.418335
1.136108 0.010132 0.076538 -0.457153 1.955566 -0.399292
1.055054 0.026001 0.105469 -0.515869 2.155396 -0.342407
1.022949 0.037598 0.146484 -0.581665 2.296509 -0.301147
1.066284 0.016968 0.163696 -0.649536 2.401611 -0.299683
1.035767 -0.003906 0.210083 -0.717285 2.514893 -0.361938
0.951172 -0.020874 0.267700 -0.768921 2.599121 -0.474609
0.848999 -0.055298 0.308838 -0.810059 2.614258 -0.575806
0.801025 -0.036743 0.362061 -0.853760 2.579956 -0.600830
0.796631 0.012695 0.389404 -0.896118 2.513428 -0.646240
0.806519 0.037598 0.362061 -0.959473 2.491943 -0.666016
0.761719 0.061401 0.354492 -1.062500 2.587891 -0.606079
0.638794 0.056641 0.369141 -1.164673 2.728638 -0.540405
0.529541 0.035156 0.363525 -1.253418 2.845215 -0.482544
0.392944 0.001953 0.374756 -1.330688 2.896118 -0.477417
0.183350 -0.039673 0.409058 -1.418457 2.841675 -0.524414
-0.082397 -0.082153 0.509521 -1.505737 2.662598 -0.538574
-0.367310 -0.148560 0.723633 -1.544922 2.352295 -0.493286
-0.526123 -0.250488 0.992554 -1.473877 1.922729 -0.383667
-0.479980 -0.362793 1.191406 -1.298828 1.445068 -0.241455
-0.198120 -0.512085 1.265991 -1.046631 1.003418 -0.124146
0.089722 -0.506958 1.221191 -0.752930 0.756836 -0.025024
0.170410 -0.454956 1.137939 -0.514282 0.703979 -0.001953
0.109741 -0.398682 1.119019 -0.367432 0.636719 -0.024780
0.057495 -0.377319 1.151978 -0.278198 0.409424 -0.114502
0.147217 -0.368408 1.178467 -0.195435 0.103271 -0.219360
0.248901 -0.333252 1.192993 -0.109253 -0.100342 -0.292236
0.277466 -0.277100 1.176514 -0.040771 -0.147949 -0.305420
0.281860 -0.220581 1.143677 -0.005127 -0.094482 -0.257813
0.285522 -0.186401 1.110352 -0.006592 -0.011597 -0.182251
0.285156 -0.170532 1.087891 -0.022583 0.057983 -0.111938
0.307251 -0.149658 1.056885 -0.039917 0.115601 -0.055054
0.325317 -0.139893 1.026245 -0.060547 0.181763 -0.014526
0.315308 -0.146484 1.007935 -0.087158 0.231201 -0.000244
0.292969 -0.164307 1.018066 -0.110352 0.242310 -0.015381
0.259888 -0.200684 1.044434 -0.114868 0.207153 -0.059570
0.222656 -0.225098 1.068970 -0.095581 0.147461 -0.097900
0.207153 -0.246948 1.078979 -0.053711 0.079956 -0.123047
0.209106 -0.249146 1.070557 -0.000610 0.003052 -0.142090
0.221680 -0.241333 1.050903 0.047974 -0.054688 -0.146606
0.235229 -0.219360 1.015259 0.081909 -0.084473 -0.135864
0.234375 -0.191650 0.978760 0.096069 -0.081909 -0.104492
0.256348 -0.178467 0.961060 0.090576 -0.066895 -0.061523
0.254517 -0.166016 0.950562 0.073853 -0.038330 -0.019775
0.244019 -0.154175 0.954346 0.051636 -0.021362 0.008545
0.240601 -0.166992 0.963379 0.027100 -0.025635 0.026123
0.267700 -0.183594 0.978516 0.011963 -0.054199 0.019775
0.277100 -0.197632 0.992676 0.008789 -0.098877 -0.013428
0.306885 -0.192627 0.995605 0.017578 -0.131104 -0.039795
0.337891 -0.198608 0.994873 0.024658 -0.127075 -0.064087
0.316895 -0.184937 0.991821 0.032959 -0.104248 -0.078247
0.290649 -0.170410 0.984131 0.036377 -0.095703 -0.076904
0.295776 -0.163452 0.979614 0.032837 -0.085327 -0.053955
0.299316 -0.162842 0.970947 0.024048 -0.061890 -0.026123
0.292725 -0.159302 0.960571 0.010986 -0.036133 -0.002441
0.303345 -0.174072 0.961060 -0.002930 -0.015503 0.014526
0.305054 -0.182129 0.963989 -0.013184 -0.004395 0.013428
0.295166 -0.188721 0.976440 -0.019043 -0.009155 -0.004150
0.288086 -0.181885 0.979248 -0.017822 -0.024048 -0.022705
0.313354 -0.190918 0.980591 -0.014038 -0.035400 -0.033813
0.320068 -0.200562 0.987183 -0.008667 -0.033691 -0.049927
0.288696 -0.194092 0.995850 -0.000122 -0.037720 -0.070801
0.271362 -0.183105 0.997681 0.009277 -0.062012 -0.082642
0.275391 -0.180054 1.006592 0.013062 -0.086792 -0.075806
0.282471 -0.176636 0.994507 0.017822 -0.090332 -0.062744
0.287354 -0.164917 0.983887 0.020020 -0.086548 -0.046509
0.291992 -0.159546 0.972778 0.012939 -0.079102 -0.033447
0.322632 -0.162598 0.962036 -0.000244 -0.065918 -0.026245
0.337158 -0.164429 0.963745 -0.012695 -0.036743 -0.028687
0.307617 -0.161133 0.969238 -0.026367 -0.007446 -0.037354
0.295898 -0.156982 0.979492 -0.035522 0.001465 -0.037109
0.292725 -0.157227 0.984375 -0.040161 0.006226 -0.034668
0.288574 -0.155273 0.987061 -0.042480 0.006714 -0.029297
0.277954 -0.152954 0.985352 -0.044922 0.005981 -0.020996
0.275146 -0.156616 0.989136 -0.045532 0.000977 -0.010254
0.283447 -0.155396 0.984131 -0.046143 -0.004395 0.000488
0.293213 -0.159180 0.975952 -0.049316 -0.008179 0.008545
0.311279 -0.169922 0.970337 -0.055664 -0.010620 0.009766
0.310913 -0.166626 0.966919 -0.061890 -0.003784 0.004272
0.323730 -0.173462 0.974121 -0.070679 0.007324 -0.004028
0.326660 -0.177612 0.974487 -0.076050 0.024170 -0.012695
0.319824 -0.174438 0.979858 -0.079346 0.039551 -0.021729
0.291016 -0.185425 0.995605 -0.080322 0.037842 -0.028809
0.275635 -0.192505 1.004883 -0.072266 0.014893 -0.031738
0.275146 -0.199585 1.008423 -0.060303 -0.018433 -0.035278
0.278076 -0.200684 0.997192 -0.048462 -0.034058 -0.033936
0.275024 -0.194458 0.996094 -0.040283 -0.031494 -0.023926
0.274292 -0.190430 0.997559 -0.036377 -0.027954 -0.009399
