0.319092 -0.177246 0.982910 -0.022705 -0.016968 -0.007080
0.334106 -0.178589 0.984497 -0.023438 -0.012451 -0.006592
0.326660 -0.182617 0.995239 -0.024780 -0.003296 -0.011841
0.310303 -0.182983 1.001343 -0.023926 0.002441 -0.012695
0.310059 -0.185181 1.003784 -0.022217 -0.003662 -0.012085
0.311401 -0.184082 1.004517 -0.016479 -0.007935 -0.009888
0.308960 -0.175415 1.008057 -0.012085 -0.010620 -0.011963
0.296021 -0.169312 1.013794 -0.011719 -0.014648 -0.018188
0.290161 -0.152588 1.018066 -0.011475 -0.020142 -0.018066
0.285034 -0.146484 1.025513 -0.012329 -0.024170 -0.013550
0.269043 -0.152466 1.047607 -0.013062 -0.025757 -0.014526
0.245483 -0.169800 1.072632 -0.006958 -0.044189 -0.030396
0.239502 -0.189331 1.093628 0.008057 -0.069214 -0.045288
0.224731 -0.238281 1.130981 0.026001 -0.072266 -0.048218
0.170898 -0.280029 1.174316 0.056885 -0.085938 -0.056519
0.082642 -0.356934 1.238525 0.105347 -0.167847 -0.085571
0.003540 -0.440186 1.329956 0.209473 -0.364502 -0.155151
-0.052490 -0.455444 1.355225 0.373779 -0.654663 -0.239746
-0.150879 -0.434326 1.349609 0.552368 -0.974731 -0.310059
-0.241699 -0.390625 1.292969 0.755127 -1.328613 -0.328857
-0.302246 -0.361450 1.208984 0.964722 -1.699585 -0.269775
-0.397217 -0.305298 1.085815 1.170654 -2.097900 -0.171021
-0.383911 -0.234253 0.904297 1.352661 -2.508667 -0.005371
-0.341553 -0.201294 0.707764 1.478027 -2.866211 0.228882
-0.276367 -0.203369 0.526611 1.547729 -3.178711 0.492920
-0.113525 -0.208740 0.317383 1.576782 -3.460815 0.730591
0.135864 -0.196899 0.077637 1.573730 -3.740845 0.847656
0.424561 -0.129150 -0.101440 1.520874 -3.967529 0.859375
0.682983 -0.046387 -0.215698 1.405396 -4.000000 0.810791
0.976929 0.022217 -0.283691 1.267334 -3.999023 0.752441
1.141113 0.071899 -0.294800 1.116211 -3.795654 0.628784
1.264160 0.053955 -0.260864 0.954834 -3.487915 0.507568
1.339966 0.044312 -0.239136 0.835571 -3.089722 0.477905
1.350098 0.051758 -0.231812 0.735718 -2.676270 0.483887
1.250488 0.041260 -0.214966 0.636963 -2.276733 0.520142
1.226807 0.021729 -0.228882 0.558716 -2.029175 0.532104
1.274780 0.024780 -0.253296 0.482300 -1.913208 0.474243
1.329590 0.025269 -0.285767 0.398315 -1.777832 0.392700
1.384521 0.044800 -0.317261 0.319580 -1.593872 0.313843
1.407227 0.026611 -0.308472 0.231567 -1.363525 0.239624
1.365112 -0.029297 -0.244751 0.150879 -1.099854 0.174561
1.313843 -0.081421 -0.186279 0.113892 -0.865723 0.128418
1.271240 -0.087646 -0.171509 0.115601 -0.683350 0.103149
1.221436 -0.090698 -0.154663 0.127197 -0.535889 0.092896
1.171997 -0.095215 -0.136475 0.139648 -0.424683 0.089844
1.135132 -0.080078 -0.146484 0.162842 -0.357910 0.080688
1.095825 -0.048950 -0.165039 0.161011 -0.326294 0.067261
1.098145 -0.060913 -0.158813 0.130249 -0.340576 0.045044
1.101685 -0.051758 -0.153564 0.101074 -0.344604 0.017700
1.100708 -0.040405 -0.166382 0.075684 -0.344604 -0.024414
1.110352 -0.027100 -0.176636 0.050903 -0.324829 -0.054810
1.098389 -0.036133 -0.164185 0.019775 -0.273315 -0.065430
1.050781 -0.062500 -0.128784 0.005127 -0.208740 -0.050659
1.035645 -0.052246 -0.135742 0.018188 -0.147583 -0.004028
1.068970 -0.033081 -0.154053 0.038574 -0.085205 0.041016
1.105591 -0.020996 -0.162720 0.054443 -0.011597 0.051392
1.120117 -0.036499 -0.179932 0.053223 0.065308 0.031738
1.111694 -0.025879 -0.182129 0.039795 0.153687 0.016968
1.124634 -0.019043 -0.190186 0.014893 0.220459 -0.000244
1.142944 -0.005005 -0.202271 -0.016968 0.281982 -0.020264
1.164185 -0.010132 -0.202515 -0.054199 0.360352 -0.036255
1.180420 -0.016724 -0.197998 -0.089111 0.461426 -0.042480
1.223145 -0.019531 -0.196777 -0.117432 0.583496 -0.047363
1.241821 -0.013550 -0.200317 -0.143555 0.728760 -0.068115
1.239502 -0.012451 -0.184937 -0.179321 0.879150 -0.100464
1.242676 -0.025513 -0.151001 -0.214844 1.025269 -0.128662
1.243774 -0.047729 -0.119507 -0.239746 1.184326 -0.139404
1.253784 -0.048462 -0.088623 -0.262085 1.355713 -0.152222
1.269531 -0.070190 -0.070801 -0.291504 1.530518 -0.176147
1.257324 -0.070435 -0.040894 -0.318481 1.714600 -0.193604
1.226929 -0.061646 -0.018188 -0.345947 1.881714 -0.207520
1.207031 -0.065918 0.007690 -0.376465 2.028809 -0.209717
1.160156 -0.073486 0.049194 -0.397705 2.140991 -0.240845
1.104248 -0.083862 0.095947 -0.415039 2.198853 -0.292847
1.055420 -0.048828 0.130737 -0.431519 2.244141 -0.322510
1.016724 -0.038818 0.145752 -0.464111 2.299927 -0.343506
0.924683 -0.027344 0.188965 -0.512939 2.370117 -0.340698
0.825317 -0.013550 0.263794 -0.558228 2.396240 -0.328125
0.736450 0.000732 0.324707 -0.588013 2.332886 -0.334106
0.658325 -0.003662 0.388916 -0.621094 2.213135 -0.351807
0.616699 -0.006592 0.434692 -0.643921 2.075806 -0.355591
0.618286 -0.012207 0.472656 -0.651489 1.947266 -0.353271
0.609741 -0.023071 0.490723 -0.660278 1.853760 -0.334473
0.589600 -0.029419 0.519775 -0.683716 1.803955 -0.263672
0.620972 -0.037231 0.546753 -0.718384 1.767334 -0.132324
0.664551 -0.015625 0.554199 -0.752197 1.765259 -0.028076
0.623657 -0.027344 0.576538 -0.816772 1.805176 0.001587
0.511719 -0.012817 0.622803 -0.860229 1.841309 0.041016
0.444336 -0.021851 0.670044 -0.888062 1.892822 0.090454
0.379761 -0.028687 0.705811 -0.889526 1.931396 0.116211
0.311035 -0.041748 0.756836 -0.878052 1.934082 0.124878
0.293335 -0.058960 0.796021 -0.853149 1.906616 0.130981
0.250488 -0.103638 0.832520 -0.825073 1.859497 0.108521
0.218262 -0.154785 0.886230 -0.801514 1.753784 0.075684
0.221680 -0.224487 0.938843 -0.791870 1.603271 0.037964
0.203247 -0.291016 0.988770 -0.759155 1.429321 -0.030029
0.145264 -0.336426 1.054688 -0.695190 1.235107 -0.078247
0.097534 -0.367676 1.111328 -0.600464 1.019775 -0.110596
0.065674 -0.402466 1.167236 -0.485962 0.795776 -0.138306
0.009644 -0.455322 1.235352 -0.364380 0.542725 -0.196655
-0.017334 -0.482788 1.283081 -0.218628 0.225220 -0.279053
0.046143 -0.474487 1.266724 -0.055054 -0.095337 -0.354248
0.145386 -0.398315 1.205566 0.089844 -0.334106 -0.411621
0.215454 -0.371826 1.119019 0.172729 -0.433960 -0.450317
0.291870 -0.289307 1.046509 0.206055 -0.411499 -0.398804
0.331909 -0.236694 1.008179 0.191040 -0.309326 -0.326538
0.339600 -0.192871 0.994751 0.152100 -0.186401 -0.243530
0.321533 -0.162109 1.003662 0.099854 -0.079346 -0.156860
0.318726 -0.153564 1.002930 0.057129 0.000610 -0.069336
0.320679 -0.157593 0.997437 0.032715 0.045898 0.006348
0.346680 -0.167969 0.988037 0.024048 0.061279 0.051392
0.382080 -0.195435 0.981445 0.024170 0.074463 0.060547
0.386719 -0.204468 0.973389 0.033813 0.080078 0.024536
0.379150 -0.212524 0.975708 0.049561 0.052246 -0.054443
0.359619 -0.196289 0.982788 0.074463 0.010376 -0.135498
0.341675 -0.197510 0.969238 0.081543 -0.018066 -0.187988
0.327637 -0.175659 0.956665 0.094849 -0.037964 -0.192383
0.313232 -0.140747 0.941528 0.085815 -0.048706 -0.137085
0.284180 -0.118774 0.921631 0.063477 -0.048584 -0.090942
0.284912 -0.114746 0.921509 0.033813 -0.054443 -0.040405
0.306274 -0.138428 0.927246 0.001343 -0.061401 0.004883
0.337402 -0.165161 0.931519 -0.018433 -0.051758 0.042480
0.370972 -0.191040 0.925903 -0.028687 -0.030640 0.054321
0.385498 -0.213623 0.936523 -0.033813 -0.013306 0.024048
0.375610 -0.219238 0.955566 -0.030884 -0.020142 -0.027832
0.353394 -0.209961 0.978882 -0.020142 -0.031372 -0.063232
0.336304 -0.198364 0.989258 -0.003784 -0.045044 -0.070190
0.347290 -0.200684 0.988281 -0.001221 -0.064941 -0.059814
0.346436 -0.196777 0.980713 -0.000732 -0.076904 -0.045898
0.336792 -0.180908 0.972656 0.000000 -0.086060 -0.029541
0.339478 -0.170166 0.963745 -0.004028 -0.094604 -0.009033
0.356689 -0.183228 0.959961 -0.013672 -0.090820 0.011353
0.383911 -0.196289 0.958740 -0.019165 -0.067505 0.021729
0.383179 -0.199097 0.967773 -0.023682 -0.042480 0.008423
0.370117 -0.196411 0.982544 -0.025513 -0.031738 -0.016357
0.362305 -0.188232 0.991333 -0.023682 -0.037598 -0.041138
0.361572 -0.185791 0.991211 -0.026001 -0.046875 -0.064697
0.354980 -0.198486 0.990723 -0.025757 -0.057861 -0.071777
0.357544 -0.183472 0.986938 -0.008667 -0.078125 -0.051758
0.357300 -0.177246 0.981445 0.003906 -0.092773 -0.040039
0.355713 -0.172363 0.971802 0.010864 -0.097168 -0.027344
0.365967 -0.170288 0.966187 0.011597 -0.098022 -0.021484
0.388428 -0.165161 0.950439 0.011597 -0.092651 -0.019775
0.402466 -0.170410 0.947754 0.008057 -0.076416 -0.027222
0.405762 -0.168823 0.947388 0.003418 -0.053833 -0.036133
0.403687 -0.168457 0.947876 -0.003906 -0.036255 -0.055786
0.398560 -0.173950 0.956299 -0.010376 -0.035034 -0.078369
0.383789 -0.171021 0.964355 -0.012695 -0.035400 -0.091553
0.376099 -0.162109 0.963623 -0.013062 -0.035645 -0.090698
0.375488 -0.167114 0.968018 -0.015503 -0.033447 -0.080078
