0.348999 -0.169312 0.964233 -0.020508 -0.017700 -0.017822
0.343384 -0.172485 0.968628 -0.017944 -0.028320 -0.015137
0.334473 -0.182983 0.978516 -0.015381 -0.041016 -0.014404
0.311401 -0.196655 1.005859 -0.005249 -0.069702 -0.020874
0.292969 -0.208862 1.019409 0.017578 -0.125366 -0.032837
0.281128 -0.224487 1.040771 0.050537 -0.207886 -0.056885
0.271362 -0.219727 1.050903 0.093872 -0.305542 -0.083496
0.229004 -0.193481 1.058472 0.139038 -0.401611 -0.102539
0.181763 -0.175415 1.074585 0.174316 -0.519043 -0.109863
0.139038 -0.159058 1.084595 0.212036 -0.659058 -0.096191
0.119141 -0.146973 1.092163 0.253540 -0.833984 -0.074951
0.140991 -0.140747 1.090820 0.301880 -1.043457 -0.050659
0.161987 -0.156128 1.081299 0.348511 -1.246094 -0.029053
0.152832 -0.164429 1.078003 0.406006 -1.432495 -0.001465
0.095459 -0.174194 1.072632 0.475098 -1.641724 0.040039
0.069214 -0.200928 1.051636 0.559814 -1.893188 0.102295
0.056641 -0.248657 1.015869 0.667358 -2.200806 0.153809
0.063354 -0.300171 0.949585 0.796753 -2.538452 0.205566
0.084229 -0.332031 0.840942 0.947144 -2.864990 0.255615
0.158936 -0.331909 0.708496 1.126587 -3.194702 0.302856
0.280518 -0.305542 0.518799 1.272705 -3.435791 0.376709
0.348755 -0.264771 0.324219 1.355713 -3.577271 0.453491
0.503418 -0.187134 0.138916 1.405029 -3.677856 0.535034
0.760742 -0.111206 -0.072510 1.391357 -3.704956 0.591919
1.035767 -0.011475 -0.244019 1.317627 -3.617432 0.568481
1.191406 0.057373 -0.329834 1.178833 -3.415405 0.480347
1.371826 0.073242 -0.350220 1.004639 -3.154419 0.386597
1.450195 0.059814 -0.324951 0.851318 -2.834595 0.264404
1.385986 0.035156 -0.265747 0.715210 -2.526611 0.138550
1.308228 0.009155 -0.231201 0.621460 -2.285278 0.047607
1.181030 -0.028687 -0.201294 0.573608 -2.024658 0.039673
1.101929 -0.047485 -0.206787 0.542480 -1.781616 0.113281
1.061279 -0.063599 -0.196045 0.489136 -1.571777 0.188110
1.049316 -0.084961 -0.198975 0.443237 -1.381836 0.233032
1.044556 -0.087524 -0.213135 0.406372 -1.216675 0.257324
1.025635 -0.105103 -0.212891 0.368774 -1.070557 0.246704
1.049316 -0.133789 -0.247803 0.356812 -0.959839 0.217285
1.068848 -0.125977 -0.248291 0.369019 -0.855957 0.188843
1.056396 -0.130859 -0.252075 0.378174 -0.785522 0.150757
1.075928 -0.105103 -0.295532 0.400757 -0.743530 0.131592
1.099243 -0.062256 -0.345703 0.384155 -0.681274 0.131104
1.111084 -0.024902 -0.383301 0.326904 -0.603271 0.137939
1.088379 -0.032471 -0.384155 0.232422 -0.540039 0.141357
1.106689 -0.068970 -0.355957 0.128540 -0.500610 0.152344
1.157715 -0.107178 -0.324707 0.056519 -0.475708 0.139648
1.194214 -0.142578 -0.293213 0.009155 -0.417725 0.116577
1.239746 -0.153809 -0.279297 -0.009277 -0.322144 0.080200
1.236206 -0.145142 -0.280640 -0.009277 -0.196411 0.038940
1.186157 -0.140259 -0.277954 -0.007324 -0.072021 0.003296
1.156128 -0.127563 -0.281006 -0.006958 0.020264 -0.014893
1.111816 -0.129761 -0.279541 -0.009766 0.086792 -0.033936
1.079712 -0.115723 -0.279053 -0.009644 0.125122 -0.046509
1.078247 -0.108154 -0.285889 -0.009766 0.141602 -0.062866
1.081299 -0.091797 -0.289429 -0.016724 0.178223 -0.066284
1.076416 -0.080933 -0.282959 -0.029053 0.243408 -0.066406
1.089355 -0.070923 -0.289917 -0.041016 0.330811 -0.061157
1.120605 -0.061890 -0.303833 -0.056763 0.445801 -0.052368
1.164185 -0.048340 -0.323853 -0.080444 0.587036 -0.046631
1.197998 -0.031616 -0.344238 -0.116577 0.753052 -0.051270
1.245728 -0.029907 -0.359619 -0.169678 0.942993 -0.067383
1.307861 -0.058350 -0.347656 -0.226563 1.157471 -0.093506
1.352295 -0.079102 -0.328369 -0.269409 1.403931 -0.120483
1.377441 -0.095459 -0.302979 -0.302002 1.643311 -0.159546
1.345093 -0.131836 -0.253662 -0.336060 1.866577 -0.199219
1.265137 -0.125488 -0.192261 -0.364502 2.072021 -0.203491
1.185425 -0.135132 -0.129272 -0.402222 2.202881 -0.210938
1.145752 -0.136841 -0.072754 -0.427002 2.273315 -0.214233
1.130371 -0.152710 -0.016968 -0.453491 2.288330 -0.250977
1.075073 -0.142334 0.047363 -0.486328 2.297974 -0.302246
1.016846 -0.150146 0.088135 -0.526978 2.293823 -0.354980
0.950073 -0.142578 0.135498 -0.555542 2.275391 -0.415283
0.909180 -0.149780 0.163086 -0.576538 2.227417 -0.467407
0.861816 -0.135620 0.210327 -0.586914 2.244629 -0.448364
0.837402 -0.117676 0.234619 -0.583252 2.303223 -0.388916
0.795532 -0.076782 0.272095 -0.602051 2.372192 -0.332642
0.772705 -0.059814 0.307983 -0.625122 2.382202 -0.335327
0.803589 -0.067383 0.348267 -0.650269 2.357544 -0.367188
0.781860 -0.075562 0.388794 -0.677734 2.365601 -0.409790
0.690918 -0.051758 0.419678 -0.694946 2.354004 -0.470581
0.598267 -0.026123 0.435059 -0.719971 2.314453 -0.494141
0.519409 -0.010132 0.445068 -0.761963 2.285889 -0.453369
0.440430 0.003784 0.459473 -0.818481 2.287720 -0.345093
0.351318 -0.036987 0.498535 -0.908081 2.283691 -0.213989
0.338257 -0.036743 0.573120 -0.979980 2.267334 -0.067139
0.261719 -0.069092 0.629517 -1.015869 2.242432 0.005127
0.188477 -0.116943 0.714355 -1.024292 2.167969 0.049438
0.139648 -0.166504 0.786987 -1.002930 2.046631 0.086182
0.094604 -0.258789 0.890991 -0.946411 1.886475 0.080444
0.046021 -0.348633 1.010620 -0.844116 1.609131 -0.015259
0.015137 -0.399048 1.116211 -0.709106 1.235840 -0.144287
0.029663 -0.394897 1.151123 -0.555054 0.852417 -0.254639
0.081543 -0.358643 1.136475 -0.403198 0.558472 -0.316162
0.155518 -0.277954 1.069702 -0.282837 0.388672 -0.310425
0.255127 -0.217529 0.999268 -0.223267 0.354614 -0.242676
0.297485 -0.174683 0.962036 -0.218872 0.430176 -0.151001
0.289551 -0.148193 0.960938 -0.254395 0.528320 -0.069458
0.271240 -0.155273 0.987061 -0.305786 0.601196 0.005249
0.246338 -0.201050 1.040039 -0.352173 0.635376 0.059692
0.218384 -0.259033 1.096558 -0.368408 0.619507 0.084229
0.194092 -0.304565 1.143066 -0.352661 0.532104 0.065796
0.172363 -0.355225 1.185547 -0.320190 0.395630 -0.007813
0.196777 -0.390869 1.205933 -0.251831 0.222412 -0.093140
0.219238 -0.392944 1.209595 -0.164551 0.081055 -0.157104
0.220337 -0.362427 1.181030 -0.074341 -0.018799 -0.198975
0.230347 -0.330933 1.140869 -0.004517 -0.086304 -0.217163
0.225098 -0.292114 1.107910 0.039185 -0.111572 -0.205688
0.230347 -0.265991 1.066650 0.067383 -0.107788 -0.158813
0.227173 -0.247559 1.037842 0.078247 -0.085449 -0.102417
0.242310 -0.232056 1.011597 0.075439 -0.064087 -0.049316
0.246094 -0.228027 1.001343 0.063843 -0.041748 -0.004883
0.274780 -0.234985 0.984253 0.051758 -0.025757 0.018188
0.319824 -0.245972 0.971558 0.044556 -0.025024 0.006348
0.333008 -0.253784 0.975952 0.040405 -0.040771 -0.035889
0.323486 -0.246460 0.979492 0.045898 -0.059814 -0.083862
0.295776 -0.236450 0.979248 0.054565 -0.072388 -0.110107
0.273193 -0.224609 0.969238 0.062866 -0.083740 -0.110474
0.257446 -0.213989 0.960449 0.065186 -0.096924 -0.093872
0.249023 -0.212402 0.955078 0.058594 -0.111816 -0.067749
0.267944 -0.215698 0.943970 0.046143 -0.120850 -0.038330
0.283447 -0.221436 0.941040 0.031738 -0.109619 -0.001343
0.311646 -0.234253 0.941284 0.021240 -0.077515 0.031250
0.348145 -0.243286 0.931519 0.013794 -0.038818 0.041504
0.358032 -0.245605 0.937134 0.004272 -0.012817 0.020508
0.349121 -0.243164 0.950562 -0.004639 -0.005371 -0.017944
0.322510 -0.233887 0.966309 -0.007324 -0.012573 -0.049927
0.295654 -0.232056 0.972900 -0.004150 -0.024902 -0.057251
0.276001 -0.223389 0.977783 0.000366 -0.038940 -0.044800
0.265381 -0.215576 0.983398 0.006226 -0.057129 -0.022949
0.283447 -0.220581 0.974365 0.007446 -0.072632 0.000366
0.309570 -0.224731 0.968018 0.004150 -0.078003 0.016968
0.348267 -0.235718 0.960571 -0.000488 -0.062134 0.026611
0.350952 -0.233276 0.958374 -0.006470 -0.028931 0.012329
0.338867 -0.229980 0.960938 -0.015991 -0.010742 -0.017944
0.322998 -0.219604 0.969604 -0.020996 -0.007080 -0.046509
0.311523 -0.212769 0.976807 -0.020630 -0.008545 -0.053467
0.308716 -0.210571 0.982422 -0.022705 -0.006348 -0.044556
0.293701 -0.212646 0.988159 -0.024048 0.003052 -0.025146
0.279785 -0.215088 0.991333 -0.024170 0.004761 -0.001831
0.284180 -0.220825 0.988892 -0.019775 -0.006470 0.017944
0.299438 -0.229736 0.989746 -0.014771 -0.023560 0.028198
0.315918 -0.232056 0.979004 -0.010254 -0.037109 0.026733
0.342896 -0.240112 0.978516 -0.010742 -0.043335 0.012329
0.349976 -0.241821 0.979736 -0.010620 -0.037354 -0.011353
0.324097 -0.228516 0.979492 -0.008667 -0.025391 -0.029785
0.317261 -0.219849 0.977661 -0.007324 -0.025146 -0.036621
0.324463 -0.217529 0.979614 -0.006958 -0.025391 -0.035645
0.321411 -0.208862 0.973511 -0.009277 -0.016113 -0.030762
0.306152 -0.206543 0.976807 -0.014893 -0.007446 -0.023438
0.304199 -0.204834 0.973877 -0.017456 -0.004517 -0.011475
0.303589 -0.212402 0.972656 -0.018921 -0.003784 -0.002808
