0.285767 -0.108887 1.014648 -0.026123 -0.010254 -0.021484
0.277832 -0.104858 1.011353 -0.024048 -0.010010 -0.033081
0.268555 -0.102295 1.008545 -0.023438 -0.008667 -0.044800
0.255859 -0.098267 1.004150 -0.025513 -0.002808 -0.047607
0.244019 -0.104492 1.009521 -0.029907 0.000122 -0.043945
0.236206 -0.106567 1.004639 -0.032104 -0.000488 -0.037109
0.235474 -0.105957 1.006714 -0.031860 -0.004639 -0.029175
0.248535 -0.112183 1.008789 -0.030762 -0.011719 -0.020996
0.248779 -0.119751 1.013550 -0.030029 -0.016724 -0.021362
0.232666 -0.118286 1.017334 -0.027344 -0.024536 -0.024658
0.225952 -0.113281 1.020142 -0.022949 -0.040039 -0.019531
0.226196 -0.106567 1.014648 -0.020508 -0.056030 -0.010620
0.232422 -0.104370 1.013184 -0.022095 -0.061401 0.003662
0.220703 -0.111938 1.028442 -0.030884 -0.061035 0.012817
0.197998 -0.111572 1.032837 -0.038818 -0.065674 0.021606
0.178833 -0.134644 1.059570 -0.045654 -0.084351 0.032349
0.125732 -0.178467 1.100342 -0.031250 -0.140991 0.022705
0.057129 -0.235474 1.145508 0.021362 -0.282959 -0.014404
-0.013184 -0.296753 1.189087 0.115845 -0.508179 -0.074707
-0.048462 -0.299927 1.201538 0.258789 -0.795166 -0.140747
0.004639 -0.243774 1.135376 0.411377 -1.093506 -0.170898
0.079346 -0.149780 1.041138 0.515137 -1.286865 -0.147339
0.148560 -0.065674 0.955200 0.545776 -1.350098 -0.065063
0.164795 0.018799 0.876831 0.514648 -1.317871 0.067383
0.137817 0.059204 0.853271 0.432007 -1.256836 0.236328
0.164063 -0.043457 0.876953 0.347778 -1.237305 0.403198
0.064087 -0.104370 0.935181 0.324585 -1.360840 0.495850
0.026367 -0.166748 0.962036 0.327026 -1.622192 0.548462
0.141968 -0.199707 0.917725 0.384888 -1.939331 0.597900
0.339478 -0.229492 0.852295 0.463013 -2.172974 0.612305
0.564941 -0.238770 0.765869 0.555542 -2.310669 0.587646
0.813477 -0.231689 0.685791 0.658691 -2.296631 0.556152
0.881592 -0.203125 0.663452 0.735596 -2.186768 0.468262
0.765503 -0.157227 0.662842 0.795288 -2.125854 0.325684
0.661011 -0.098877 0.612793 0.849243 -2.194214 0.209106
0.633545 -0.031860 0.535522 0.880737 -2.327637 0.166870
0.715332 0.021729 0.410034 0.897583 -2.453735 0.177612
0.864014 0.130859 0.265869 0.863647 -2.444214 0.272827
0.940430 0.172852 0.176270 0.753174 -2.267334 0.392334
1.045898 0.163574 0.123657 0.603882 -1.987671 0.539063
1.072632 0.116577 0.153931 0.440186 -1.654175 0.629883
1.039795 0.004639 0.225952 0.316284 -1.505859 0.524658
1.140869 -0.025513 0.266479 0.274170 -1.520996 0.351807
1.164185 -0.036133 0.253906 0.272827 -1.483032 0.162109
1.146851 -0.024658 0.243896 0.275635 -1.416260 0.017944
1.140137 0.009399 0.193970 0.276123 -1.303955 -0.028320
1.070557 0.026733 0.167114 0.253662 -1.138306 0.004028
1.063721 0.038818 0.133789 0.223022 -1.041870 0.055542
1.081421 0.069824 0.089478 0.213867 -0.972534 0.094238
1.068237 0.052002 0.079346 0.181396 -0.922363 0.090698
0.995605 0.028687 0.098755 0.131592 -0.881348 0.094360
0.988403 0.003662 0.115112 0.099609 -0.906128 0.110229
1.100830 -0.016602 0.118286 0.079102 -0.962402 0.087646
1.200684 -0.027344 0.097046 0.074585 -0.966553 0.019165
1.204712 -0.018066 0.092163 0.076172 -0.878906 -0.037598
1.162476 -0.021606 0.078979 0.079468 -0.747925 -0.054077
1.083130 -0.014648 0.071045 0.082397 -0.616211 -0.033691
1.007568 -0.003052 0.059082 0.078857 -0.552246 -0.013306
0.950439 -0.012573 0.067139 0.068726 -0.574585 -0.011963
0.965576 -0.012451 0.046265 0.063843 -0.645874 -0.009155
1.049927 0.003662 0.024170 0.063232 -0.672363 0.021118
1.125488 0.009766 0.008545 0.056885 -0.587891 0.070068
1.103271 -0.016235 0.003662 0.045288 -0.455200 0.105347
1.106201 -0.022827 0.008667 0.056763 -0.382446 0.113281
1.200073 -0.031128 0.004883 0.073975 -0.363159 0.058594
1.271973 -0.021118 -0.022095 0.086304 -0.298218 -0.015137
1.250488 0.010742 -0.057251 0.084717 -0.175415 -0.070557
1.195923 0.043457 -0.089355 0.055420 -0.074219 -0.117065
1.058838 0.022217 -0.053833 0.002319 -0.031250 -0.157837
0.994751 -0.003418 -0.010864 -0.020508 -0.061035 -0.158936
1.042480 0.002319 0.000366 -0.019653 -0.113281 -0.127075
1.121948 0.012451 0.001099 -0.020630 -0.100952 -0.098755
1.152344 0.012939 -0.007690 -0.025757 -0.002808 -0.078369
1.159912 0.011108 -0.035156 -0.031494 0.129028 -0.067993
1.166870 0.019409 -0.061890 -0.031860 0.252441 -0.062134
1.189331 0.046143 -0.088989 -0.036377 0.390015 -0.044434
1.262695 0.078369 -0.126831 -0.057617 0.564087 -0.011963
1.336426 0.111450 -0.164551 -0.093384 0.805054 0.018188
1.368408 0.130737 -0.202393 -0.174316 1.122437 0.042847
1.316284 0.104614 -0.181885 -0.270142 1.414429 0.037231
1.203247 0.069824 -0.121338 -0.343994 1.642944 0.033936
1.123291 0.060181 -0.003784 -0.385010 1.787231 0.063354
1.141602 -0.010986 0.065796 -0.403687 1.860474 0.049438
1.124268 -0.028564 0.133179 -0.414063 1.932617 0.016846
1.082642 -0.046387 0.176514 -0.421997 1.948242 -0.042236
1.059448 -0.063477 0.229492 -0.436279 1.901489 -0.125488
1.074585 -0.063721 0.290894 -0.436646 1.857788 -0.188354
0.999023 -0.054199 0.325928 -0.443359 1.868652 -0.250000
0.915894 -0.014771 0.343994 -0.454834 1.904663 -0.267822
0.852417 -0.006836 0.383789 -0.479370 1.946289 -0.224243
0.785278 -0.008789 0.440186 -0.500610 2.006836 -0.153931
0.762451 -0.018311 0.477661 -0.488281 2.017456 -0.125488
0.755127 -0.026733 0.512451 -0.473511 2.027222 -0.084839
0.758545 -0.060547 0.559692 -0.459839 2.048218 -0.040771
0.739014 -0.062134 0.592407 -0.420898 2.059937 -0.009155
0.730103 -0.077515 0.625122 -0.391602 2.050049 -0.011353
0.754883 -0.090820 0.652710 -0.381226 2.014038 -0.037964
0.722656 -0.062622 0.645264 -0.374268 1.992432 -0.087769
0.641602 -0.016724 0.635498 -0.391846 1.973389 -0.131958
0.535645 -0.010742 0.639893 -0.441162 1.956177 -0.152832
0.536377 0.042603 0.655151 -0.505737 1.923950 -0.128540
0.519775 0.000122 0.671021 -0.615112 1.931885 -0.145264
0.518433 -0.028442 0.695313 -0.709595 1.949341 -0.155029
0.502075 -0.052734 0.699951 -0.783691 1.978516 -0.165283
0.437134 -0.067627 0.714722 -0.849976 2.036133 -0.170288
0.262329 -0.153076 0.796143 -0.903931 2.039185 -0.203979
0.011963 -0.262695 0.956909 -0.874756 1.840454 -0.282104
-0.142578 -0.357666 1.139526 -0.751587 1.422974 -0.378662
-0.148926 -0.446899 1.242188 -0.562378 0.911865 -0.491943
-0.048340 -0.467163 1.226074 -0.342041 0.504150 -0.514893
0.108032 -0.407715 1.133667 -0.143066 0.310791 -0.436646
0.182373 -0.309814 1.021606 -0.025513 0.312988 -0.356079
0.190552 -0.228882 0.931396 -0.001953 0.362305 -0.317139
0.189453 -0.162109 0.870605 -0.042847 0.403931 -0.283936
0.176514 -0.114868 0.857300 -0.124390 0.448975 -0.242920
0.130737 -0.124023 0.901245 -0.218750 0.482788 -0.207764
0.075195 -0.166748 0.978638 -0.287231 0.465088 -0.182983
0.019775 -0.212524 1.056030 -0.311523 0.379150 -0.166382
0.024902 -0.260376 1.102173 -0.270752 0.259033 -0.150269
0.075195 -0.261719 1.105103 -0.185547 0.150879 -0.128540
0.164795 -0.263062 1.076294 -0.098999 0.083862 -0.108521
0.208862 -0.232300 1.051758 -0.027954 0.068481 -0.096436
0.216309 -0.197510 1.028320 0.015747 0.075073 -0.101196
0.193970 -0.160278 1.017822 0.031006 0.079346 -0.099243
0.180542 -0.144531 1.019653 0.017212 0.095459 -0.065674
0.168091 -0.161621 1.024048 -0.003784 0.110718 -0.028198
0.156860 -0.171143 1.032593 -0.018311 0.092896 -0.011963
0.146118 -0.179565 1.038086 -0.028320 0.043213 -0.023193
0.180542 -0.197754 1.042969 -0.026245 -0.006104 -0.029175
0.214111 -0.212646 1.049316 -0.014404 -0.039185 -0.049683
0.214478 -0.208252 1.043579 0.006470 -0.052124 -0.063477
0.197266 -0.199829 1.047241 0.021973 -0.060059 -0.070923
0.219482 -0.191040 1.040649 0.033447 -0.067383 -0.066772
0.223511 -0.188843 1.034546 0.034180 -0.055298 -0.054443
0.222046 -0.183472 1.028809 0.034424 -0.037476 -0.038818
0.218506 -0.178955 1.024536 0.034790 -0.026123 -0.018799
0.218750 -0.175415 1.023926 0.035278 -0.020874 0.002197
0.215210 -0.168701 1.021851 0.038940 -0.026245 0.017334
0.241089 -0.157959 1.010132 0.043945 -0.048950 0.023560
0.248535 -0.158203 1.007813 0.043457 -0.071655 0.012939
0.237793 -0.155396 1.002563 0.036987 -0.076172 0.006348
0.246582 -0.170654 1.005371 0.029541 -0.094116 -0.010132
0.257080 -0.176636 1.009399 0.035156 -0.104248 -0.024780
0.256104 -0.173096 1.011719 0.037598 -0.098877 -0.036987
0.251953 -0.167969 1.001465 0.037354 -0.094849 -0.046753
0.251343 -0.156860 1.000366 0.035889 -0.092163 -0.048706
0.250854 -0.151733 1.001587 0.030273 -0.082764 -0.040527
0.248657 -0.142456 0.984253 0.022461 -0.060303 -0.015747
0.237549 -0.138428 0.984619 0.011841 -0.035400 0.012695
0.240967 -0.136353 0.980591 0.002930 -0.020874 0.037964
