0.298950 -0.173096 1.005371 -0.040894 -0.026489 -0.001709
0.275513 -0.188599 1.039063 -0.031738 -0.059570 -0.006104
0.260132 -0.198364 1.072510 -0.010132 -0.117432 -0.012329
0.240234 -0.214111 1.101318 0.023926 -0.195190 -0.024414
0.234253 -0.219116 1.124512 0.073608 -0.292480 -0.037842
0.234131 -0.226929 1.153442 0.134888 -0.399292 -0.056396
0.208740 -0.229370 1.174927 0.202881 -0.523438 -0.082153
0.174194 -0.228516 1.194580 0.276367 -0.679688 -0.107178
0.136719 -0.231201 1.201416 0.358154 -0.856201 -0.123779
0.098145 -0.212402 1.200806 0.448364 -1.059937 -0.130127
0.047241 -0.195557 1.168457 0.543945 -1.290894 -0.120239
-0.012939 -0.169189 1.138306 0.647949 -1.540894 -0.084961
-0.055786 -0.176514 1.074707 0.758179 -1.825073 -0.024170
-0.059692 -0.192261 1.009155 0.878174 -2.131714 0.062500
-0.048950 -0.219849 0.913330 0.998535 -2.453979 0.131226
0.024780 -0.251709 0.808472 1.135498 -2.782959 0.184448
0.095947 -0.263306 0.686401 1.273804 -3.113647 0.178101
0.177246 -0.232300 0.545044 1.384644 -3.445923 0.127075
0.289673 -0.196289 0.386719 1.462036 -3.728638 0.059448
0.366821 -0.137939 0.255615 1.535278 -3.903320 0.021362
0.453247 -0.088745 0.150635 1.558594 -3.978638 0.070679
0.540283 -0.051514 0.011353 1.552490 -3.952148 0.210693
0.694092 -0.015137 -0.165039 1.527588 -3.816772 0.419312
0.881714 0.063965 -0.353271 1.467163 -3.577026 0.645752
1.173706 0.162964 -0.566162 1.337402 -3.268799 0.828125
1.386597 0.242065 -0.681763 1.110840 -2.919556 0.855835
1.544312 0.202026 -0.646851 0.796021 -2.560669 0.781982
1.572388 0.083618 -0.507935 0.539795 -2.238647 0.611450
1.467407 -0.018799 -0.347412 0.388916 -1.950806 0.431152
1.384521 -0.064819 -0.286377 0.356812 -1.748291 0.302490
1.295776 -0.072388 -0.286865 0.371094 -1.523071 0.253540
1.192017 -0.078491 -0.294922 0.375366 -1.288086 0.281128
1.104126 -0.109497 -0.278931 0.371582 -1.082031 0.345825
1.037964 -0.124756 -0.270996 0.380127 -0.919067 0.405762
1.006348 -0.109619 -0.279297 0.379761 -0.836670 0.401733
1.005981 -0.105957 -0.281128 0.363525 -0.839111 0.322754
1.077393 -0.118774 -0.282471 0.343506 -0.853271 0.205688
1.192261 -0.083130 -0.351563 0.322876 -0.838379 0.068970
1.230225 -0.069336 -0.392090 0.265259 -0.741821 -0.080444
1.158325 -0.100830 -0.358643 0.180176 -0.629028 -0.187744
1.052490 -0.145142 -0.306152 0.130493 -0.522095 -0.231201
0.956299 -0.142944 -0.268677 0.131348 -0.434082 -0.204712
0.908691 -0.135742 -0.270020 0.138062 -0.387817 -0.143677
0.904053 -0.129883 -0.270020 0.135620 -0.378418 -0.081665
0.932251 -0.122192 -0.282715 0.135132 -0.380615 -0.017700
0.965332 -0.089966 -0.329956 0.139160 -0.349487 0.041870
0.977051 -0.067261 -0.368408 0.125122 -0.284180 0.098633
0.985474 -0.065430 -0.392090 0.090820 -0.220337 0.148193
0.994385 -0.069092 -0.405396 0.059082 -0.151978 0.192749
1.045776 -0.060791 -0.415405 0.031738 -0.078613 0.231079
1.115723 -0.058594 -0.428955 0.007080 0.015381 0.233398
1.166504 -0.056763 -0.433105 -0.019165 0.109253 0.195190
1.193726 -0.067993 -0.414063 -0.051147 0.194214 0.132446
1.217163 -0.080933 -0.401123 -0.088135 0.288574 0.071655
1.219727 -0.084839 -0.391479 -0.125366 0.394165 0.004761
1.215332 -0.075073 -0.378418 -0.150146 0.482910 -0.077271
1.200684 -0.081543 -0.371460 -0.168701 0.549072 -0.173462
1.206299 -0.075073 -0.370728 -0.173462 0.626831 -0.233032
1.236084 -0.053955 -0.383911 -0.182495 0.742920 -0.251587
1.286499 -0.034546 -0.401367 -0.201294 0.923706 -0.246582
1.359619 -0.034058 -0.412476 -0.232666 1.148193 -0.247681
1.371216 -0.031006 -0.406860 -0.281738 1.412598 -0.264160
1.301270 -0.046143 -0.370972 -0.335449 1.651001 -0.299927
1.229004 -0.072876 -0.292480 -0.387451 1.797607 -0.337036
1.173462 -0.091797 -0.220215 -0.417358 1.869995 -0.365234
1.177368 -0.076904 -0.187500 -0.421997 1.900635 -0.388916
1.244751 -0.066895 -0.159546 -0.441650 1.946289 -0.424316
1.313843 -0.098267 -0.162109 -0.479614 2.056396 -0.477661
1.250732 -0.082397 -0.124878 -0.516113 2.267944 -0.495117
1.141968 -0.070190 -0.104126 -0.564087 2.499512 -0.473022
1.061646 -0.080811 -0.059814 -0.624756 2.682129 -0.422852
0.937012 -0.085571 -0.000854 -0.690308 2.822510 -0.394043
0.834961 -0.080322 0.051636 -0.755615 2.840088 -0.400269
0.712524 -0.089600 0.113892 -0.821045 2.777344 -0.426880
0.593872 -0.095703 0.218140 -0.874878 2.671753 -0.433716
0.520752 -0.079956 0.308472 -0.872192 2.526978 -0.407349
0.517944 -0.039429 0.369019 -0.838135 2.379150 -0.351318
0.544312 -0.005127 0.396729 -0.791260 2.301025 -0.294678
0.547485 -0.009399 0.409546 -0.768433 2.265869 -0.271362
0.547363 -0.006226 0.436523 -0.782227 2.232910 -0.237671
0.620850 0.001953 0.430786 -0.805298 2.202271 -0.192139
0.607788 0.014526 0.410156 -0.863525 2.267944 -0.144165
0.530640 0.029297 0.413330 -0.955688 2.355347 -0.127808
0.459717 0.012695 0.427002 -1.065430 2.401978 -0.129272
0.329224 -0.025757 0.487793 -1.169922 2.399048 -0.153687
0.152344 -0.057251 0.614014 -1.226440 2.279419 -0.162964
0.064087 -0.101563 0.742065 -1.243164 2.054565 -0.128052
0.020142 -0.174194 0.878540 -1.212158 1.780396 -0.109863
0.033447 -0.246826 0.983398 -1.119629 1.442871 -0.129517
0.103760 -0.297241 1.033691 -0.989990 1.142822 -0.138062
0.180908 -0.292480 1.027710 -0.844116 0.961182 -0.124756
0.205200 -0.260376 0.996460 -0.708984 0.879517 -0.116089
0.128296 -0.261353 1.013184 -0.609985 0.803589 -0.131470
0.034546 -0.311890 1.106689 -0.524658 0.602661 -0.185059
0.043457 -0.358032 1.196655 -0.409546 0.278076 -0.259155
0.119629 -0.386230 1.233154 -0.275146 -0.018799 -0.319580
0.232056 -0.365967 1.210449 -0.137817 -0.199951 -0.330566
0.336182 -0.316895 1.163330 -0.048462 -0.232788 -0.276245
0.438354 -0.294556 1.138428 -0.039063 -0.144653 -0.194214
0.456055 -0.279663 1.143066 -0.067139 0.013306 -0.128052
0.411987 -0.272339 1.174561 -0.102783 0.149658 -0.090454
0.374634 -0.286377 1.217651 -0.124878 0.229370 -0.066650
0.349121 -0.307129 1.245728 -0.116821 0.242676 -0.065674
0.357788 -0.328613 1.248657 -0.077637 0.205200 -0.091309
0.349609 -0.322754 1.230469 -0.020264 0.168701 -0.133545
0.280396 -0.331055 1.192505 0.044067 0.136353 -0.174194
0.247803 -0.297241 1.142578 0.120850 0.082031 -0.161865
0.255493 -0.268555 1.079590 0.183472 0.027222 -0.149414
0.274658 -0.225952 0.993286 0.224243 -0.006592 -0.133789
0.274048 -0.171631 0.928833 0.229736 -0.020874 -0.119873
0.265869 -0.134277 0.889771 0.200806 -0.025757 -0.093018
0.290283 -0.120239 0.873169 0.153076 -0.035400 -0.062378
0.324829 -0.127930 0.869019 0.100830 -0.045532 -0.040649
0.338135 -0.144775 0.876953 0.060303 -0.047119 -0.028442
0.340088 -0.159180 0.897095 0.032349 -0.044800 -0.020264
0.366943 -0.167480 0.910400 0.019409 -0.048462 -0.022095
0.408203 -0.185181 0.914185 0.016235 -0.039063 -0.036255
0.375244 -0.181274 0.928955 0.014526 -0.008789 -0.056519
0.312256 -0.170532 0.954712 0.009644 -0.001343 -0.071655
0.293213 -0.178223 0.968262 0.012329 -0.024902 -0.065430
0.299316 -0.188843 0.976440 0.026001 -0.060181 -0.053833
0.312988 -0.167236 0.958862 0.040405 -0.091675 -0.037109
0.341309 -0.156860 0.944580 0.040039 -0.101440 -0.013672
0.355469 -0.150269 0.931519 0.025391 -0.089600 0.008545
0.362183 -0.159424 0.928101 0.003296 -0.067139 0.028076
0.385986 -0.175537 0.937134 -0.015503 -0.044800 0.042725
0.406128 -0.192749 0.943359 -0.027100 -0.026245 0.035400
0.400146 -0.196411 0.958130 -0.031982 -0.017700 0.004883
0.369141 -0.197998 0.978516 -0.031006 -0.013794 -0.026001
0.359741 -0.204712 0.986450 -0.023438 -0.023193 -0.038818
0.359741 -0.208008 0.987793 -0.014404 -0.032715 -0.044067
0.348267 -0.206787 0.986816 -0.007324 -0.037354 -0.038696
0.359619 -0.202026 0.976929 0.000244 -0.041260 -0.026611
0.366455 -0.191284 0.965088 0.006958 -0.032715 -0.015625
0.352173 -0.179932 0.960693 0.004639 -0.021729 -0.005371
0.364380 -0.181030 0.968140 -0.005615 -0.019531 0.003906
0.372437 -0.184937 0.966431 -0.015503 -0.014282 0.003052
0.371460 -0.185425 0.968994 -0.019165 -0.008667 -0.003662
0.365112 -0.181274 0.976563 -0.020630 -0.004150 -0.009766
0.372070 -0.185547 0.974365 -0.022339 -0.009888 -0.017822
0.382324 -0.186890 0.977661 -0.020386 -0.020874 -0.033203
0.383179 -0.177979 0.982544 -0.016235 -0.028687 -0.044434
0.380493 -0.172241 0.978638 -0.011597 -0.020996 -0.045532
0.363037 -0.168823 0.978882 -0.006836 -0.006592 -0.039307
0.349609 -0.170166 0.973389 -0.004395 -0.000244 -0.028320
0.339233 -0.164063 0.969482 -0.002319 -0.001465 -0.015381
0.342773 -0.166138 0.958374 -0.001465 -0.009155 -0.007202
0.348755 -0.168213 0.949829 -0.002563 -0.012573 0.000610
0.362061 -0.175537 0.945801 -0.008179 -0.012817 0.000610
0.367065 -0.177856 0.949219 -0.015015 -0.011108 -0.009033
