0.184326 -0.140259 1.012207 -0.038330 0.012207 -0.031372
0.170532 -0.138184 1.016357 -0.041138 0.012451 -0.032593
0.165039 -0.142456 1.016724 -0.043457 0.009766 -0.028809
0.162109 -0.150513 1.027710 -0.043701 0.004272 -0.022583
0.163086 -0.155151 1.033081 -0.041016 -0.004639 -0.017334
0.176758 -0.163208 1.030884 -0.038696 -0.015747 -0.012085
0.187622 -0.162354 1.034546 -0.032593 -0.018921 -0.010620
0.186035 -0.165161 1.041138 -0.027100 -0.016357 -0.013184
0.179932 -0.168457 1.043701 -0.022095 -0.020142 -0.020020
0.168579 -0.166016 1.046631 -0.014893 -0.031250 -0.030884
0.159180 -0.153809 1.048828 -0.008911 -0.042358 -0.038330
0.141113 -0.136108 1.054932 -0.005737 -0.050537 -0.045044
0.114258 -0.119873 1.061157 -0.006104 -0.056519 -0.047729
0.061768 -0.140991 1.099854 -0.011597 -0.069824 -0.056519
-0.062134 -0.198120 1.161621 -0.006348 -0.142334 -0.098389
-0.245605 -0.287231 1.235474 0.035522 -0.338501 -0.175781
-0.421997 -0.359619 1.310303 0.123413 -0.685547 -0.275024
-0.538086 -0.384277 1.309204 0.246094 -1.158691 -0.358032
-0.501587 -0.384033 1.254883 0.392944 -1.625854 -0.349365
-0.413818 -0.354858 1.165894 0.535767 -1.981079 -0.239990
-0.256714 -0.328003 1.055664 0.660156 -2.204712 -0.069214
-0.148193 -0.303345 0.965332 0.748535 -2.314941 0.104980
-0.101196 -0.351318 0.941528 0.815430 -2.418579 0.248047
-0.102295 -0.390503 0.907959 0.923584 -2.666504 0.295898
-0.088867 -0.340332 0.835327 1.065186 -3.028076 0.317749
-0.017822 -0.298096 0.700439 1.195801 -3.357544 0.366699
-0.039307 -0.271606 0.536987 1.297241 -3.603271 0.473755
0.035034 -0.210327 0.280273 1.362183 -3.754517 0.714355
0.186523 -0.152344 -0.008179 1.382324 -3.888306 0.914429
0.540039 -0.083496 -0.296875 1.315308 -4.000000 0.999634
1.053467 0.028198 -0.519043 1.190063 -4.000000 0.969727
1.542236 0.025635 -0.469116 0.967896 -4.000000 0.711792
1.848022 -0.036865 -0.313110 0.777466 -3.698364 0.338013
1.789673 0.026245 -0.230103 0.723389 -3.069580 0.104614
1.604370 0.171387 -0.325562 0.720215 -2.363892 0.086792
1.495483 0.279663 -0.406372 0.639282 -1.691406 0.241333
1.364868 0.267822 -0.391968 0.488281 -1.106934 0.405884
1.168213 0.188477 -0.294189 0.341431 -0.716675 0.528687
1.030396 0.127930 -0.227539 0.236450 -0.630127 0.572144
1.145996 0.058594 -0.224609 0.136597 -0.759277 0.543945
1.534546 -0.040039 -0.165161 0.043579 -0.824219 0.431274
1.633179 -0.089111 -0.112671 -0.010620 -0.661255 0.201416
1.441895 -0.085815 -0.061279 -0.043823 -0.393921 -0.009766
1.218140 -0.067993 -0.036377 -0.069702 -0.201416 -0.115356
1.217896 -0.063232 -0.022583 -0.081787 -0.158936 -0.155396
1.204224 -0.087280 0.051147 -0.097656 -0.116699 -0.170410
1.166382 -0.113525 0.119507 -0.091187 -0.041870 -0.143555
1.149902 -0.097412 0.130127 -0.061035 0.053589 -0.080322
1.200684 -0.084595 0.109497 -0.045044 0.152832 -0.033813
1.192749 -0.074097 0.102173 -0.044922 0.260254 -0.035767
1.146484 -0.032593 0.091431 -0.047241 0.389282 -0.021362
1.090576 -0.024292 0.069824 -0.054810 0.512329 0.005371
1.120117 0.010132 0.043579 -0.055420 0.614868 0.059082
1.191772 0.049316 0.015381 -0.069580 0.710571 0.073486
1.206909 0.031006 0.003906 -0.105103 0.827759 0.008301
1.220581 -0.030029 0.028198 -0.150146 0.912109 -0.070801
1.293701 -0.054688 0.080811 -0.171753 1.002441 -0.113525
1.307007 -0.048706 0.087646 -0.179810 1.150391 -0.187012
1.244873 -0.025146 0.078247 -0.196167 1.328979 -0.265381
1.171509 -0.013916 0.088013 -0.240356 1.495361 -0.315674
1.164063 -0.015747 0.099854 -0.286133 1.697388 -0.280396
1.229614 -0.035034 0.112915 -0.324829 1.985107 -0.204346
1.267090 -0.044678 0.108398 -0.356201 2.319336 -0.163696
1.228760 -0.063354 0.109375 -0.386719 2.645386 -0.189941
1.251587 -0.082275 0.116089 -0.435425 2.923584 -0.223267
1.161865 -0.030518 0.090942 -0.501099 3.172729 -0.287354
1.101929 -0.007446 0.059570 -0.591187 3.391602 -0.375366
0.994385 0.009521 0.052979 -0.712769 3.613647 -0.478271
0.718140 0.052368 0.042725 -0.880981 3.782959 -0.532715
0.384644 0.052490 0.123413 -1.091553 3.801392 -0.546753
0.171997 0.052979 0.239746 -1.228516 3.716309 -0.505249
-0.097290 0.041382 0.398560 -1.342041 3.576660 -0.425171
-0.285889 -0.016479 0.608276 -1.384644 3.323364 -0.297485
-0.261841 -0.093384 0.752563 -1.341553 3.035645 -0.127808
-0.195068 -0.161499 0.816772 -1.258911 2.782227 0.003906
-0.179077 -0.252441 0.876587 -1.174194 2.550659 0.044189
-0.196655 -0.352173 0.941040 -1.080688 2.252075 0.010620
-0.350708 -0.489502 1.114380 -0.967773 1.846436 -0.116821
-0.495117 -0.580078 1.286133 -0.775757 1.287476 -0.275635
-0.500488 -0.657471 1.402954 -0.537842 0.696411 -0.392578
-0.345337 -0.666504 1.404785 -0.256470 0.188965 -0.444946
-0.143799 -0.571899 1.280273 -0.000488 -0.096802 -0.403076
0.031128 -0.434082 1.132568 0.130249 -0.147095 -0.321045
0.137817 -0.326660 1.025757 0.139648 0.018799 -0.201660
0.093506 -0.244629 0.984131 0.070801 0.262573 -0.094727
0.030273 -0.208862 0.999268 -0.026001 0.416260 -0.019775
0.036499 -0.222900 1.036133 -0.111694 0.447144 0.017090
0.055786 -0.245850 1.071777 -0.164063 0.419312 0.011230
-0.004761 -0.271851 1.118774 -0.173584 0.360107 -0.031616
-0.076538 -0.318970 1.176636 -0.144043 0.255493 -0.065796
-0.093628 -0.347900 1.201660 -0.069458 0.108765 -0.090088
-0.058838 -0.352661 1.176147 0.035400 -0.047729 -0.109985
0.002075 -0.306885 1.123169 0.137329 -0.171753 -0.122803
0.068237 -0.221436 1.039673 0.198120 -0.222046 -0.125244
0.084961 -0.156128 0.978271 0.192139 -0.186035 -0.092041
0.076172 -0.123291 0.956177 0.137817 -0.120728 -0.033813
0.079834 -0.131104 0.960938 0.070190 -0.058350 0.034668
0.090454 -0.160767 0.970825 0.016846 -0.013794 0.089233
0.104370 -0.184692 0.979980 -0.014771 -0.021484 0.100220
0.110352 -0.200806 0.979492 -0.031616 -0.065308 0.081787
0.116577 -0.218872 0.987427 -0.041992 -0.109741 0.056519
0.117676 -0.242432 0.994385 -0.042725 -0.131104 0.043579
0.096436 -0.239258 1.004883 -0.034912 -0.141602 0.037720
0.122559 -0.241699 1.012817 -0.028198 -0.166138 0.042236
0.187256 -0.237305 0.991089 -0.012451 -0.153442 0.057861
0.203491 -0.234619 0.986694 -0.013184 -0.096436 0.056519
0.217163 -0.244019 0.990967 -0.020996 -0.044556 0.045288
0.214844 -0.264771 1.006104 -0.028442 -0.010254 0.017944
0.234863 -0.272095 1.017944 -0.019287 0.008179 -0.017944
0.188843 -0.256714 1.020386 -0.007813 0.037964 -0.066895
0.120972 -0.233032 1.029541 0.000488 0.042236 -0.098267
0.077515 -0.225220 1.035156 0.006836 0.016724 -0.096436
0.060547 -0.229248 1.043335 0.015503 -0.014648 -0.070923
0.056152 -0.228271 1.041504 0.025146 -0.048706 -0.036987
0.058228 -0.230713 1.025024 0.031006 -0.086792 -0.003662
0.094604 -0.235352 1.010864 0.032104 -0.115601 0.036865
0.156860 -0.244873 0.992554 0.026611 -0.111694 0.064575
0.201538 -0.248047 0.984131 0.014160 -0.074829 0.055786
0.192383 -0.226563 0.985718 -0.001343 -0.027588 0.024170
0.166626 -0.215088 1.006470 -0.020142 0.006958 -0.006470
0.149902 -0.215698 1.026611 -0.029297 0.022949 -0.018433
0.143555 -0.219604 1.032715 -0.028809 0.021973 -0.021484
0.126343 -0.217896 1.038208 -0.019897 0.004639 -0.026611
0.137451 -0.221558 1.027222 -0.004517 -0.022461 -0.029053
0.145508 -0.216675 1.018188 0.010498 -0.038086 -0.028687
0.136353 -0.210449 1.006104 0.015015 -0.037354 -0.029541
0.143799 -0.209473 0.997803 0.014160 -0.037720 -0.026855
0.136353 -0.212036 1.004395 0.010376 -0.031860 -0.029419
0.124146 -0.207397 1.005981 0.008301 -0.033813 -0.030640
0.121216 -0.207764 1.006836 0.007324 -0.035156 -0.018921
0.119995 -0.204834 0.997559 0.007568 -0.035645 -0.004272
0.113159 -0.200073 0.992432 -0.000488 -0.036621 0.002563
0.106934 -0.197144 0.988403 -0.012817 -0.039063 0.009766
0.107178 -0.206787 0.989014 -0.027954 -0.048218 0.012207
0.137573 -0.221191 0.999146 -0.040527 -0.061646 0.012085
0.149170 -0.229736 1.014648 -0.049561 -0.057617 0.002319
0.163452 -0.241333 1.024658 -0.056274 -0.052124 -0.013306
0.186646 -0.250244 1.034302 -0.057861 -0.039063 -0.029907
0.155884 -0.238525 1.044434 -0.055054 -0.012817 -0.043213
0.116821 -0.230469 1.050537 -0.049438 -0.005127 -0.044556
0.102295 -0.233887 1.045898 -0.038330 -0.017700 -0.024902
0.107544 -0.231079 1.040771 -0.024170 -0.029053 0.004028
0.121582 -0.232544 1.024292 -0.011108 -0.034302 0.021606
0.128296 -0.228027 1.014526 -0.000366 -0.042603 0.026245
0.142822 -0.221069 1.003418 0.008545 -0.053833 0.021729
0.159546 -0.220215 0.991699 0.010620 -0.063477 0.012207
0.166016 -0.213501 0.984985 0.002808 -0.057129 0.002441
0.174683 -0.212036 0.981567 -0.007690 -0.039185 -0.004272
0.186768 -0.213013 0.986938 -0.016235 -0.020752 -0.014038
0.179077 -0.207520 0.983765 -0.024658 -0.003906 -0.024170
