0.250244 -0.212646 0.991089 -0.018799 -0.008179 -0.026611
0.245483 -0.210083 0.992188 -0.019287 -0.018311 -0.029175
0.249268 -0.208862 0.985474 -0.018921 -0.027222 -0.029541
0.257935 -0.209351 0.982178 -0.019897 -0.029053 -0.026611
0.252441 -0.212769 0.983765 -0.023560 -0.024780 -0.025269
0.248413 -0.215576 0.979248 -0.028076 -0.020386 -0.020630
0.263672 -0.234497 0.992676 -0.030762 -0.015869 -0.015137
0.276855 -0.240234 0.984253 -0.029297 0.004883 -0.008667
0.256348 -0.244141 0.995605 -0.033691 0.041504 -0.005249
0.225342 -0.259888 1.018188 -0.038452 0.068604 -0.001831
0.164551 -0.290405 1.053467 -0.035522 0.071167 -0.007935
0.058228 -0.333862 1.120605 -0.017334 0.002563 -0.047241
-0.012817 -0.387573 1.187256 0.036255 -0.166138 -0.105591
-0.039551 -0.427979 1.243408 0.127808 -0.387817 -0.166260
-0.034912 -0.417358 1.266479 0.249023 -0.616699 -0.211792
-0.031372 -0.389404 1.229248 0.370850 -0.825317 -0.236816
-0.068604 -0.364014 1.212891 0.473633 -1.017944 -0.244263
-0.106079 -0.319458 1.188354 0.566406 -1.279663 -0.259155
-0.110962 -0.274658 1.136597 0.652222 -1.591919 -0.255737
-0.105957 -0.247803 1.090332 0.745239 -1.906494 -0.223511
-0.103882 -0.287109 1.025635 0.862061 -2.229370 -0.192505
-0.127686 -0.297485 0.985107 0.997803 -2.536743 -0.112915
-0.113647 -0.308228 0.894043 1.145142 -2.881836 -0.046997
-0.074951 -0.315308 0.783081 1.324585 -3.242188 -0.013062
-0.068604 -0.319214 0.622803 1.523804 -3.630981 -0.014648
-0.130249 -0.268921 0.450562 1.717041 -4.000000 -0.012085
-0.118408 -0.191528 0.180786 1.865234 -4.000000 0.060913
0.037842 -0.126221 -0.143799 1.962402 -4.000000 0.126099
0.270142 0.014282 -0.462158 1.984131 -4.000000 0.178223
0.593628 0.168091 -0.756836 1.902710 -4.000000 0.305786
0.920288 0.293701 -0.889771 1.701294 -4.000000 0.508423
1.196045 0.294434 -0.874023 1.410278 -4.000000 0.701050
1.398193 0.187378 -0.793091 1.112915 -3.762329 0.852539
1.531616 0.072021 -0.668091 0.876221 -3.103516 0.975830
1.629395 -0.064819 -0.532959 0.709106 -2.475098 0.977295
1.670044 -0.147461 -0.424683 0.621704 -1.935303 0.869385
1.644897 -0.129272 -0.430298 0.596680 -1.492310 0.684570
1.611694 -0.036621 -0.526978 0.573730 -1.176880 0.444214
1.637573 0.030151 -0.600708 0.485718 -0.975342 0.189209
1.624390 0.027100 -0.614624 0.369629 -0.746216 -0.036377
1.530640 0.018677 -0.603271 0.261841 -0.429810 -0.161499
1.395020 0.028564 -0.587402 0.156006 -0.087769 -0.177856
1.260620 0.041504 -0.559082 0.048462 0.185303 -0.143311
1.153076 0.037842 -0.493774 -0.059937 0.336304 -0.111206
1.064453 0.019775 -0.421509 -0.132690 0.391479 -0.100220
1.031616 0.005249 -0.364014 -0.178589 0.407349 -0.070923
1.046631 -0.001587 -0.316895 -0.204712 0.428467 -0.032959
1.093384 -0.016357 -0.281250 -0.212769 0.485107 -0.000854
1.212646 -0.026367 -0.252686 -0.213989 0.585205 0.012085
1.329834 -0.034668 -0.259888 -0.215210 0.778442 0.001221
1.380981 -0.021973 -0.249634 -0.229248 1.044189 -0.032959
1.436890 -0.038330 -0.239868 -0.264771 1.298096 -0.119385
1.408691 -0.047241 -0.220581 -0.300537 1.587402 -0.217896
1.364624 -0.044189 -0.207520 -0.327026 1.856567 -0.285034
1.296021 -0.034790 -0.187500 -0.369263 2.091064 -0.319092
1.267822 -0.015137 -0.143066 -0.417847 2.256226 -0.336792
1.339355 -0.039551 -0.112915 -0.458740 2.399292 -0.354370
1.403809 -0.049194 -0.089844 -0.501099 2.622803 -0.378418
1.341064 -0.071777 -0.086914 -0.566284 2.875000 -0.451172
1.195801 -0.045776 -0.066040 -0.653442 3.046509 -0.506958
1.091431 -0.040039 -0.031128 -0.727905 3.144165 -0.560059
0.984619 -0.007690 -0.020508 -0.801514 3.242920 -0.605103
0.842041 -0.002075 -0.038086 -0.920410 3.380371 -0.610229
0.685303 0.024414 -0.037231 -1.042236 3.514282 -0.581543
0.549438 0.065918 -0.061157 -1.137817 3.625732 -0.529419
0.482788 0.071899 -0.053101 -1.255493 3.782593 -0.459351
0.347412 0.031128 -0.039795 -1.360718 3.893555 -0.487793
0.068848 0.036133 0.036987 -1.494385 3.875610 -0.525513
-0.255005 0.049316 0.229492 -1.651855 3.670898 -0.486572
-0.482178 0.015015 0.478149 -1.762939 3.248047 -0.352051
-0.559570 -0.060669 0.754028 -1.774292 2.712524 -0.131836
-0.413574 -0.205444 0.967285 -1.646362 2.224121 0.087280
-0.120605 -0.380981 1.072021 -1.426880 1.911133 0.262573
0.034912 -0.525269 1.151001 -1.193359 1.693359 0.264160
-0.007935 -0.587402 1.229614 -0.951050 1.371094 0.082031
-0.098389 -0.626221 1.330688 -0.720825 0.908936 -0.153564
-0.116943 -0.626221 1.393677 -0.478027 0.370850 -0.363159
-0.067383 -0.573975 1.382690 -0.229858 -0.078003 -0.469727
0.024536 -0.475830 1.306519 -0.032104 -0.324707 -0.445190
0.134155 -0.347168 1.190430 0.072510 -0.351318 -0.314941
0.184570 -0.257446 1.114502 0.065674 -0.209839 -0.129883
0.204102 -0.231934 1.093140 -0.014038 -0.024658 0.047974
0.211182 -0.267944 1.117920 -0.099487 0.130371 0.174072
0.228271 -0.313232 1.146851 -0.140869 0.209351 0.225830
0.239380 -0.335327 1.155273 -0.133545 0.205933 0.196045
0.249634 -0.337646 1.154541 -0.096069 0.132080 0.112183
0.225586 -0.353271 1.178711 -0.048950 0.027100 0.004639
0.209839 -0.343262 1.173218 0.020142 -0.090088 -0.087646
0.203491 -0.304810 1.142090 0.100220 -0.181641 -0.147827
0.224365 -0.242065 1.073364 0.169189 -0.242554 -0.170776
0.263550 -0.180786 0.995728 0.207520 -0.244263 -0.146118
0.285156 -0.130127 0.927612 0.204834 -0.175171 -0.091064
0.280273 -0.101074 0.881104 0.157593 -0.079346 -0.026245
0.287964 -0.114380 0.866943 0.088257 -0.001343 0.031494
0.286621 -0.145142 0.889160 0.031738 0.045044 0.054932
0.268921 -0.179810 0.926025 -0.007446 0.052612 0.050537
0.260010 -0.224976 0.963501 -0.018677 0.019897 0.026001
0.274048 -0.246582 0.987061 -0.001465 -0.034546 -0.011108
0.287231 -0.253906 0.998047 0.023438 -0.086426 -0.056152
0.290283 -0.247681 0.997070 0.047485 -0.138672 -0.094482
0.304199 -0.220703 0.978394 0.066528 -0.171021 -0.110352
0.314697 -0.193970 0.952637 0.069336 -0.163330 -0.094482
0.318481 -0.171021 0.926392 0.049805 -0.115479 -0.052002
0.324951 -0.164307 0.916260 0.015259 -0.044678 0.003906
0.314331 -0.171265 0.929932 -0.025391 0.025879 0.053345
0.330322 -0.204956 0.948853 -0.053711 0.061890 0.070679
0.337646 -0.227295 0.968750 -0.061890 0.057983 0.051636
0.341064 -0.239746 0.991821 -0.056396 0.026123 0.005493
0.337646 -0.239868 0.993530 -0.038574 0.001587 -0.036621
0.316772 -0.225830 0.982910 -0.021484 -0.008667 -0.066528
0.308472 -0.204224 0.969360 -0.014893 -0.014038 -0.072998
0.303345 -0.194214 0.963745 -0.023071 -0.010620 -0.063354
0.292236 -0.191284 0.965210 -0.039917 0.008667 -0.038086
0.281738 -0.199219 0.974487 -0.056519 0.029297 -0.006836
0.282959 -0.214844 0.985962 -0.067139 0.039551 0.018433
0.293091 -0.226440 0.992676 -0.067383 0.048218 0.031738
0.291504 -0.228760 1.002686 -0.062012 0.050903 0.028687
0.273315 -0.239380 1.010132 -0.049194 0.040771 0.016235
0.283447 -0.243164 1.016357 -0.029907 0.005127 -0.010254
0.305054 -0.235596 1.004395 -0.007813 -0.042603 -0.046143
0.302979 -0.226196 0.999268 0.006714 -0.064453 -0.076782
0.290527 -0.216309 0.996094 0.010986 -0.068970 -0.090454
0.288330 -0.210205 0.991089 0.008545 -0.065186 -0.083252
0.284912 -0.200439 0.993286 0.006226 -0.055298 -0.066040
0.285767 -0.197754 0.982056 0.000732 -0.036987 -0.046021
0.275635 -0.192871 0.978394 -0.008667 -0.015137 -0.031738
0.272949 -0.198853 0.974243 -0.017334 -0.008301 -0.024170
0.263794 -0.197876 0.978149 -0.024780 -0.010010 -0.020996
0.265869 -0.198975 0.988037 -0.028442 -0.015503 -0.019653
0.290771 -0.203613 0.990601 -0.029297 -0.021973 -0.020630
0.299927 -0.204712 0.990234 -0.029785 -0.016479 -0.022583
0.283081 -0.201660 0.988892 -0.032593 -0.004150 -0.018921
0.278564 -0.207031 0.992920 -0.034912 0.000732 -0.009766
0.277222 -0.213623 0.983154 -0.037476 0.002197 0.001953
0.276855 -0.213745 0.984497 -0.040894 -0.000610 0.011841
0.285400 -0.222778 0.984253 -0.044312 -0.007202 0.019897
0.290039 -0.230713 0.985474 -0.044556 -0.007690 0.021973
0.275513 -0.232422 0.989624 -0.044312 0.003784 0.020996
0.276733 -0.240479 0.994385 -0.045288 0.011353 0.027954
0.293823 -0.255737 0.999756 -0.043335 0.014404 0.026611
0.299438 -0.260132 1.006714 -0.034668 0.015259 0.009888
0.287964 -0.254639 1.008423 -0.019653 0.008057 -0.011841
0.267334 -0.239136 1.006836 -0.003418 -0.014648 -0.027710
0.266968 -0.226074 0.999268 0.012573 -0.052734 -0.037720
0.283203 -0.222046 0.992310 0.025879 -0.086792 -0.042969
0.287720 -0.213257 0.984619 0.037109 -0.094482 -0.038696
0.291260 -0.200195 0.976196 0.042236 -0.094971 -0.032959
0.292603 -0.186279 0.980835 0.044312 -0.098267 -0.028442
0.306396 -0.177124 0.973511 0.043579 -0.103760 -0.023071
0.325195 -0.170532 0.961060 0.037720 -0.098633 -0.014160
