0.120117 -0.147705 0.996216 -0.031738 -0.011963 -0.010742
0.122437 -0.152832 1.007690 -0.043457 -0.003052 -0.016968
0.100830 -0.155884 1.035278 -0.050903 -0.003174 -0.026001
0.091797 -0.169922 1.058228 -0.046509 -0.012573 -0.027100
0.101929 -0.176514 1.064453 -0.033325 -0.042236 -0.030762
0.103027 -0.171753 1.062378 -0.015869 -0.066162 -0.033813
0.091187 -0.174805 1.067871 0.003784 -0.079834 -0.039429
0.055542 -0.177124 1.080444 0.015503 -0.108276 -0.042114
0.028931 -0.173462 1.093018 0.026733 -0.158325 -0.038818
0.005859 -0.184448 1.097412 0.042725 -0.194214 -0.009277
-0.054321 -0.201172 1.105713 0.069092 -0.257324 0.008179
-0.105957 -0.240112 1.123169 0.099976 -0.400757 0.012085
-0.187134 -0.285889 1.159302 0.144897 -0.617554 -0.005615
-0.308105 -0.314209 1.172974 0.236572 -0.929932 -0.060669
-0.382446 -0.329468 1.173584 0.341064 -1.290283 -0.073120
-0.282715 -0.365234 1.155884 0.455444 -1.606201 -0.011597
-0.150757 -0.388306 1.128662 0.562256 -1.811401 0.053833
-0.133057 -0.318970 1.099976 0.637939 -1.969482 0.099731
-0.138062 -0.323853 1.079590 0.711426 -2.164673 0.088501
-0.068970 -0.323853 1.054932 0.820801 -2.409790 0.103638
-0.063843 -0.347900 1.050049 0.953247 -2.646362 0.144775
-0.117798 -0.359497 1.012451 1.120117 -2.889282 0.203369
-0.103760 -0.335327 0.895142 1.337646 -3.177856 0.274780
0.001709 -0.301880 0.660034 1.550293 -3.481323 0.353638
0.378906 -0.211914 0.371216 1.723633 -3.710083 0.455933
0.601318 -0.072998 0.147461 1.785156 -3.743042 0.473511
0.770874 0.084717 -0.011475 1.683838 -3.620483 0.544312
1.105835 0.208008 -0.123779 1.478638 -3.372314 0.616089
1.335815 0.221436 -0.164185 1.219360 -3.008057 0.559937
1.475830 0.227661 -0.080566 0.987671 -2.641479 0.415161
1.386963 0.178711 0.013184 0.824707 -2.270752 0.235596
1.238647 0.218384 0.032471 0.744873 -1.924438 0.190430
1.182983 0.277222 -0.046021 0.673096 -1.645386 0.226196
1.177368 0.306763 -0.113403 0.578247 -1.362061 0.299683
1.089722 0.286255 -0.091553 0.457275 -1.086182 0.370117
0.978394 0.262329 -0.087891 0.335938 -0.897705 0.465088
0.975952 0.230591 -0.117676 0.203003 -0.815918 0.569214
1.301636 0.089966 -0.061646 0.059570 -0.779175 0.599243
1.562988 -0.035522 0.023804 -0.032715 -0.645508 0.440063
1.536865 -0.069336 0.105957 -0.060059 -0.443848 0.178833
1.395264 -0.008667 0.092163 -0.067505 -0.247437 -0.035278
1.209717 0.059692 0.097046 -0.087646 -0.113525 -0.151855
1.067871 0.027710 0.182373 -0.112183 -0.042847 -0.184570
0.983032 0.012695 0.220337 -0.087402 0.010620 -0.150879
0.979126 0.011475 0.227539 -0.053345 0.059082 -0.061279
1.031372 0.005371 0.228760 -0.036743 0.055542 -0.014282
1.092529 0.022705 0.211548 -0.033203 0.067139 -0.006836
1.086670 0.053711 0.181763 -0.030884 0.125854 -0.032715
1.095703 0.082764 0.153076 -0.043579 0.200562 -0.058228
1.119019 0.088379 0.147949 -0.083374 0.261841 -0.100342
1.161377 0.068726 0.166748 -0.123047 0.297974 -0.169800
1.183228 0.071533 0.191772 -0.149780 0.370972 -0.216431
1.185547 0.106323 0.171753 -0.174438 0.480835 -0.223389
1.241943 0.113281 0.151245 -0.208984 0.616211 -0.204590
1.237793 0.108154 0.174927 -0.246826 0.797729 -0.182739
1.159058 0.118408 0.195435 -0.277466 0.991333 -0.156128
1.191650 0.124634 0.191162 -0.309326 1.162354 -0.101563
1.285889 0.109131 0.171753 -0.341187 1.369751 -0.069702
1.316772 0.099976 0.156006 -0.372314 1.657715 -0.086670
1.304688 0.096069 0.156860 -0.401611 1.957397 -0.163208
1.264282 0.077026 0.151245 -0.446777 2.223511 -0.279297
1.249146 0.039185 0.115845 -0.518555 2.457886 -0.354614
1.189209 0.058594 0.116455 -0.630005 2.716675 -0.347290
1.037964 0.071655 0.137695 -0.751465 2.968994 -0.342285
0.932617 0.055542 0.119141 -0.890381 3.212036 -0.307251
0.781494 0.094360 0.152222 -1.049927 3.489014 -0.202026
0.335449 0.148804 0.302979 -1.155884 3.647461 -0.175171
0.093262 0.119995 0.422974 -1.166504 3.610352 -0.135986
0.016113 0.052368 0.554810 -1.145508 3.494751 -0.059448
-0.057983 -0.003418 0.680176 -1.088379 3.228149 -0.094116
-0.039551 -0.089844 0.748291 -1.074341 2.855225 -0.103760
-0.029663 -0.102539 0.802856 -1.051758 2.489380 -0.117554
-0.172974 -0.112915 0.908081 -1.011597 2.120972 -0.183716
-0.302979 -0.172485 1.052124 -0.956909 1.754517 -0.226440
-0.198730 -0.355957 1.153687 -0.846313 1.357056 -0.302002
-0.159912 -0.433228 1.212769 -0.684204 1.006714 -0.343018
-0.143188 -0.440308 1.237671 -0.517456 0.706421 -0.360718
-0.100586 -0.428955 1.241333 -0.363281 0.454590 -0.330322
-0.057007 -0.371094 1.237549 -0.239990 0.294556 -0.255249
-0.059814 -0.312378 1.201538 -0.156982 0.194946 -0.190308
0.022583 -0.275757 1.155396 -0.117676 0.125366 -0.121338
0.135376 -0.259521 1.131592 -0.110718 0.122925 -0.081543
0.199219 -0.227539 1.110229 -0.114380 0.188843 -0.061523
0.130127 -0.239258 1.116577 -0.139038 0.262939 -0.103027
0.103027 -0.244141 1.140503 -0.129761 0.223022 -0.151245
0.135010 -0.276489 1.156006 -0.082520 0.137451 -0.196533
0.087769 -0.229248 1.149414 -0.006958 0.072754 -0.214966
0.057495 -0.173096 1.122681 0.059448 0.018799 -0.203857
0.077637 -0.146240 1.084351 0.097656 -0.015747 -0.168213
0.069458 -0.129028 1.046997 0.110107 -0.028809 -0.126343
0.071045 -0.106079 1.013306 0.109253 -0.034790 -0.072266
0.032837 -0.088135 0.982788 0.089233 -0.024658 -0.015625
0.083130 -0.108765 0.966919 0.057861 -0.036743 0.034058
0.185547 -0.156860 0.970337 0.026733 -0.056030 0.027954
0.225952 -0.165283 0.990723 0.021973 -0.059448 -0.026611
0.177734 -0.148926 1.014771 0.029175 -0.050293 -0.078613
0.131226 -0.134399 1.021851 0.040161 -0.057373 -0.098755
0.125732 -0.136841 1.015381 0.046631 -0.093628 -0.094116
0.164795 -0.129028 0.995728 0.050293 -0.132080 -0.073608
0.205933 -0.113647 0.968140 0.042603 -0.117310 -0.037476
0.211670 -0.100586 0.936890 0.011841 -0.060303 0.000000
0.200073 -0.116943 0.955566 -0.038940 -0.005737 0.021484
0.207275 -0.147827 0.983521 -0.078491 0.041138 0.034180
0.178833 -0.173950 1.026123 -0.095215 0.072510 0.019531
0.156372 -0.185913 1.056274 -0.083496 0.056030 -0.012817
0.152832 -0.194702 1.076294 -0.056641 0.007690 -0.045532
0.160522 -0.182129 1.067261 -0.020752 -0.038696 -0.060181
0.161011 -0.170898 1.051025 0.009888 -0.057129 -0.047852
0.175537 -0.156860 1.024170 0.023804 -0.060059 -0.023682
0.194092 -0.146484 1.014404 0.026123 -0.056396 -0.005737
0.184326 -0.136108 1.011475 0.017822 -0.044556 0.005615
0.207886 -0.143921 1.014282 0.005615 -0.038086 0.014404
0.214966 -0.154785 1.017944 0.000122 -0.039185 -0.006592
0.174561 -0.145752 1.030029 0.005005 -0.058105 -0.045776
0.161621 -0.135986 1.023315 0.015747 -0.085693 -0.066406
0.176880 -0.128052 1.007568 0.018799 -0.101440 -0.065674
0.165161 -0.114380 0.996704 0.008423 -0.101807 -0.062134
0.123169 -0.089233 0.985596 -0.015991 -0.109009 -0.052979
0.106934 -0.086060 0.977661 -0.057129 -0.139648 -0.034302
0.160156 -0.117188 0.984131 -0.110107 -0.164063 -0.005615
0.291870 -0.181885 1.009521 -0.145996 -0.148682 0.010864
0.335571 -0.216431 1.027222 -0.143555 -0.072754 -0.013428
0.259155 -0.222290 1.050537 -0.112671 -0.014404 -0.069702
0.197998 -0.173218 1.042847 -0.061890 -0.025513 -0.100952
0.161377 -0.144897 1.030029 -0.037720 -0.054932 -0.111572
0.172241 -0.135620 1.020630 -0.028931 -0.072388 -0.092773
0.194458 -0.136108 1.012817 -0.031250 -0.072021 -0.069580
0.202271 -0.138184 1.011353 -0.036499 -0.066528 -0.050049
0.228638 -0.149780 1.009155 -0.042236 -0.064087 -0.039917
0.231445 -0.154175 1.013672 -0.046021 -0.046997 -0.035522
0.203003 -0.158447 1.018677 -0.049683 -0.017212 -0.029785
0.194458 -0.164551 1.023438 -0.048096 0.004761 -0.014771
0.196289 -0.167114 1.030029 -0.041626 0.018677 -0.003540
0.179077 -0.165771 1.031982 -0.034180 0.023682 -0.006592
0.160522 -0.161987 1.029297 -0.020142 0.009888 -0.006958
0.177734 -0.157349 1.018921 -0.005981 -0.014526 -0.000122
0.208618 -0.147461 1.006714 0.000977 -0.031006 0.000610
0.218384 -0.130859 0.987915 0.002808 -0.033325 0.004028
0.226929 -0.121826 0.980469 -0.010010 -0.032593 -0.001099
0.236084 -0.120728 0.979980 -0.027466 -0.037842 -0.014526
0.224731 -0.130127 0.994995 -0.045776 -0.030029 -0.023926
0.210693 -0.142456 1.011841 -0.059570 -0.016724 -0.028442
0.207397 -0.157104 1.026001 -0.062622 -0.006104 -0.026367
0.209839 -0.165527 1.033813 -0.057617 -0.001831 -0.020630
0.208618 -0.173584 1.037109 -0.049072 0.011841 -0.011597
0.198120 -0.173340 1.036133 -0.037476 0.012207 -0.011719
0.203491 -0.169678 1.032104 -0.026367 -0.001709 -0.008911
0.226929 -0.175171 1.021973 -0.017700 -0.005737 -0.003662
0.218506 -0.167725 1.014404 -0.013062 0.000610 -0.007568
0.199829 -0.161499 1.010498 -0.010986 0.001587 -0.016602
