0.332520 -0.127808 0.996704 -0.034302 -0.008179 -0.018921
0.332031 -0.132446 1.000244 -0.034302 -0.010010 -0.024292
0.336670 -0.133057 0.997192 -0.031738 -0.010254 -0.028687
0.333496 -0.132202 1.002197 -0.030518 -0.011719 -0.035400
0.334229 -0.130493 1.007813 -0.028809 -0.019531 -0.043701
0.333984 -0.135254 1.009644 -0.024902 -0.023682 -0.049805
0.308716 -0.142212 1.026733 -0.019653 -0.031128 -0.060547
0.259888 -0.156616 1.055664 -0.009766 -0.079712 -0.088013
0.236572 -0.163208 1.075806 0.014160 -0.182983 -0.128296
0.242920 -0.147705 1.092163 0.049927 -0.296143 -0.157593
0.239746 -0.130737 1.091309 0.086060 -0.373535 -0.168945
0.215942 -0.131836 1.099976 0.117920 -0.423218 -0.158813
0.143677 -0.156860 1.127686 0.149902 -0.501831 -0.159180
0.074829 -0.175049 1.163452 0.194946 -0.681396 -0.194214
0.049316 -0.190430 1.167847 0.260986 -0.929688 -0.239014
0.036255 -0.188721 1.152588 0.346313 -1.189087 -0.263062
-0.004761 -0.183838 1.130859 0.436157 -1.448853 -0.266113
-0.034058 -0.187500 1.093750 0.528320 -1.743652 -0.247559
-0.115967 -0.214111 1.067261 0.622559 -2.099243 -0.243286
-0.200562 -0.245117 1.020142 0.748169 -2.565674 -0.248779
-0.240356 -0.263916 0.919067 0.917236 -3.106689 -0.231934
-0.201660 -0.285889 0.749390 1.145508 -3.584839 -0.127686
-0.200195 -0.290405 0.545288 1.364868 -3.948975 0.052490
-0.156982 -0.288818 0.286621 1.538208 -4.000000 0.258423
-0.085815 -0.264526 0.035645 1.717529 -4.000000 0.472412
0.027710 -0.232910 -0.199341 1.841309 -4.000000 0.593628
0.290771 -0.146973 -0.487671 1.899536 -4.000000 0.611572
0.684448 0.019409 -0.777222 1.897827 -4.000000 0.541016
1.028442 0.094116 -0.869995 1.746704 -4.000000 0.422485
1.490845 0.091309 -0.909058 1.530518 -4.000000 0.419678
1.910156 0.006470 -0.898193 1.336426 -4.000000 0.561035
1.987061 -0.056641 -0.799805 1.197388 -2.640137 0.737061
1.843018 -0.060791 -0.745850 1.080322 -1.365234 0.822388
1.575928 -0.032227 -0.699951 0.945679 -0.609131 0.735840
1.371582 0.057251 -0.700684 0.764404 -0.414429 0.530762
1.333008 0.107056 -0.692261 0.532227 -0.523315 0.291016
1.375977 0.032593 -0.619385 0.301025 -0.604492 0.128296
1.380371 -0.062378 -0.509888 0.140015 -0.490234 0.077637
1.280762 -0.075317 -0.448975 0.074951 -0.228882 0.083740
1.118652 -0.043945 -0.428223 0.058594 0.000488 0.101563
1.021851 0.002319 -0.430908 0.032349 0.093384 0.122681
1.030640 -0.002197 -0.407104 -0.022339 0.077271 0.136841
1.129883 -0.043579 -0.388428 -0.072876 0.041504 0.137939
1.211304 -0.061523 -0.374756 -0.097412 0.083130 0.134766
1.263916 -0.067139 -0.361694 -0.101074 0.202026 0.108276
1.223389 -0.060791 -0.347778 -0.098633 0.352905 0.064819
1.131714 -0.065308 -0.305542 -0.107422 0.442993 0.008179
1.079712 -0.060791 -0.282837 -0.125977 0.451172 -0.046997
1.093506 -0.051636 -0.270386 -0.146484 0.423950 -0.099854
1.079956 -0.061401 -0.237671 -0.162109 0.434082 -0.129639
1.004883 -0.087036 -0.174438 -0.158569 0.463501 -0.130249
0.973877 -0.082886 -0.141724 -0.137329 0.441284 -0.123169
1.048828 -0.075928 -0.147827 -0.113525 0.405273 -0.113403
1.117676 -0.064575 -0.159180 -0.103149 0.444336 -0.102295
1.128174 -0.061401 -0.166992 -0.107422 0.558105 -0.095093
1.120117 -0.053345 -0.173462 -0.114136 0.672729 -0.083984
1.143921 -0.060669 -0.168701 -0.123169 0.790649 -0.074463
1.204590 -0.082275 -0.170776 -0.134521 0.932251 -0.070679
1.241699 -0.075684 -0.176636 -0.150757 1.125366 -0.080811
1.214844 -0.067505 -0.178833 -0.172852 1.309937 -0.129883
1.191284 -0.063354 -0.149536 -0.208862 1.422729 -0.195068
1.284424 -0.079468 -0.148438 -0.244995 1.518066 -0.237305
1.356567 -0.086670 -0.135742 -0.275635 1.693115 -0.283203
1.360107 -0.077026 -0.121338 -0.315308 1.878418 -0.376587
1.324097 -0.026978 -0.115234 -0.372803 2.010132 -0.482666
1.342163 -0.011108 -0.133911 -0.464844 2.178345 -0.530029
1.303467 -0.009399 -0.100830 -0.566650 2.459351 -0.516968
1.283325 -0.038696 -0.085571 -0.655762 2.731812 -0.528687
1.154907 -0.064941 -0.059326 -0.727295 2.969604 -0.592285
1.124878 -0.052612 -0.068726 -0.800171 3.155640 -0.622925
1.036255 -0.042358 -0.076416 -0.882324 3.344360 -0.651611
0.882080 -0.045044 -0.084106 -0.986694 3.463379 -0.702393
0.661377 -0.002930 -0.061768 -1.121216 3.542480 -0.715820
0.388550 0.007813 -0.005005 -1.298706 3.608765 -0.679077
0.199463 0.047241 0.006470 -1.471191 3.647217 -0.533325
-0.012451 0.075073 0.075684 -1.617432 3.716187 -0.316528
-0.320801 0.089600 0.262207 -1.680664 3.689209 -0.151001
-0.565552 0.000244 0.532471 -1.649780 3.426514 -0.014160
-0.629639 -0.151367 0.855591 -1.532349 2.937012 0.126099
-0.562622 -0.366699 1.145020 -1.363403 2.228516 0.132080
-0.298706 -0.521606 1.308716 -1.105835 1.436768 0.060059
0.004517 -0.540527 1.321777 -0.791870 0.827881 -0.037842
0.179443 -0.453735 1.229126 -0.514648 0.501465 -0.116577
0.216309 -0.334473 1.156982 -0.361938 0.401245 -0.113281
0.197754 -0.278442 1.148682 -0.308228 0.381226 -0.067627
0.251221 -0.265503 1.157227 -0.294067 0.380981 0.023926
0.299683 -0.267090 1.183105 -0.297241 0.410522 0.116333
0.331421 -0.286133 1.213623 -0.298218 0.460571 0.196777
0.325317 -0.318115 1.256226 -0.281372 0.502441 0.219849
0.258301 -0.374268 1.293823 -0.244873 0.477051 0.156738
0.220093 -0.379150 1.297119 -0.165405 0.366455 0.081909
0.203125 -0.353271 1.255493 -0.071899 0.220581 -0.018433
0.199951 -0.323608 1.210449 0.009521 0.067261 -0.123657
0.196167 -0.275513 1.151245 0.076660 -0.039795 -0.182739
0.195679 -0.237671 1.090820 0.120239 -0.089111 -0.187256
0.214355 -0.203003 1.033691 0.142090 -0.097778 -0.150635
0.225586 -0.176270 0.980835 0.142456 -0.066162 -0.088623
0.223022 -0.164063 0.952515 0.124146 -0.001343 -0.013306
0.211060 -0.156982 0.941162 0.098511 0.051758 0.050293
0.211548 -0.155029 0.925293 0.073975 0.057861 0.083740
0.231567 -0.165039 0.925903 0.052979 0.019409 0.073120
0.250000 -0.184570 0.935669 0.036865 -0.042725 0.016846
0.255371 -0.195557 0.954956 0.035278 -0.107178 -0.050171
0.240479 -0.196777 0.969360 0.046265 -0.160034 -0.102661
0.262451 -0.184570 0.969238 0.063232 -0.208130 -0.127197
0.310181 -0.159546 0.939697 0.072266 -0.213989 -0.107788
0.341797 -0.150513 0.911499 0.060425 -0.151001 -0.056885
0.341553 -0.149536 0.906372 0.027466 -0.053101 0.000854
0.326294 -0.172607 0.925293 -0.009399 0.037598 0.046631
0.311768 -0.202271 0.955811 -0.032104 0.091919 0.067749
0.291870 -0.216553 0.979980 -0.037476 0.096191 0.057983
0.266846 -0.219604 0.993652 -0.030396 0.055786 0.026855
0.261841 -0.207397 0.990601 -0.019165 -0.000366 -0.002319
0.277710 -0.194214 0.978271 -0.011719 -0.043579 -0.017944
0.297852 -0.180298 0.959473 -0.012451 -0.055054 -0.016113
0.326904 -0.165649 0.941528 -0.025635 -0.038818 -0.002563
0.348267 -0.158936 0.937500 -0.049438 0.010010 0.023193
0.373413 -0.161987 0.935669 -0.082642 0.085205 0.050781
0.375244 -0.179810 0.942383 -0.111206 0.174927 0.081421
0.350342 -0.203491 0.968018 -0.130249 0.245972 0.101807
0.301392 -0.231934 1.017456 -0.134277 0.255493 0.074463
0.246216 -0.263550 1.059448 -0.117188 0.188232 0.014526
0.186768 -0.282104 1.092041 -0.080200 0.058594 -0.064575
0.174561 -0.285278 1.101929 -0.024780 -0.098633 -0.128906
0.186035 -0.266235 1.082520 0.033447 -0.225708 -0.165161
0.230835 -0.227783 1.029663 0.075317 -0.293335 -0.165039
0.293213 -0.184204 0.969727 0.083862 -0.278809 -0.127319
0.324707 -0.159912 0.945068 0.054932 -0.191772 -0.076660
0.335693 -0.165405 0.957031 0.014404 -0.082886 -0.022339
0.318604 -0.170898 0.979492 -0.015503 0.010376 0.020386
0.299316 -0.180664 0.986572 -0.030762 0.055664 0.037964
0.301025 -0.190552 0.989380 -0.037720 0.053955 0.033081
0.318604 -0.201172 0.983276 -0.038086 0.040283 0.009888
0.306274 -0.194702 0.982666 -0.033203 0.035278 -0.016479
0.280273 -0.192383 0.984985 -0.030273 0.032959 -0.027710
0.264038 -0.185791 0.996094 -0.027466 0.027710 -0.023438
0.275269 -0.191772 0.984253 -0.024048 0.021729 -0.008057
0.276733 -0.183472 0.978027 -0.024170 0.027100 0.008179
0.271729 -0.177979 0.974365 -0.032715 0.034546 0.026978
0.286621 -0.195435 0.978638 -0.041992 0.041748 0.041626
0.290283 -0.213013 0.995605 -0.049194 0.041382 0.038086
0.276489 -0.226074 1.000732 -0.047974 0.025024 0.023071
0.277832 -0.237671 1.013062 -0.039917 -0.008667 -0.005127
0.274048 -0.233643 1.015381 -0.027100 -0.042847 -0.038696
0.269531 -0.223877 1.010132 -0.012207 -0.064209 -0.056030
0.271729 -0.214966 1.002197 -0.000122 -0.076904 -0.062744
0.263794 -0.205566 0.990845 0.005249 -0.077148 -0.058350
0.267456 -0.198242 0.987183 0.004639 -0.072021 -0.043579
0.285156 -0.193970 0.980225 0.003662 -0.070923 -0.025879
0.294556 -0.192749 0.970947 -0.000488 -0.057617 -0.016846
