0.101074 -0.262085 1.019897 -0.027588 -0.024902 -0.013672
0.119385 -0.257446 1.016357 -0.023193 -0.028809 -0.019775
0.116577 -0.255981 1.018677 -0.021484 -0.022827 -0.027344
0.102539 -0.258667 1.024170 -0.020142 -0.023560 -0.034058
0.093140 -0.271362 1.042358 -0.013794 -0.033325 -0.040894
0.070679 -0.273682 1.041382 0.002197 -0.058472 -0.052246
0.065552 -0.269165 1.044678 0.023438 -0.097534 -0.059326
0.072998 -0.265259 1.034912 0.041260 -0.134521 -0.063721
0.058594 -0.261230 1.037109 0.056519 -0.165405 -0.066284
0.039795 -0.271362 1.038086 0.072021 -0.206543 -0.069946
0.030518 -0.297485 1.053101 0.092773 -0.262939 -0.082520
-0.012207 -0.349976 1.084106 0.126831 -0.343750 -0.110718
-0.157593 -0.391479 1.132935 0.186035 -0.510132 -0.181030
-0.270996 -0.442139 1.178589 0.263672 -0.835083 -0.284058
-0.332153 -0.486328 1.225342 0.373413 -1.244385 -0.369873
-0.338257 -0.461914 1.206177 0.513550 -1.657104 -0.414673
-0.311401 -0.430298 1.154785 0.660767 -1.967896 -0.370972
-0.356079 -0.378540 1.091797 0.787842 -2.214844 -0.277100
-0.414917 -0.347534 1.035156 0.875244 -2.506836 -0.141724
-0.418945 -0.346558 1.007202 0.992554 -2.832031 0.031128
-0.314819 -0.308594 0.879150 1.145752 -3.187500 0.163696
-0.244629 -0.284058 0.715454 1.278564 -3.521240 0.238403
-0.206543 -0.235229 0.521973 1.360840 -3.860107 0.283813
-0.031128 -0.251587 0.328369 1.409790 -4.000000 0.398071
0.255249 -0.187256 0.134888 1.452759 -4.000000 0.449097
0.555054 -0.054321 -0.099854 1.441040 -4.000000 0.448853
0.791748 0.078857 -0.281494 1.325317 -4.000000 0.444214
1.059082 0.110107 -0.352539 1.140381 -4.000000 0.473633
1.201782 0.037231 -0.230469 0.945068 -3.634033 0.528442
1.276733 -0.057495 -0.106079 0.832642 -3.260864 0.461548
1.538818 -0.047852 -0.137451 0.822754 -2.959473 0.370117
1.642822 0.060547 -0.240356 0.839478 -2.511475 0.247925
1.625488 0.152466 -0.326416 0.782104 -2.015503 0.145874
1.492432 0.220093 -0.348755 0.656982 -1.514771 0.130005
1.328369 0.200317 -0.332031 0.508911 -1.125732 0.154297
1.232056 0.143066 -0.265991 0.371338 -0.918945 0.174316
1.260010 0.079834 -0.225708 0.285522 -0.877686 0.157349
1.360596 0.058838 -0.222656 0.221313 -0.842651 0.122559
1.422607 0.029175 -0.195679 0.152222 -0.778442 0.030762
1.460205 -0.000244 -0.160767 0.092163 -0.661987 -0.056274
1.449463 -0.032104 -0.129517 0.049683 -0.440796 -0.099731
1.422852 -0.034180 -0.127441 0.035156 -0.193604 -0.127441
1.376709 0.004028 -0.153076 0.008423 0.024170 -0.165161
1.275879 0.024414 -0.148682 -0.050049 0.197510 -0.199951
1.143066 -0.006592 -0.070557 -0.115234 0.323730 -0.192139
1.046875 -0.036499 0.010864 -0.137817 0.369873 -0.170654
1.042480 -0.033447 0.040161 -0.118408 0.339966 -0.154541
1.128174 -0.020996 0.036865 -0.092773 0.315796 -0.151489
1.183228 0.004883 0.021118 -0.079956 0.376465 -0.151489
1.181274 0.032959 0.000977 -0.084229 0.512085 -0.142090
1.172119 0.065186 -0.024414 -0.104614 0.685059 -0.106689
1.227173 0.102539 -0.073730 -0.143066 0.902100 -0.029907
1.294922 0.126953 -0.129639 -0.198975 1.231689 0.079956
1.307617 0.127686 -0.153564 -0.281372 1.618530 0.171875
1.287231 0.085938 -0.115967 -0.373535 1.956421 0.187378
1.249878 0.023438 -0.037964 -0.452026 2.191772 0.122559
1.329468 -0.031738 0.007324 -0.502563 2.323120 -0.008423
1.268188 -0.044312 0.057617 -0.522095 2.445801 -0.216675
1.143677 -0.061279 0.093872 -0.533203 2.510132 -0.435425
1.065063 -0.042725 0.145874 -0.586914 2.519043 -0.564087
1.043823 -0.015625 0.168457 -0.650513 2.538818 -0.640503
1.012573 0.055420 0.138062 -0.730835 2.613892 -0.647705
0.835815 0.125854 0.125854 -0.884277 2.848755 -0.530151
0.556519 0.174561 0.152344 -1.036377 3.117188 -0.327271
0.403564 0.143555 0.223877 -1.182861 3.277222 -0.079956
0.349976 0.074463 0.292969 -1.319092 3.351563 0.131592
0.221313 -0.034302 0.415039 -1.387329 3.329834 0.196411
0.049561 -0.110962 0.574951 -1.376831 3.140991 0.158936
0.048462 -0.182983 0.700439 -1.327759 2.827271 0.104126
0.157593 -0.278320 0.754639 -1.256836 2.564819 0.083130
0.089111 -0.346924 0.856079 -1.184814 2.402222 0.044556
-0.073242 -0.391846 0.966431 -1.103027 2.166504 -0.021851
-0.121582 -0.442627 1.066406 -1.000122 1.839478 -0.063599
-0.104980 -0.464844 1.141846 -0.872681 1.519531 -0.083984
-0.098022 -0.463135 1.187134 -0.702148 1.262817 -0.090576
-0.032104 -0.461426 1.162842 -0.533447 1.058594 -0.060425
0.004639 -0.479492 1.165527 -0.416016 0.908081 -0.031372
0.041748 -0.511475 1.196655 -0.320068 0.757446 -0.060181
-0.011841 -0.514526 1.246826 -0.217041 0.587524 -0.138550
-0.060059 -0.488037 1.270874 -0.102539 0.374634 -0.218384
-0.051636 -0.438843 1.245239 0.018677 0.167236 -0.260376
-0.001953 -0.370605 1.178955 0.118652 0.019287 -0.262329
0.036499 -0.306396 1.108154 0.175049 -0.052246 -0.235474
0.081665 -0.255127 1.050293 0.185669 -0.070068 -0.192261
0.111084 -0.213013 1.014404 0.159790 -0.058472 -0.141724
0.146240 -0.195557 0.997803 0.116821 -0.021240 -0.090698
0.211670 -0.214966 0.993408 0.077515 0.032471 -0.044434
0.202026 -0.228760 1.009277 0.055176 0.087646 -0.038452
0.144897 -0.230103 1.028076 0.048706 0.090088 -0.061890
0.133301 -0.230469 1.036011 0.063110 0.029053 -0.082031
0.155273 -0.229492 1.027954 0.084473 -0.042114 -0.099243
0.164063 -0.226074 1.011108 0.103638 -0.097168 -0.109253
0.146484 -0.206909 0.995972 0.113770 -0.136963 -0.109009
0.171265 -0.194458 0.975342 0.116577 -0.158691 -0.078979
0.213135 -0.179077 0.942383 0.109497 -0.131592 -0.027588
0.240601 -0.178101 0.928833 0.081421 -0.069824 0.020508
0.243286 -0.197754 0.943237 0.041626 -0.011963 0.036621
0.227051 -0.210815 0.978394 0.012085 0.013916 0.024902
0.217896 -0.227905 1.003296 0.002686 0.001343 0.000610
0.187622 -0.243896 1.028687 0.012939 -0.032715 -0.025391
0.171265 -0.250977 1.039063 0.040894 -0.096191 -0.046509
0.174072 -0.240356 1.034180 0.071533 -0.165283 -0.051025
0.203003 -0.233032 1.015137 0.095703 -0.215210 -0.045166
0.243530 -0.221069 0.991821 0.101440 -0.237671 -0.042725
0.307739 -0.228760 0.981445 0.095093 -0.218140 -0.037476
0.295776 -0.214966 0.974854 0.086914 -0.158325 -0.039307
0.263794 -0.199829 0.977295 0.070801 -0.106201 -0.038818
0.264038 -0.193115 0.983032 0.055176 -0.073120 -0.032471
0.277222 -0.187622 0.987061 0.044922 -0.051514 -0.033325
0.276978 -0.179810 0.987915 0.038574 -0.044067 -0.041870
0.252930 -0.167236 0.989746 0.033203 -0.046753 -0.049927
0.238159 -0.157959 0.987793 0.029663 -0.057617 -0.044800
0.243774 -0.147583 0.970825 0.024536 -0.065796 -0.022461
0.251221 -0.149780 0.962036 0.007813 -0.066284 0.001587
0.266602 -0.161987 0.962646 -0.015381 -0.052002 0.025513
0.288208 -0.181030 0.974121 -0.034302 -0.021973 0.046753
0.292847 -0.187256 0.984741 -0.045532 0.010132 0.049683
0.311646 -0.205688 0.992432 -0.048340 0.032104 0.034546
0.299927 -0.197388 0.993774 -0.045166 0.046753 0.002686
0.262817 -0.192017 1.002808 -0.040894 0.037598 -0.034424
0.230957 -0.189087 1.010376 -0.038818 0.014404 -0.056885
0.210938 -0.184692 1.009766 -0.032349 -0.009155 -0.057739
0.207031 -0.180054 1.001709 -0.025513 -0.028320 -0.042969
0.211670 -0.176025 0.983398 -0.025879 -0.037964 -0.020874
0.233276 -0.179321 0.975220 -0.031006 -0.036621 0.004272
0.243164 -0.184082 0.974854 -0.040771 -0.024048 0.017944
0.276001 -0.206665 0.987671 -0.052856 -0.014404 0.016724
0.286499 -0.213379 0.992310 -0.054077 0.005859 0.004395
0.255615 -0.202148 0.998047 -0.048950 0.028320 -0.012695
0.240234 -0.195313 0.999878 -0.049194 0.027588 -0.030396
0.232666 -0.195923 1.002808 -0.049072 0.021240 -0.039307
0.229492 -0.195190 1.005981 -0.050415 0.017334 -0.042236
0.224243 -0.207520 0.996460 -0.058594 0.015747 -0.046997
0.236572 -0.205811 1.004150 -0.060791 0.010864 -0.044312
0.252563 -0.214844 1.007080 -0.062012 0.007813 -0.050293
0.270996 -0.216187 1.018677 -0.058472 0.006958 -0.064941
0.259033 -0.199341 1.017334 -0.051270 0.017334 -0.080078
0.255615 -0.168945 1.012329 -0.053955 0.024902 -0.101074
0.212769 -0.208984 1.013306 -0.073730 0.037354 -0.134277
0.213379 -0.214478 1.007935 -0.059448 0.027222 -0.122070
0.215942 -0.215088 1.009399 -0.052612 0.034546 -0.081543
0.201660 -0.205322 1.006592 -0.033447 0.036987 -0.043579
0.204102 -0.193604 0.997070 -0.028687 0.023804 -0.014160
0.208252 -0.198242 0.996948 -0.030640 0.007080 0.002197
0.223633 -0.207764 1.001221 -0.032715 -0.007202 0.015381
0.254883 -0.221191 0.999634 -0.032227 -0.010498 0.016479
0.276001 -0.214233 0.995605 -0.027344 -0.005005 0.003174
0.273804 -0.208496 0.996338 -0.028442 -0.002808 -0.028931
0.260986 -0.204224 1.004395 -0.027832 0.000366 -0.052979
0.251221 -0.201416 1.003662 -0.025879 0.004272 -0.061401
