0.356567 -0.190430 0.999756 -0.008789 -0.048096 -0.013062
0.358032 -0.187744 1.002441 -0.002319 -0.061523 -0.019897
0.361206 -0.194214 1.005493 0.004272 -0.073975 -0.025391
0.365112 -0.193115 1.009399 0.011108 -0.087280 -0.032837
0.371460 -0.190552 1.010010 0.019775 -0.095093 -0.037109
0.378540 -0.187500 1.002563 0.026367 -0.094482 -0.036011
0.372681 -0.186523 1.001587 0.029053 -0.086670 -0.032593
0.360352 -0.191895 1.001953 0.028442 -0.083862 -0.032349
0.346802 -0.199097 1.016968 0.031982 -0.099365 -0.041626
0.329102 -0.215454 1.032471 0.047974 -0.135986 -0.053101
0.307983 -0.221069 1.048828 0.072388 -0.198120 -0.070557
0.299561 -0.213135 1.052490 0.101685 -0.276611 -0.087036
0.318726 -0.216431 1.051514 0.128052 -0.349487 -0.096436
0.304565 -0.225220 1.058960 0.138794 -0.415039 -0.097168
0.221436 -0.208252 1.063354 0.148560 -0.496216 -0.095459
0.147339 -0.224609 1.085571 0.191650 -0.625854 -0.092529
0.091553 -0.234985 1.114624 0.258057 -0.802856 -0.066895
0.042114 -0.240601 1.104248 0.357910 -1.023682 -0.044434
-0.014038 -0.253540 1.093628 0.461914 -1.284546 -0.019043
-0.017578 -0.266479 1.071045 0.567017 -1.607666 -0.003906
0.043335 -0.283569 1.027100 0.675293 -1.972412 -0.026123
0.147583 -0.297729 0.960205 0.791138 -2.322510 -0.072754
0.211426 -0.294189 0.872070 0.909668 -2.604004 -0.120117
0.213745 -0.242065 0.798706 1.039673 -2.818726 -0.127930
0.194824 -0.187378 0.701294 1.152466 -2.994141 -0.077881
0.192993 -0.160522 0.601929 1.236206 -3.145020 0.040161
0.213013 -0.135498 0.472290 1.295166 -3.272583 0.194458
0.315674 -0.114136 0.310913 1.321655 -3.367188 0.346436
0.495117 -0.084351 0.164551 1.317261 -3.405518 0.509644
0.705566 -0.055176 0.027100 1.261963 -3.342651 0.654419
0.944946 -0.022217 -0.101318 1.167603 -3.177856 0.746216
1.115845 0.001221 -0.177734 1.056763 -2.952881 0.749023
1.257324 0.020264 -0.213501 0.938477 -2.744751 0.645508
1.270386 0.006470 -0.181641 0.836426 -2.570190 0.457520
1.196289 -0.021240 -0.129150 0.748291 -2.468872 0.232544
1.164673 -0.025635 -0.128540 0.713257 -2.421021 0.040283
1.175415 -0.025635 -0.166016 0.721436 -2.399170 -0.125977
1.200806 -0.009033 -0.226563 0.744751 -2.256470 -0.175659
1.240356 0.022827 -0.314941 0.760986 -1.924927 -0.097290
1.232788 0.063477 -0.387573 0.732300 -1.475586 0.046875
1.169312 0.070068 -0.394287 0.654785 -1.076050 0.159180
1.103760 0.048462 -0.383057 0.548462 -0.819092 0.223389
1.075195 0.026367 -0.367188 0.440308 -0.696533 0.245605
1.083252 0.006958 -0.351440 0.331909 -0.702148 0.202026
1.104126 -0.040649 -0.333374 0.230469 -0.744873 0.132690
1.157104 -0.074707 -0.311401 0.173706 -0.725342 0.110718
1.164551 -0.067383 -0.319702 0.177124 -0.605591 0.117920
1.143311 -0.044434 -0.328125 0.191406 -0.442383 0.136841
1.100220 -0.055908 -0.314697 0.174194 -0.318848 0.139526
1.119629 -0.051270 -0.323853 0.142456 -0.260498 0.135498
1.260010 -0.037109 -0.371826 0.102417 -0.176636 0.148193
1.257324 -0.067017 -0.355713 0.045532 -0.058228 0.128906
1.184326 -0.070313 -0.326538 -0.008179 0.011475 0.085449
1.096069 -0.049683 -0.312378 -0.046143 0.014648 0.025024
1.016357 -0.048828 -0.271851 -0.085205 -0.052734 -0.045654
0.978027 -0.074585 -0.214722 -0.095337 -0.107666 -0.062500
0.984009 -0.077393 -0.190186 -0.063599 -0.081909 -0.005249
1.015869 -0.062134 -0.206421 -0.027832 -0.005127 0.083130
1.040649 -0.049316 -0.213989 -0.011353 0.100952 0.145630
1.085693 -0.068726 -0.220947 -0.003540 0.187866 0.151855
1.117432 -0.072754 -0.205811 -0.005615 0.258667 0.124634
1.174072 -0.059814 -0.222168 -0.007690 0.322754 0.069336
1.213379 -0.094727 -0.240723 -0.025635 0.394653 -0.018555
1.235596 -0.074463 -0.260986 -0.033325 0.467041 -0.106079
1.199585 -0.056030 -0.261597 -0.065186 0.540894 -0.184082
1.184692 -0.035278 -0.270020 -0.105957 0.603760 -0.245361
1.182861 -0.026245 -0.248169 -0.161011 0.679688 -0.281860
1.192383 -0.030762 -0.220825 -0.222534 0.769897 -0.296387
1.243042 -0.041016 -0.201904 -0.278076 0.886841 -0.290894
1.288696 -0.028809 -0.199951 -0.317383 1.071411 -0.273926
1.280762 -0.019409 -0.191650 -0.353760 1.296021 -0.276001
1.240479 -0.020752 -0.172119 -0.397949 1.523804 -0.269897
1.266724 -0.056641 -0.122192 -0.442993 1.748413 -0.235474
1.251831 -0.061035 -0.065552 -0.474121 1.940430 -0.253540
1.185791 -0.083740 -0.033325 -0.492188 2.054688 -0.337891
1.108521 -0.079346 0.000366 -0.506470 2.087280 -0.423950
1.036743 -0.070679 0.050293 -0.521729 2.052979 -0.476196
1.044312 -0.063354 0.084717 -0.533325 2.004150 -0.496338
1.087646 -0.059814 0.100708 -0.546387 2.028076 -0.491699
1.106079 -0.043213 0.106812 -0.561523 2.124268 -0.513672
1.011353 -0.016602 0.133179 -0.604614 2.234619 -0.557373
0.895264 0.015503 0.155029 -0.695190 2.330933 -0.548218
0.826904 0.007446 0.169189 -0.787720 2.404053 -0.526733
0.778198 -0.019653 0.189941 -0.870605 2.432251 -0.513916
0.716431 -0.050293 0.237671 -0.932739 2.425903 -0.524902
0.611328 -0.071167 0.299561 -0.961670 2.379761 -0.538086
0.525269 -0.019653 0.400391 -0.989746 2.261841 -0.543823
0.534668 0.017334 0.437622 -1.025024 2.185059 -0.486450
0.532104 0.085693 0.462891 -1.062378 2.210815 -0.403320
0.547363 0.120728 0.418701 -1.123413 2.340942 -0.264648
0.474487 0.149292 0.407104 -1.207886 2.567749 -0.076660
0.276123 0.129517 0.472412 -1.307739 2.723999 0.046631
0.094604 -0.002197 0.631714 -1.393555 2.629395 0.089111
-0.031982 -0.175171 0.860229 -1.405396 2.291382 0.042969
-0.052734 -0.332275 1.073853 -1.303467 1.790161 -0.075195
-0.005615 -0.427124 1.216309 -1.104004 1.268066 -0.187378
0.075073 -0.450684 1.266968 -0.847046 0.855957 -0.243530
0.122437 -0.385742 1.216919 -0.594849 0.611206 -0.209595
0.221436 -0.280396 1.090820 -0.403442 0.510132 -0.123169
0.324585 -0.199463 0.973022 -0.311523 0.557007 0.000610
0.379028 -0.145874 0.902344 -0.308350 0.684814 0.113892
0.366821 -0.168701 0.897217 -0.364014 0.805908 0.203125
0.283203 -0.246948 1.007080 -0.425171 0.788086 0.189697
0.282471 -0.338257 1.123535 -0.432739 0.594849 0.087158
0.281250 -0.398438 1.224609 -0.366577 0.393555 -0.034302
0.211548 -0.397095 1.266846 -0.252686 0.235352 -0.130371
0.136475 -0.363525 1.268311 -0.126099 0.084229 -0.174438
0.166382 -0.308960 1.201782 -0.011719 -0.055054 -0.164673
0.251343 -0.268799 1.107178 0.063843 -0.122803 -0.125732
0.308838 -0.227173 1.026733 0.097656 -0.099365 -0.089478
0.325806 -0.186035 0.972412 0.095093 -0.044067 -0.066528
0.322876 -0.157593 0.947266 0.062988 -0.005127 -0.056519
0.354126 -0.157959 0.942017 0.021240 0.018311 -0.050659
0.346436 -0.175903 0.969360 -0.019653 0.035889 -0.058716
0.304810 -0.206177 1.022827 -0.040161 0.030273 -0.080566
0.281372 -0.230713 1.049194 -0.031494 -0.019653 -0.104126
0.260986 -0.238037 1.065796 0.005493 -0.090210 -0.128906
0.260498 -0.233643 1.056885 0.051270 -0.170288 -0.141846
0.264526 -0.222412 1.031128 0.098389 -0.232300 -0.135254
0.304321 -0.190552 0.977783 0.131958 -0.249756 -0.097412
0.347656 -0.160889 0.927734 0.138428 -0.207764 -0.044067
0.373535 -0.154419 0.899658 0.110474 -0.125000 0.000854
0.385010 -0.156372 0.895020 0.066772 -0.057251 0.020996
0.389038 -0.170532 0.910889 0.023560 -0.010254 0.019043
0.382202 -0.184082 0.938110 -0.007080 0.006226 -0.005371
0.361450 -0.189575 0.964111 -0.018555 -0.009277 -0.036621
0.355713 -0.185791 0.965576 -0.017212 -0.039917 -0.058838
0.360840 -0.176270 0.953613 -0.011353 -0.060913 -0.066162
0.353638 -0.178833 0.946777 -0.013184 -0.057007 -0.059937
0.345459 -0.181152 0.952515 -0.018433 -0.052246 -0.043701
0.338745 -0.180786 0.959106 -0.017822 -0.044556 -0.019531
0.346802 -0.182861 0.946655 -0.016602 -0.034668 0.009277
0.360718 -0.189941 0.944458 -0.019165 -0.025513 0.025391
0.383057 -0.198364 0.942993 -0.024658 -0.026611 0.022217
0.407471 -0.205078 0.946289 -0.026611 -0.032349 -0.001343
0.403687 -0.203735 0.949829 -0.022095 -0.029053 -0.042114
0.383911 -0.192871 0.953979 -0.020996 -0.013550 -0.063843
0.365356 -0.180054 0.953125 -0.025879 -0.009888 -0.074951
0.356201 -0.174438 0.955322 -0.032227 -0.009644 -0.075195
0.332886 -0.171631 0.969360 -0.042114 -0.007202 -0.060669
0.318115 -0.175781 0.974365 -0.046997 0.001709 -0.031006
0.325317 -0.181641 0.973633 -0.046509 0.005615 0.003540
0.351563 -0.189209 0.971802 -0.044189 0.007324 0.031982
0.365112 -0.200684 0.968140 -0.041992 0.015625 0.032349
0.359375 -0.197388 0.962036 -0.041138 0.018433 0.017700
0.358887 -0.198120 0.971558 -0.041504 0.014404 0.001099
0.358154 -0.201782 0.978149 -0.042236 0.011353 -0.013916
0.355591 -0.198364 0.984863 -0.039185 -0.001099 -0.027954
0.349854 -0.195557 0.981689 -0.035645 -0.014771 -0.039429
0.353394 -0.192383 0.977539 -0.033081 -0.026978 -0.045898
