0.234985 -0.214600 1.008301 -0.024048 -0.033081 -0.030518
0.227905 -0.224609 1.017822 -0.019653 -0.040527 -0.039673
0.221924 -0.229858 1.031982 -0.009766 -0.065674 -0.056641
0.203247 -0.242676 1.037109 0.004272 -0.101685 -0.078735
0.160645 -0.260132 1.072998 0.024048 -0.163574 -0.115479
0.124756 -0.263062 1.097046 0.060303 -0.272827 -0.164063
0.128784 -0.249268 1.099976 0.106812 -0.403076 -0.201538
0.142578 -0.229492 1.096069 0.150635 -0.506226 -0.222656
0.151123 -0.198242 1.087891 0.184937 -0.578369 -0.226563
0.172485 -0.178711 1.075317 0.210205 -0.638428 -0.214111
0.200439 -0.156860 1.066284 0.229004 -0.686890 -0.195190
0.218994 -0.147827 1.056885 0.238892 -0.718628 -0.172241
0.172974 -0.177246 1.091553 0.251709 -0.745605 -0.155273
0.112671 -0.200684 1.114380 0.284058 -0.864624 -0.167358
0.067627 -0.229980 1.127808 0.341919 -1.067749 -0.193970
-0.043457 -0.266113 1.164673 0.423828 -1.343872 -0.243896
-0.131470 -0.273315 1.154175 0.526001 -1.749390 -0.314819
-0.125000 -0.256104 1.083496 0.655762 -2.196533 -0.346313
-0.095337 -0.220215 0.994873 0.798096 -2.575562 -0.319092
-0.065308 -0.194702 0.872803 0.915649 -2.850708 -0.213013
-0.145874 -0.218506 0.787354 0.999756 -3.059082 -0.052246
-0.182983 -0.279907 0.689331 1.113037 -3.360962 0.101929
-0.186279 -0.310181 0.538208 1.284424 -3.771118 0.191895
-0.077515 -0.310059 0.321777 1.455566 -4.000000 0.238037
0.175049 -0.249756 0.067139 1.572510 -4.000000 0.278564
0.451172 -0.183716 -0.169312 1.621094 -4.000000 0.288574
0.748657 -0.108276 -0.338989 1.612671 -4.000000 0.273804
0.995605 -0.036987 -0.430908 1.584595 -4.000000 0.235474
1.108154 0.025269 -0.471680 1.535889 -4.000000 0.238403
1.148926 0.023315 -0.475952 1.435547 -4.000000 0.292969
1.159424 -0.004028 -0.479980 1.334473 -3.611572 0.375244
1.259521 0.016724 -0.561523 1.258179 -3.147339 0.477417
1.323486 0.013550 -0.617798 1.166382 -2.556030 0.587769
1.368286 0.057739 -0.740112 1.060913 -1.931519 0.673096
1.379395 0.134399 -0.790283 0.905762 -1.436523 0.683960
1.296753 0.106323 -0.741577 0.674194 -1.091919 0.605469
1.264648 0.018433 -0.635254 0.445557 -0.908569 0.491699
1.215576 -0.083740 -0.517822 0.280762 -0.789795 0.366211
1.214111 -0.131104 -0.497192 0.219360 -0.683838 0.276123
1.248047 -0.108276 -0.533569 0.206299 -0.526733 0.233032
1.278931 -0.085815 -0.565674 0.175537 -0.353760 0.198608
1.331299 -0.072510 -0.576782 0.123901 -0.212280 0.145508
1.395020 -0.084839 -0.593506 0.064209 -0.039307 0.099121
1.410278 -0.091187 -0.576172 -0.003296 0.181519 0.065186
1.356079 -0.094604 -0.533691 -0.069580 0.352417 -0.003662
1.311279 -0.089844 -0.497681 -0.123047 0.432495 -0.100220
1.301636 -0.096313 -0.484497 -0.157471 0.473633 -0.194824
1.297729 -0.084717 -0.468872 -0.186768 0.548706 -0.245850
1.306274 -0.067505 -0.443970 -0.215210 0.702759 -0.253906
1.307373 -0.043213 -0.423828 -0.243286 0.882324 -0.263306
1.293091 -0.023560 -0.394165 -0.278442 1.086670 -0.274536
1.264648 -0.024292 -0.348999 -0.330444 1.274536 -0.278564
1.243408 -0.036743 -0.297974 -0.379395 1.437744 -0.280518
1.196411 -0.047607 -0.254883 -0.412109 1.588745 -0.282104
1.230591 -0.076660 -0.202881 -0.441772 1.702148 -0.284668
1.231567 -0.080688 -0.166382 -0.457886 1.826538 -0.316528
1.223999 -0.067993 -0.158569 -0.463257 1.960571 -0.354614
1.214722 -0.069092 -0.124634 -0.486206 2.071411 -0.409424
1.249146 -0.095581 -0.099365 -0.526245 2.174683 -0.476196
1.266968 -0.093872 -0.094116 -0.570190 2.325073 -0.506226
1.225220 -0.086914 -0.085083 -0.628174 2.545654 -0.521851
1.105469 -0.092407 -0.044434 -0.695557 2.764648 -0.562012
0.968750 -0.084961 -0.003662 -0.772217 2.923706 -0.591797
0.843750 -0.092896 0.014160 -0.851563 3.013672 -0.602417
0.666504 -0.065674 0.066406 -0.907349 3.045532 -0.592285
0.499878 -0.020386 0.120483 -0.947876 3.013550 -0.555908
0.358398 0.008911 0.191895 -0.973755 2.920532 -0.527344
0.305420 0.020386 0.281372 -0.978882 2.798096 -0.494019
0.321777 0.050415 0.342651 -0.963745 2.652222 -0.459106
0.398804 0.073853 0.349121 -0.981689 2.532715 -0.408081
0.420166 0.084351 0.373047 -1.045288 2.488525 -0.349487
0.372192 0.074341 0.431885 -1.127319 2.479492 -0.276367
0.246216 0.066895 0.511475 -1.193604 2.452515 -0.156860
0.159546 0.027954 0.608765 -1.256592 2.376221 0.000488
0.114014 -0.043701 0.712280 -1.272949 2.266724 0.139282
0.035156 -0.139160 0.846924 -1.220825 2.104370 0.200439
-0.025879 -0.232056 0.981812 -1.121582 1.828613 0.193726
-0.006836 -0.322510 1.088501 -0.998047 1.476440 0.141235
0.002563 -0.418091 1.184448 -0.858521 1.089111 0.037231
0.029297 -0.465332 1.255127 -0.700073 0.688354 -0.064331
0.104980 -0.477295 1.293579 -0.542358 0.328735 -0.125366
0.177734 -0.464478 1.298218 -0.388184 0.087158 -0.149780
0.225220 -0.428467 1.275391 -0.239746 -0.019775 -0.126343
0.254150 -0.364746 1.216431 -0.120361 -0.041504 -0.066406
0.287964 -0.300537 1.158447 -0.050171 -0.032227 0.000488
0.332520 -0.258301 1.116089 -0.018311 0.003052 0.060547
0.359985 -0.221802 1.087036 -0.009888 0.065186 0.114014
0.390137 -0.204956 1.056763 -0.014526 0.140015 0.155396
0.395386 -0.198853 1.047607 -0.026245 0.193726 0.160034
0.386841 -0.202393 1.044678 -0.036499 0.178101 0.109741
0.383545 -0.207031 1.047363 -0.033081 0.110840 0.031250
0.370605 -0.211304 1.048706 -0.013672 0.038696 -0.042725
0.364868 -0.203125 1.035400 0.010254 -0.027222 -0.095825
0.355713 -0.197632 1.020508 0.037476 -0.063721 -0.115601
0.350342 -0.185547 0.996704 0.062012 -0.076050 -0.109497
0.344116 -0.172119 0.974243 0.076294 -0.082031 -0.095947
0.337891 -0.160034 0.958618 0.080566 -0.075928 -0.072876
0.347046 -0.160645 0.936768 0.073975 -0.064087 -0.040771
0.374023 -0.163086 0.915649 0.062500 -0.048340 -0.018066
0.373657 -0.157104 0.905029 0.043579 -0.040649 -0.023071
0.368408 -0.154663 0.907227 0.022095 -0.031982 -0.029297
0.368408 -0.171387 0.927490 0.002563 -0.026001 -0.032104
0.369995 -0.184692 0.938354 -0.006470 -0.018799 -0.030273
0.365845 -0.188843 0.943604 -0.008301 -0.012573 -0.027100
0.370972 -0.190063 0.947998 -0.008545 -0.011108 -0.020264
0.367432 -0.190308 0.955200 -0.009033 -0.005981 -0.012573
0.358521 -0.191284 0.961182 -0.012329 -0.000244 0.001953
0.362671 -0.195435 0.965454 -0.013428 -0.002319 0.016724
0.374146 -0.207275 0.972778 -0.010620 -0.009888 0.021484
0.375977 -0.204712 0.973145 -0.006226 -0.020874 0.022217
0.386963 -0.203979 0.967529 -0.000732 -0.031982 0.016602
0.404541 -0.197510 0.959229 0.003540 -0.034424 0.007324
0.411865 -0.191895 0.948608 0.002319 -0.035278 -0.013550
0.402222 -0.183350 0.948120 -0.003052 -0.036011 -0.032837
0.377319 -0.181641 0.956421 -0.009766 -0.035034 -0.045288
0.367676 -0.178711 0.961304 -0.010254 -0.034302 -0.039429
0.371216 -0.177490 0.958862 -0.010864 -0.034424 -0.026855
0.391724 -0.177856 0.955688 -0.011963 -0.023071 -0.007446
0.394653 -0.179932 0.958740 -0.015381 0.004150 0.008179
0.384766 -0.180664 0.962524 -0.020752 0.030518 0.016846
0.391357 -0.186890 0.968140 -0.025146 0.039917 0.014648
0.397217 -0.190430 0.971436 -0.025879 0.036621 -0.001465
0.398926 -0.183716 0.974121 -0.023560 0.027344 -0.019897
0.396851 -0.180176 0.974854 -0.020264 0.017944 -0.036987
0.390869 -0.171021 0.970093 -0.018433 0.009644 -0.048340
0.382935 -0.165405 0.963501 -0.019043 0.008667 -0.049805
0.366577 -0.159302 0.967407 -0.022949 0.010986 -0.042969
0.357544 -0.165771 0.969727 -0.021240 0.010864 -0.029053
0.357544 -0.170166 0.966187 -0.016724 0.013062 -0.008789
0.362427 -0.172974 0.968994 -0.016113 0.014160 0.010254
0.370850 -0.182495 0.963989 -0.015869 0.019287 0.019287
0.378540 -0.189697 0.955322 -0.015381 0.026733 0.011475
0.363159 -0.186523 0.956665 -0.017212 0.028198 -0.009888
0.352783 -0.184326 0.959595 -0.019409 0.015869 -0.027588
0.347900 -0.177734 0.964233 -0.020630 0.002075 -0.032959
0.351318 -0.171631 0.964355 -0.019043 -0.005371 -0.026855
0.359131 -0.168091 0.967163 -0.019409 -0.003784 -0.012573
0.363281 -0.170044 0.969604 -0.023193 0.005615 0.000244
0.359009 -0.176025 0.973755 -0.025879 0.013794 0.009888
0.357910 -0.182129 0.979858 -0.025513 0.014771 0.014038
0.362183 -0.183716 0.979858 -0.022949 0.010254 0.014038
0.364990 -0.187012 0.970703 -0.021362 0.004883 0.009155
0.369385 -0.188354 0.966797 -0.022217 0.004639 0.004761
0.375244 -0.184937 0.962280 -0.023560 0.010132 0.001465
0.368896 -0.184448 0.966309 -0.024658 0.017700 -0.005371
0.364136 -0.183472 0.966064 -0.026001 0.016846 -0.013428
0.359863 -0.179932 0.971069 -0.026123 0.015503 -0.012939
0.356445 -0.179810 0.966919 -0.027344 0.016357 -0.004028
0.353394 -0.179565 0.972290 -0.030151 0.016724 0.004272
0.351074 -0.179688 0.972900 -0.026855 0.013794 0.005493
