0.297363 -0.106323 1.007690 -0.008545 -0.009644 -0.019897
0.309448 -0.111206 1.017090 -0.007202 0.001709 -0.023193
0.319580 -0.114258 1.026367 -0.001953 0.018066 -0.026855
0.336670 -0.114136 1.031006 0.007568 0.036499 -0.031006
0.370728 -0.106079 1.027710 0.021729 0.067383 -0.031372
0.414795 -0.085693 1.030640 0.038696 0.137939 -0.018066
0.423706 -0.056396 1.004395 0.042603 0.257202 0.008911
0.417969 -0.042603 0.973267 0.034302 0.390015 0.053711
0.450562 -0.041626 0.955933 0.031128 0.509155 0.093628
0.484131 -0.061890 0.952881 0.025513 0.632935 0.088623
0.464233 -0.066162 0.970459 0.022705 0.771484 0.072876
0.457642 -0.090942 0.997437 0.025757 0.892334 0.050903
0.462524 -0.075928 1.026855 0.047974 1.043701 0.068237
0.386963 -0.041504 1.010010 0.050659 1.286011 0.129395
0.263306 0.000000 0.947754 0.035156 1.544800 0.218628
0.151489 0.023193 0.903931 0.024414 1.717773 0.310669
0.074829 0.034058 0.874146 0.001343 1.788330 0.357300
0.015015 -0.014648 0.885864 -0.051025 1.785278 0.332275
-0.019531 -0.075439 0.915527 -0.085449 1.742798 0.290405
-0.027832 -0.106567 0.939575 -0.087158 1.711670 0.255859
-0.093506 -0.089111 0.926147 -0.088867 1.746704 0.232544
-0.162476 -0.074341 0.878052 -0.103516 1.796753 0.227783
-0.166138 -0.063599 0.840454 -0.109619 1.819092 0.234131
-0.186401 -0.057129 0.813599 -0.115234 1.814087 0.212158
-0.192749 -0.071289 0.814575 -0.116699 1.793701 0.175537
-0.240601 -0.057007 0.816895 -0.119507 1.819580 0.145264
-0.328369 -0.061768 0.828613 -0.135132 1.881958 0.128174
-0.334717 -0.043945 0.758423 -0.149292 1.938477 0.144409
-0.386108 -0.028687 0.695557 -0.177979 2.034424 0.182495
-0.422729 -0.030640 0.657471 -0.237793 2.083862 0.168457
-0.533203 -0.057983 0.633057 -0.305054 2.086914 0.128540
-0.602661 -0.078003 0.629517 -0.371216 2.018188 0.058105
-0.640503 -0.109375 0.606079 -0.421265 1.962280 0.035156
-0.690918 -0.134521 0.587158 -0.470215 1.932617 0.002197
-0.679810 -0.174927 0.555176 -0.493164 1.884644 -0.020508
-0.758667 -0.172607 0.551514 -0.508911 1.848877 -0.040161
-0.902344 -0.205200 0.570435 -0.542358 1.763672 -0.059814
-1.038696 -0.230713 0.621704 -0.535522 1.589233 -0.066406
-1.050537 -0.287964 0.673706 -0.491211 1.400269 -0.063721
-1.110229 -0.289185 0.684692 -0.417725 1.311157 -0.029053
-1.180054 -0.258789 0.675537 -0.350098 1.232910 0.015259
-1.150024 -0.223145 0.648682 -0.284790 1.085938 0.067627
-1.077515 -0.215210 0.634888 -0.245117 0.922852 0.081299
-1.007813 -0.210815 0.625854 -0.219604 0.782959 0.075928
-0.936768 -0.223145 0.614746 -0.182617 0.691650 0.082031
-0.891846 -0.208618 0.590942 -0.141479 0.645386 0.083252
-0.876709 -0.188354 0.558960 -0.116089 0.606201 0.060791
-0.815918 -0.171753 0.525513 -0.090088 0.551636 0.046875
-0.773804 -0.165161 0.489136 -0.080322 0.537231 0.022095
-0.761108 -0.166016 0.459229 -0.078979 0.550415 -0.010010
-0.801270 -0.177368 0.443115 -0.086670 0.570557 -0.042847
-0.873779 -0.197144 0.466797 -0.093384 0.557007 -0.062988
-1.564331 -0.287109 0.730225 -0.076904 0.570068 -0.122314
-1.147949 -0.301514 0.574219 0.004761 0.352295 0.025146
-0.682495 -0.186035 0.378296 0.059204 0.171631 0.186157
-0.651978 -0.082642 0.315430 0.065430 0.204102 0.114990
-0.886963 -0.094604 0.375000 0.025513 0.305542 0.054077
-1.080078 -0.169800 0.463867 -0.028076 0.344727 0.027832
-0.984741 -0.201050 0.462036 -0.049194 0.260498 0.065674
-0.890625 -0.195190 0.437378 -0.030273 0.128906 0.055298
-0.927856 -0.172852 0.425781 -0.008423 -0.016846 -0.027222
-0.911743 -0.154297 0.394287 0.012817 -0.108643 -0.045532
-0.927368 -0.151367 0.379028 -0.002197 -0.101929 -0.034790
-0.937988 -0.165405 0.388062 -0.029785 -0.112549 -0.034546
-0.910522 -0.160400 0.396973 -0.039551 -0.168335 -0.034668
-0.886719 -0.156982 0.392090 -0.046143 -0.207397 -0.028687
-0.908203 -0.148804 0.416992 -0.065918 -0.204956 -0.031738
-0.944580 -0.154419 0.435669 -0.092773 -0.214355 -0.042725
-0.957764 -0.167114 0.455566 -0.109863 -0.269531 -0.057129
-1.019897 -0.192017 0.502563 -0.123413 -0.352173 -0.088135
-1.129517 -0.238159 0.561890 -0.128540 -0.469971 -0.130981
-1.276367 -0.264648 0.609497 -0.114624 -0.647461 -0.168823
-1.292358 -0.253174 0.613525 -0.072754 -0.889160 -0.158569
-1.176270 -0.258179 0.576904 -0.009033 -1.103394 -0.086914
-1.072632 -0.241333 0.551025 0.042358 -1.232178 -0.026001
-0.974976 -0.229614 0.535889 0.083740 -1.306885 0.006836
-0.919678 -0.215210 0.543945 0.119629 -1.374634 0.010620
-0.902954 -0.208008 0.557983 0.138428 -1.448730 -0.017822
-0.858887 -0.220337 0.581299 0.152710 -1.524292 -0.048096
-0.834595 -0.230103 0.625732 0.174316 -1.570557 -0.074951
-0.779541 -0.221924 0.655029 0.203735 -1.607544 -0.101440
-0.711792 -0.211182 0.654297 0.232178 -1.609009 -0.113159
-0.646484 -0.196411 0.666992 0.245239 -1.577271 -0.140625
-0.562744 -0.163940 0.635986 0.262207 -1.511475 -0.122192
-0.593018 -0.121826 0.638306 0.252441 -1.436157 -0.086548
-0.627686 -0.107056 0.644775 0.205933 -1.447754 -0.093872
-0.637817 -0.115601 0.662964 0.156738 -1.548340 -0.135132
-0.689331 -0.160645 0.725342 0.109009 -1.709839 -0.237427
-0.620483 -0.210327 0.755493 0.099609 -1.898315 -0.333008
-0.482422 -0.230957 0.748657 0.151611 -1.985718 -0.354980
-0.477539 -0.221924 0.784790 0.203003 -1.951050 -0.373779
-0.559204 -0.221313 0.836304 0.237671 -1.925903 -0.407349
-0.528564 -0.197266 0.852417 0.277222 -2.011230 -0.444092
-0.203491 -0.118408 0.730957 0.355591 -2.034302 -0.368774
-0.093262 -0.027832 0.689209 0.365723 -1.753540 -0.243896
-0.155884 0.024048 0.706421 0.291504 -1.475952 -0.182739
-0.150635 0.037964 0.725098 0.208374 -1.367188 -0.143066
-0.177490 -0.002808 0.811523 0.124023 -1.356445 -0.152222
-0.141724 -0.043091 0.879272 0.062866 -1.452148 -0.201294
-0.072754 -0.069092 0.895630 0.029541 -1.535400 -0.234253
0.022217 -0.067261 0.895996 -0.003296 -1.550293 -0.250122
0.223267 -0.017090 0.836426 -0.021729 -1.432617 -0.200928
0.251953 0.023315 0.804565 -0.090698 -1.065308 -0.100586
0.183594 0.016479 0.816528 -0.191040 -0.635620 0.019287
0.120850 -0.037720 0.882324 -0.285278 -0.340576 0.098999
0.082520 -0.121338 0.964966 -0.344971 -0.252808 0.091064
0.052124 -0.197876 1.078125 -0.349854 -0.356079 -0.012451
0.073853 -0.257690 1.170044 -0.286255 -0.594482 -0.144775
0.109985 -0.295532 1.214722 -0.198120 -0.795288 -0.259766
0.204834 -0.285645 1.182373 -0.119751 -0.856445 -0.308472
0.223633 -0.239746 1.120483 -0.060669 -0.735229 -0.262695
0.171387 -0.190674 1.046875 -0.039551 -0.555664 -0.178589
0.125977 -0.154419 1.007935 -0.035034 -0.428589 -0.110352
0.065552 -0.131714 0.952026 -0.052002 -0.396973 -0.082520
0.030640 -0.134155 0.958862 -0.090454 -0.463623 -0.104614
0.007080 -0.157471 0.980957 -0.117554 -0.616455 -0.166626
0.013916 -0.198242 1.026611 -0.121826 -0.768677 -0.222412
0.056396 -0.222656 1.065918 -0.108276 -0.889160 -0.260254
0.253662 -0.182983 1.034058 -0.072754 -0.915161 -0.233643
0.421997 -0.133057 0.986816 -0.074829 -0.671753 -0.125000
0.366577 -0.096069 0.994873 -0.132080 -0.273926 -0.003052
0.272949 -0.099854 1.021973 -0.188354 -0.033936 0.067627
0.267700 -0.138306 1.043091 -0.197754 0.009277 0.083496
0.268188 -0.180054 1.060181 -0.184204 -0.031860 0.052490
0.261353 -0.228760 1.081543 -0.161865 -0.082886 0.012451
0.250488 -0.264648 1.082153 -0.125488 -0.124878 -0.022583
0.228271 -0.289185 1.074707 -0.085815 -0.172607 -0.061646
0.244507 -0.281738 1.071533 -0.039551 -0.217896 -0.091797
0.233154 -0.249512 1.053711 -0.004272 -0.208374 -0.101563
0.238403 -0.215088 1.033691 0.015747 -0.154663 -0.072510
0.235840 -0.191284 1.017090 0.026123 -0.076660 -0.022095
0.232300 -0.176147 1.006958 0.028687 -0.030762 0.014893
0.240356 -0.167847 1.003296 0.022339 -0.018066 0.031006
0.234009 -0.171753 1.000122 0.006104 -0.003418 0.021606
0.209351 -0.178955 0.997192 -0.006592 0.014282 0.010986
0.202271 -0.190430 0.996582 -0.010498 0.004272 -0.000854
0.200928 -0.187866 0.996338 -0.011108 -0.022705 -0.027710
0.194824 -0.187866 1.007813 -0.008911 -0.039063 -0.052490
0.194336 -0.189087 1.014038 -0.009277 -0.036621 -0.050049
0.191162 -0.193848 1.004761 -0.017456 -0.020142 -0.029663
0.175293 -0.197144 1.010742 -0.024292 -0.005981 -0.012207
0.177856 -0.191040 1.006226 -0.023071 -0.016113 -0.000244
0.203979 -0.186768 1.002930 -0.022827 -0.018677 0.016357
0.226074 -0.180054 0.995972 -0.029541 0.012695 0.041382
0.237549 -0.183350 0.984253 -0.041626 0.046509 0.052734
0.231323 -0.184326 0.996582 -0.050537 0.063477 0.045410
0.224609 -0.187622 1.006714 -0.055664 0.052612 0.017334
0.225220 -0.195190 1.018311 -0.052246 0.035400 -0.011963
0.205566 -0.192871 1.019165 -0.046143 0.032959 -0.020996
0.177002 -0.192749 1.015015 -0.043701 0.031860 -0.024414
