0.413086 -0.071411 0.957642 -0.035767 -0.000610 -0.008301
0.422974 -0.072510 0.951538 -0.039185 0.023804 0.002075
0.470825 -0.075439 0.945190 -0.043213 0.056030 0.013550
0.537476 -0.080933 0.941040 -0.048828 0.111450 0.013672
0.582886 -0.084595 0.938965 -0.042725 0.200439 0.009155
0.642700 -0.066406 0.939941 -0.017090 0.304077 0.007935
0.747681 -0.090088 0.948242 -0.016479 0.461182 0.006836
0.851318 -0.096191 0.961426 0.007446 0.763062 0.062866
0.835693 -0.064453 0.963623 0.022827 1.180786 0.129150
0.817261 -0.059570 0.923462 0.017334 1.580811 0.178589
0.736328 -0.021362 0.852417 0.028564 1.921753 0.193359
0.637085 0.032715 0.766113 0.016602 2.143921 0.146606
0.593994 0.047729 0.671509 -0.003418 2.306396 0.104614
0.515137 0.079834 0.604980 -0.046875 2.498535 0.087646
0.364380 0.061035 0.545776 -0.139404 2.712036 0.084839
0.128052 0.024536 0.573608 -0.215942 2.905640 0.115479
0.042969 -0.027710 0.629517 -0.223511 3.024170 0.180664
-0.118286 -0.076416 0.680786 -0.194946 3.187256 0.258057
-0.305786 -0.086670 0.701660 -0.149292 3.295410 0.284668
-0.532349 -0.025391 0.626099 -0.142090 3.303711 0.256226
-0.520386 -0.011719 0.496338 -0.191162 3.149658 0.210449
-0.547241 -0.005493 0.398804 -0.255127 2.999512 0.143311
-0.546509 0.003784 0.320801 -0.356567 2.923950 0.051025
-0.687256 -0.001953 0.289551 -0.490112 2.925537 -0.015991
-0.675659 -0.093628 0.277466 -0.628906 2.865234 -0.052368
-0.681274 -0.253540 0.327881 -0.706299 2.848755 -0.070679
-0.878174 -0.377197 0.456787 -0.735352 2.806030 -0.174561
-1.047729 -0.403320 0.516602 -0.669678 2.665283 -0.251465
-1.390991 -0.380493 0.601685 -0.581543 2.467896 -0.289307
-1.625244 -0.450073 0.744873 -0.520386 2.065186 -0.359375
-1.688110 -0.522217 0.858521 -0.405029 1.617188 -0.343018
-1.757446 -0.505249 0.917725 -0.251465 1.238647 -0.274780
-1.670898 -0.409668 0.887573 -0.087646 0.886963 -0.131470
-1.467163 -0.306641 0.788330 0.066040 0.617676 0.055786
-1.221313 -0.209595 0.665894 0.156738 0.436646 0.210083
-0.951172 -0.150146 0.561768 0.200684 0.338013 0.324829
-0.807617 -0.113525 0.502441 0.199341 0.289673 0.344482
-0.718262 -0.081787 0.455811 0.166626 0.193848 0.279419
-0.657471 -0.111084 0.444946 0.091187 0.099731 0.176758
-0.635864 -0.169067 0.485840 0.017700 0.043823 0.056396
-0.665405 -0.150391 0.471191 -0.006470 0.044800 -0.028320
-0.738037 -0.152466 0.461060 -0.029663 0.087158 -0.069092
-0.812988 -0.159912 0.466919 -0.060181 0.122192 -0.086304
-0.852051 -0.181763 0.473999 -0.084595 0.122559 -0.081787
-0.908447 -0.184937 0.490112 -0.096313 0.104492 -0.066284
-0.978638 -0.189697 0.505981 -0.106934 0.058594 -0.047729
-1.019409 -0.209839 0.537476 -0.108643 -0.023193 -0.031250
-1.038574 -0.228271 0.561890 -0.094849 -0.131348 -0.027588
-1.022217 -0.223877 0.569458 -0.063477 -0.242188 -0.019897
-1.014526 -0.217651 0.569458 -0.034424 -0.342163 -0.013916
-0.990601 -0.217407 0.568115 -0.010864 -0.443237 -0.014038
-0.961914 -0.206543 0.556763 0.006348 -0.527222 -0.009277
-0.925049 -0.203003 0.549805 0.018799 -0.589600 0.002319
-0.946899 -0.188843 0.558594 0.019043 -0.631836 -0.002441
-0.997681 -0.176880 0.564331 -0.004395 -0.716309 -0.031372
-1.047974 -0.170044 0.568237 -0.045288 -0.874756 -0.072266
-1.095337 -0.194214 0.587402 -0.101440 -1.118164 -0.137207
-1.119995 -0.235107 0.632935 -0.151855 -1.412476 -0.206055
-1.098267 -0.285400 0.677612 -0.169922 -1.695557 -0.251709
-1.036499 -0.331665 0.703003 -0.140259 -1.907959 -0.272095
-0.980225 -0.337891 0.716919 -0.071289 -2.052124 -0.283813
-0.823242 -0.275146 0.677246 0.025146 -2.127930 -0.232300
-0.669678 -0.228516 0.615234 0.100342 -2.088989 -0.148071
-0.590820 -0.206421 0.609619 0.124390 -1.985107 -0.113892
-0.575928 -0.215332 0.641479 0.133179 -1.904419 -0.115967
-0.678589 -0.213745 0.683472 0.130127 -1.977417 -0.225220
-0.763428 -0.227417 0.722412 0.102661 -2.287964 -0.413208
-0.668701 -0.294678 0.742554 0.122559 -2.695313 -0.574585
-0.570190 -0.342407 0.755127 0.197754 -2.977051 -0.696167
-0.456177 -0.313721 0.688354 0.308594 -3.124878 -0.717896
-0.365845 -0.245850 0.688599 0.409424 -3.124634 -0.644531
-0.282349 -0.205200 0.681030 0.469116 -3.042358 -0.551880
-0.133057 -0.141968 0.676880 0.516479 -2.926514 -0.457397
-0.018311 -0.101563 0.674805 0.530762 -2.749390 -0.382202
0.009033 -0.064087 0.697266 0.484009 -2.610107 -0.337280
0.178345 -0.012817 0.709717 0.403809 -2.595581 -0.328003
0.336792 0.020508 0.710205 0.334961 -2.462524 -0.283813
0.357788 0.040527 0.741089 0.255737 -2.238892 -0.245605
0.429932 0.050903 0.764526 0.161377 -2.112305 -0.228882
0.479614 -0.013428 0.822144 0.091064 -2.007935 -0.244507
0.518188 -0.015137 0.861694 0.064819 -1.870605 -0.228149
0.710083 -0.061035 0.860107 0.044312 -1.675415 -0.156982
0.802368 -0.088989 0.850830 0.029419 -1.284058 -0.023560
0.768555 -0.092529 0.879517 0.005981 -0.878784 0.074097
0.665649 -0.108765 0.924805 -0.019775 -0.635132 0.086060
0.578369 -0.125977 0.953247 -0.023315 -0.558716 0.048096
0.561646 -0.145996 0.965454 -0.003662 -0.591064 -0.024414
0.580078 -0.167725 0.957031 0.027222 -0.631836 -0.111084
0.613525 -0.169922 0.943726 0.058960 -0.615356 -0.186401
0.581299 -0.160034 0.947021 0.076782 -0.519043 -0.224854
0.536865 -0.124634 0.944702 0.073242 -0.388794 -0.198120
0.524170 -0.098755 0.931152 0.064209 -0.243530 -0.116699
0.531616 -0.068726 0.912109 0.053589 -0.090820 -0.011230
0.547852 -0.049316 0.887939 0.027832 0.033691 0.066040
0.546997 -0.041260 0.876953 -0.013062 0.112549 0.104248
0.485474 -0.054932 0.875610 -0.061768 0.159668 0.112427
0.451538 -0.079834 0.901367 -0.097046 0.118042 0.066528
0.420044 -0.117676 0.949463 -0.116089 0.029175 -0.013916
0.399292 -0.148071 0.986938 -0.112427 -0.031616 -0.054565
0.395264 -0.172852 1.006836 -0.094604 -0.051392 -0.055908
0.409058 -0.178955 1.007080 -0.067139 -0.048584 -0.043945
0.418823 -0.178345 0.993164 -0.038208 -0.042603 -0.037231
0.459961 -0.167114 0.979492 -0.001221 -0.029663 -0.028687
0.469971 -0.144409 0.956055 0.027710 -0.000244 -0.024048
0.465088 -0.126587 0.948730 0.035156 0.021606 -0.023682
0.455933 -0.116333 0.933350 0.028931 0.042603 -0.011963
0.469116 -0.108643 0.926392 0.018311 0.035278 -0.005615
0.473389 -0.101563 0.923706 0.006226 0.029175 -0.007813
0.457642 -0.092407 0.929443 -0.006104 0.031982 -0.002441
0.449463 -0.094116 0.923950 -0.019409 0.034912 0.011841
0.453857 -0.099121 0.928345 -0.031128 0.048340 0.031738
0.456177 -0.108521 0.942505 -0.041870 0.064209 0.043701
0.467529 -0.129517 0.954224 -0.049683 0.072876 0.045044
0.481445 -0.144043 0.961914 -0.044067 0.101563 0.049316
0.491943 -0.148438 0.955078 -0.034668 0.140137 0.047607
0.459229 -0.141113 0.959839 -0.028687 0.173340 0.031372
0.425781 -0.130737 0.953979 -0.025391 0.175537 0.015747
0.408325 -0.123169 0.942383 -0.023926 0.146606 0.003784
0.380493 -0.122681 0.948242 -0.027100 0.110352 -0.012207
0.357666 -0.125610 0.957886 -0.030640 0.056152 -0.031006
0.358154 -0.134033 0.966919 -0.028442 0.007202 -0.034912
0.348999 -0.138184 0.970337 -0.029541 -0.012085 -0.015259
0.350464 -0.135864 0.967773 -0.026855 -0.028564 0.009277
0.386597 -0.141724 0.959595 -0.020508 -0.048096 0.023193
0.418213 -0.133423 0.960083 -0.015259 -0.058350 0.020996
0.468994 -0.139771 0.963135 -0.011353 -0.051758 0.011597
0.467529 -0.132935 0.960693 -0.007568 -0.014526 0.001221
0.453857 -0.129517 0.956543 -0.007324 0.010010 -0.008179
0.441528 -0.114014 0.949463 -0.004517 0.020142 -0.014160
0.418335 -0.105957 0.940186 -0.005737 0.019409 -0.019653
0.421143 -0.099487 0.930908 -0.013306 0.010376 -0.020874
0.407715 -0.097656 0.927124 -0.024902 0.010010 -0.019531
0.404541 -0.092163 0.925903 -0.041504 0.023804 -0.001587
0.414917 -0.097778 0.920776 -0.059082 0.048828 0.027344
0.412476 -0.102417 0.920776 -0.077759 0.080200 0.054688
0.413208 -0.124756 0.942261 -0.093506 0.099609 0.069336
0.407959 -0.148804 0.964844 -0.097534 0.106812 0.068115
0.405396 -0.174072 0.986572 -0.090210 0.092163 0.051758
0.387695 -0.193970 1.012207 -0.071655 0.054077 0.012207
0.379028 -0.193359 1.025391 -0.041138 -0.015503 -0.043335
0.367798 -0.195068 1.020386 -0.010498 -0.075684 -0.088989
0.341187 -0.170044 1.004395 0.018311 -0.105591 -0.107788
0.345337 -0.143188 0.972290 0.036865 -0.130737 -0.103516
0.380615 -0.120605 0.946777 0.042603 -0.142700 -0.081299
0.403198 -0.100708 0.941650 0.036377 -0.120117 -0.053711
0.421631 -0.093384 0.935913 0.021606 -0.087158 -0.026489
0.454956 -0.093384 0.935791 0.008667 -0.061035 -0.003540
0.471802 -0.094116 0.939209 -0.001221 -0.031494 0.008301
0.477417 -0.105469 0.936523 -0.013184 -0.003906 0.010132
0.464600 -0.112183 0.940674 -0.024780 0.019409 0.006470
