0.442749 -0.068726 0.988892 -0.013428 0.051147 -0.030762
0.476074 -0.071655 0.996704 -0.010376 0.109497 -0.022583
0.500244 -0.078125 1.010986 -0.001709 0.195068 -0.009888
0.488403 -0.070923 1.015137 0.011230 0.281616 0.000366
0.475586 -0.054077 0.990234 0.029419 0.353638 0.014893
0.423706 -0.031250 0.973389 0.034058 0.424194 0.023682
0.382568 -0.019775 0.951416 0.029541 0.458618 0.033813
0.341675 0.001587 0.930420 0.018311 0.472046 0.060669
0.325928 0.025757 0.900513 -0.010010 0.460449 0.098022
0.353394 0.056396 0.855103 -0.052002 0.456543 0.152710
0.354980 0.094482 0.815063 -0.130371 0.514282 0.195190
0.402344 0.105713 0.753052 -0.239746 0.631348 0.260254
0.435669 0.111450 0.717529 -0.358276 0.854126 0.345581
0.450439 0.090576 0.712280 -0.495117 1.123413 0.423096
0.437012 0.013672 0.769409 -0.620972 1.402588 0.490112
0.377075 -0.079590 0.885132 -0.698242 1.648804 0.524170
0.312988 -0.217407 1.046631 -0.713745 1.802490 0.514038
0.275391 -0.317261 1.164795 -0.641968 1.886475 0.475830
0.196777 -0.368164 1.218262 -0.522339 1.962158 0.409180
0.087280 -0.378174 1.179321 -0.387817 2.002563 0.355469
-0.075439 -0.331909 1.126343 -0.246826 1.971191 0.292847
-0.177490 -0.307251 1.076660 -0.135986 1.793579 0.184448
-0.214111 -0.291504 1.030518 -0.045410 1.599976 0.092285
-0.193726 -0.263672 0.942261 0.040527 1.517822 0.073853
-0.199219 -0.181030 0.836060 0.102051 1.607666 0.121094
-0.196533 -0.119141 0.730835 0.127808 1.822266 0.228760
-0.306519 -0.079102 0.699829 0.102661 2.022949 0.291870
-0.391968 -0.058960 0.696411 0.044678 2.049927 0.282959
-0.376953 -0.098633 0.708252 -0.014526 1.955200 0.255127
-0.378418 -0.151611 0.756226 -0.057007 1.873291 0.193115
-0.405151 -0.190063 0.783569 -0.078979 1.816650 0.112183
-0.443604 -0.192749 0.762695 -0.066406 1.793335 0.068970
-0.498535 -0.153687 0.750854 -0.050171 1.778564 0.035767
-0.499634 -0.154419 0.704224 -0.041260 1.773438 0.021729
-0.616455 -0.122681 0.690918 -0.045044 1.815430 0.002197
-0.766235 -0.154053 0.702148 -0.090576 1.816650 -0.020508
-0.847534 -0.200439 0.726440 -0.113281 1.741821 -0.017822
-0.880371 -0.221069 0.721802 -0.117920 1.650146 -0.005127
-0.919312 -0.223755 0.696289 -0.116333 1.563477 0.015015
-0.936768 -0.233154 0.666870 -0.118408 1.446045 0.012939
-0.897583 -0.254639 0.650024 -0.095581 1.299438 0.007568
-0.837891 -0.248413 0.638306 -0.053833 1.187866 0.003540
-0.867554 -0.193726 0.607422 -0.022217 1.162109 0.029297
-0.883057 -0.161499 0.591675 -0.007568 1.149658 0.064575
-0.916138 -0.159790 0.595093 -0.021729 1.119873 0.071655
-0.907837 -0.190796 0.601074 -0.035645 1.010498 0.043579
-0.833862 -0.177002 0.583130 -0.024048 0.871948 -0.001587
-0.758179 -0.198120 0.556396 -0.002808 0.807983 -0.017578
-0.784790 -0.150024 0.523315 0.018433 0.853516 -0.017822
-0.868042 -0.120728 0.507324 -0.000122 0.882568 -0.024414
-0.903687 -0.147705 0.514160 -0.033691 0.795776 -0.052856
-0.918213 -0.175781 0.531860 -0.048828 0.672241 -0.080688
-1.209717 -0.232300 0.711792 -0.035767 0.624634 -0.087769
-1.583130 -0.261841 0.760254 0.031738 0.612671 -0.086060
-0.861328 -0.238525 0.444214 0.082031 0.292236 0.189209
-0.751831 -0.092651 0.344971 0.089233 0.195190 0.173096
-0.756592 -0.075317 0.291504 0.064087 0.139771 0.069458
-0.812256 -0.112793 0.328857 0.001953 0.129150 0.015015
-1.105225 -0.171265 0.461182 -0.063232 0.166504 -0.051025
-1.077881 -0.203979 0.487183 -0.081909 0.079468 -0.031006
-0.918335 -0.167603 0.438477 -0.072632 -0.091431 -0.014282
-0.879761 -0.156006 0.434692 -0.070068 -0.219727 -0.054199
-0.910767 -0.138794 0.441650 -0.075562 -0.279175 -0.073486
-0.916260 -0.160767 0.467529 -0.090698 -0.289185 -0.069580
-0.933594 -0.157471 0.486816 -0.092163 -0.274170 -0.056763
-0.952881 -0.153320 0.507080 -0.097412 -0.275879 -0.039063
-0.973633 -0.139404 0.508057 -0.107666 -0.311157 -0.025757
-0.992188 -0.143188 0.511841 -0.134766 -0.391602 -0.029785
-1.039063 -0.160889 0.524780 -0.175537 -0.532104 -0.070679
-1.095337 -0.192505 0.547485 -0.214600 -0.750000 -0.127808
-1.089966 -0.269775 0.596313 -0.219727 -0.985229 -0.169556
-1.067505 -0.316650 0.628784 -0.166504 -1.123535 -0.173828
-1.073242 -0.320801 0.657227 -0.086182 -1.171387 -0.145020
-1.062378 -0.303833 0.661133 0.006104 -1.224487 -0.093018
-0.986450 -0.277100 0.653442 0.094482 -1.310059 -0.041016
-0.838379 -0.257813 0.632690 0.180664 -1.364868 0.018188
-0.748291 -0.214844 0.626831 0.251709 -1.331787 0.072510
-0.732544 -0.185913 0.640015 0.276611 -1.274048 0.101318
-0.751221 -0.166748 0.656738 0.277832 -1.281982 0.102783
-0.770386 -0.160889 0.678955 0.269287 -1.378052 0.072021
-0.769043 -0.167725 0.701050 0.256714 -1.532959 0.017334
-0.756592 -0.189941 0.709595 0.251099 -1.682861 -0.045654
-0.693726 -0.212524 0.717285 0.265869 -1.780518 -0.080688
-0.607544 -0.208618 0.717285 0.303101 -1.766602 -0.069092
-0.555786 -0.187744 0.735107 0.333862 -1.660889 -0.043335
-0.582153 -0.156372 0.760254 0.343384 -1.547852 -0.031372
-0.594482 -0.135132 0.776245 0.348022 -1.517578 -0.025635
-0.593384 -0.144531 0.824097 0.352051 -1.578369 -0.046143
-0.564941 -0.164063 0.855591 0.360962 -1.738770 -0.095825
-0.498291 -0.193848 0.876953 0.391724 -1.929565 -0.153931
-0.436279 -0.218018 0.885376 0.447021 -2.104858 -0.235962
-0.386475 -0.204224 0.872559 0.522949 -2.254761 -0.322998
-0.353149 -0.171753 0.856323 0.597534 -2.358887 -0.377075
-0.312988 -0.127808 0.834229 0.653809 -2.407471 -0.397095
-0.252441 -0.099854 0.825073 0.692017 -2.383179 -0.385254
-0.189819 -0.068604 0.800781 0.716553 -2.310913 -0.345947
-0.086182 0.021240 0.785767 0.714600 -2.227051 -0.274292
0.073608 0.093750 0.758179 0.680908 -2.071777 -0.172119
0.182861 0.160278 0.736816 0.609863 -1.804688 -0.050903
0.204346 0.210693 0.745728 0.498047 -1.526367 0.066528
0.226318 0.202759 0.781738 0.383179 -1.357910 0.139771
0.224243 0.186646 0.827148 0.293213 -1.349121 0.132202
0.270264 0.144897 0.862183 0.229614 -1.445557 0.082275
0.425171 0.103394 0.884644 0.200928 -1.544556 0.019897
0.464233 0.087280 0.896851 0.174438 -1.547729 -0.064941
0.457520 0.100220 0.890015 0.144409 -1.464111 -0.109131
0.459961 0.096802 0.897217 0.103516 -1.325317 -0.102661
0.447388 0.096558 0.899170 0.069336 -1.166260 -0.082764
0.446777 0.087402 0.907227 0.044678 -1.008667 -0.044800
0.432251 0.084961 0.914795 0.013428 -0.868042 -0.004150
0.411621 0.095093 0.900635 -0.021484 -0.789185 0.017456
0.410278 0.102417 0.876465 -0.054688 -0.789307 0.018188
0.414307 0.122314 0.854370 -0.095215 -0.817017 0.007324
0.424316 0.135010 0.841064 -0.139282 -0.830811 0.008301
0.459839 0.149414 0.817383 -0.187256 -0.786987 0.045288
0.486816 0.149902 0.809326 -0.249756 -0.687256 0.095337
0.500488 0.130981 0.843872 -0.316895 -0.562134 0.143311
0.481689 0.123413 0.851685 -0.370239 -0.451050 0.199463
0.484009 0.095947 0.861206 -0.416382 -0.396240 0.250244
0.564575 0.023315 0.895020 -0.442261 -0.384888 0.270630
0.673584 -0.035156 0.938721 -0.432251 -0.330566 0.253784
0.701782 -0.091797 1.010620 -0.422607 -0.216553 0.206177
0.665894 -0.135010 1.085693 -0.391602 -0.115234 0.149536
0.568481 -0.150879 1.127075 -0.327026 -0.060059 0.088623
0.505737 -0.142456 1.097778 -0.241943 -0.080078 0.041504
0.488281 -0.109497 1.035889 -0.158691 -0.134155 0.010986
0.474243 -0.074097 0.964844 -0.107178 -0.167725 -0.004883
0.464722 -0.046387 0.921143 -0.088379 -0.163818 -0.005493
0.430908 -0.024170 0.898560 -0.093872 -0.158325 -0.003418
0.422119 -0.016235 0.895630 -0.106323 -0.172729 0.008667
0.437134 -0.018311 0.903687 -0.116455 -0.199219 0.020874
0.466919 -0.028564 0.910645 -0.119385 -0.222778 0.025146
0.543213 -0.056885 0.921021 -0.118896 -0.220947 0.029663
0.617065 -0.095459 0.954712 -0.108154 -0.183838 0.028442
0.660156 -0.115723 0.985352 -0.094971 -0.127075 0.008667
0.631226 -0.120239 1.010620 -0.071411 -0.061768 -0.021729
0.589355 -0.101440 0.999268 -0.025024 -0.021606 -0.037598
0.538940 -0.067505 0.951294 0.014160 -0.008057 -0.045776
0.509155 -0.047485 0.911133 0.033936 -0.038818 -0.051758
0.484375 -0.032593 0.884033 0.034790 -0.064575 -0.048340
0.456665 -0.017578 0.878052 0.023682 -0.077271 -0.038574
0.460449 -0.030884 0.899048 0.005859 -0.090698 -0.038940
0.478149 -0.048706 0.926392 -0.004150 -0.104248 -0.030518
0.500488 -0.059814 0.935669 -0.003418 -0.109375 -0.019287
0.526245 -0.058350 0.942383 0.002075 -0.107910 -0.010010
0.554688 -0.057251 0.931274 0.013184 -0.085327 -0.009644
0.565918 -0.052246 0.916992 0.027344 -0.051636 -0.019531
0.545044 -0.047241 0.913208 0.036255 -0.020508 -0.032715
0.532471 -0.045898 0.902832 0.041626 -0.010376 -0.038940
0.531250 -0.037109 0.893921 0.042236 -0.007813 -0.038086
