0.431763 -0.143433 0.960693 -0.007568 -0.033081 -0.015259
0.416138 -0.134521 0.964233 -0.007935 -0.023193 -0.014893
0.414063 -0.127075 0.964600 -0.010498 -0.018555 -0.011597
0.414917 -0.127075 0.960693 -0.014282 -0.013794 -0.004028
0.423218 -0.131104 0.966431 -0.016113 -0.013550 0.001587
0.433960 -0.137329 0.968994 -0.015381 -0.010132 0.005859
0.441528 -0.146606 0.958984 -0.010742 -0.002686 0.004028
0.454712 -0.143433 0.958374 -0.006592 0.013672 0.002686
0.494385 -0.156494 0.958740 -0.003418 0.040161 0.003296
0.553467 -0.163696 0.961426 0.008057 0.096313 0.007813
0.614868 -0.182739 0.980469 0.033203 0.204956 0.017212
0.611084 -0.156860 0.967285 0.076294 0.364868 0.039185
0.697876 -0.101563 0.888306 0.098511 0.569702 0.091064
0.761353 -0.068726 0.811035 0.080444 0.914307 0.204956
0.774414 -0.062744 0.790894 0.015747 1.314575 0.300415
0.689453 -0.085693 0.802612 -0.064697 1.626831 0.271362
0.592407 -0.113892 0.838013 -0.114380 1.755737 0.156738
0.549194 -0.131470 0.845825 -0.140869 1.767822 0.002563
0.520752 -0.111572 0.797729 -0.152954 1.815430 -0.130493
0.416016 -0.022217 0.704834 -0.184326 1.986450 -0.179321
0.407227 0.010376 0.568481 -0.271484 2.280273 -0.141479
0.224243 0.011841 0.503418 -0.395508 2.680176 -0.079590
-0.045410 -0.053467 0.522217 -0.545166 2.907837 -0.106201
-0.149780 -0.143066 0.625854 -0.659912 2.878906 -0.143433
-0.290649 -0.187988 0.747437 -0.683960 2.781860 -0.187866
-0.395508 -0.177979 0.778809 -0.657104 2.650635 -0.224243
-0.382324 -0.151123 0.725220 -0.634766 2.531616 -0.214844
-0.346558 -0.171875 0.688843 -0.652588 2.527344 -0.167603
-0.505859 -0.169800 0.638062 -0.714600 2.615723 -0.127808
-0.625854 -0.188843 0.622803 -0.779907 2.628296 -0.054199
-0.689331 -0.310547 0.665405 -0.837769 2.530640 -0.030640
-0.645142 -0.437988 0.706177 -0.834717 2.358154 -0.050293
-0.716675 -0.524536 0.740479 -0.788086 2.187256 -0.113647
-0.814209 -0.489624 0.715576 -0.714111 2.001343 -0.144165
-0.839722 -0.421997 0.661377 -0.633545 1.848877 -0.099731
-0.970337 -0.477661 0.703613 -0.631836 1.745605 -0.084839
-0.949829 -0.567871 0.758911 -0.604858 1.488403 -0.105713
-0.897705 -0.546387 0.764404 -0.470825 1.265869 -0.077881
-0.991821 -0.507813 0.757324 -0.378540 1.144653 -0.039917
-1.606934 -0.663940 1.290039 -0.287964 0.968506 -0.026611
-1.431763 -0.744019 1.168091 -0.056152 0.661377 0.075317
-0.893433 -0.527832 0.689209 0.122070 0.492676 0.306885
-0.504272 -0.311523 0.376099 0.101929 0.527466 0.400513
-0.480835 -0.339111 0.411987 -0.076660 0.680908 0.276123
-0.740967 -0.351685 0.520142 -0.198975 0.767334 0.102905
-0.936157 -0.343750 0.582153 -0.241821 0.756592 0.034302
-0.891602 -0.371826 0.565796 -0.223755 0.671997 0.055542
-0.875244 -0.322021 0.525269 -0.171509 0.609253 0.105835
-0.851196 -0.268433 0.460205 -0.151245 0.536133 0.142456
-0.789185 -0.293213 0.439209 -0.150757 0.469360 0.168457
-0.794800 -0.324585 0.438599 -0.147217 0.415039 0.168945
-0.797363 -0.366699 0.472778 -0.133057 0.292358 0.123779
-0.749023 -0.377075 0.502808 -0.097290 0.140991 0.073120
-0.804810 -0.385376 0.528442 -0.069092 0.053467 0.028198
-0.865723 -0.409546 0.567139 -0.051514 -0.041260 -0.010010
-0.905884 -0.393433 0.586792 -0.021362 -0.148804 -0.025269
-0.886108 -0.398193 0.580444 0.008423 -0.248413 -0.013062
-0.846924 -0.363159 0.565063 0.057129 -0.302124 0.022705
-0.854370 -0.344849 0.553955 0.088623 -0.326538 0.056274
-0.872803 -0.328369 0.563232 0.109375 -0.380005 0.077881
-0.927734 -0.333252 0.583862 0.112671 -0.454712 0.086426
-0.948975 -0.331787 0.590576 0.108276 -0.561401 0.088013
-0.927734 -0.378784 0.595459 0.088013 -0.689331 0.071777
-0.958984 -0.382080 0.603638 0.058960 -0.855103 0.012451
-0.904907 -0.435303 0.612305 0.032471 -1.068604 -0.060791
-0.765503 -0.460693 0.647583 0.080688 -1.179077 -0.076172
-0.852783 -0.392334 0.668701 0.140503 -1.112549 -0.070068
-0.946411 -0.344482 0.682373 0.161621 -1.104370 -0.046265
-0.930664 -0.366699 0.720703 0.153687 -1.215576 -0.023926
-0.908813 -0.394165 0.746094 0.147705 -1.387695 -0.052246
-0.859497 -0.377808 0.750000 0.153198 -1.592896 -0.104858
-0.799805 -0.388062 0.760742 0.163452 -1.771729 -0.163940
-0.758789 -0.359863 0.757446 0.200073 -1.899414 -0.205078
-0.722534 -0.321167 0.737549 0.238525 -1.981445 -0.214966
-0.708374 -0.328247 0.724487 0.255493 -2.037109 -0.210449
-0.667358 -0.369995 0.754150 0.273193 -2.112061 -0.207031
-0.566650 -0.448120 0.788818 0.318115 -2.210327 -0.201294
-0.484619 -0.482422 0.836060 0.412842 -2.310547 -0.208252
-0.451416 -0.459839 0.842651 0.514526 -2.427612 -0.247192
-0.429443 -0.418213 0.826782 0.605591 -2.550659 -0.267578
-0.410034 -0.349487 0.824951 0.671021 -2.679688 -0.299072
-0.301880 -0.301392 0.778198 0.703735 -2.798218 -0.340332
-0.194946 -0.276978 0.760010 0.730103 -2.814697 -0.362793
-0.135620 -0.227173 0.733032 0.757446 -2.739624 -0.331177
-0.102295 -0.166748 0.706421 0.772461 -2.649048 -0.252075
0.011719 -0.091187 0.666626 0.745239 -2.587402 -0.154541
0.287231 -0.060303 0.618408 0.655762 -2.458496 -0.060669
0.388794 -0.061523 0.612305 0.517822 -2.171631 -0.009399
0.421143 -0.006348 0.646729 0.352905 -1.925171 0.011108
0.473877 0.000244 0.711182 0.196533 -1.747314 -0.003418
0.515625 -0.032959 0.773438 0.077148 -1.514648 0.008789
0.488403 -0.053345 0.835449 0.021484 -1.259277 0.022095
0.453003 -0.090454 0.894897 -0.006836 -1.078491 0.029297
0.445557 -0.144653 0.948730 -0.006836 -0.986572 0.023804
0.501587 -0.199219 0.966675 0.026855 -0.947144 0.015137
0.565308 -0.230713 0.968506 0.084717 -0.910889 -0.009521
0.583008 -0.213867 0.944458 0.129272 -0.869385 -0.060669
0.632446 -0.191772 0.923828 0.158325 -0.803223 -0.115845
0.639038 -0.177002 0.906616 0.171143 -0.673218 -0.159546
0.561768 -0.132568 0.909058 0.172485 -0.531372 -0.173218
0.528320 -0.099609 0.926392 0.158936 -0.458008 -0.167847
0.558472 -0.088135 0.919800 0.143921 -0.394165 -0.136230
0.551392 -0.073730 0.905762 0.122192 -0.292847 -0.091431
0.529663 -0.075562 0.915771 0.092773 -0.204346 -0.054321
0.523926 -0.090088 0.942139 0.068726 -0.156494 -0.035522
0.533813 -0.101196 0.946045 0.064209 -0.112671 -0.019287
0.542358 -0.099365 0.919312 0.068604 -0.069458 -0.008667
0.551880 -0.094482 0.905151 0.053345 -0.032227 -0.005493
0.542603 -0.089233 0.899780 0.022827 -0.004517 -0.008545
0.525757 -0.097534 0.906982 -0.000610 0.008911 -0.024536
0.501831 -0.111694 0.927002 -0.011963 0.016602 -0.043579
0.491333 -0.118774 0.937378 -0.014404 -0.001221 -0.061646
0.503418 -0.122437 0.930786 -0.011719 -0.022339 -0.075195
0.491333 -0.115723 0.933838 -0.014893 -0.011475 -0.077637
0.463623 -0.110107 0.931763 -0.022827 0.012817 -0.060303
0.452026 -0.101929 0.933228 -0.031372 0.033203 -0.029175
0.456909 -0.101074 0.930786 -0.036499 0.042725 -0.006958
0.467407 -0.100464 0.920898 -0.039307 0.051392 0.009155
0.475952 -0.098633 0.910034 -0.044922 0.070313 0.019287
0.487183 -0.104858 0.912231 -0.055054 0.079346 0.014771
0.488037 -0.112305 0.927246 -0.062500 0.072632 -0.008911
0.482910 -0.120117 0.940552 -0.059814 0.058350 -0.036499
0.475708 -0.124146 0.936401 -0.053101 0.052246 -0.051514
0.462036 -0.114014 0.939209 -0.045898 0.059937 -0.056274
0.443604 -0.111328 0.937134 -0.044922 0.078857 -0.049683
0.424927 -0.124512 0.946045 -0.050049 0.092529 -0.035034
0.427490 -0.134888 0.950317 -0.049438 0.089844 -0.022949
0.426270 -0.143799 0.956055 -0.041016 0.091797 -0.012817
0.416016 -0.134766 0.951050 -0.030640 0.084717 -0.012939
0.421143 -0.127930 0.945923 -0.032593 0.057373 -0.014160
0.436646 -0.118896 0.936646 -0.041382 0.037720 -0.018677
0.447754 -0.116577 0.932007 -0.051270 0.044189 -0.021606
0.440063 -0.119751 0.937744 -0.060791 0.063843 -0.026611
0.429199 -0.125244 0.948975 -0.067383 0.074463 -0.031006
0.416504 -0.138062 0.957764 -0.065796 0.076172 -0.037720
0.406372 -0.140747 0.970215 -0.056030 0.071533 -0.046143
0.403076 -0.144531 0.973145 -0.040894 0.063721 -0.052368
0.406860 -0.138428 0.969971 -0.020752 0.067993 -0.045410
0.392822 -0.129639 0.969482 -0.009644 0.081543 -0.034058
0.386841 -0.131348 0.965088 -0.002441 0.075439 -0.026611
0.389648 -0.140869 0.960083 0.004150 0.051758 -0.030518
0.390625 -0.139282 0.961914 0.008423 0.022217 -0.044067
0.392578 -0.135376 0.956177 0.009033 -0.006226 -0.060791
0.386597 -0.123779 0.954102 0.005127 -0.013916 -0.063721
0.385254 -0.117676 0.946167 -0.000244 -0.006470 -0.049927
0.389526 -0.107666 0.945557 -0.008423 0.002563 -0.027832
0.396606 -0.103027 0.937988 -0.016724 0.005127 -0.012085
0.410278 -0.104126 0.942017 -0.020630 0.001953 -0.007080
0.438232 -0.110840 0.938965 -0.018311 0.001099 -0.010986
0.436035 -0.109985 0.943481 -0.015747 0.006470 -0.026733
