0.224243 -0.202148 1.072754 0.108154 0.003784 -0.022949
0.219360 -0.187378 1.056396 0.136230 -0.003784 -0.037720
0.218384 -0.168579 1.042725 0.159180 -0.013184 -0.052368
0.218140 -0.150513 1.008789 0.171143 -0.023804 -0.064087
0.232422 -0.134033 0.993896 0.173828 -0.020508 -0.063965
0.261475 -0.130981 1.005981 0.167725 -0.006226 -0.057373
0.295776 -0.136353 1.014771 0.159180 0.019775 -0.052246
0.317871 -0.135620 1.033813 0.155518 0.059814 -0.043823
0.355957 -0.146973 1.054565 0.159424 0.116577 -0.031982
0.393188 -0.139160 1.063477 0.178101 0.213257 -0.003784
0.404175 -0.127197 1.072632 0.190430 0.354126 0.032715
0.401733 -0.130005 1.072266 0.203491 0.524292 0.075684
0.359375 -0.124023 1.060181 0.223389 0.680420 0.107788
0.288696 -0.118164 1.057617 0.245117 0.776611 0.104980
0.267822 -0.113770 1.031982 0.273438 0.814941 0.091309
0.210449 -0.097168 1.017456 0.303467 0.854736 0.102783
0.180908 -0.091553 1.004517 0.318604 0.873901 0.121826
0.192017 -0.075073 0.967407 0.329468 0.917114 0.155029
0.180664 -0.045288 0.937988 0.320801 1.013184 0.194336
0.148560 -0.035767 0.902100 0.284424 1.124756 0.234863
0.167847 -0.027344 0.877197 0.270508 1.243164 0.311157
0.192749 0.000854 0.883301 0.275879 1.408447 0.410522
0.167969 -0.002930 0.878174 0.254761 1.584229 0.451172
0.202148 -0.025513 0.871338 0.251953 1.717407 0.445068
0.135864 -0.005859 0.870117 0.262207 1.848389 0.404175
0.064575 -0.005127 0.836548 0.256226 1.886841 0.315918
-0.029907 0.055786 0.794189 0.270752 1.867432 0.224731
-0.142578 0.126221 0.720459 0.265991 1.869507 0.162354
-0.199829 0.136108 0.656738 0.200439 1.935547 0.139160
-0.257935 0.135620 0.602661 0.110596 2.080200 0.140381
-0.301514 0.111328 0.535522 -0.009155 2.183105 0.130127
-0.338501 0.061890 0.496216 -0.128906 2.184326 0.052002
-0.348511 0.006836 0.505737 -0.212891 2.119995 -0.058105
-0.432861 -0.005249 0.528198 -0.279175 2.057007 -0.195679
-0.602783 0.011108 0.565063 -0.345093 2.023438 -0.314575
-0.756348 -0.039307 0.614624 -0.421631 1.971558 -0.393188
-0.867310 -0.087769 0.650513 -0.453857 1.911743 -0.403320
-0.934692 -0.176636 0.691650 -0.447998 1.845581 -0.378052
-0.998413 -0.144531 0.680786 -0.377686 1.791260 -0.316040
-1.116577 -0.123901 0.675293 -0.346436 1.736084 -0.250366
-1.154785 -0.153198 0.678589 -0.329956 1.590210 -0.195435
-1.146362 -0.202393 0.685181 -0.291138 1.420532 -0.161499
-1.138550 -0.219604 0.676880 -0.227905 1.273071 -0.122681
-1.163086 -0.231812 0.686157 -0.151733 1.090088 -0.097046
-1.060303 -0.197876 0.667358 -0.056519 0.875244 -0.060181
-0.989746 -0.158081 0.638062 0.005737 0.739624 -0.025391
-0.963257 -0.118530 0.632568 0.034912 0.643677 -0.025513
-0.902344 -0.098267 0.612183 0.048950 0.569580 -0.010986
-0.812500 -0.074829 0.567993 0.056030 0.542236 0.025513
-0.784424 -0.047607 0.544312 0.033691 0.577026 0.032837
-0.859009 -0.039063 0.518677 -0.024170 0.618774 0.005249
-0.861816 -0.069336 0.531372 -0.075317 0.587769 -0.024536
-0.890137 -0.117065 0.539185 -0.116943 0.528198 -0.070923
-0.952759 -0.113525 0.549072 -0.128662 0.445679 -0.105347
-1.181030 -0.169556 0.699951 -0.114746 0.357788 -0.122681
-1.431885 -0.178101 0.786499 -0.029053 0.288086 -0.122681
-0.766357 -0.185181 0.491455 0.046265 0.038086 0.119995
-0.628784 -0.019897 0.359131 0.079712 0.054321 0.119995
-0.766479 -0.006592 0.368042 0.033936 0.130981 0.026367
-1.037476 -0.060913 0.504639 -0.026123 0.168823 -0.029175
-1.045044 -0.110107 0.526855 -0.064453 0.136963 0.005615
-0.876099 -0.102417 0.457764 -0.080566 0.040161 0.057983
-0.824707 -0.111572 0.444092 -0.093140 -0.030396 0.019531
-0.879395 -0.132446 0.487549 -0.103760 -0.082886 -0.045898
-0.931152 -0.132568 0.518311 -0.096436 -0.122192 -0.070801
-0.946045 -0.103516 0.514160 -0.088623 -0.165771 -0.059937
-0.936157 -0.098389 0.528320 -0.080933 -0.212402 -0.031128
-0.948853 -0.081299 0.539551 -0.071777 -0.238037 -0.002319
-0.984497 -0.092773 0.561646 -0.077271 -0.260010 0.003662
-1.017822 -0.110718 0.580322 -0.080566 -0.305542 -0.000610
-1.079712 -0.104004 0.596436 -0.077148 -0.401978 -0.011230
-1.131714 -0.115234 0.599731 -0.082764 -0.553223 -0.023315
-1.167114 -0.152344 0.634399 -0.088013 -0.734741 -0.040405
-1.240356 -0.143311 0.649902 -0.086548 -0.949707 -0.068359
-1.255859 -0.153320 0.650024 -0.084961 -1.216187 -0.072998
-1.170776 -0.241699 0.663696 -0.060181 -1.482300 -0.052246
-0.986694 -0.296143 0.686401 0.051270 -1.641235 -0.002563
-0.833984 -0.246582 0.648315 0.212036 -1.605957 0.086670
-0.799927 -0.126709 0.604736 0.316650 -1.475586 0.172607
-0.795654 -0.039185 0.582397 0.322388 -1.430786 0.202515
-0.785034 -0.004761 0.576416 0.268799 -1.520996 0.160889
-0.780762 -0.008545 0.609619 0.182617 -1.697510 0.065918
-0.786133 -0.043091 0.630981 0.100952 -1.916016 -0.038940
-0.718018 -0.130127 0.648682 0.050049 -2.116089 -0.119995
-0.583130 -0.229736 0.691772 0.066406 -2.203003 -0.177124
-0.483521 -0.258789 0.725464 0.157837 -2.160767 -0.190674
-0.381714 -0.203735 0.722046 0.296021 -2.030640 -0.108765
-0.344604 -0.103516 0.750000 0.404175 -1.848022 0.034424
-0.355835 -0.049927 0.799438 0.441528 -1.701660 0.147339
-0.408447 -0.021606 0.871216 0.437500 -1.670410 0.197510
-0.432617 -0.050537 0.914429 0.422974 -1.754883 0.159058
-0.427246 -0.051880 0.943726 0.431641 -1.922119 0.085938
-0.406128 -0.080566 0.940918 0.443237 -2.118896 -0.034546
-0.362671 -0.097900 0.931763 0.467041 -2.305298 -0.159302
-0.255249 -0.093750 0.895508 0.529541 -2.449341 -0.263916
-0.128906 -0.043091 0.835205 0.599121 -2.472046 -0.321289
0.021729 0.043945 0.758789 0.637085 -2.333862 -0.313843
0.101807 0.122681 0.698730 0.613037 -2.045654 -0.247803
0.103882 0.205200 0.673218 0.533447 -1.734497 -0.181519
0.134033 0.268066 0.635132 0.403931 -1.516846 -0.112427
0.210083 0.306885 0.630127 0.242920 -1.374268 -0.043335
0.335449 0.337646 0.640137 0.079468 -1.248779 -0.001343
0.421997 0.330444 0.685791 -0.092041 -1.071167 0.013306
0.439453 0.305054 0.748657 -0.255859 -0.860840 0.020264
0.402710 0.241821 0.837891 -0.393799 -0.719482 -0.001587
0.406372 0.186035 0.919312 -0.458130 -0.684570 -0.022217
0.434937 0.124023 0.993652 -0.478882 -0.668213 -0.039917
0.420044 0.055420 1.011353 -0.483276 -0.634521 -0.042480
0.387695 0.003662 1.003418 -0.459717 -0.612793 -0.033691
0.353760 -0.020142 0.998901 -0.427246 -0.607056 -0.010864
0.300293 -0.030273 1.003784 -0.403076 -0.606323 0.016602
0.259521 -0.042725 0.996338 -0.393188 -0.610107 0.048340
0.306519 -0.059937 0.986084 -0.382813 -0.600098 0.089722
0.376587 -0.072510 0.995361 -0.377441 -0.534180 0.094849
0.394287 -0.069458 1.036987 -0.379150 -0.441284 0.066040
0.360352 -0.078125 1.095581 -0.370972 -0.358643 0.012207
0.347290 -0.102417 1.140991 -0.340088 -0.307983 -0.032471
0.393066 -0.104004 1.146851 -0.282959 -0.271729 -0.052246
0.422607 -0.101196 1.132813 -0.226074 -0.198364 -0.047119
0.414185 -0.088623 1.115967 -0.169922 -0.096802 -0.024414
0.378784 -0.061279 1.080933 -0.120605 -0.011475 0.002319
0.358643 -0.050171 1.039917 -0.089844 0.018555 0.007324
0.356445 -0.046387 1.000244 -0.076050 0.012085 0.000488
0.350586 -0.046875 0.973633 -0.076660 0.005371 -0.014893
0.336670 -0.054565 0.976685 -0.083740 0.011963 -0.026855
0.317139 -0.056030 0.985962 -0.093994 0.025146 -0.034424
0.307251 -0.060425 0.997192 -0.102417 0.030273 -0.036133
0.316162 -0.069214 1.014771 -0.102051 0.024536 -0.042236
0.294434 -0.071777 1.034790 -0.096069 0.035522 -0.048096
0.270752 -0.077759 1.039795 -0.083984 0.045288 -0.040039
0.261230 -0.082642 1.030518 -0.067871 0.048096 -0.020630
0.253662 -0.078247 1.017578 -0.051514 0.049805 0.002563
0.254761 -0.072266 1.010254 -0.041992 0.035889 0.011475
0.271851 -0.075317 1.004028 -0.039307 0.005981 0.010254
0.293457 -0.073730 1.001465 -0.036255 -0.024536 0.000977
0.312500 -0.072388 1.011475 -0.033936 -0.044189 -0.009033
0.339844 -0.072021 1.002808 -0.031128 -0.046265 -0.013428
0.354858 -0.068115 1.002930 -0.025146 -0.026611 -0.018311
0.351807 -0.062012 1.007080 -0.023315 -0.002319 -0.029297
0.335938 -0.059204 1.005127 -0.022339 0.017090 -0.033813
0.304565 -0.055664 1.002686 -0.022827 0.033081 -0.032593
0.290161 -0.059326 1.004028 -0.019775 0.038208 -0.020020
0.294434 -0.065552 0.998779 -0.018799 0.032349 -0.010620
0.290527 -0.070190 1.003174 -0.018311 0.026245 -0.009277
0.290894 -0.070190 1.005493 -0.016724 0.025879 -0.006348
0.280762 -0.065796 1.007080 -0.017334 0.035156 0.001953
0.272949 -0.060913 1.010010 -0.021118 0.031006 0.003296
0.260986 -0.061768 1.013550 -0.026245 0.016968 0.000122
0.269775 -0.060181 1.011108 -0.026978 -0.009888 -0.000977
0.272461 -0.067017 1.022949 -0.031250 -0.023682 -0.003540
