0.573853 0.029541 0.923706 -0.020020 0.002563 -0.019897
0.598999 0.019409 0.931763 -0.008301 0.013916 -0.030640
0.615845 0.009888 0.941406 0.011475 0.035400 -0.045532
0.609619 0.026245 0.939575 0.035400 0.066406 -0.059326
0.600708 0.033936 0.929077 0.054321 0.095459 -0.071167
0.608643 0.042480 0.908569 0.067261 0.120972 -0.077271
0.622192 0.065430 0.891846 0.076050 0.163696 -0.078735
0.634521 0.076782 0.890381 0.074951 0.224731 -0.074463
0.662720 0.084717 0.890625 0.070557 0.303589 -0.062622
0.681763 0.095459 0.894653 0.068481 0.414917 -0.033569
0.696411 0.109253 0.893677 0.063965 0.559814 0.013184
0.694336 0.091553 0.895508 0.056885 0.726929 0.059570
0.690430 0.071777 0.912109 0.064819 0.890015 0.099487
0.681396 0.036865 0.947754 0.091553 1.049194 0.129517
0.650757 0.031982 0.987305 0.144043 1.194092 0.139038
0.569946 0.027832 0.992065 0.187866 1.298828 0.119507
0.503052 0.032715 0.984741 0.238525 1.330078 0.078613
0.423462 0.074829 0.956177 0.290894 1.333862 0.042725
0.342529 0.117676 0.909912 0.313599 1.320801 0.009521
0.312500 0.200806 0.825317 0.292969 1.295532 -0.012939
0.348267 0.220703 0.759277 0.221436 1.335327 -0.005981
0.371460 0.222290 0.723755 0.127197 1.510864 0.027954
0.350830 0.255127 0.699341 0.037354 1.776855 0.109985
0.278809 0.210327 0.714233 -0.069214 2.069458 0.179321
0.165894 0.151001 0.756958 -0.161255 2.190918 0.176880
0.086426 0.103027 0.824585 -0.210083 2.120361 0.101929
0.084961 0.061279 0.875977 -0.228638 1.948242 0.006592
0.098877 0.002075 0.937012 -0.217041 1.854248 -0.046265
0.014282 0.026611 0.958008 -0.177368 1.885498 -0.064331
-0.049805 0.057617 0.893677 -0.161621 1.933228 -0.071289
-0.128906 0.049683 0.833252 -0.165283 1.952271 -0.090454
-0.135010 0.102051 0.801636 -0.162842 1.941406 -0.118530
-0.124146 0.127197 0.733521 -0.185425 1.993042 -0.141846
-0.283325 0.144287 0.696045 -0.256104 2.103271 -0.178955
-0.441650 0.129517 0.684448 -0.345337 2.131592 -0.198730
-0.464478 0.072510 0.694580 -0.410645 2.064087 -0.186157
-0.460571 0.029785 0.700928 -0.452026 2.018799 -0.179565
-0.524414 -0.016602 0.692261 -0.489990 2.046509 -0.186401
-0.589600 -0.068848 0.699341 -0.502441 2.051880 -0.210327
-0.641602 -0.075684 0.672607 -0.478271 2.042603 -0.219849
-0.735718 -0.111206 0.698975 -0.463745 2.001953 -0.235718
-0.772461 -0.112183 0.704834 -0.419067 1.896851 -0.256958
-0.794922 -0.090942 0.673096 -0.385132 1.789063 -0.272217
-0.887695 -0.084595 0.677368 -0.380371 1.684814 -0.295898
-0.929688 -0.108643 0.691040 -0.383667 1.536621 -0.316284
-0.943970 -0.193359 0.716553 -0.380127 1.390381 -0.308838
-0.957153 -0.196777 0.718872 -0.336304 1.288818 -0.258911
-0.937500 -0.145142 0.647583 -0.286621 1.254150 -0.180298
-0.903198 -0.110718 0.604858 -0.253052 1.248901 -0.096924
-0.960693 -0.135986 0.618042 -0.261841 1.191650 -0.092651
-0.982910 -0.154297 0.649170 -0.256226 1.036621 -0.120361
-0.952271 -0.162476 0.645142 -0.222656 0.876709 -0.130615
-0.957642 -0.133423 0.640259 -0.188232 0.792480 -0.122559
-0.963867 -0.146973 0.638306 -0.168579 0.729370 -0.113159
-0.898071 -0.125488 0.605469 -0.125854 0.659546 -0.097778
-0.879150 -0.103760 0.558838 -0.114014 0.615234 -0.095581
-0.839478 -0.118896 0.550415 -0.120117 0.593994 -0.097290
-0.867432 -0.092651 0.523315 -0.121094 0.618408 -0.085327
-0.919800 -0.114502 0.517578 -0.145386 0.615479 -0.084106
-0.942139 -0.127075 0.520020 -0.151733 0.570923 -0.073853
-0.950562 -0.142578 0.506836 -0.152832 0.523193 -0.059570
-0.952271 -0.158691 0.503906 -0.149902 0.469360 -0.053833
-0.965210 -0.157837 0.492920 -0.140991 0.417969 -0.056396
-0.952148 -0.150879 0.477661 -0.131348 0.354736 -0.060913
-0.922241 -0.140625 0.457764 -0.125000 0.301880 -0.061401
-0.923706 -0.138794 0.452881 -0.128052 0.265747 -0.073364
-0.939819 -0.123779 0.452148 -0.129639 0.226563 -0.082397
-0.932739 -0.134155 0.456299 -0.131470 0.178345 -0.090088
-0.897217 -0.147217 0.459351 -0.119263 0.167358 -0.078003
-0.945801 -0.144775 0.468140 -0.116455 0.188110 -0.071899
-1.020874 -0.162964 0.502563 -0.110962 0.156372 -0.075806
-1.060425 -0.180542 0.514160 -0.093506 0.073608 -0.069458
-1.023193 -0.161011 0.477783 -0.073853 -0.032837 -0.041016
-0.991211 -0.133789 0.428345 -0.067505 -0.121460 -0.026245
-0.931641 -0.130859 0.408447 -0.075317 -0.176758 -0.008911
-0.923096 -0.146851 0.420166 -0.096924 -0.221069 -0.025024
-0.944946 -0.145630 0.430176 -0.106323 -0.265015 -0.038452
-1.003418 -0.146973 0.454102 -0.110352 -0.302002 -0.027588
-1.096069 -0.162842 0.490601 -0.118164 -0.359863 -0.013428
-1.191284 -0.189331 0.540283 -0.120850 -0.472534 -0.004395
-1.260620 -0.221802 0.589722 -0.105713 -0.645264 0.005737
-1.297119 -0.258423 0.625732 -0.067749 -0.851563 0.011963
-1.330566 -0.257080 0.630493 -0.017944 -1.088135 0.015259
-1.330566 -0.265869 0.609253 0.029907 -1.370117 0.015381
-1.303589 -0.255371 0.593506 0.069092 -1.725464 -0.023438
-1.222168 -0.275391 0.574829 0.111206 -2.076416 -0.057983
-1.036133 -0.310913 0.576660 0.204468 -2.319458 -0.032471
-0.887329 -0.283936 0.573364 0.319702 -2.391968 -0.003906
-0.798462 -0.249878 0.556763 0.411743 -2.372803 0.004272
-0.704956 -0.201538 0.538696 0.489990 -2.361328 0.014771
-0.627441 -0.152222 0.547974 0.529053 -2.365845 0.006470
-0.575684 -0.131226 0.549194 0.539063 -2.380371 -0.020996
-0.563599 -0.115967 0.568604 0.535034 -2.426636 -0.074341
-0.526611 -0.106445 0.586182 0.526855 -2.516479 -0.124023
-0.403931 -0.102051 0.588867 0.522705 -2.603760 -0.173828
-0.278687 -0.090820 0.624512 0.510620 -2.597534 -0.225342
-0.175171 -0.049683 0.640381 0.495361 -2.468628 -0.248657
-0.121948 -0.015991 0.672119 0.471436 -2.249878 -0.218628
-0.120728 0.009644 0.733887 0.432861 -2.044800 -0.191406
-0.121704 0.018433 0.793457 0.393921 -1.937012 -0.193481
-0.077271 0.019409 0.850586 0.369507 -1.922119 -0.209229
0.021729 0.029541 0.870605 0.355225 -1.936401 -0.238770
0.119263 0.059082 0.868286 0.338257 -1.876831 -0.246094
0.167847 0.092773 0.867554 0.306641 -1.717896 -0.225342
0.244141 0.121826 0.857422 0.262695 -1.527710 -0.186157
0.326782 0.132080 0.851929 0.207153 -1.326294 -0.151855
0.369751 0.138306 0.869507 0.144165 -1.142822 -0.152466
0.398193 0.170410 0.886108 0.083862 -1.002563 -0.181030
0.397705 0.173218 0.887939 0.011963 -0.861572 -0.203491
0.382202 0.160034 0.895508 -0.056396 -0.726929 -0.211548
0.318115 0.136230 0.920410 -0.121216 -0.624512 -0.223755
0.233154 0.101563 0.944580 -0.182251 -0.606201 -0.249512
0.173340 0.064087 0.955322 -0.231323 -0.646606 -0.260986
0.139648 0.033569 0.961548 -0.265259 -0.676758 -0.243286
0.146118 0.007568 0.958618 -0.296875 -0.675659 -0.221558
0.202148 -0.026123 0.950439 -0.334839 -0.625610 -0.185791
0.235107 -0.044678 0.974854 -0.374268 -0.478271 -0.118652
0.194946 -0.054810 1.008057 -0.411255 -0.288086 -0.049072
0.156738 -0.063354 1.052246 -0.429321 -0.153076 0.010620
0.159912 -0.087036 1.074707 -0.423584 -0.119873 0.031372
0.167358 -0.106079 1.103760 -0.392456 -0.143921 0.021362
0.167603 -0.117798 1.132813 -0.337280 -0.215454 -0.006592
0.171509 -0.131714 1.131470 -0.284058 -0.302856 -0.040039
0.189453 -0.136963 1.129639 -0.239868 -0.362549 -0.053467
0.229004 -0.132324 1.108032 -0.187744 -0.387939 -0.053467
0.260376 -0.119873 1.085327 -0.145630 -0.388794 -0.057129
0.293335 -0.100464 1.069458 -0.120850 -0.362305 -0.056274
0.299927 -0.086914 1.057983 -0.108276 -0.297852 -0.039307
0.291504 -0.083740 1.052124 -0.098999 -0.222046 -0.007202
0.305664 -0.080078 1.049805 -0.082153 -0.172852 0.019043
0.314575 -0.087158 1.042236 -0.067871 -0.142456 0.026123
0.312744 -0.084839 1.032104 -0.060547 -0.124268 0.022705
0.311768 -0.087891 1.014160 -0.053467 -0.128296 0.012817
0.311646 -0.088257 1.003296 -0.048706 -0.151611 -0.004639
0.311401 -0.108154 1.005737 -0.052612 -0.180786 -0.027222
0.321045 -0.113403 1.007568 -0.048828 -0.202148 -0.044800
0.314697 -0.104370 1.012939 -0.035645 -0.185913 -0.055664
0.284790 -0.113647 1.046509 -0.024536 -0.107910 -0.051636
0.271240 -0.125488 1.046875 -0.012085 -0.064331 -0.047607
0.265259 -0.125977 1.038452 0.002441 -0.034546 -0.024292
0.267822 -0.105957 1.026733 0.021973 -0.018066 0.000732
0.264282 -0.089355 1.014526 0.031372 -0.006592 0.010254
0.269897 -0.074951 1.004761 0.034058 -0.001099 0.020996
0.265503 -0.058472 0.997803 0.029785 0.009277 0.031494
0.280640 -0.054199 0.976807 0.018677 0.008179 0.031982
0.299927 -0.047363 0.970703 0.006714 -0.012695 0.010742
0.303833 -0.040771 0.961426 -0.013184 -0.026489 -0.011597
0.298706 -0.051392 0.975098 -0.036133 -0.023926 -0.021118
0.294800 -0.066772 0.988037 -0.053223 -0.012451 -0.017944
0.289673 -0.083862 1.005981 -0.062988 0.000244 -0.016968
