0.678467 -0.087769 0.922363 -0.020752 0.234497 -0.010864
0.708130 -0.089966 0.934082 -0.001099 0.338867 -0.008057
0.723877 -0.078247 0.934204 0.021729 0.485840 0.017212
0.713135 -0.064087 0.924683 0.031128 0.656738 0.044800
0.675171 -0.046387 0.908936 0.027588 0.821289 0.064575
0.641357 -0.031128 0.886475 0.030396 0.970581 0.113892
0.582153 -0.014404 0.862183 0.026001 1.104126 0.166748
0.520508 -0.006226 0.844727 0.004639 1.196899 0.193848
0.507935 -0.029907 0.864624 -0.026489 1.232910 0.195313
0.512939 -0.058105 0.896240 -0.053711 1.298462 0.180908
0.469238 -0.083740 0.929932 -0.081055 1.409058 0.162231
0.473999 -0.091553 0.937012 -0.094971 1.535400 0.167603
0.445923 -0.071899 0.915649 -0.094360 1.742554 0.204346
0.323486 -0.052490 0.861938 -0.107422 1.982422 0.241333
0.167603 -0.043945 0.858154 -0.118652 2.100464 0.253174
0.089722 -0.061523 0.889038 -0.114136 2.059570 0.214478
0.028687 -0.096802 0.935303 -0.089600 1.969604 0.143555
-0.009644 -0.126343 0.960693 -0.062866 1.874634 0.062988
-0.016479 -0.153809 0.951050 -0.036865 1.836182 0.015625
-0.023926 -0.175659 0.948730 -0.000488 1.872925 0.018433
-0.062744 -0.113525 0.908203 0.039795 1.962036 0.041626
-0.166748 -0.086914 0.869263 0.043945 2.061279 0.072144
-0.255493 -0.058105 0.849121 0.051147 2.043823 0.064453
-0.317139 -0.017456 0.818604 0.051025 1.901978 0.023682
-0.333740 -0.021729 0.785278 0.020264 1.722656 -0.051514
-0.315308 -0.039795 0.775513 -0.020630 1.597656 -0.127075
-0.237793 -0.010376 0.707397 -0.052246 1.604736 -0.139160
-0.197021 -0.047485 0.688110 -0.096680 1.780640 -0.092773
-0.226563 -0.057373 0.673218 -0.135864 1.992065 -0.080322
-0.270508 -0.065674 0.634521 -0.156494 2.125610 -0.072266
-0.435303 -0.017578 0.627319 -0.201050 2.124634 -0.153809
-0.584229 -0.059937 0.638550 -0.281250 1.949097 -0.308350
-0.667725 -0.125000 0.656250 -0.352905 1.689453 -0.462280
-0.720337 -0.180908 0.656616 -0.400757 1.518188 -0.531982
-0.760986 -0.194580 0.636108 -0.421509 1.510620 -0.487183
-0.844849 -0.220825 0.624146 -0.435913 1.593384 -0.390991
-0.936523 -0.218750 0.585327 -0.437256 1.647827 -0.296387
-1.015015 -0.260498 0.605591 -0.454834 1.601807 -0.245117
-1.040283 -0.299072 0.632202 -0.447754 1.487427 -0.205566
-1.118530 -0.359009 0.703613 -0.433838 1.335693 -0.206299
-1.197876 -0.347778 0.751465 -0.375610 1.109497 -0.210938
-1.182251 -0.380371 0.804688 -0.292480 0.845825 -0.184692
-1.403809 -0.451416 1.065063 -0.177979 0.656128 -0.140381
-1.723999 -0.490234 1.183105 0.010010 0.486938 -0.135864
-0.638672 -0.307617 0.603149 0.238892 0.037109 0.273438
-0.779053 -0.083862 0.553467 0.267212 0.201050 0.298828
-0.703369 -0.077026 0.451538 0.223755 0.223389 0.244263
-0.569946 -0.091675 0.432007 0.146118 0.176880 0.219604
-0.571045 -0.110107 0.435913 0.050537 0.222778 0.145142
-0.642578 -0.131470 0.463379 -0.035522 0.291016 0.081787
-0.682983 -0.143433 0.492310 -0.094971 0.309570 0.036743
-0.799438 -0.172485 0.566895 -0.154907 0.303589 -0.020020
-1.038086 -0.250000 0.756104 -0.183350 0.261963 -0.062378
-1.239258 -0.336670 0.843872 -0.152588 0.167725 -0.086548
-0.813843 -0.304199 0.643799 -0.067749 -0.079102 0.053711
-0.836060 -0.222656 0.589600 -0.002197 -0.135498 0.039185
-0.844727 -0.191162 0.585815 0.024658 -0.188354 0.004028
-0.855713 -0.189087 0.598877 0.024658 -0.252319 -0.007813
-0.889160 -0.185547 0.617310 0.012085 -0.294922 -0.013306
-0.774658 -0.190918 0.588989 0.028198 -0.312744 0.025757
-0.736816 -0.149780 0.567749 0.035156 -0.246216 0.052734
-0.777100 -0.141968 0.568237 0.007324 -0.186279 0.043213
-0.816772 -0.119995 0.571777 -0.020630 -0.214355 0.016846
-0.856445 -0.103882 0.563110 -0.067505 -0.293823 -0.020630
-0.912354 -0.124023 0.577759 -0.138428 -0.380371 -0.056885
-0.903442 -0.237427 0.617432 -0.206543 -0.482056 -0.095825
-0.895264 -0.328369 0.699219 -0.197510 -0.584717 -0.134888
-0.938843 -0.324585 0.751343 -0.120728 -0.678833 -0.145020
-0.992188 -0.292358 0.781006 -0.041138 -0.761719 -0.099487
-0.950073 -0.285889 0.794556 0.036499 -0.858765 -0.019043
-0.902954 -0.273438 0.798950 0.107788 -0.928711 0.054077
-0.911499 -0.246948 0.803345 0.163208 -1.002075 0.089111
-0.891357 -0.236084 0.792603 0.202026 -1.136841 0.091431
-0.878418 -0.244995 0.787598 0.237671 -1.314819 0.056641
-0.887451 -0.240112 0.776123 0.264893 -1.522949 0.001465
-0.873779 -0.234497 0.766357 0.289185 -1.742188 -0.033569
-0.831421 -0.238892 0.759521 0.304321 -1.927612 -0.044922
-0.723389 -0.258057 0.747192 0.326416 -2.044922 -0.051270
-0.669189 -0.262695 0.759155 0.362427 -2.076782 -0.062866
-0.646973 -0.234375 0.754272 0.401123 -2.094482 -0.065430
-0.601685 -0.206787 0.758545 0.433594 -2.143555 -0.064087
-0.543213 -0.212280 0.775879 0.458130 -2.217651 -0.091919
-0.500732 -0.217041 0.788330 0.489746 -2.314575 -0.149536
-0.450928 -0.213623 0.793091 0.543579 -2.423950 -0.207275
-0.399658 -0.192505 0.791382 0.602905 -2.548462 -0.272461
-0.340942 -0.173828 0.811890 0.658203 -2.664063 -0.336060
-0.251953 -0.148193 0.806030 0.714355 -2.744507 -0.382080
-0.121338 -0.105957 0.805054 0.766846 -2.767334 -0.390503
-0.028198 -0.074341 0.811157 0.800537 -2.704102 -0.375488
0.020386 -0.009033 0.818359 0.828247 -2.605469 -0.338501
0.110840 0.042358 0.797852 0.834229 -2.508057 -0.274902
0.206543 0.072021 0.774536 0.819336 -2.403442 -0.225464
0.267578 0.114990 0.748413 0.795166 -2.297363 -0.201294
0.313232 0.161987 0.722412 0.747070 -2.210083 -0.181885
0.382080 0.193115 0.682251 0.675903 -2.128784 -0.159546
0.446777 0.210449 0.662964 0.594971 -2.025269 -0.148804
0.474609 0.231079 0.653564 0.516235 -1.904419 -0.134644
0.496460 0.267700 0.649780 0.423584 -1.795410 -0.108398
0.557007 0.278564 0.649902 0.312988 -1.685181 -0.064819
0.611694 0.278320 0.654175 0.207642 -1.558594 -0.016113
0.624146 0.265747 0.657593 0.104492 -1.430298 0.031250
0.701172 0.260376 0.672241 0.021484 -1.300537 0.088135
0.763306 0.240967 0.696533 -0.050415 -1.144043 0.125732
0.804077 0.216797 0.717041 -0.110840 -0.949097 0.169434
0.850708 0.198364 0.736206 -0.155151 -0.748657 0.222290
0.873291 0.177124 0.765991 -0.191284 -0.563232 0.239502
0.845703 0.143311 0.780273 -0.227417 -0.397339 0.234619
0.769287 0.127686 0.789185 -0.250000 -0.286133 0.218750
0.690308 0.116699 0.801514 -0.267334 -0.271362 0.189819
0.684326 0.088989 0.796631 -0.275024 -0.301514 0.164429
0.718506 0.070801 0.806274 -0.275024 -0.304688 0.146606
0.730469 0.057495 0.824219 -0.276733 -0.264771 0.126221
0.703613 0.043823 0.858398 -0.275146 -0.206665 0.115112
0.719971 0.005493 0.875977 -0.264038 -0.142822 0.120117
0.750488 -0.022461 0.897705 -0.238647 -0.064453 0.131348
0.729370 -0.018311 0.913452 -0.207642 -0.005371 0.113403
0.719849 -0.019043 0.920898 -0.178345 0.002930 0.074707
0.708862 -0.019897 0.905762 -0.142456 0.004883 0.034424
0.662231 0.000732 0.890991 -0.105591 0.017456 0.006714
0.624512 0.012817 0.870728 -0.083008 0.018677 -0.007935
0.598755 0.018921 0.860596 -0.072998 0.002441 -0.015991
0.599487 0.016235 0.856567 -0.067383 -0.004883 -0.014038
0.605469 0.019165 0.857178 -0.059448 0.006226 -0.001709
0.619019 0.015137 0.857300 -0.052490 0.013062 0.009033
0.630615 0.011108 0.854614 -0.042847 0.011597 0.011719
0.630615 0.021118 0.852173 -0.034180 0.005005 0.005981
0.638550 0.020264 0.841553 -0.026978 -0.006836 -0.003662
0.665894 0.025146 0.834961 -0.020142 0.001465 -0.008789
0.654907 0.031860 0.839111 -0.020996 0.028076 -0.015259
0.639893 0.036377 0.826538 -0.024048 0.044556 -0.015259
0.647949 0.027344 0.823486 -0.028687 0.051514 -0.012451
0.655151 0.030884 0.815796 -0.029297 0.075073 -0.006592
0.636597 0.038086 0.821411 -0.034668 0.107544 -0.001465
0.620850 0.038574 0.829468 -0.046021 0.121094 0.001953
0.611084 0.034180 0.840210 -0.057007 0.111572 0.002319
0.612793 0.028076 0.840088 -0.065796 0.105957 0.006836
0.604370 0.023438 0.849243 -0.072266 0.114746 0.016479
0.590454 0.028809 0.851685 -0.073486 0.120483 0.026733
0.588623 0.016846 0.859741 -0.075928 0.107300 0.028931
0.579956 0.008179 0.869629 -0.072266 0.078003 0.021973
0.579956 0.004028 0.876831 -0.062744 0.044434 0.012207
0.590698 -0.000488 0.876831 -0.052612 0.019897 0.006104
0.613892 -0.003174 0.869019 -0.041382 0.023071 0.005127
0.625244 0.000732 0.870361 -0.032104 0.049438 0.000610
0.617920 0.004639 0.875854 -0.024780 0.069580 -0.008301
0.616333 0.000244 0.881714 -0.021240 0.074829 -0.016846
0.600586 0.005981 0.871826 -0.017578 0.071045 -0.023071
0.573486 0.013306 0.872070 -0.011230 0.052246 -0.027832
0.555176 0.023315 0.861816 -0.008057 0.021240 -0.030029
0.551270 0.028320 0.853638 -0.011963 -0.000488 -0.024170
