0.268921 -0.117676 1.006470 -0.054199 -0.012085 -0.013062
0.261108 -0.111938 1.003784 -0.054199 -0.025757 -0.013672
0.268677 -0.108032 0.996948 -0.055420 -0.038574 -0.012817
0.267212 -0.102783 0.989746 -0.060181 -0.045532 -0.007446
0.270996 -0.104248 0.977661 -0.069458 -0.050415 0.001343
0.277100 -0.105591 0.971924 -0.080444 -0.056030 0.005737
0.291870 -0.109985 0.967651 -0.088379 -0.061523 0.000854
0.307373 -0.106567 0.959351 -0.088867 -0.059204 -0.002075
0.336304 -0.102661 0.963501 -0.094116 -0.045532 0.002319
0.349609 -0.105957 0.956543 -0.110229 -0.016479 0.016968
0.405151 -0.104736 0.964844 -0.117432 0.018555 0.046753
0.519531 -0.096069 0.936035 -0.119263 0.073730 0.061035
0.631470 -0.093628 0.904053 -0.134644 0.211670 0.062012
0.748047 -0.093018 0.878052 -0.169189 0.451050 0.085083
0.871948 -0.131348 0.871094 -0.210938 0.805176 0.131470
1.048584 -0.235596 0.873535 -0.230591 1.276489 0.165039
1.106689 -0.242676 0.828247 -0.199219 1.861816 0.192871
0.965454 -0.256592 0.814453 -0.184326 2.500732 0.195190
0.779297 -0.233276 0.793579 -0.162476 3.030029 0.160522
0.499878 -0.224121 0.785278 -0.155518 3.402344 0.080566
0.321655 -0.179565 0.666138 -0.173218 3.618408 -0.002319
0.001343 -0.100342 0.490601 -0.189331 3.871582 -0.034546
-0.351318 0.000000 0.342651 -0.275879 3.999878 -0.089111
-0.559204 -0.015503 0.182617 -0.425293 3.999878 -0.097168
-0.803467 -0.036865 0.202637 -0.636597 3.999878 -0.143066
-0.979126 -0.127808 0.306030 -0.840088 3.875488 -0.209473
-1.059692 -0.226318 0.385620 -0.901489 3.618530 -0.246460
-1.103638 -0.307251 0.388550 -0.886108 3.329712 -0.262451
-1.154419 -0.328857 0.416748 -0.847168 3.038330 -0.248779
-1.144775 -0.372925 0.434570 -0.789673 2.677612 -0.198486
-1.238525 -0.418457 0.493042 -0.750732 2.303955 -0.174561
-1.279419 -0.402954 0.511597 -0.658569 1.873657 -0.149902
-1.294678 -0.421387 0.548828 -0.572021 1.462158 -0.134399
-1.214844 -0.436157 0.545532 -0.467285 1.058105 -0.150513
-1.106934 -0.399902 0.480103 -0.367310 0.776245 -0.125732
-1.042847 -0.408325 0.453979 -0.323120 0.633179 -0.089722
-0.964233 -0.392578 0.424927 -0.274170 0.567871 -0.023438
-0.963013 -0.418701 0.447632 -0.256104 0.532715 0.010864
-1.120605 -0.486938 0.628296 -0.235840 0.440796 -0.005493
-1.184692 -0.544067 0.717773 -0.155396 0.270142 -0.010864
-1.238892 -0.570313 0.784912 -0.040527 0.074219 0.002319
-1.102539 -0.480225 0.646851 0.098877 -0.147339 0.061523
-1.044434 -0.375854 0.534180 0.166992 -0.290649 0.096313
-1.011108 -0.351074 0.513672 0.179199 -0.415771 0.100952
-1.012451 -0.349731 0.507813 0.185059 -0.536377 0.109863
-0.989380 -0.302734 0.465210 0.177612 -0.641479 0.128052
-1.010742 -0.278320 0.431152 0.127075 -0.740723 0.120605
-1.017822 -0.257446 0.420410 0.048340 -0.888184 0.091309
-1.022827 -0.304565 0.463867 -0.035400 -1.072021 0.045654
-1.052490 -0.353271 0.530396 -0.084473 -1.289795 -0.011230
-1.109131 -0.406738 0.599243 -0.080444 -1.538330 -0.039551
-1.186646 -0.443848 0.667480 -0.027466 -1.839966 -0.043579
-1.216797 -0.450073 0.706299 0.068481 -2.211792 -0.015747
-1.173706 -0.471802 0.755127 0.175781 -2.625854 0.015747
-1.086182 -0.499878 0.767700 0.300781 -3.022827 0.055054
-0.932129 -0.514404 0.746826 0.447754 -3.378296 0.085449
-0.671021 -0.559204 0.713501 0.590332 -3.666870 0.013672
-0.512329 -0.557739 0.681152 0.724854 -3.906494 -0.192139
-0.295288 -0.495972 0.620117 0.849976 -4.000000 -0.388428
-0.114014 -0.398071 0.564453 0.939575 -4.000000 -0.553101
-0.097656 -0.261475 0.542603 0.964355 -3.998779 -0.701782
-0.106689 -0.127319 0.562378 0.940186 -3.825317 -0.760132
-0.092651 -0.047729 0.566406 0.895752 -3.653076 -0.721802
-0.025757 0.032593 0.561035 0.852295 -3.501343 -0.638672
0.082153 0.130615 0.521118 0.784668 -3.324585 -0.525757
0.333618 0.216187 0.429688 0.670776 -3.067139 -0.365356
0.601929 0.229858 0.378296 0.462769 -2.648804 -0.219849
0.766235 0.258667 0.359863 0.224609 -2.115845 -0.090454
0.883545 0.181152 0.441284 -0.047485 -1.606812 -0.006958
0.890869 0.024780 0.617432 -0.284302 -1.152222 0.009644
0.860962 -0.133911 0.815063 -0.389771 -0.812256 -0.034302
0.787720 -0.228149 0.990845 -0.352539 -0.651245 -0.143677
0.677368 -0.246338 1.084351 -0.242432 -0.607300 -0.255127
0.636963 -0.216797 1.080200 -0.106323 -0.604614 -0.303223
0.617310 -0.204590 1.040283 0.000244 -0.565186 -0.308228
0.598511 -0.203003 1.000732 0.074585 -0.519531 -0.299316
0.553955 -0.193970 0.969482 0.100586 -0.486938 -0.276245
0.555786 -0.154907 0.921387 0.097168 -0.454346 -0.224121
0.550659 -0.118164 0.861816 0.078003 -0.363770 -0.163574
0.552124 -0.106445 0.848267 0.017456 -0.225586 -0.079590
0.569824 -0.110474 0.856567 -0.055420 -0.074341 -0.001099
0.518799 -0.126099 0.902710 -0.110718 0.050171 0.040039
0.508179 -0.147461 0.952271 -0.116699 0.101074 0.055542
0.510010 -0.175659 0.979736 -0.083984 0.109497 0.046143
0.505371 -0.185303 0.996826 -0.032104 0.077637 0.016479
0.496460 -0.178711 0.987061 0.025879 0.005859 -0.035645
0.510376 -0.156494 0.968262 0.068115 -0.073975 -0.074219
0.520386 -0.123413 0.940063 0.086548 -0.132324 -0.095215
0.521729 -0.091064 0.913696 0.086182 -0.147827 -0.101440
0.524902 -0.064331 0.889648 0.065308 -0.127930 -0.086670
0.505859 -0.058472 0.880859 0.029419 -0.074829 -0.052734
0.495972 -0.072632 0.889282 -0.010864 -0.032593 -0.020264
0.510986 -0.105835 0.904907 -0.037842 -0.005371 -0.010620
0.503296 -0.121826 0.914917 -0.039795 0.037354 -0.005493
0.467773 -0.123657 0.910522 -0.032471 0.063354 0.005005
0.461304 -0.123535 0.916992 -0.025879 0.067261 0.028442
0.485718 -0.140137 0.920044 -0.024048 0.067871 0.053833
0.494263 -0.135132 0.903320 -0.023315 0.049927 0.054810
0.474243 -0.135498 0.912720 -0.021851 0.071167 0.063354
0.452148 -0.117798 0.920410 -0.023560 0.085693 0.094116
0.456299 -0.112915 0.917725 -0.028564 0.068970 0.094238
0.464600 -0.112061 0.920166 -0.030273 0.054810 0.083130
0.459961 -0.109497 0.918457 -0.033569 0.050049 0.066162
0.459106 -0.110474 0.906982 -0.039063 0.050171 0.048584
0.478394 -0.119507 0.893921 -0.046143 0.053711 0.035156
0.481079 -0.116455 0.894897 -0.053711 0.083740 0.037231
0.468140 -0.125977 0.903442 -0.065186 0.118774 0.038208
0.443237 -0.131104 0.917480 -0.070435 0.134399 0.027954
0.432007 -0.145996 0.938477 -0.075317 0.120728 0.012085
0.442749 -0.158081 0.953735 -0.072632 0.090088 -0.001343
0.439819 -0.176514 0.963501 -0.061401 0.059326 -0.023682
0.443604 -0.159912 0.956909 -0.035156 0.027710 -0.027588
0.437866 -0.146484 0.945801 -0.019409 0.011230 -0.023315
0.431396 -0.130981 0.943726 -0.016968 0.001709 -0.012329
0.434937 -0.130981 0.936279 -0.021851 0.000000 0.003906
0.434570 -0.127563 0.933716 -0.026855 0.012207 0.022217
0.428345 -0.130737 0.932983 -0.035156 0.022583 0.032227
0.445190 -0.136230 0.931763 -0.038818 0.019775 0.036011
0.465820 -0.146973 0.934937 -0.035767 0.010376 0.025269
0.465454 -0.140747 0.933716 -0.031616 0.002930 0.005615
0.471680 -0.137085 0.929810 -0.027710 -0.002686 -0.009521
0.481323 -0.150269 0.933350 -0.024658 0.006104 -0.016235
0.456787 -0.151001 0.945068 -0.015991 0.013672 -0.019287
0.430786 -0.162354 0.962646 -0.004272 -0.003906 -0.031372
0.416870 -0.175903 0.974365 0.009888 -0.041626 -0.042236
0.410645 -0.175049 0.982056 0.034546 -0.077026 -0.045532
0.401733 -0.162842 0.970947 0.053711 -0.114990 -0.049072
0.421631 -0.153198 0.955444 0.059937 -0.151733 -0.045898
0.447388 -0.142822 0.941162 0.057373 -0.162720 -0.038574
0.465576 -0.126709 0.927368 0.049072 -0.149658 -0.026855
0.483276 -0.111084 0.910522 0.034424 -0.126831 -0.015625
0.509033 -0.096191 0.905029 0.016235 -0.098145 -0.005371
0.518677 -0.090210 0.906128 -0.005371 -0.059814 0.000610
0.500732 -0.092773 0.913208 -0.025879 -0.019409 0.002930
0.475708 -0.107300 0.930664 -0.041748 -0.000977 0.001709
0.465820 -0.127319 0.944824 -0.046143 -0.008423 -0.002808
0.456177 -0.141235 0.950806 -0.036499 -0.024780 -0.007446
0.439087 -0.141968 0.953491 -0.022461 -0.039185 -0.006348
0.457275 -0.149414 0.942627 -0.002319 -0.054443 -0.000854
0.472900 -0.145142 0.930420 0.013550 -0.058228 0.003906
0.470093 -0.135132 0.921143 0.019653 -0.046997 0.004883
0.457153 -0.121094 0.912231 0.021118 -0.036377 0.004761
0.457642 -0.109497 0.901855 0.014648 -0.031860 0.009888
0.465210 -0.106812 0.892456 0.003052 -0.034790 0.012329
0.480591 -0.102051 0.887329 -0.007690 -0.038208 0.013184
0.488525 -0.102295 0.890381 -0.019409 -0.030640 0.010620
0.487671 -0.097900 0.904053 -0.034424 -0.019287 0.006226
0.487915 -0.111572 0.909058 -0.051636 -0.003540 0.008545
0.494995 -0.122070 0.924561 -0.064697 0.013062 0.014648
0.491333 -0.131836 0.933716 -0.069336 0.026489 0.015747
