0.371582 -0.039673 1.003174 -0.031128 -0.032471 0.031982
0.356445 -0.038574 1.011230 -0.022583 -0.021729 0.032104
0.355347 -0.031982 1.003662 -0.011597 -0.038818 0.025146
0.367554 -0.021606 0.992188 -0.001709 -0.065674 0.015747
0.393188 -0.010254 0.979858 0.003540 -0.074463 0.014282
0.434570 -0.009644 0.969238 0.002563 -0.047363 0.026489
0.490967 -0.010620 0.960938 -0.006836 0.021606 0.040894
0.567749 -0.019775 0.981934 -0.017090 0.136353 0.056885
0.643311 -0.003052 0.988892 -0.010620 0.320923 0.095459
0.682861 -0.013184 0.982788 -0.006226 0.583740 0.162964
0.672241 -0.011597 0.986572 0.013672 0.852661 0.212402
0.694702 -0.004150 0.966431 0.050171 1.088623 0.241943
0.674805 -0.009155 0.941650 0.082764 1.303833 0.225098
0.637207 -0.026855 0.921875 0.119995 1.486816 0.207642
0.617310 0.018555 0.914673 0.148926 1.658447 0.198120
0.617188 0.054932 0.836548 0.134766 1.892944 0.209351
0.611450 0.085327 0.723511 0.086914 2.241821 0.273682
0.487427 0.169922 0.596436 0.008301 2.649414 0.324951
0.286011 0.171997 0.526001 -0.116211 2.952026 0.313354
0.160034 0.130493 0.507446 -0.219482 3.049805 0.263428
0.038086 0.093994 0.558472 -0.272217 3.066284 0.197876
-0.097290 0.022095 0.612915 -0.323120 3.065186 0.141602
-0.176514 -0.113159 0.711304 -0.327026 3.047729 0.117310
-0.351685 -0.104858 0.751831 -0.245361 3.055908 0.074585
-0.719360 -0.042847 0.739380 -0.193604 2.972778 -0.034302
-0.720093 0.007935 0.658447 -0.173584 2.738647 -0.075439
-0.610596 0.053467 0.474121 -0.169800 2.717773 0.049316
-0.692871 0.060913 0.340088 -0.258057 2.911133 0.183228
-0.798218 0.048462 0.254639 -0.402588 3.025146 0.289429
-0.820068 0.010986 0.214966 -0.512207 2.973877 0.319702
-1.028564 -0.095459 0.305054 -0.614014 2.763916 0.164551
-1.119507 -0.250000 0.459595 -0.670288 2.380615 -0.018799
-1.092651 -0.366211 0.556152 -0.615356 2.039795 -0.160156
-1.136597 -0.364014 0.576294 -0.475952 1.848877 -0.240845
-1.269165 -0.284668 0.578735 -0.364746 1.692383 -0.290405
-1.311890 -0.214600 0.570557 -0.287354 1.473022 -0.294434
-1.335571 -0.220825 0.606934 -0.259521 1.222656 -0.269897
-1.306274 -0.180054 0.611206 -0.223633 1.020874 -0.202393
-1.329224 -0.209595 0.631226 -0.200928 0.891357 -0.107300
-1.296631 -0.216675 0.638428 -0.146240 0.728882 -0.035767
-1.201416 -0.209961 0.613525 -0.072266 0.551147 0.021729
-1.072266 -0.181641 0.575806 -0.005615 0.414307 0.077026
-0.949707 -0.106812 0.499268 0.038940 0.365479 0.125488
-0.809570 -0.075439 0.428955 0.048584 0.361450 0.142822
-0.742798 -0.077026 0.395752 0.028320 0.373291 0.105835
-0.700317 -0.074219 0.368286 -0.011230 0.351685 0.027710
-0.701904 -0.076538 0.353882 -0.046021 0.334229 -0.059814
-0.780029 -0.080811 0.362549 -0.092896 0.324829 -0.137329
-0.870728 -0.107666 0.386963 -0.142944 0.293457 -0.181885
-0.998657 -0.139771 0.404541 -0.179443 0.251709 -0.192993
-1.035767 -0.195557 0.436523 -0.194702 0.201904 -0.162720
-1.012695 -0.182495 0.419678 -0.162476 0.202759 -0.092896
-1.017578 -0.167969 0.420410 -0.135620 0.228394 -0.043213
-1.010498 -0.167236 0.434082 -0.119141 0.192261 -0.025146
-1.007568 -0.161743 0.438110 -0.093628 0.117188 -0.022583
-1.045166 -0.141724 0.437744 -0.077393 0.027466 -0.034058
-1.093872 -0.149658 0.444214 -0.076172 -0.080078 -0.043945
-1.088013 -0.176147 0.461792 -0.075684 -0.199585 -0.045288
-1.158936 -0.232910 0.503174 -0.068726 -0.327148 -0.076660
-1.228149 -0.238037 0.518433 -0.035156 -0.519043 -0.106567
-1.259521 -0.237915 0.527100 0.013062 -0.716187 -0.085205
-1.292603 -0.222168 0.516357 0.072144 -0.855103 -0.025269
-1.338501 -0.199341 0.506226 0.107300 -0.986572 0.049438
-1.286621 -0.167847 0.494507 0.115723 -1.203369 0.091675
-1.214111 -0.155396 0.458374 0.100342 -1.472534 0.061523
-1.177246 -0.140869 0.445801 0.073853 -1.743164 0.003052
-1.100220 -0.164917 0.462280 0.048218 -2.021362 -0.066162
-1.040283 -0.229736 0.504639 0.042603 -2.257813 -0.140869
-1.036011 -0.253662 0.545410 0.062134 -2.477539 -0.245483
-1.030518 -0.273193 0.578979 0.096313 -2.685913 -0.344971
-0.959839 -0.305054 0.612671 0.166870 -2.871460 -0.409058
-0.856812 -0.320923 0.590698 0.268799 -2.998535 -0.434326
-0.727539 -0.284668 0.549072 0.391113 -3.037476 -0.386963
-0.681274 -0.189453 0.512207 0.480225 -3.000366 -0.294312
-0.610474 -0.116211 0.486450 0.488647 -3.011230 -0.199585
-0.549438 -0.078247 0.457886 0.469727 -3.075317 -0.173462
-0.507202 -0.035645 0.421997 0.428467 -3.236694 -0.254150
-0.368774 0.012695 0.410278 0.369019 -3.472656 -0.368164
-0.150635 0.040527 0.410400 0.335571 -3.631348 -0.534058
-0.012573 0.062378 0.453735 0.295532 -3.603027 -0.671509
0.171021 0.094238 0.514282 0.228271 -3.395386 -0.646484
0.324463 0.110352 0.560059 0.144165 -2.998901 -0.530518
0.468140 0.112793 0.623535 0.040283 -2.507813 -0.353760
0.568115 0.064575 0.696045 -0.081299 -1.988403 -0.170044
0.506958 0.015015 0.843994 -0.203735 -1.548096 -0.049561
0.440308 -0.057495 0.987183 -0.258545 -1.373047 -0.052490
0.494385 -0.115601 1.084229 -0.230347 -1.405518 -0.107544
0.526611 -0.154419 1.128296 -0.156006 -1.439819 -0.190674
0.669067 -0.167603 1.093628 -0.056274 -1.416016 -0.239014
0.764038 -0.157959 1.027466 0.037109 -1.251221 -0.254395
0.735718 -0.099365 0.979492 0.100220 -0.965698 -0.221924
0.690918 -0.056519 0.928345 0.115967 -0.690430 -0.156616
0.591064 -0.032471 0.909058 0.100830 -0.432251 -0.091064
0.492676 -0.027710 0.900879 0.081299 -0.276489 -0.061157
0.437744 -0.046265 0.914307 0.057617 -0.252197 -0.074585
0.415161 -0.065308 0.932495 0.044556 -0.282959 -0.100342
0.402466 -0.084961 0.948608 0.045532 -0.311890 -0.126953
0.384399 -0.095093 0.966309 0.045410 -0.325073 -0.136353
0.376465 -0.098022 0.977173 0.037964 -0.342041 -0.122070
0.450317 -0.102295 0.967285 0.032959 -0.335815 -0.089355
0.524048 -0.105713 0.960571 0.033081 -0.254395 -0.051758
0.515259 -0.078979 0.960449 0.020386 -0.120605 -0.012207
0.472290 -0.069214 0.969116 -0.004883 0.012207 0.029419
0.443726 -0.052002 0.961426 -0.015259 0.094482 0.042603
0.406494 -0.059570 0.966187 -0.023438 0.121460 0.028076
0.375610 -0.065674 0.973022 -0.028442 0.084473 -0.009888
0.357300 -0.079102 0.983643 -0.029541 0.007446 -0.050659
0.344604 -0.093750 0.995728 -0.023682 -0.062500 -0.073853
0.334473 -0.105347 0.999390 -0.018066 -0.097168 -0.065674
0.345581 -0.105957 0.990479 -0.004761 -0.121216 -0.050903
0.383301 -0.095581 0.966675 0.002563 -0.127808 -0.030762
0.404541 -0.083740 0.948242 0.007080 -0.080566 0.002197
0.408691 -0.078369 0.952026 0.003296 -0.017090 0.029541
0.435791 -0.085571 0.958008 -0.003418 0.009033 0.035400
0.445557 -0.082031 0.957153 -0.006592 0.019165 0.022705
0.453857 -0.079590 0.957642 -0.010132 0.014526 -0.001587
0.447021 -0.074097 0.953613 -0.011108 0.002930 -0.030762
0.441528 -0.060791 0.939819 -0.012695 -0.014404 -0.038574
0.419312 -0.048218 0.932007 -0.024170 -0.020508 -0.038818
0.388184 -0.046997 0.942139 -0.036499 -0.022583 -0.039307
0.369751 -0.063965 0.948730 -0.047485 -0.030518 -0.028564
0.372070 -0.071533 0.960571 -0.049927 -0.035645 -0.003418
0.374390 -0.080566 0.973267 -0.053711 -0.034058 0.017334
0.376709 -0.087158 0.974976 -0.057495 -0.019165 0.039063
0.392578 -0.096436 0.974731 -0.057617 0.005859 0.058472
0.407227 -0.103760 0.981567 -0.054077 0.022949 0.060669
0.405396 -0.110352 0.993164 -0.045410 0.026978 0.050171
0.408325 -0.109619 0.991943 -0.031372 0.012817 0.034546
0.400757 -0.109741 0.986450 -0.016357 0.001465 0.022217
0.407715 -0.101440 0.979614 -0.004761 -0.009521 0.007935
0.395264 -0.094482 0.979492 -0.003174 -0.036987 -0.020508
0.358398 -0.074585 0.973389 -0.007568 -0.069946 -0.042969
0.347290 -0.051636 0.950439 -0.019287 -0.125000 -0.054688
0.358765 -0.050171 0.932861 -0.040894 -0.161987 -0.045410
0.389526 -0.057373 0.934082 -0.058350 -0.143921 -0.010986
0.451660 -0.078979 0.930054 -0.079224 -0.104980 0.010254
0.452393 -0.094727 0.955933 -0.093506 -0.037476 0.018921
0.445068 -0.111572 0.987305 -0.089844 0.016357 0.031982
0.448730 -0.129639 1.004883 -0.064209 0.046509 0.038330
0.444824 -0.134399 1.009766 -0.028809 0.056274 0.032471
0.435669 -0.131226 1.000610 0.005981 0.047241 0.016479
0.400269 -0.112305 0.979614 0.033691 0.039673 0.005493
0.352661 -0.089111 0.959106 0.046021 0.019409 0.012207
0.310547 -0.073120 0.938965 0.052368 -0.007690 0.040771
0.297852 -0.062012 0.927124 0.048096 -0.042358 0.083252
0.307007 -0.066406 0.926025 0.036255 -0.072632 0.123535
0.326172 -0.083130 0.937012 0.020630 -0.099487 0.152100
0.358032 -0.103027 0.955933 0.015625 -0.123535 0.164185
0.413574 -0.113647 0.975708 0.015015 -0.136353 0.161865
0.461182 -0.125854 0.987793 0.021973 -0.122925 0.146973
