0.428101 -0.096802 0.962891 -0.022339 -0.025635 -0.017456
0.422363 -0.089111 0.961060 -0.018311 -0.022583 -0.019043
0.419067 -0.083130 0.953247 -0.017578 -0.021729 -0.018433
0.409546 -0.079224 0.950073 -0.017822 -0.021484 -0.017578
0.396240 -0.075928 0.944336 -0.022095 -0.023193 -0.014526
0.384766 -0.079468 0.943359 -0.028320 -0.025513 -0.010620
0.375244 -0.088379 0.958862 -0.033813 -0.029175 -0.006104
0.366455 -0.095947 0.968384 -0.034668 -0.039551 0.002441
0.374023 -0.097046 0.970703 -0.029785 -0.052490 0.013916
0.380371 -0.099976 0.969849 -0.024658 -0.058472 0.023804
0.394043 -0.097412 0.975586 -0.019287 -0.064819 0.033569
0.423706 -0.098145 0.968872 -0.011108 -0.075806 0.040771
0.451660 -0.088745 0.963135 -0.001343 -0.073608 0.045654
0.477661 -0.080933 0.943970 0.006592 -0.061279 0.045288
0.499756 -0.067139 0.928955 0.005249 -0.039307 0.039429
0.556152 -0.049683 0.901001 -0.006714 -0.003418 0.035522
0.644043 -0.007568 0.839600 -0.031738 0.100952 0.062744
0.753540 0.023071 0.759766 -0.086304 0.331421 0.137939
0.901123 -0.009644 0.719727 -0.168945 0.708008 0.248779
0.965454 0.020386 0.652100 -0.241821 1.200195 0.376831
0.952759 -0.023193 0.644287 -0.320801 1.703125 0.445557
0.916626 -0.073608 0.651123 -0.388916 2.106323 0.412964
0.926392 -0.158447 0.666382 -0.417969 2.424194 0.297241
0.967163 -0.227905 0.657227 -0.407104 2.700439 0.089722
0.840698 -0.238037 0.625000 -0.374512 2.993042 -0.166992
0.586304 -0.090698 0.487427 -0.362915 3.281494 -0.382568
0.408081 -0.073120 0.350952 -0.451416 3.585571 -0.456787
0.213989 -0.012817 0.253784 -0.605713 3.911865 -0.477173
0.019775 -0.026123 0.134033 -0.795044 3.999878 -0.538696
-0.248901 -0.087158 0.142334 -1.016724 3.999878 -0.603027
-0.512207 -0.136841 0.037354 -1.229126 3.999878 -0.616333
-0.841187 -0.216553 0.114746 -1.426147 3.999878 -0.558594
-1.184692 -0.421387 0.282959 -1.534790 3.999878 -0.535889
-1.372559 -0.581909 0.440796 -1.475708 3.852539 -0.485107
-1.530273 -0.725342 0.609131 -1.294678 3.366455 -0.392090
-1.600830 -0.745850 0.668579 -1.004517 2.789429 -0.254883
-1.608276 -0.710693 0.671875 -0.722534 2.112305 -0.175659
-1.352173 -0.643799 0.549316 -0.494263 1.432617 -0.167725
-1.217285 -0.581543 0.444702 -0.392090 1.059204 -0.153198
-1.293213 -0.593140 0.560181 -0.390869 0.912842 -0.107422
-1.866089 -0.878418 1.089722 -0.326538 0.782837 -0.053101
-1.656738 -0.840698 0.987427 -0.074951 0.390625 0.104248
-1.090210 -0.461426 0.468506 0.079224 0.173950 0.299927
-0.961060 -0.298706 0.320557 0.020874 0.202637 0.334839
-0.872803 -0.384277 0.437012 -0.070557 0.154541 0.284424
-0.888306 -0.428101 0.528320 -0.051880 0.062256 0.230835
-0.966064 -0.447510 0.587158 0.013428 -0.078369 0.183594
-1.001099 -0.474731 0.628418 0.087646 -0.298340 0.148926
-1.017822 -0.499634 0.633667 0.172241 -0.548462 0.102661
-1.036133 -0.474243 0.597290 0.250244 -0.795166 0.068604
-1.053955 -0.423828 0.550415 0.282715 -1.027588 0.049927
-1.029663 -0.424316 0.512085 0.263062 -1.247803 0.034302
-1.001099 -0.431152 0.520874 0.229858 -1.436401 0.029663
-0.988159 -0.425049 0.540039 0.216919 -1.581665 0.059692
-0.984375 -0.459473 0.583130 0.226440 -1.724243 0.096680
-1.022095 -0.458618 0.615723 0.263062 -1.927734 0.113770
-0.986938 -0.460571 0.645752 0.314209 -2.190430 0.126953
-0.897705 -0.507080 0.699463 0.380493 -2.492188 0.063354
-0.850708 -0.506592 0.746704 0.474365 -2.823975 -0.048828
-0.808960 -0.478760 0.778320 0.580688 -3.143066 -0.120850
-0.771362 -0.482422 0.809570 0.699585 -3.461670 -0.190063
-0.776855 -0.476685 0.767578 0.822632 -3.808472 -0.263062
-0.705200 -0.434570 0.680664 0.924805 -4.000000 -0.371582
-0.426514 -0.355591 0.521118 1.029785 -4.000000 -0.468262
-0.177124 -0.265991 0.408447 1.090332 -4.000000 -0.494995
-0.090454 -0.127563 0.376465 1.038208 -4.000000 -0.464966
0.082520 -0.063599 0.374756 0.908691 -4.000000 -0.355347
0.226929 -0.045166 0.409424 0.781494 -3.794556 -0.262451
0.354492 0.011597 0.421875 0.656738 -3.507446 -0.197754
0.532471 0.049438 0.398193 0.520874 -3.265259 -0.190063
0.784058 0.064941 0.386841 0.398315 -3.001953 -0.234985
1.098633 0.029297 0.425903 0.281006 -2.620239 -0.284424
1.219238 -0.004272 0.502563 0.179810 -2.027710 -0.281738
1.104004 0.008789 0.595093 0.086426 -1.390625 -0.213257
0.952637 -0.013428 0.705811 0.011719 -0.920654 -0.132202
0.839722 -0.065430 0.798950 -0.004639 -0.637573 -0.077393
0.779907 -0.096069 0.848389 0.013306 -0.526611 -0.085327
0.821045 -0.109741 0.849731 0.058838 -0.509521 -0.138062
0.855713 -0.094849 0.813965 0.098633 -0.448975 -0.179810
0.882080 -0.078247 0.771362 0.114624 -0.329468 -0.201660
0.855835 -0.052612 0.748413 0.098755 -0.163452 -0.203857
0.805664 -0.030884 0.752319 0.055908 0.008179 -0.202148
0.713745 -0.017456 0.769897 0.008301 0.171875 -0.173096
0.593140 -0.026733 0.814209 -0.034546 0.282471 -0.110352
0.520020 -0.069336 0.873535 -0.057739 0.282959 -0.059692
0.511719 -0.127075 0.909180 -0.055054 0.194092 -0.038574
0.524902 -0.151733 0.918335 -0.028809 0.060425 -0.064819
0.542725 -0.150513 0.897827 -0.002563 -0.064697 -0.103394
0.573853 -0.142212 0.880371 0.019409 -0.131104 -0.113892
0.637451 -0.115967 0.847534 0.038940 -0.137329 -0.100342
0.678467 -0.083496 0.817993 0.041138 -0.079468 -0.068848
0.704834 -0.059570 0.801758 0.020630 0.015625 -0.033813
0.670410 -0.046509 0.810059 -0.012085 0.109985 -0.012207
0.627319 -0.051880 0.841187 -0.036743 0.159790 0.004395
0.590820 -0.066040 0.866821 -0.049316 0.155518 0.000244
0.570068 -0.078857 0.877319 -0.046387 0.123413 -0.014404
0.550781 -0.077881 0.875732 -0.037598 0.079956 -0.034912
0.538330 -0.075439 0.864380 -0.034058 0.039795 -0.046509
0.516357 -0.076538 0.864258 -0.041016 0.019043 -0.041382
0.506104 -0.069824 0.865234 -0.053589 0.001099 -0.017578
0.551880 -0.086060 0.859253 -0.062378 -0.010986 0.015747
0.573120 -0.102539 0.863281 -0.071045 0.002563 0.031128
0.595093 -0.116089 0.878052 -0.072510 0.022339 0.038696
0.609619 -0.117798 0.875488 -0.061768 0.060913 0.048462
0.602417 -0.121094 0.886353 -0.056763 0.106323 0.041016
0.579224 -0.125122 0.906250 -0.053223 0.114746 0.015991
0.576904 -0.130249 0.915405 -0.037354 0.103882 -0.005615
0.552734 -0.124023 0.925781 -0.016479 0.095703 -0.024780
0.536499 -0.119507 0.925903 0.001221 0.071167 -0.039063
0.529785 -0.113403 0.918335 0.012939 0.036377 -0.047607
0.543701 -0.105225 0.907471 0.023315 0.017578 -0.038818
0.528687 -0.100952 0.887817 0.028320 0.022949 -0.023438
0.506592 -0.087402 0.879639 0.020996 0.033325 -0.001465
0.507813 -0.093140 0.873291 0.014160 0.042480 0.022461
0.525513 -0.091187 0.864868 0.006348 0.053345 0.041260
0.526733 -0.089111 0.869385 -0.001709 0.060181 0.045288
0.521851 -0.086304 0.864136 -0.010498 0.050537 0.043091
0.526978 -0.089722 0.878296 -0.024780 0.021851 0.028442
0.567871 -0.102417 0.886963 -0.027100 -0.009521 0.010864
0.576660 -0.092163 0.885986 -0.020752 0.001343 0.001831
0.550537 -0.078247 0.881958 -0.023193 0.026855 -0.001709
0.531860 -0.071533 0.883667 -0.032104 0.040527 0.007935
0.526489 -0.069214 0.880615 -0.039673 0.051880 0.030273
0.529419 -0.074707 0.876343 -0.050537 0.063477 0.052002
0.546265 -0.090942 0.875854 -0.059570 0.075806 0.067017
0.566040 -0.106079 0.880127 -0.060669 0.093262 0.066406
0.592651 -0.126709 0.898071 -0.051636 0.116089 0.049194
0.589966 -0.145996 0.924438 -0.032471 0.144043 0.018066
0.570557 -0.150879 0.947754 -0.000610 0.154785 -0.016602
0.556641 -0.140259 0.950439 0.036743 0.131958 -0.057129
0.522461 -0.120972 0.932861 0.068481 0.079224 -0.113037
0.519287 -0.093018 0.905396 0.069946 0.015137 -0.131958
0.523682 -0.066895 0.884766 0.056641 -0.019043 -0.113525
0.513916 -0.047119 0.879761 0.027222 -0.020508 -0.092773
0.521362 -0.048340 0.885376 -0.002808 -0.003662 -0.061401
0.508057 -0.061890 0.896118 -0.026855 0.032227 -0.026489
0.523071 -0.069214 0.896729 -0.036987 0.058838 0.005859
0.532104 -0.074951 0.894653 -0.042725 0.080078 0.025024
0.527588 -0.085815 0.893311 -0.050659 0.097900 0.030762
0.520142 -0.104736 0.910400 -0.056030 0.099976 0.026489
0.514038 -0.118530 0.926270 -0.050781 0.081177 0.015869
0.518677 -0.125732 0.933838 -0.035034 0.049194 -0.006470
0.534302 -0.122314 0.931641 -0.014771 0.021729 -0.028809
0.540649 -0.114014 0.927368 0.007935 0.016968 -0.038330
0.528931 -0.092651 0.916870 0.022217 0.033447 -0.037964
0.519165 -0.078003 0.907104 0.022827 0.044189 -0.037720
0.498047 -0.072876 0.903931 0.014160 0.044556 -0.036377
0.482666 -0.068970 0.904053 0.002930 0.034668 -0.031372
0.485229 -0.075562 0.895752 -0.009644 0.015503 -0.023560
0.493652 -0.082886 0.892334 -0.019409 0.005493 -0.012573
