0.440674 -0.133057 0.978516 -0.044434 0.009399 0.010254
0.447632 -0.131836 0.976196 -0.039429 0.005249 0.003540
0.454590 -0.121826 0.970337 -0.034668 0.002686 -0.006226
0.446777 -0.111084 0.961914 -0.032593 0.002319 -0.013062
0.446045 -0.094971 0.949219 -0.033936 0.004639 -0.013306
0.453003 -0.090454 0.940796 -0.042114 0.013062 -0.005493
0.463135 -0.090820 0.934082 -0.052490 0.034668 0.011230
0.466187 -0.084717 0.930786 -0.065674 0.060913 0.032104
0.496582 -0.080078 0.928101 -0.082520 0.090210 0.055176
0.544800 -0.080444 0.913940 -0.101929 0.143188 0.079346
0.595459 -0.085938 0.897217 -0.124390 0.220947 0.102661
0.694214 -0.109375 0.888428 -0.145264 0.334839 0.134399
0.785156 -0.118408 0.858032 -0.158813 0.539429 0.181885
0.863647 -0.155518 0.842285 -0.175049 0.856689 0.257202
0.908691 -0.174683 0.832397 -0.180664 1.276245 0.349976
0.866577 -0.162476 0.794678 -0.200562 1.719849 0.412964
0.844849 -0.172852 0.767090 -0.235840 2.072876 0.405640
0.802490 -0.196899 0.739746 -0.267456 2.385620 0.350830
0.773071 -0.244141 0.731934 -0.286255 2.646484 0.226440
0.742798 -0.292725 0.700562 -0.273315 2.922607 0.097900
0.472656 -0.235840 0.635376 -0.245361 3.279419 -0.019775
0.085571 -0.095459 0.520630 -0.260254 3.531616 -0.095093
-0.176880 -0.001343 0.411499 -0.358887 3.579712 -0.140015
-0.301392 -0.004883 0.338379 -0.517700 3.563843 -0.161377
-0.490356 -0.009766 0.242554 -0.683594 3.583496 -0.145630
-0.582031 -0.066040 0.263672 -0.847534 3.571411 -0.066895
-0.660645 -0.117798 0.314453 -0.981079 3.616333 0.017822
-0.786743 -0.165161 0.320679 -1.071289 3.668701 0.094360
-0.919434 -0.242432 0.388306 -1.139404 3.602661 0.128540
-1.108032 -0.392334 0.516602 -1.162964 3.413086 0.068115
-1.183350 -0.564087 0.660889 -1.072510 2.974121 -0.051392
-1.195190 -0.666382 0.768311 -0.846191 2.386719 -0.205322
-1.211426 -0.656494 0.776001 -0.574219 1.759521 -0.345337
-1.115723 -0.578125 0.659058 -0.331055 1.218628 -0.397827
-1.099487 -0.474365 0.524780 -0.163208 0.927856 -0.352051
-1.144775 -0.416382 0.375488 -0.105469 0.803223 -0.268555
-1.464233 -0.418945 0.428711 -0.115967 0.865967 -0.158447
-2.266357 -0.714233 1.054199 -0.166382 0.799438 -0.085815
-1.053955 -0.912109 0.787231 -0.052002 0.294800 0.162476
-0.604736 -0.551147 0.449707 0.024902 0.104980 0.262085
-0.808472 -0.219238 0.328003 0.059082 0.166138 0.108765
-0.844971 -0.265381 0.394043 -0.036011 0.194580 0.060913
-0.853638 -0.334229 0.494019 -0.096802 0.197876 0.075317
-0.880249 -0.372437 0.577026 -0.090088 0.113159 0.075195
-0.893677 -0.369629 0.624756 -0.046631 -0.060913 0.056885
-0.904541 -0.392090 0.670532 0.009888 -0.253174 0.036377
-0.972778 -0.415649 0.694336 0.079956 -0.440674 0.014648
-1.031250 -0.421509 0.703369 0.153198 -0.654053 0.010132
-1.041748 -0.409424 0.683228 0.219727 -0.885498 0.026733
-0.968140 -0.407471 0.657715 0.256104 -1.127075 0.034302
-0.941040 -0.409912 0.636963 0.259766 -1.335083 -0.004150
-0.930420 -0.407715 0.629272 0.268799 -1.516724 -0.036865
-0.960938 -0.424438 0.648071 0.282837 -1.681641 -0.050659
-1.015259 -0.425903 0.673340 0.313477 -1.875488 -0.060547
-1.006104 -0.414551 0.683838 0.354736 -2.118164 -0.072388
-0.959961 -0.424438 0.705933 0.397461 -2.380127 -0.103394
-0.874756 -0.437744 0.718262 0.449829 -2.635742 -0.138672
-0.732666 -0.437622 0.727539 0.505249 -2.859253 -0.183228
-0.596802 -0.459351 0.735718 0.563232 -3.014404 -0.255615
-0.566284 -0.430664 0.747192 0.627808 -3.123047 -0.333008
-0.434570 -0.393555 0.734131 0.692749 -3.238647 -0.385376
-0.301880 -0.363281 0.723877 0.752686 -3.269287 -0.430542
-0.239624 -0.311401 0.703003 0.804810 -3.195068 -0.442627
-0.177979 -0.220215 0.664551 0.835693 -3.088745 -0.394043
-0.094971 -0.162109 0.643066 0.825073 -2.990112 -0.353149
-0.020630 -0.101563 0.603638 0.779175 -2.932983 -0.367554
0.051636 -0.029785 0.570801 0.690308 -2.902100 -0.369141
0.102905 0.027466 0.560547 0.574585 -2.872803 -0.367920
0.233887 0.066772 0.549805 0.444458 -2.838135 -0.361450
0.438110 0.064087 0.533081 0.311523 -2.702148 -0.323853
0.678101 0.023804 0.511719 0.184448 -2.373169 -0.228638
0.775757 -0.003906 0.556763 0.067871 -1.859009 -0.082764
0.727783 -0.016357 0.619507 -0.065430 -1.350098 0.053467
0.667236 -0.034424 0.720581 -0.190918 -0.991333 0.169189
0.597778 -0.112549 0.831665 -0.266479 -0.773193 0.237549
0.577637 -0.207642 0.939819 -0.271851 -0.689697 0.251953
0.604248 -0.267578 0.991577 -0.205566 -0.712769 0.217285
0.642090 -0.306274 1.002686 -0.103882 -0.746948 0.154785
0.712036 -0.290527 0.971069 0.006714 -0.755615 0.102539
0.788330 -0.272339 0.918091 0.080322 -0.693481 0.060181
0.832642 -0.242920 0.871704 0.101196 -0.527954 0.045776
0.818604 -0.219849 0.871582 0.090332 -0.323975 0.029053
0.750854 -0.213013 0.896606 0.072998 -0.126465 0.010376
0.669434 -0.199097 0.930054 0.070435 0.008911 -0.020752
0.597778 -0.185303 0.946655 0.070313 0.047241 -0.057617
0.550781 -0.178467 0.951660 0.068970 0.020874 -0.091553
0.513916 -0.162231 0.939575 0.067749 -0.013794 -0.104004
0.474365 -0.147949 0.936035 0.058594 -0.033936 -0.098999
0.467407 -0.148804 0.921265 0.042847 -0.052124 -0.079590
0.467041 -0.150024 0.919922 0.031494 -0.060425 -0.054443
0.467407 -0.155273 0.919434 0.026733 -0.069702 -0.034912
0.479980 -0.159668 0.920288 0.021118 -0.079712 -0.012451
0.527832 -0.166870 0.916626 0.026978 -0.081543 -0.005249
0.560547 -0.174194 0.913696 0.034668 -0.056396 -0.014893
0.557373 -0.164063 0.904663 0.037476 -0.024292 -0.021729
0.560425 -0.156372 0.895996 0.030884 -0.003784 -0.023804
0.556519 -0.161377 0.890869 0.022095 0.012695 -0.033081
0.540161 -0.156128 0.891602 0.018433 0.032227 -0.039917
0.497925 -0.146729 0.896606 0.015747 0.047974 -0.038452
0.475952 -0.142822 0.893799 0.011597 0.035400 -0.036743
0.466675 -0.142944 0.898804 0.006592 0.011108 -0.032837
0.475220 -0.146729 0.895630 0.001465 0.002930 -0.017456
0.478882 -0.153442 0.908813 -0.004761 0.018799 0.000244
0.472290 -0.155151 0.908813 -0.008911 0.031982 0.020874
0.468262 -0.154785 0.913574 -0.014038 0.042603 0.046021
0.490967 -0.170044 0.908203 -0.017090 0.051392 0.062988
0.514526 -0.179810 0.909668 -0.018433 0.052856 0.053467
0.505615 -0.182129 0.916382 -0.018921 0.052246 0.028076
0.484985 -0.181030 0.930542 -0.015747 0.043823 0.001709
0.469971 -0.176636 0.942261 -0.006836 0.017944 -0.019287
0.480347 -0.167358 0.934692 0.011108 -0.001831 -0.022339
0.477417 -0.157349 0.930908 0.021240 -0.003418 -0.016602
0.473877 -0.145874 0.919556 0.028320 0.000244 -0.001709
0.473145 -0.145508 0.910889 0.032471 0.006592 0.019653
0.463257 -0.143677 0.903320 0.031006 0.012207 0.040527
0.475464 -0.145020 0.897827 0.028687 0.006226 0.054688
0.506592 -0.154175 0.891724 0.025391 0.001709 0.054199
0.519897 -0.153564 0.891846 0.018921 0.012207 0.041992
0.520752 -0.152588 0.888916 0.006714 0.029175 0.022217
0.514771 -0.157837 0.904053 -0.005737 0.038330 -0.004883
0.506104 -0.149292 0.907715 -0.013428 0.037231 -0.031372
0.488647 -0.149170 0.913330 -0.019531 0.039551 -0.048828
0.477417 -0.144897 0.915283 -0.017212 0.041992 -0.046997
0.468506 -0.144531 0.912598 -0.014648 0.044678 -0.034790
0.449829 -0.138428 0.915894 -0.015137 0.048706 -0.010742
0.435059 -0.135864 0.918579 -0.017578 0.050537 0.014160
0.441772 -0.136108 0.909668 -0.024658 0.041138 0.037964
0.451782 -0.147095 0.908203 -0.031250 0.033325 0.054321
0.463135 -0.152832 0.903809 -0.037231 0.027222 0.065552
0.478027 -0.160400 0.904297 -0.043091 0.021240 0.065430
0.500977 -0.170044 0.912231 -0.044678 0.018311 0.056641
0.527222 -0.173340 0.904541 -0.041260 0.027832 0.043091
0.524048 -0.169312 0.912231 -0.038452 0.050293 0.025513
0.501221 -0.161987 0.920776 -0.036865 0.068848 0.014771
0.475220 -0.154053 0.926147 -0.030151 0.080811 0.018188
0.451538 -0.152954 0.933472 -0.024414 0.081543 0.040771
0.424316 -0.154419 0.934937 -0.020752 0.078491 0.090332
0.416626 -0.162109 0.940430 -0.021973 0.072510 0.154663
0.465088 -0.159180 0.937012 -0.019775 0.057617 0.188843
0.445557 -0.163086 0.931274 -0.026611 0.033325 0.142822
0.435669 -0.166992 0.935059 -0.029297 0.031982 0.118042
0.426758 -0.170044 0.931396 -0.033447 0.037598 0.112061
0.451782 -0.173340 0.926880 -0.033203 0.033447 0.098389
0.488892 -0.186157 0.920776 -0.035156 0.035278 0.060059
0.501221 -0.182251 0.919312 -0.043945 0.049194 0.026001
0.486328 -0.179688 0.933960 -0.055176 0.064575 -0.009766
0.468750 -0.178345 0.947021 -0.058716 0.071167 -0.038574
0.431519 -0.176636 0.957520 -0.054443 0.068970 -0.039917
0.411377 -0.168335 0.961914 -0.045654 0.060181 -0.012939
0.421875 -0.177734 0.962280 -0.039063 0.043579 0.005737
