0.535889 -0.025391 0.912354 -0.024658 0.010742 -0.022583
0.531616 -0.025391 0.909424 -0.025513 0.012939 -0.026001
0.524902 -0.023682 0.910522 -0.025391 0.012451 -0.026001
0.531372 -0.020264 0.905762 -0.027344 0.010742 -0.024658
0.561035 -0.023804 0.903931 -0.029663 0.016479 -0.022705
0.603638 -0.028198 0.901611 -0.030884 0.047729 -0.017700
0.634644 -0.034668 0.908813 -0.028931 0.109375 -0.017212
0.666382 -0.045044 0.926392 -0.013794 0.172485 -0.030029
0.707642 -0.065674 0.950195 0.013062 0.242798 -0.053101
0.730835 -0.066895 0.951172 0.056274 0.317139 -0.094604
0.729126 -0.064331 0.946411 0.096924 0.403442 -0.153198
0.776489 -0.061768 0.932495 0.139893 0.491821 -0.210449
0.848877 -0.030762 0.897705 0.183228 0.636719 -0.265381
0.862793 -0.010376 0.858398 0.202393 0.899658 -0.280762
0.804688 0.063843 0.803955 0.187134 1.193115 -0.262939
0.714355 0.120972 0.736084 0.110474 1.425537 -0.249512
0.603027 0.140015 0.681396 -0.010498 1.577515 -0.246338
0.530396 0.154663 0.668579 -0.119995 1.655273 -0.248413
0.504883 0.155151 0.676147 -0.208618 1.737061 -0.233154
0.521851 0.162109 0.687744 -0.304688 1.870117 -0.216431
0.521851 0.092041 0.700317 -0.408325 2.106567 -0.175903
0.466919 0.063354 0.718628 -0.470703 2.418701 -0.125366
0.318604 0.032959 0.724854 -0.506348 2.738037 -0.089478
0.047241 0.010498 0.746338 -0.542725 2.891602 -0.122559
-0.190063 -0.016113 0.794922 -0.550415 2.751465 -0.223145
-0.229248 -0.073364 0.839844 -0.525269 2.458008 -0.310059
-0.157959 -0.150879 0.867554 -0.485962 2.288330 -0.318481
-0.216675 -0.177002 0.862061 -0.445190 2.329712 -0.292114
-0.358887 -0.169678 0.793701 -0.397705 2.453369 -0.257446
-0.536865 -0.127930 0.754395 -0.347168 2.477783 -0.213257
-0.562744 -0.070435 0.670898 -0.324707 2.372681 -0.152344
-0.664917 -0.098511 0.653442 -0.382324 2.273315 -0.128296
-0.725464 -0.164307 0.693237 -0.451782 2.121704 -0.133423
-0.677612 -0.246460 0.708252 -0.463379 1.963379 -0.130615
-0.694092 -0.285156 0.756958 -0.434692 1.895264 -0.138916
-0.719727 -0.254395 0.734131 -0.378418 1.870850 -0.134033
-0.711792 -0.247192 0.714966 -0.318970 1.850830 -0.099731
-0.783203 -0.233276 0.734985 -0.277344 1.809937 -0.085815
-0.918457 -0.220093 0.765259 -0.262939 1.682739 -0.114502
-0.860718 -0.236816 0.778809 -0.243774 1.459473 -0.117065
-0.841675 -0.217773 0.779419 -0.205688 1.339233 -0.083862
-0.898438 -0.220215 0.777588 -0.196655 1.289063 -0.065918
-0.870239 -0.226807 0.755981 -0.165771 1.212036 -0.026978
-0.813721 -0.244141 0.733521 -0.119751 1.145996 0.015503
-0.857788 -0.194946 0.686523 -0.084717 1.132202 0.036987
-0.889404 -0.172974 0.638794 -0.086304 1.059937 0.021973
-0.887817 -0.195679 0.620117 -0.111816 0.924194 -0.015869
-0.835205 -0.189575 0.578125 -0.120728 0.771118 -0.047241
-0.788696 -0.186157 0.537231 -0.129883 0.686035 -0.065063
-0.781494 -0.198730 0.539185 -0.148926 0.658325 -0.083252
-0.738647 -0.217529 0.529175 -0.146240 0.650757 -0.082642
-0.786377 -0.178345 0.545898 -0.131714 0.705078 -0.067139
-1.777100 -0.275635 1.095337 -0.152954 0.802368 -0.117432
-1.500122 -0.419556 0.953735 -0.059082 0.568115 -0.062134
-0.527832 -0.191284 0.400024 0.073364 0.217529 0.414307
-0.553833 0.030640 0.249512 0.036987 0.429199 0.426270
-0.645752 -0.030884 0.294800 -0.085205 0.535400 0.278564
-1.066650 -0.225464 0.601440 -0.170776 0.491089 0.084229
-1.159912 -0.312500 0.674194 -0.160889 0.329712 0.026123
-0.834106 -0.253052 0.522217 -0.110596 0.129761 0.112671
-0.786133 -0.156860 0.425781 -0.068848 0.045166 0.076416
-0.917603 -0.155884 0.473389 -0.074341 -0.026123 -0.005249
-0.930298 -0.192383 0.517944 -0.075317 -0.108154 -0.028076
-0.925293 -0.177124 0.515137 -0.074341 -0.146851 -0.008301
-0.927612 -0.154175 0.506592 -0.084473 -0.214355 -0.005859
-0.914307 -0.156372 0.505371 -0.092651 -0.321411 -0.015503
-1.004028 -0.146240 0.533447 -0.109375 -0.396851 -0.030151
-1.139648 -0.166138 0.580933 -0.152588 -0.491943 -0.049683
-1.240356 -0.185059 0.611938 -0.193848 -0.679688 -0.054321
-1.251343 -0.229736 0.628296 -0.223267 -0.965820 -0.053955
-1.166138 -0.286621 0.647949 -0.218384 -1.283691 -0.073608
-1.091309 -0.326416 0.668335 -0.177124 -1.512817 -0.118530
-1.032471 -0.315430 0.672363 -0.107056 -1.665527 -0.131470
-0.976318 -0.291260 0.658203 -0.025391 -1.734009 -0.074341
-0.913330 -0.256714 0.662720 0.052124 -1.769775 0.005005
-0.813599 -0.240845 0.679810 0.107666 -1.830200 0.056152
-0.718506 -0.245728 0.690918 0.147217 -1.894043 0.070435
-0.650146 -0.246216 0.717407 0.182007 -1.943604 0.028931
-0.617432 -0.251343 0.746582 0.224854 -1.980347 -0.038940
-0.593750 -0.247437 0.759399 0.279785 -2.019531 -0.086304
-0.589600 -0.224609 0.767090 0.328857 -2.065918 -0.118652
-0.529175 -0.193237 0.747192 0.361572 -2.118408 -0.122437
-0.425537 -0.180664 0.729980 0.378662 -2.128174 -0.101685
-0.393921 -0.180664 0.733765 0.375977 -2.089355 -0.112183
-0.407104 -0.177979 0.764771 0.379883 -2.055298 -0.134399
-0.431763 -0.190796 0.802246 0.398193 -2.067871 -0.156006
-0.446167 -0.199341 0.852173 0.422607 -2.154785 -0.201050
-0.395508 -0.213257 0.880127 0.460449 -2.297363 -0.252319
-0.299072 -0.188110 0.897461 0.521118 -2.422852 -0.296509
-0.108276 -0.099609 0.847778 0.582153 -2.466309 -0.297729
0.030884 -0.019287 0.794434 0.598633 -2.311523 -0.230103
0.056274 0.028320 0.785278 0.569824 -2.041992 -0.137451
0.054565 0.064697 0.784058 0.518066 -1.841919 -0.061646
0.057983 0.070923 0.805664 0.452393 -1.777710 -0.041016
0.083618 0.059692 0.830811 0.392334 -1.842163 -0.094116
0.147095 0.033081 0.855225 0.346313 -1.980469 -0.175781
0.232056 -0.009277 0.853027 0.320801 -2.086304 -0.236328
0.328491 -0.017944 0.878296 0.338623 -2.096069 -0.263550
0.518188 0.019287 0.877686 0.352783 -1.992676 -0.246460
0.658203 0.036987 0.885376 0.327637 -1.648315 -0.156982
0.641235 0.046143 0.912720 0.302856 -1.125854 -0.021606
0.524536 0.072144 0.910156 0.292725 -0.668091 0.123657
0.459351 0.108398 0.909668 0.281982 -0.491821 0.218750
0.426270 0.092773 0.875122 0.234131 -0.499390 0.251465
0.448364 0.106201 0.844238 0.195801 -0.618896 0.237671
0.480469 0.113281 0.818848 0.149170 -0.788086 0.145630
0.480835 0.112915 0.811279 0.072144 -0.906982 0.029785
0.487671 0.130249 0.811157 -0.010498 -0.935425 -0.016846
0.517578 0.141113 0.817627 -0.089478 -0.850586 0.003784
0.596313 0.126587 0.812622 -0.164429 -0.649170 0.078369
0.728882 0.083374 0.826416 -0.216064 -0.332031 0.189941
0.720825 0.059937 0.890259 -0.253784 0.032104 0.263550
0.667480 0.020630 0.939941 -0.285400 0.253906 0.274902
0.587402 -0.005493 0.973145 -0.277588 0.341797 0.253662
0.523682 -0.030640 0.991333 -0.253906 0.305664 0.194580
0.478149 -0.049805 0.993652 -0.220581 0.191406 0.110596
0.444092 -0.060181 0.990356 -0.198364 0.047729 0.016357
0.401611 -0.068604 0.985229 -0.187500 -0.065063 -0.057373
0.375488 -0.068359 0.990356 -0.176514 -0.127808 -0.081909
0.361084 -0.064575 0.981689 -0.167603 -0.123901 -0.061157
0.401611 -0.062378 0.979370 -0.152588 -0.101318 -0.020996
0.429443 -0.057983 0.988525 -0.140137 -0.036133 0.018188
0.427490 -0.052612 1.006470 -0.119995 0.035156 0.052734
0.447388 -0.050659 1.004639 -0.091187 0.069092 0.077026
0.466675 -0.057861 1.012451 -0.068115 0.084229 0.081421
0.485107 -0.051636 0.999634 -0.046875 0.079590 0.068726
0.470703 -0.044800 0.983887 -0.032227 0.080078 0.046265
0.456665 -0.030396 0.970215 -0.023071 0.058838 0.022339
0.449097 -0.021606 0.944092 -0.022461 0.028687 0.001343
0.435791 -0.015625 0.931763 -0.030396 0.019409 -0.003052
0.416992 -0.019043 0.931030 -0.042480 0.023682 0.004883
0.418823 -0.034546 0.938232 -0.054443 0.031006 0.018433
0.418823 -0.041626 0.952393 -0.060547 0.044556 0.030762
0.430420 -0.058472 0.958862 -0.065796 0.055420 0.032227
0.426636 -0.060425 0.971436 -0.060059 0.061768 0.030029
0.428223 -0.066895 0.982544 -0.051514 0.063354 0.025024
0.421509 -0.064819 0.984985 -0.037109 0.070068 0.014648
0.402710 -0.057617 0.984497 -0.025757 0.059814 -0.001587
0.384644 -0.051147 0.975464 -0.017456 0.036865 -0.010986
0.374756 -0.044434 0.959717 -0.008911 0.006958 -0.004883
0.372070 -0.033325 0.954468 -0.005005 -0.011230 0.014404
0.367188 -0.036865 0.947632 -0.010620 -0.026245 0.031128
0.365845 -0.034180 0.952026 -0.017944 -0.043579 0.050049
0.405518 -0.045532 0.949829 -0.023193 -0.061890 0.066772
0.434082 -0.048828 0.957153 -0.022949 -0.051025 0.080078
0.452759 -0.055542 0.959595 -0.022217 -0.024902 0.079712
0.465332 -0.052490 0.965332 -0.020752 -0.017334 0.060791
0.450562 -0.052734 0.961426 -0.021484 -0.013306 0.035522
0.438965 -0.046875 0.963013 -0.016602 -0.018677 0.017578
0.436279 -0.044067 0.960327 -0.015747 -0.027588 0.008789
