0.471680 -0.063477 0.939453 0.015869 0.027588 -0.034058
0.524048 -0.069946 0.937378 0.013550 0.059448 -0.027100
0.588867 -0.068359 0.942627 0.008545 0.144043 -0.010742
0.617920 -0.059570 0.943115 -0.001343 0.286011 0.007324
0.635742 -0.056152 0.928345 -0.018555 0.444336 0.021118
0.621460 -0.046753 0.917114 -0.034546 0.580933 0.018555
0.594116 -0.055298 0.903198 -0.048462 0.683350 0.003052
0.570923 -0.066406 0.906372 -0.047974 0.765747 -0.005127
0.551514 -0.090698 0.917847 -0.025757 0.827759 0.001465
0.557983 -0.097900 0.935425 0.010986 0.896362 0.019897
0.590576 -0.079102 0.938354 0.030396 1.014526 0.052124
0.670898 -0.031982 0.900513 0.035645 1.240967 0.131592
0.694092 0.055054 0.800659 0.000854 1.634521 0.234375
0.547241 0.082764 0.716675 -0.090820 2.136597 0.342163
0.283813 0.087891 0.691650 -0.174927 2.509399 0.393921
0.044434 0.068237 0.759766 -0.228149 2.558350 0.359497
-0.023926 0.002563 0.843750 -0.257324 2.339722 0.256592
0.012085 -0.108276 0.906006 -0.281982 2.118042 0.156250
0.075684 -0.167725 0.929932 -0.257202 2.085449 0.084717
-0.064087 -0.177002 0.928955 -0.222046 2.276367 0.072266
-0.311890 -0.159180 0.905640 -0.193848 2.418945 0.098267
-0.365723 -0.172241 0.894531 -0.136353 2.353638 0.121216
-0.327637 -0.189941 0.874390 -0.072876 2.210815 0.112305
-0.279663 -0.194458 0.843384 -0.021729 2.140991 0.073853
-0.276855 -0.210327 0.821289 0.034912 2.190186 0.047485
-0.319946 -0.180054 0.797485 0.113159 2.330811 0.044434
-0.475830 -0.149048 0.775635 0.159424 2.420288 0.015137
-0.547974 -0.101563 0.714844 0.206421 2.374268 -0.013794
-0.639893 -0.042969 0.662598 0.212891 2.239746 -0.062378
-0.664185 -0.068481 0.623657 0.146606 2.010864 -0.133667
-0.580444 -0.072754 0.581909 0.117065 1.822876 -0.183960
-0.660645 -0.079346 0.574219 0.051758 1.775269 -0.229126
-0.723633 -0.128052 0.574707 -0.008057 1.745850 -0.246948
-0.769165 -0.110840 0.561157 -0.020752 1.723877 -0.259155
-0.935059 -0.085205 0.560547 -0.071045 1.717041 -0.265625
-1.061523 -0.095581 0.557739 -0.155396 1.609741 -0.281250
-1.098999 -0.125488 0.575684 -0.231445 1.453125 -0.253418
-1.146240 -0.201294 0.611694 -0.298462 1.290771 -0.228882
-1.165649 -0.226074 0.632202 -0.301025 1.115479 -0.212646
-1.143066 -0.229126 0.625244 -0.266479 0.933716 -0.168945
-1.086670 -0.225708 0.612671 -0.216064 0.790649 -0.109009
-1.069092 -0.188477 0.594116 -0.166748 0.693481 -0.072144
-1.047119 -0.156006 0.574219 -0.139648 0.597412 -0.038086
-0.948486 -0.151611 0.570068 -0.122314 0.483032 -0.001343
-0.840210 -0.167603 0.578247 -0.104980 0.406372 0.007202
-0.793579 -0.164917 0.578735 -0.083984 0.367554 -0.011597
-0.794189 -0.145264 0.570435 -0.074341 0.333374 -0.047607
-0.762939 -0.145020 0.563110 -0.072754 0.283447 -0.076416
-0.703491 -0.146973 0.536743 -0.068237 0.273315 -0.098511
-0.752686 -0.129150 0.510254 -0.086304 0.336304 -0.123169
-0.830566 -0.141968 0.509033 -0.121582 0.369019 -0.148560
-0.908081 -0.159180 0.526489 -0.150757 0.349487 -0.171875
-1.049927 -0.185913 0.586792 -0.168945 0.302246 -0.179077
-1.266724 -0.284790 0.651123 -0.156494 0.285034 -0.184204
-0.924683 -0.287720 0.511230 -0.080566 0.146851 -0.010376
-0.864502 -0.194214 0.440186 -0.018677 0.088501 0.045898
-0.893677 -0.163574 0.417236 -0.004761 -0.005615 -0.001099
-0.913818 -0.162964 0.432983 -0.022705 -0.114746 -0.026733
-0.995117 -0.175171 0.474731 -0.068604 -0.177124 -0.056641
-1.106812 -0.179321 0.519897 -0.116333 -0.246460 -0.070801
-1.170532 -0.175781 0.541382 -0.150391 -0.392334 -0.063232
-1.162354 -0.181274 0.549683 -0.181152 -0.593384 -0.049683
-1.036987 -0.221802 0.547119 -0.186768 -0.774048 -0.028320
-0.975586 -0.263306 0.574829 -0.172485 -0.821411 -0.025879
-1.025024 -0.309326 0.610962 -0.137939 -0.818359 -0.028198
-1.115112 -0.317993 0.658691 -0.069702 -0.899536 -0.027344
-1.160034 -0.317383 0.690552 0.016235 -1.083740 -0.012085
-1.170410 -0.321655 0.727783 0.098145 -1.313599 0.003906
-1.159668 -0.343018 0.757568 0.179443 -1.544800 0.018677
-1.100830 -0.349121 0.756104 0.283569 -1.765015 0.061401
-1.011353 -0.332153 0.731323 0.402710 -1.939453 0.122314
-0.949097 -0.307983 0.707275 0.502441 -2.088867 0.148315
-0.854126 -0.296509 0.660645 0.585327 -2.232056 0.147461
-0.758179 -0.251465 0.624023 0.671631 -2.332886 0.167725
-0.664185 -0.173828 0.594971 0.723511 -2.395264 0.178345
-0.603882 -0.120483 0.555664 0.719360 -2.413086 0.160400
-0.415039 -0.047607 0.479980 0.700684 -2.368042 0.156616
-0.241333 0.050659 0.395142 0.654053 -2.169067 0.189575
-0.255371 0.135742 0.381714 0.528809 -1.893311 0.207642
-0.265625 0.168945 0.426270 0.350220 -1.755859 0.181030
-0.272095 0.126221 0.508667 0.156860 -1.786987 0.065308
-0.320435 0.059814 0.630005 -0.011963 -1.942261 -0.110352
-0.203247 0.035889 0.697754 -0.114624 -2.155273 -0.225220
-0.024048 0.007813 0.743896 -0.172119 -2.175781 -0.221191
0.005859 -0.008911 0.812866 -0.219116 -1.953247 -0.165527
0.002563 -0.010376 0.886597 -0.241699 -1.712158 -0.076538
0.004517 -0.022461 0.926636 -0.243286 -1.543823 0.017822
0.008423 -0.034546 0.952393 -0.242920 -1.447144 0.091797
0.005249 -0.045288 0.953247 -0.235474 -1.399902 0.156250
0.035278 -0.054321 0.933960 -0.230957 -1.402588 0.200562
0.127075 -0.060303 0.888794 -0.239990 -1.464355 0.190796
0.285156 -0.058228 0.867065 -0.254639 -1.535156 0.114868
0.425049 -0.047241 0.849243 -0.304565 -1.474365 0.023438
0.538818 -0.039673 0.861206 -0.374878 -1.254639 -0.039673
0.536743 -0.044800 0.866577 -0.449341 -0.915283 -0.052246
0.507202 -0.056763 0.916748 -0.509766 -0.630493 -0.037109
0.450073 -0.077271 0.948853 -0.556763 -0.397339 -0.004883
0.360229 -0.105835 1.035034 -0.573975 -0.266968 0.018066
0.284424 -0.177612 1.128540 -0.545654 -0.276245 -0.005859
0.283936 -0.262085 1.182617 -0.477417 -0.360474 -0.052979
0.287476 -0.331177 1.223022 -0.392822 -0.466797 -0.141113
0.321777 -0.378662 1.231201 -0.291016 -0.560913 -0.236084
0.332642 -0.378052 1.211060 -0.173828 -0.563110 -0.299561
0.308350 -0.345337 1.173706 -0.069336 -0.499756 -0.329712
0.257568 -0.295532 1.121460 0.009155 -0.421631 -0.322876
0.202637 -0.242065 1.074341 0.064697 -0.347656 -0.283813
0.180542 -0.197388 1.026489 0.096558 -0.316650 -0.240723
0.169067 -0.162354 1.004883 0.104004 -0.317749 -0.198364
0.178589 -0.140015 0.998657 0.100464 -0.322144 -0.145996
0.202637 -0.130737 0.989624 0.090454 -0.316528 -0.089111
0.241455 -0.125366 0.981445 0.075806 -0.307983 -0.040161
0.283569 -0.124512 0.970947 0.058105 -0.312012 -0.013550
0.320923 -0.126221 0.967285 0.039917 -0.310547 -0.005981
0.348999 -0.134399 0.963989 0.021484 -0.293091 -0.006348
0.372803 -0.135010 0.970337 0.008301 -0.273315 -0.010254
0.391846 -0.137939 0.979370 -0.004028 -0.234741 -0.015991
0.392822 -0.142944 0.977539 -0.012817 -0.176636 -0.017334
0.388428 -0.139526 0.969727 -0.016113 -0.102417 -0.004272
0.363281 -0.139648 0.965210 -0.021118 -0.033447 0.014160
0.354248 -0.144409 0.955688 -0.029907 0.004883 0.028931
0.344116 -0.150757 0.953979 -0.042725 0.029907 0.040283
0.328003 -0.156860 0.958740 -0.053711 0.051392 0.051392
0.308594 -0.164185 0.974365 -0.061890 0.061768 0.054321
0.304932 -0.178711 0.989990 -0.066406 0.052856 0.044800
0.293945 -0.183716 1.001587 -0.062012 0.026489 0.021851
0.287109 -0.183228 1.016235 -0.055054 -0.007813 -0.004272
0.277710 -0.184814 1.022461 -0.044434 -0.030273 -0.020020
0.272095 -0.176758 1.021973 -0.033813 -0.034302 -0.020630
0.266602 -0.175537 1.018799 -0.024292 -0.030518 -0.014404
0.273193 -0.174561 1.011353 -0.015625 -0.030273 -0.007324
0.289551 -0.167847 0.999756 -0.004639 -0.028198 0.002686
0.300903 -0.161865 0.987305 0.000244 -0.026367 0.007080
0.321899 -0.157471 0.979248 -0.002075 -0.022949 0.006592
0.353027 -0.162842 0.981567 -0.008057 -0.007935 0.000732
0.341431 -0.161743 0.982422 -0.015015 0.011597 -0.012207
0.324829 -0.146973 0.985962 -0.016846 0.012695 -0.020020
0.309082 -0.146240 0.981689 -0.020630 0.005859 -0.022339
0.306763 -0.150635 0.973999 -0.024170 0.005493 -0.016479
0.298584 -0.152222 0.974976 -0.031128 0.011963 -0.008789
0.286743 -0.162231 0.991089 -0.042114 0.014038 -0.008301
0.278564 -0.169800 0.995605 -0.046997 0.012207 -0.004395
0.274292 -0.176880 1.004517 -0.045654 0.014526 0.004028
0.269653 -0.176880 1.008179 -0.040161 0.008057 0.009766
0.262329 -0.176514 1.011597 -0.034180 -0.006104 0.014648
0.280640 -0.177246 1.006714 -0.029053 -0.033813 0.013306
0.308228 -0.177979 1.008301 -0.023315 -0.054443 0.000610
0.316406 -0.171631 1.007568 -0.015625 -0.049561 -0.006958
0.300659 -0.168335 1.010254 -0.012329 -0.039551 -0.010864
0.303955 -0.166748 1.005615 -0.013184 -0.042847 -0.011230
0.328491 -0.171387 0.998047 -0.014404 -0.046509 -0.018433
