0.360352 -0.093262 0.964355 -0.016479 0.000366 -0.031494
0.368774 -0.085815 0.953979 -0.022583 0.010620 -0.024658
0.402466 -0.086304 0.943237 -0.033813 0.030029 -0.013794
0.433960 -0.077393 0.936035 -0.046753 0.072266 -0.005981
0.472412 -0.078979 0.933838 -0.066162 0.131470 0.001709
0.510010 -0.090332 0.947510 -0.083374 0.215942 0.015869
0.572510 -0.102783 0.963013 -0.082275 0.330688 0.040039
0.563110 -0.101440 0.981567 -0.076416 0.490112 0.051514
0.533691 -0.100708 0.984497 -0.072998 0.641235 0.061890
0.507324 -0.107544 0.985229 -0.064575 0.781006 0.076904
0.463745 -0.104614 0.975586 -0.047485 0.928955 0.105347
0.403564 -0.080688 0.953735 -0.034058 1.057495 0.136719
0.351563 -0.053955 0.903564 -0.050171 1.131348 0.150757
0.272461 -0.006958 0.862305 -0.100586 1.175537 0.151733
0.216431 0.019775 0.817993 -0.168457 1.199341 0.171265
0.171631 0.042114 0.802368 -0.253418 1.237549 0.212524
0.180298 0.032593 0.771851 -0.362549 1.329590 0.290039
0.166992 -0.003418 0.773071 -0.466797 1.510010 0.396240
0.143066 -0.069458 0.831055 -0.551025 1.721069 0.493774
0.123901 -0.178833 0.924683 -0.598022 1.919434 0.561279
0.053223 -0.255127 1.029175 -0.586548 2.072144 0.578613
-0.061768 -0.341553 1.118042 -0.527100 2.125854 0.527100
-0.161743 -0.358887 1.148926 -0.415894 2.061157 0.420654
-0.167969 -0.364990 1.097046 -0.290527 1.927368 0.311279
-0.241577 -0.320679 1.035889 -0.181396 1.824341 0.193481
-0.246948 -0.242310 0.899170 -0.097168 1.732056 0.128906
-0.296631 -0.208130 0.829468 -0.063354 1.723877 0.115967
-0.311646 -0.158325 0.767456 -0.057373 1.755615 0.128540
-0.314575 -0.175537 0.729370 -0.073730 1.830078 0.153687
-0.373291 -0.206543 0.747192 -0.085571 1.890381 0.130737
-0.441772 -0.217285 0.739990 -0.087646 1.874390 0.078613
-0.554688 -0.215820 0.756226 -0.118530 1.780640 -0.008911
-0.518066 -0.236816 0.718872 -0.135742 1.615967 -0.077637
-0.474609 -0.251465 0.707764 -0.133545 1.535889 -0.100830
-0.531738 -0.245117 0.714600 -0.148193 1.545166 -0.143555
-0.615601 -0.233154 0.684326 -0.160156 1.575195 -0.163452
-0.712646 -0.223633 0.709351 -0.172974 1.554932 -0.156006
-0.818481 -0.263306 0.731934 -0.213989 1.476318 -0.179443
-0.848999 -0.301392 0.727905 -0.220825 1.346680 -0.173462
-0.878784 -0.291382 0.703369 -0.205078 1.250488 -0.152588
-0.904785 -0.270508 0.665649 -0.206909 1.181519 -0.121338
-0.890747 -0.247925 0.615967 -0.212646 1.114136 -0.071777
-0.880371 -0.263428 0.594116 -0.237183 1.043335 -0.046265
-0.912720 -0.292847 0.611328 -0.259399 0.947754 -0.065796
-0.957764 -0.287231 0.629028 -0.248657 0.827148 -0.080566
-0.949829 -0.293335 0.623535 -0.224487 0.732788 -0.051392
-0.915527 -0.294189 0.628418 -0.201782 0.669800 -0.024902
-0.894531 -0.295166 0.621460 -0.189453 0.624390 -0.009521
-0.913574 -0.299805 0.630859 -0.179443 0.552856 -0.001343
-0.969360 -0.324707 0.691040 -0.161621 0.441162 -0.010864
-1.182739 -0.418579 0.824219 -0.118774 0.335938 -0.053711
-0.797607 -0.372437 0.656860 -0.012207 0.117920 0.043823
-0.700684 -0.256348 0.533569 0.039429 0.108032 0.100342
-0.762695 -0.216187 0.497925 0.022217 0.146118 0.061035
-0.756104 -0.243164 0.495728 -0.012085 0.084961 0.026855
-0.782837 -0.274658 0.518188 -0.046387 0.027954 -0.023071
-0.821899 -0.278931 0.533081 -0.062012 0.010254 -0.040771
-0.850952 -0.292358 0.549805 -0.064697 0.001953 -0.028320
-0.903931 -0.294312 0.573730 -0.075195 -0.046387 -0.038696
-0.918701 -0.289917 0.579346 -0.080078 -0.144287 -0.047607
-0.946899 -0.307495 0.593506 -0.089844 -0.246460 -0.052246
-0.954590 -0.322876 0.615356 -0.085449 -0.352539 -0.047974
-0.952515 -0.346069 0.640381 -0.067749 -0.458130 -0.048096
-0.978760 -0.343384 0.664429 -0.040527 -0.584595 -0.062256
-0.997803 -0.349609 0.681763 -0.011841 -0.737549 -0.080688
-1.003662 -0.359009 0.703125 0.018066 -0.902466 -0.094971
-1.029419 -0.369629 0.727783 0.047974 -1.091797 -0.121460
-1.059814 -0.381470 0.754150 0.079468 -1.326660 -0.155640
-0.931641 -0.447754 0.753052 0.141113 -1.548584 -0.162964
-0.842285 -0.444946 0.773926 0.254883 -1.633423 -0.147705
-0.843384 -0.417603 0.777222 0.352783 -1.653442 -0.139282
-0.853271 -0.376953 0.771362 0.439819 -1.701050 -0.115479
-0.837646 -0.339722 0.758911 0.494995 -1.829590 -0.110962
-0.716797 -0.315430 0.728760 0.532104 -1.979736 -0.117188
-0.634521 -0.302734 0.701782 0.555786 -2.042969 -0.129028
-0.668335 -0.269287 0.694824 0.551758 -2.102417 -0.166870
-0.611206 -0.214478 0.651489 0.552368 -2.238525 -0.177856
-0.559082 -0.184814 0.621582 0.526611 -2.372925 -0.192017
-0.531982 -0.184937 0.633545 0.483765 -2.489624 -0.236084
-0.464478 -0.198608 0.645142 0.452148 -2.605469 -0.269897
-0.317505 -0.169312 0.642090 0.448242 -2.667480 -0.272827
-0.070190 -0.106323 0.591064 0.445313 -2.578491 -0.234619
0.038818 -0.070190 0.621216 0.415283 -2.248413 -0.127808
-0.001465 -0.056152 0.721069 0.345093 -1.877197 -0.020386
-0.009277 -0.082642 0.803833 0.273193 -1.674438 0.075073
-0.062134 -0.103394 0.928223 0.222412 -1.613647 0.116089
0.034912 -0.092896 0.950806 0.199097 -1.708984 0.133911
0.146851 -0.099731 0.937012 0.184448 -1.728394 0.193726
0.280640 -0.055176 0.900757 0.182983 -1.618774 0.284790
0.523804 -0.023560 0.810791 0.169556 -1.469116 0.355225
0.652954 -0.011719 0.760864 0.108032 -1.111694 0.414307
0.615967 -0.007813 0.773438 0.021240 -0.703979 0.438965
0.443970 -0.062256 0.863281 -0.072388 -0.433594 0.399048
0.300659 -0.120972 0.955200 -0.127686 -0.418457 0.292847
0.239868 -0.179932 1.035522 -0.143799 -0.625488 0.130493
0.255859 -0.219116 1.088501 -0.134644 -0.884033 -0.046509
0.313599 -0.228027 1.094971 -0.103760 -1.030518 -0.167725
0.376221 -0.242920 1.075684 -0.064209 -0.997314 -0.198120
0.407715 -0.220459 1.051270 -0.020386 -0.801636 -0.126099
0.373657 -0.208130 1.031982 0.008545 -0.552979 -0.031982
0.331909 -0.189697 1.017700 0.029175 -0.398804 0.022949
0.331909 -0.186768 1.018188 0.040039 -0.385254 0.019775
0.322144 -0.206787 1.027710 0.058960 -0.400513 -0.011597
0.302734 -0.185547 1.038696 0.091919 -0.459595 -0.070679
0.356323 -0.150757 1.013916 0.103882 -0.573853 -0.148682
0.423096 -0.120728 0.970703 0.101196 -0.604736 -0.190063
0.430664 -0.076538 0.942261 0.083984 -0.513428 -0.173218
0.427490 -0.058350 0.914185 0.039429 -0.369019 -0.107544
0.414917 -0.062622 0.916016 0.002319 -0.239014 -0.035645
0.401611 -0.089966 0.929321 -0.012939 -0.176392 -0.007813
0.379395 -0.127319 0.960815 -0.019409 -0.190308 -0.029297
0.368286 -0.157349 0.989014 -0.015625 -0.258423 -0.090210
0.363281 -0.184937 1.013062 -0.001709 -0.318481 -0.148071
0.354126 -0.182007 1.035278 0.024414 -0.340332 -0.179199
0.373169 -0.159058 1.033325 0.046265 -0.319336 -0.165894
0.411621 -0.119141 1.002563 0.066406 -0.233887 -0.099854
0.430664 -0.084595 0.947266 0.066040 -0.111572 -0.019287
0.431152 -0.058228 0.905396 0.047974 -0.020386 0.044434
0.442261 -0.064453 0.881226 0.026489 -0.000366 0.066650
0.454712 -0.075073 0.899414 -0.000122 -0.007690 0.058472
0.468018 -0.091431 0.919556 -0.026489 -0.001587 0.040283
0.454834 -0.106689 0.946411 -0.049194 0.007568 0.012817
0.434204 -0.111572 0.965332 -0.063843 0.025757 -0.006836
0.404785 -0.111084 0.972168 -0.072266 0.048950 -0.008057
0.401001 -0.120239 0.971802 -0.078979 0.076538 0.009399
0.406494 -0.125732 0.960571 -0.072632 0.126587 0.039917
0.403076 -0.128540 0.959229 -0.062500 0.182007 0.070801
0.403442 -0.131714 0.960327 -0.053101 0.233032 0.098877
0.400513 -0.138428 0.966431 -0.040894 0.283325 0.120483
0.381592 -0.145386 0.972412 -0.037231 0.315796 0.118896
0.359619 -0.156128 0.984009 -0.037476 0.322632 0.100830
0.306641 -0.172974 1.005615 -0.032837 0.294067 0.064087
0.258301 -0.168579 1.033691 -0.019165 0.209839 0.010010
0.252686 -0.167847 1.040039 -0.010376 0.103271 -0.031128
0.235352 -0.153076 1.040405 -0.005005 0.045654 -0.036743
0.210083 -0.138428 1.021606 -0.000977 0.004883 -0.023071
0.227051 -0.119751 1.001953 -0.000488 -0.070557 -0.010498
0.261719 -0.114258 0.981323 -0.010620 -0.139282 0.001831
0.317505 -0.113281 0.968872 -0.024780 -0.181885 0.012085
0.399780 -0.121338 0.957397 -0.031738 -0.177856 0.016602
0.439819 -0.120972 0.962036 -0.031860 -0.124268 0.015625
0.468140 -0.135864 0.973633 -0.036865 -0.061890 0.004395
0.465942 -0.135132 0.983643 -0.031738 -0.000732 -0.007690
0.422852 -0.133301 0.981689 -0.031250 0.053345 -0.017700
0.385132 -0.128906 0.973633 -0.030518 0.076416 -0.025269
0.340088 -0.131348 0.967163 -0.037109 0.078491 -0.033691
0.290161 -0.139038 0.972656 -0.044312 0.065186 -0.030518
0.266235 -0.146729 0.986816 -0.046997 0.033691 -0.026001
0.255249 -0.153442 1.003784 -0.046021 -0.000732 -0.021118
0.254883 -0.156860 1.007935 -0.044312 -0.033691 -0.010010
