0.318848 -0.144897 0.993286 -0.004028 -0.039673 -0.030273
0.323364 -0.135254 0.995483 -0.004761 -0.034302 -0.032837
0.330322 -0.135376 0.998657 -0.005737 -0.023804 -0.028442
0.348877 -0.141113 1.000977 -0.006836 -0.003906 -0.025513
0.368530 -0.155273 1.002441 -0.005249 0.023926 -0.028198
0.382324 -0.175415 1.020020 0.003052 0.064941 -0.035522
0.428223 -0.216675 1.063599 0.027710 0.115967 -0.042114
0.495972 -0.261108 1.130615 0.086060 0.215698 -0.036499
0.513672 -0.273560 1.178101 0.161499 0.385010 -0.026855
0.538818 -0.244507 1.160645 0.244507 0.583984 0.003296
0.571045 -0.208130 1.104492 0.323242 0.806396 0.067383
0.599609 -0.129028 1.019653 0.386597 1.023560 0.105957
0.562988 -0.072388 0.924927 0.406860 1.244507 0.116699
0.459961 -0.038574 0.857666 0.401001 1.432251 0.126831
0.449585 -0.017578 0.854736 0.398315 1.525024 0.120239
0.390625 0.000244 0.856934 0.380859 1.639404 0.098389
0.370605 -0.028198 0.863037 0.339844 1.775635 0.071411
0.406738 -0.060303 0.857788 0.323853 1.970825 0.086792
0.305420 -0.055786 0.828979 0.306274 2.244141 0.087158
0.137451 -0.016602 0.769165 0.310425 2.434570 0.062988
-0.007324 0.010864 0.736694 0.319946 2.415771 -0.024292
-0.078735 0.057617 0.705933 0.332153 2.247437 -0.151123
-0.042603 0.042603 0.673950 0.315430 2.109863 -0.262329
-0.038696 0.059448 0.643433 0.287109 2.180420 -0.277222
-0.166748 0.102539 0.535522 0.209717 2.441772 -0.248413
-0.286377 0.158325 0.434204 0.101074 2.675293 -0.169067
-0.438721 0.174438 0.361084 -0.056641 2.818481 -0.114380
-0.474121 0.116821 0.288208 -0.224731 2.832642 -0.096069
-0.547607 0.012817 0.287964 -0.385010 2.826294 -0.137085
-0.708984 -0.107666 0.358154 -0.525513 2.780396 -0.242920
-0.835449 -0.206177 0.391968 -0.586304 2.661377 -0.320435
-0.993408 -0.227173 0.439575 -0.586182 2.523682 -0.370239
-1.098389 -0.252075 0.462402 -0.551514 2.323608 -0.392700
-1.202637 -0.280884 0.515015 -0.517456 2.113403 -0.412109
-1.234253 -0.311401 0.544434 -0.459961 1.912964 -0.393311
-1.323975 -0.282349 0.591064 -0.375488 1.747803 -0.333862
-1.432007 -0.274048 0.645386 -0.319458 1.551514 -0.277588
-1.447388 -0.265503 0.677246 -0.254272 1.290649 -0.208252
-1.349854 -0.260742 0.688477 -0.168579 1.042969 -0.119507
-1.268433 -0.229858 0.668213 -0.078247 0.873413 -0.033569
-1.231689 -0.192993 0.643555 -0.010254 0.728394 0.024536
-1.155884 -0.173462 0.599365 0.039795 0.563354 0.061279
-1.031372 -0.115479 0.512817 0.075562 0.424805 0.102173
-0.909302 -0.100830 0.438477 0.064087 0.365845 0.137939
-0.849487 -0.096924 0.416382 0.021729 0.344238 0.119019
-0.788696 -0.109985 0.406616 -0.027954 0.303589 0.074463
-0.693481 -0.134766 0.406006 -0.048828 0.276855 0.037720
-0.790161 -0.120728 0.448242 -0.069458 0.288574 -0.026001
-1.248169 -0.150391 0.593140 -0.095093 0.209106 -0.086060
-1.066650 -0.280762 0.579712 -0.057373 0.031494 -0.077637
-0.798096 -0.152100 0.431885 -0.005615 0.044067 0.058228
-0.888062 -0.061157 0.374390 -0.027954 0.121704 0.051025
-0.819946 -0.112915 0.384644 -0.059570 0.037231 0.027710
-0.880005 -0.137573 0.416504 -0.069702 -0.005371 -0.005371
-0.963501 -0.147705 0.438843 -0.083740 -0.011475 -0.036499
-0.916382 -0.147339 0.419312 -0.093994 -0.018311 -0.034912
-0.895752 -0.122314 0.398438 -0.106079 -0.035156 -0.033813
-0.914673 -0.158447 0.419678 -0.136230 -0.107056 -0.067261
-0.973999 -0.173462 0.441284 -0.139404 -0.200806 -0.092285
-1.064575 -0.163574 0.445313 -0.138794 -0.298340 -0.097656
-1.061035 -0.169067 0.457397 -0.131104 -0.395508 -0.058838
-1.059814 -0.162109 0.461182 -0.119873 -0.450684 -0.010010
-1.073364 -0.166504 0.500977 -0.127441 -0.506836 -0.001587
-1.130005 -0.157593 0.529297 -0.134521 -0.601440 -0.009766
-1.194824 -0.150635 0.562866 -0.152954 -0.786011 -0.035278
-1.255005 -0.150391 0.581055 -0.193970 -1.082031 -0.098145
-1.283081 -0.179810 0.596802 -0.239868 -1.454590 -0.166626
-1.215942 -0.234741 0.618652 -0.250732 -1.825928 -0.209106
-1.128418 -0.288940 0.626221 -0.213623 -2.087280 -0.228149
-1.039185 -0.374390 0.654785 -0.119263 -2.207520 -0.200806
-0.835327 -0.435547 0.690918 0.081177 -2.208374 -0.076660
-0.785400 -0.323730 0.701782 0.298828 -2.028564 0.073364
-0.813232 -0.227417 0.681152 0.409668 -1.852295 0.176270
-0.790771 -0.170288 0.673828 0.455933 -1.846924 0.203369
-0.743530 -0.169189 0.671753 0.458496 -1.969604 0.156494
-0.714722 -0.177002 0.667969 0.450684 -2.163574 0.062134
-0.703247 -0.164795 0.651978 0.446533 -2.395508 -0.055176
-0.628052 -0.149048 0.611694 0.440796 -2.613037 -0.144165
-0.521118 -0.154541 0.604004 0.429443 -2.749878 -0.207642
-0.401733 -0.176270 0.599365 0.430786 -2.784668 -0.278931
-0.361572 -0.185791 0.618774 0.458740 -2.739990 -0.333740
-0.330200 -0.139404 0.654541 0.496338 -2.704468 -0.348145
-0.198120 -0.057739 0.638550 0.515015 -2.667847 -0.328369
-0.044067 0.025513 0.639648 0.508911 -2.539795 -0.284058
0.052979 0.080444 0.676758 0.466553 -2.319946 -0.253784
0.117554 0.120605 0.722534 0.401611 -2.095337 -0.233887
0.167236 0.137207 0.762695 0.317261 -1.894653 -0.197876
0.192261 0.132813 0.822754 0.232666 -1.748047 -0.174561
0.190552 0.113281 0.856934 0.158691 -1.704712 -0.198242
0.237061 0.107056 0.872681 0.109741 -1.769531 -0.226563
0.345703 0.099609 0.887451 0.078857 -1.854492 -0.249390
0.426025 0.091064 0.848999 0.050293 -1.845947 -0.268921
0.595337 0.099487 0.817017 0.017822 -1.740356 -0.224121
0.717896 0.075684 0.792603 -0.044800 -1.382080 -0.132202
0.647217 0.064575 0.831787 -0.116577 -0.875732 -0.009888
0.558472 0.040771 0.866089 -0.196289 -0.509521 0.092529
0.498535 0.012695 0.919678 -0.249146 -0.306152 0.136108
0.417725 -0.021118 0.969604 -0.280518 -0.241821 0.104370
0.370728 -0.049805 1.014893 -0.286499 -0.305176 0.046997
0.369019 -0.080322 1.047852 -0.270264 -0.427246 -0.015381
0.358154 -0.107422 1.082520 -0.237793 -0.543213 -0.075195
0.353638 -0.111816 1.083374 -0.198730 -0.639160 -0.123169
0.417725 -0.104858 1.064209 -0.162598 -0.688965 -0.124390
0.509521 -0.109619 1.022217 -0.139771 -0.586182 -0.078613
0.526123 -0.089355 1.008667 -0.131592 -0.367188 -0.025635
0.463745 -0.079468 1.019165 -0.142578 -0.148804 0.007202
0.416992 -0.076782 1.031006 -0.139160 -0.025757 0.020386
0.387329 -0.085693 1.048950 -0.119263 -0.015503 -0.006226
0.370483 -0.096069 1.055908 -0.088745 -0.063354 -0.043823
0.373657 -0.105103 1.047241 -0.049683 -0.108154 -0.070313
0.365234 -0.104980 1.053345 -0.015991 -0.118530 -0.088501
0.341797 -0.100464 1.030518 0.007568 -0.113647 -0.098145
0.345703 -0.081177 1.008423 0.026611 -0.119141 -0.092529
0.355347 -0.069336 0.969727 0.030273 -0.095581 -0.068604
0.373535 -0.049683 0.943970 0.025635 -0.057861 -0.038940
0.393677 -0.044800 0.931519 0.009033 -0.027466 -0.019653
0.405029 -0.040283 0.932129 -0.006836 -0.003784 -0.006836
0.408936 -0.039917 0.938110 -0.020996 0.013062 0.000244
0.419434 -0.044800 0.943970 -0.032593 0.022949 0.005493
0.417725 -0.050293 0.954102 -0.043335 0.029541 0.005249
0.415283 -0.068481 0.958984 -0.049927 0.039307 -0.000244
0.390381 -0.076294 0.972168 -0.048340 0.061768 -0.003784
0.361450 -0.086060 0.990967 -0.044800 0.074219 -0.004517
0.340088 -0.091431 1.005981 -0.034180 0.077026 0.004272
0.320557 -0.096191 1.006226 -0.024780 0.063110 0.008789
0.322144 -0.095703 1.005981 -0.007446 0.024170 0.008057
0.323242 -0.087891 1.013062 0.017944 -0.010498 0.012939
0.329590 -0.078125 1.010986 0.038086 -0.041138 0.020996
0.349243 -0.076050 1.014282 0.050781 -0.049561 0.025146
0.356323 -0.062012 1.008911 0.057983 -0.038696 0.025757
0.360107 -0.060059 1.001831 0.050659 -0.036377 0.014893
0.363647 -0.058594 0.996094 0.043701 -0.049316 0.004639
0.394897 -0.059692 0.982300 0.039673 -0.053833 -0.000610
0.409546 -0.053833 0.970947 0.032837 -0.030273 -0.006226
0.406006 -0.047729 0.962524 0.018311 -0.001953 -0.015259
0.405396 -0.046509 0.959961 0.004272 0.014160 -0.023315
0.389038 -0.039185 0.958374 -0.007446 0.031006 -0.026611
0.364868 -0.034668 0.960815 -0.018555 0.035034 -0.026001
0.364624 -0.038208 0.966064 -0.031494 0.023560 -0.022705
0.354614 -0.041138 0.962891 -0.042725 0.028442 -0.015869
0.345215 -0.041504 0.970581 -0.052734 0.027954 -0.007690
0.313354 -0.047974 0.975220 -0.065186 0.030396 0.000977
0.299194 -0.050659 0.980591 -0.067627 0.016602 0.014648
0.307007 -0.061401 0.970459 -0.072510 -0.003174 0.028809
0.343262 -0.069458 0.974976 -0.069824 -0.009521 0.037964
0.348022 -0.069336 0.985107 -0.065552 0.002441 0.036011
0.340698 -0.076050 1.001953 -0.065918 0.005615 0.034302
0.363037 -0.078125 0.998535 -0.057373 -0.004272 0.033203
0.392212 -0.079346 1.002319 -0.045410 -0.021240 0.015869
0.396362 -0.076660 0.999634 -0.038330 -0.022705 -0.005493
