0.496460 -0.102173 1.031494 0.027222 0.101929 -0.043945
0.556885 -0.113892 1.052612 0.067017 0.168213 -0.033325
0.567261 -0.095337 1.049805 0.107788 0.298828 -0.012451
0.547241 -0.066528 1.019043 0.134521 0.427490 -0.002441
0.555786 -0.021362 0.965332 0.153687 0.533569 0.000122
0.550049 0.007935 0.909912 0.146606 0.667114 0.014893
0.538818 0.037598 0.875244 0.128906 0.830200 0.047852
0.560669 0.036987 0.878540 0.108765 0.982788 0.073242
0.588989 0.024414 0.913696 0.093750 1.155762 0.104248
0.614380 -0.008789 0.963501 0.078735 1.356201 0.125366
0.591309 0.006470 0.975952 0.088745 1.588989 0.153076
0.557251 0.025879 0.921753 0.078369 1.834595 0.170532
0.529297 0.043213 0.861572 0.073486 2.058838 0.189819
0.569214 0.046143 0.778320 0.078735 2.308228 0.244385
0.447021 0.048462 0.720947 0.072388 2.617920 0.303101
0.239624 0.074463 0.684326 0.059448 2.826660 0.315430
0.005981 0.086426 0.679321 0.027954 2.799805 0.211182
-0.074585 0.035156 0.720581 0.005737 2.574341 0.076172
0.045654 0.003662 0.707275 0.031006 2.439331 0.033936
-0.043213 -0.006592 0.659058 0.019165 2.618896 0.034180
-0.247314 0.029175 0.562622 -0.014771 2.855103 0.038574
-0.448486 0.072021 0.503174 -0.075195 2.950073 0.018921
-0.468628 0.078125 0.442627 -0.148926 2.824219 -0.016113
-0.535278 0.024658 0.421387 -0.258545 2.669434 -0.099121
-0.635132 -0.023071 0.416260 -0.375732 2.541016 -0.193359
-0.760376 -0.081421 0.454346 -0.480103 2.434937 -0.250610
-0.798462 -0.117798 0.452026 -0.550049 2.343628 -0.294189
-0.901001 -0.126099 0.451050 -0.601685 2.297729 -0.305908
-0.991333 -0.189941 0.487305 -0.646973 2.205444 -0.335327
-1.086426 -0.215820 0.538330 -0.651733 2.049927 -0.365479
-1.136841 -0.252441 0.568481 -0.625244 1.831055 -0.379028
-1.225830 -0.278931 0.633789 -0.584595 1.588989 -0.405884
-1.284180 -0.289795 0.680908 -0.525024 1.324219 -0.419434
-1.303101 -0.275513 0.718628 -0.443604 1.075806 -0.381470
-1.277100 -0.257568 0.729492 -0.362427 0.876953 -0.312134
-1.270386 -0.276123 0.760620 -0.290894 0.730591 -0.241089
-1.590698 -0.366333 1.057495 -0.216919 0.585449 -0.194946
-1.631470 -0.380859 1.037964 -0.045898 0.299683 -0.155640
-0.810425 -0.299805 0.651001 0.098145 -0.161865 0.157227
-0.848999 -0.127441 0.562988 0.161011 -0.105225 0.142700
-0.755859 -0.120850 0.479980 0.139282 -0.132080 0.142822
-0.661499 -0.139404 0.476196 0.088745 -0.179321 0.102905
-0.688232 -0.141113 0.504028 0.033325 -0.178955 0.035522
-0.726807 -0.161011 0.521606 -0.012085 -0.171021 -0.022339
-0.745361 -0.171143 0.546997 -0.033813 -0.159302 -0.049805
-0.845337 -0.168701 0.583374 -0.057373 -0.136597 -0.070923
-0.943359 -0.165161 0.618652 -0.070923 -0.173218 -0.070435
-0.975464 -0.179688 0.647339 -0.071777 -0.265259 -0.043457
-0.997314 -0.183838 0.668335 -0.065674 -0.367065 -0.010498
-0.989502 -0.217529 0.682373 -0.059814 -0.468628 0.005859
-1.061279 -0.241089 0.711426 -0.048584 -0.612671 -0.030640
-1.113037 -0.245361 0.723267 -0.024658 -0.856323 -0.080078
-1.037842 -0.291626 0.746216 0.028687 -1.122681 -0.090576
-0.930298 -0.308228 0.768921 0.132690 -1.267212 -0.041992
-0.868530 -0.283447 0.782837 0.249756 -1.243164 0.050293
-0.901611 -0.207397 0.775146 0.343750 -1.151245 0.141724
-0.911011 -0.174194 0.764526 0.389038 -1.136108 0.209839
-0.841675 -0.182739 0.748413 0.414185 -1.211182 0.239746
-0.782959 -0.168701 0.745972 0.426880 -1.322632 0.210327
-0.764893 -0.143799 0.715820 0.420532 -1.455078 0.146606
-0.770630 -0.127441 0.707153 0.400391 -1.629395 0.072632
-0.756592 -0.124146 0.705688 0.370239 -1.851440 -0.008057
-0.705078 -0.146484 0.708008 0.342163 -2.049805 -0.055420
-0.611694 -0.178711 0.726196 0.338013 -2.175415 -0.090942
-0.554810 -0.203735 0.742065 0.364502 -2.213135 -0.127808
-0.519653 -0.205444 0.763184 0.416382 -2.220215 -0.151001
-0.482422 -0.187866 0.787354 0.485474 -2.244141 -0.165527
-0.443481 -0.168457 0.799561 0.553833 -2.301147 -0.187378
-0.384277 -0.159790 0.811890 0.619385 -2.378296 -0.210693
-0.297974 -0.150635 0.835815 0.691284 -2.453979 -0.224365
-0.268066 -0.121704 0.847168 0.756958 -2.510254 -0.242065
-0.236816 -0.073975 0.864868 0.811279 -2.578491 -0.253418
-0.125854 -0.036011 0.842529 0.865967 -2.655396 -0.249023
-0.027344 0.008301 0.821411 0.908325 -2.676636 -0.237915
0.061401 0.064331 0.772705 0.918335 -2.661743 -0.228516
0.188354 0.121948 0.720093 0.886719 -2.613892 -0.202637
0.247070 0.192261 0.682983 0.832031 -2.494629 -0.189575
0.350098 0.244873 0.642578 0.741089 -2.336426 -0.177246
0.413818 0.282104 0.620850 0.619995 -2.137451 -0.150146
0.461182 0.338013 0.601807 0.483032 -1.913086 -0.113892
0.500854 0.382690 0.584229 0.330688 -1.683228 -0.057495
0.511841 0.411133 0.574951 0.165649 -1.461060 -0.001831
0.538452 0.415161 0.596924 0.010132 -1.267334 0.069214
0.574585 0.418823 0.623169 -0.134399 -1.101563 0.148560
0.602661 0.383911 0.618164 -0.280884 -0.955200 0.215210
0.705566 0.342896 0.640625 -0.389282 -0.882202 0.257202
0.766235 0.281738 0.708130 -0.490845 -0.769409 0.265259
0.863159 0.212402 0.780884 -0.557129 -0.610718 0.283569
0.929688 0.133667 0.875854 -0.589966 -0.379272 0.282715
0.898438 0.070068 0.950317 -0.603638 -0.119873 0.259521
0.803833 0.015869 1.005859 -0.584961 0.095581 0.233398
0.674438 -0.013062 1.034912 -0.531250 0.217041 0.197632
0.578125 -0.031250 1.028564 -0.461548 0.236328 0.149536
0.531250 -0.047729 1.005249 -0.397339 0.204346 0.097900
0.516235 -0.050171 0.985718 -0.342041 0.183105 0.062256
0.492798 -0.046631 0.976196 -0.304443 0.210449 0.048218
0.468506 -0.044556 0.990845 -0.282959 0.252808 0.042725
0.426025 -0.044556 1.006958 -0.264648 0.299194 0.035522
0.399658 -0.033691 1.032593 -0.239380 0.311157 0.036621
0.375122 -0.032715 1.049438 -0.214111 0.301147 0.037964
0.378662 -0.039429 1.052856 -0.182007 0.263428 0.038086
0.387695 -0.040283 1.053955 -0.144287 0.219727 0.035278
0.377075 -0.042480 1.041382 -0.110474 0.162964 0.019287
0.369873 -0.047974 1.030762 -0.078125 0.091919 0.001343
0.374878 -0.042847 1.006592 -0.046631 0.026367 -0.012085
0.379761 -0.036377 0.990723 -0.024048 -0.027710 -0.028198
0.401123 -0.038696 0.975708 -0.010742 -0.060669 -0.039185
0.426270 -0.029175 0.957397 0.005615 -0.057861 -0.034546
0.429321 -0.015869 0.949707 0.013184 -0.048706 -0.032715
0.435425 -0.011719 0.945557 0.014038 -0.053833 -0.034546
0.472900 -0.002319 0.934570 0.017212 -0.060547 -0.035034
0.486938 0.007324 0.932983 0.017212 -0.039551 -0.039551
0.481201 0.015137 0.937744 0.012817 -0.004395 -0.038818
0.467651 0.025146 0.924561 0.004028 0.023193 -0.030884
0.442993 0.028198 0.924805 -0.008057 0.044556 -0.023682
0.435425 0.031860 0.923096 -0.018066 0.051514 -0.015747
0.437012 0.029785 0.922485 -0.030884 0.053833 -0.009644
0.436523 0.024902 0.931763 -0.049927 0.053589 -0.011597
0.417358 0.012939 0.947144 -0.065430 0.058838 -0.012573
0.411133 0.007690 0.960571 -0.070435 0.054077 -0.007324
0.405029 -0.009888 0.971436 -0.072510 0.050903 -0.001343
0.413452 -0.019165 0.980225 -0.068604 0.043457 0.005371
0.410522 -0.023926 0.987915 -0.062012 0.040161 0.009033
0.408691 -0.030640 0.986816 -0.051636 0.038818 0.010254
0.409424 -0.028076 0.984741 -0.038452 0.032471 0.010864
0.405518 -0.023560 0.979980 -0.026733 0.020630 0.003418
0.410156 -0.018066 0.976563 -0.016479 0.002197 -0.007813
0.421509 -0.019409 0.971313 -0.010132 -0.003174 -0.015503
0.430664 -0.011475 0.966187 -0.004761 0.003052 -0.022461
0.420532 -0.003296 0.967529 -0.001953 0.015137 -0.028198
0.409424 0.003662 0.961304 -0.000244 0.018555 -0.027588
0.406250 0.008789 0.957397 -0.000854 0.009399 -0.025635
0.409668 0.009277 0.960083 -0.002808 0.000732 -0.021851
0.399658 0.009277 0.958130 -0.006958 -0.002197 -0.018188
0.398926 0.006104 0.954834 -0.011597 -0.006592 -0.010986
0.398804 0.004761 0.954834 -0.018066 -0.014404 -0.008667
0.414795 -0.001465 0.960327 -0.019531 -0.020142 -0.006470
0.425781 -0.004639 0.970337 -0.021240 -0.014404 -0.007568
0.428101 -0.006348 0.972778 -0.022583 -0.011597 -0.012817
0.439697 -0.005005 0.976074 -0.018677 -0.014771 -0.018188
0.436768 -0.008667 0.982910 -0.014526 -0.015015 -0.024536
0.440796 -0.007568 0.974731 -0.010864 -0.010620 -0.026367
0.437012 -0.008423 0.968140 -0.006836 0.001343 -0.025269
0.424561 -0.006836 0.961060 -0.005127 0.016724 -0.023071
0.413818 -0.002686 0.960815 -0.005859 0.020142 -0.021606
0.407349 0.000000 0.959229 -0.005615 0.017822 -0.018433
0.399048 0.002686 0.956543 -0.008301 0.008545 -0.018799
0.399170 0.002686 0.950439 -0.011353 -0.003296 -0.020020
0.406250 0.003296 0.952026 -0.013550 -0.019531 -0.026733
0.423096 0.002319 0.951294 -0.015137 -0.036499 -0.043091
