0.346191 -0.014282 0.969238 0.020508 -0.014893 -0.017822
0.353394 -0.013062 0.968628 0.014160 -0.020996 -0.018188
0.369141 -0.012817 0.979370 0.011353 -0.013794 -0.014282
0.371460 -0.012085 0.982544 0.009399 0.005981 -0.009277
0.369629 -0.016724 0.981567 0.005859 0.021851 -0.008423
0.382568 -0.013550 0.975464 0.002930 0.032715 -0.011475
0.385864 -0.014648 0.969849 -0.004517 0.052612 -0.015015
0.406250 -0.020264 0.979370 -0.006836 0.078979 -0.013306
0.405518 -0.027588 0.991211 -0.007935 0.110596 -0.013794
0.426025 -0.040039 1.009399 -0.003052 0.143188 -0.007446
0.428467 -0.045288 1.030273 0.016846 0.200562 0.006470
0.455200 -0.035278 1.028564 0.057129 0.242676 0.040527
0.473145 -0.008057 1.011230 0.098267 0.305176 0.078247
0.475220 0.032593 0.974365 0.115234 0.406738 0.111206
0.498413 0.035645 0.943115 0.110840 0.556274 0.159302
0.526001 0.057983 0.927490 0.098145 0.739136 0.228638
0.494019 0.061279 0.927490 0.056274 0.950806 0.243652
0.433105 0.041382 0.936646 0.017212 1.109985 0.220093
0.396240 0.027222 0.946899 -0.004517 1.222656 0.205566
0.366333 0.009399 0.969849 -0.015381 1.334839 0.203857
0.305542 0.018188 0.971924 -0.028931 1.467407 0.197144
0.261230 0.030762 0.936523 -0.060791 1.606445 0.209106
0.208496 0.023682 0.919922 -0.090576 1.777222 0.233887
0.161499 0.050781 0.874023 -0.104126 1.930542 0.250122
0.118164 0.020874 0.854248 -0.136230 2.060913 0.251221
0.062012 0.010010 0.851440 -0.161865 2.153198 0.224854
-0.059326 -0.007446 0.868042 -0.186890 2.170166 0.155884
-0.106079 -0.053223 0.873535 -0.204102 2.055542 0.060791
-0.092529 -0.056396 0.863159 -0.191406 1.921387 -0.020386
-0.086182 -0.054443 0.806763 -0.195068 1.880859 -0.077148
-0.197388 -0.027588 0.791870 -0.203369 1.951660 -0.080200
-0.369751 0.021851 0.759277 -0.221680 2.021606 -0.072266
-0.465210 -0.012695 0.751221 -0.263428 2.017090 -0.049561
-0.501953 -0.060791 0.739746 -0.301636 1.937866 -0.051514
-0.483765 -0.096558 0.726685 -0.325562 1.869507 -0.065063
-0.577759 -0.103516 0.730103 -0.356812 1.840088 -0.090698
-0.595825 -0.095581 0.686401 -0.388062 1.780396 -0.102051
-0.634033 -0.073364 0.642944 -0.428345 1.774048 -0.067749
-0.762085 -0.122925 0.683838 -0.510864 1.755127 -0.069458
-0.846436 -0.181396 0.731201 -0.550415 1.667114 -0.072510
-0.931396 -0.200195 0.762939 -0.537109 1.575317 -0.059570
-0.976196 -0.229736 0.783813 -0.518188 1.468872 -0.050049
-0.963257 -0.236938 0.773682 -0.462158 1.359253 -0.030396
-0.984253 -0.254150 0.771240 -0.397949 1.209473 -0.047852
-0.961182 -0.255371 0.769043 -0.323242 0.982056 -0.074463
-0.920532 -0.231323 0.751709 -0.239014 0.774780 -0.072266
-0.784180 -0.195190 0.703491 -0.173096 0.643555 -0.048950
-0.670654 -0.164917 0.655762 -0.131592 0.654785 0.001099
-0.635986 -0.148804 0.627441 -0.129761 0.716553 0.006104
-0.596191 -0.114868 0.584351 -0.128784 0.766479 0.009644
-0.641113 -0.119629 0.580688 -0.162598 0.785522 -0.032104
-0.692627 -0.129395 0.591431 -0.196655 0.750610 -0.094971
-0.677002 -0.169800 0.586060 -0.214355 0.731323 -0.119019
-0.758789 -0.208496 0.599731 -0.226563 0.760254 -0.138062
-0.845947 -0.237549 0.623291 -0.214478 0.752197 -0.154907
-0.887573 -0.227295 0.602539 -0.175293 0.689453 -0.158569
-0.924072 -0.210571 0.566772 -0.148804 0.622559 -0.159302
-0.940430 -0.216675 0.552002 -0.144653 0.572754 -0.154541
-0.981445 -0.212280 0.547607 -0.142334 0.536133 -0.143311
-1.018921 -0.225464 0.529541 -0.147095 0.482544 -0.134033
-0.987549 -0.218628 0.519531 -0.137695 0.408447 -0.104004
-0.930664 -0.226074 0.513306 -0.126831 0.368164 -0.070435
-0.953857 -0.222046 0.510376 -0.122925 0.348389 -0.062256
-0.966064 -0.210693 0.514526 -0.114136 0.277710 -0.061279
-0.915039 -0.222168 0.514160 -0.100708 0.197388 -0.053711
-0.895752 -0.222168 0.511353 -0.090088 0.163696 -0.054199
-0.939331 -0.222534 0.506226 -0.086670 0.139160 -0.062256
-0.942139 -0.241699 0.519531 -0.072510 0.086914 -0.055542
-0.910156 -0.227295 0.498291 -0.052734 0.057129 -0.033325
-0.844971 -0.215088 0.475098 -0.042603 0.073242 -0.002563
-0.842773 -0.212280 0.462524 -0.052856 0.102661 -0.001953
-0.804688 -0.211304 0.459106 -0.059937 0.097778 -0.010864
-0.765503 -0.214844 0.454102 -0.063721 0.095215 -0.016846
-0.792969 -0.216064 0.464111 -0.075684 0.103516 -0.044678
-0.858276 -0.219360 0.473877 -0.082642 0.081299 -0.076294
-0.915527 -0.231445 0.488037 -0.082153 0.027710 -0.096802
-1.005859 -0.246704 0.507568 -0.077881 -0.038452 -0.109497
-1.125488 -0.282349 0.554932 -0.067993 -0.144165 -0.116699
-1.252930 -0.324219 0.584106 -0.043213 -0.317261 -0.125122
-1.317017 -0.337891 0.603149 0.000488 -0.537231 -0.100098
-1.311768 -0.334961 0.589478 0.054810 -0.774414 -0.048462
-1.260132 -0.330322 0.577026 0.108398 -1.023682 0.002075
-1.191528 -0.317871 0.576538 0.160889 -1.245850 0.040283
-1.113403 -0.307007 0.579346 0.208496 -1.424194 0.067993
-1.027832 -0.308350 0.582153 0.255371 -1.555298 0.074585
-0.961060 -0.298584 0.588867 0.301514 -1.652222 0.057373
-0.916626 -0.278198 0.604248 0.350952 -1.736694 0.036133
-0.878662 -0.259644 0.616455 0.389038 -1.822510 0.024414
-0.830322 -0.244263 0.611938 0.421021 -1.917236 0.012207
-0.760986 -0.245728 0.625610 0.440796 -2.018555 -0.007080
-0.701416 -0.252930 0.649902 0.469482 -2.098999 -0.022949
-0.653809 -0.247681 0.667114 0.508179 -2.156616 -0.032104
-0.570313 -0.223633 0.683472 0.557983 -2.175537 -0.018555
-0.477905 -0.195313 0.679443 0.599731 -2.154175 -0.008179
-0.413208 -0.174072 0.688721 0.613037 -2.103882 -0.042969
-0.404297 -0.151733 0.701904 0.612671 -2.081299 -0.116211
-0.415283 -0.124878 0.725464 0.613281 -2.123779 -0.193970
-0.397705 -0.110596 0.733643 0.614258 -2.207886 -0.244385
-0.338623 -0.102661 0.743896 0.617676 -2.273682 -0.255371
-0.245972 -0.073853 0.749268 0.617554 -2.297241 -0.265625
-0.126099 -0.006348 0.717529 0.606812 -2.245850 -0.257446
-0.042847 0.065918 0.706421 0.555786 -2.091309 -0.218628
0.004272 0.097290 0.722656 0.475830 -1.896362 -0.175659
0.013916 0.116821 0.755493 0.388428 -1.739014 -0.143555
0.025024 0.131226 0.789185 0.299561 -1.659790 -0.128418
0.048340 0.128418 0.822876 0.213867 -1.628174 -0.123657
0.108887 0.127319 0.842773 0.141846 -1.601318 -0.108032
0.169922 0.111938 0.864746 0.067993 -1.526367 -0.092773
0.207642 0.108643 0.869995 -0.001343 -1.415405 -0.068970
0.272095 0.093750 0.875488 -0.061401 -1.305176 -0.045776
0.406616 0.066406 0.882080 -0.106934 -1.177856 -0.039673
0.452759 0.036743 0.924438 -0.156372 -0.988770 -0.066162
0.457886 0.039551 0.967529 -0.186523 -0.854248 -0.096436
0.452637 0.016724 0.988159 -0.225098 -0.773438 -0.115601
0.461792 -0.005493 1.005859 -0.250854 -0.691650 -0.114868
0.456299 -0.011353 1.024292 -0.241577 -0.605103 -0.102173
0.420532 -0.016846 1.043213 -0.237671 -0.499512 -0.085815
0.378296 -0.031250 1.057251 -0.236328 -0.403931 -0.064087
0.330688 -0.051514 1.061401 -0.227661 -0.328857 -0.045410
0.281982 -0.065796 1.052124 -0.213989 -0.288574 -0.027710
0.271362 -0.081665 1.034912 -0.198853 -0.298218 -0.027466
0.284912 -0.099365 1.035767 -0.196167 -0.300659 -0.030518
0.318237 -0.123169 1.057739 -0.189453 -0.263062 -0.028687
0.309692 -0.131958 1.089478 -0.170898 -0.191284 -0.028564
0.275513 -0.129150 1.109863 -0.145264 -0.156006 -0.039917
0.285645 -0.126099 1.115723 -0.101563 -0.179443 -0.055664
0.300293 -0.119141 1.098022 -0.052002 -0.207397 -0.075684
0.326416 -0.109375 1.076416 -0.007324 -0.208374 -0.083252
0.333008 -0.097778 1.047241 0.020996 -0.172607 -0.079224
0.323120 -0.082886 1.028809 0.035034 -0.119019 -0.064697
0.317749 -0.072388 1.011963 0.045410 -0.083984 -0.051025
0.315308 -0.055786 0.996094 0.051270 -0.072998 -0.046875
0.318726 -0.046631 0.983643 0.047485 -0.074585 -0.049194
0.325073 -0.042358 0.971069 0.034180 -0.066895 -0.049683
0.324707 -0.040894 0.971436 0.019287 -0.050049 -0.048462
0.311157 -0.040771 0.978516 0.005249 -0.037354 -0.049072
0.320679 -0.044556 0.976563 -0.001465 -0.035034 -0.045898
0.327881 -0.047729 0.969849 -0.011963 -0.020752 -0.042480
0.326660 -0.052734 0.978027 -0.021118 0.005859 -0.033203
0.327271 -0.054565 0.982788 -0.028564 0.030518 -0.023682
0.313721 -0.056030 0.992065 -0.036011 0.049194 -0.022461
0.294800 -0.059937 1.007080 -0.040283 0.052612 -0.022461
0.274292 -0.060181 1.015747 -0.040283 0.039307 -0.020020
0.266602 -0.070435 1.022217 -0.036499 0.009888 -0.021729
0.288818 -0.075684 1.020752 -0.031494 -0.008789 -0.023071
0.281494 -0.072998 1.022949 -0.027466 0.001343 -0.024414
0.270020 -0.070679 1.021973 -0.023804 0.010620 -0.019775
0.270020 -0.067017 1.023071 -0.020020 0.005981 -0.016724
0.285767 -0.064575 1.018311 -0.011719 -0.008911 -0.018311
0.287476 -0.055176 1.008667 -0.003418 -0.021484 -0.021240
