0.430054 -0.142578 1.034790 0.043823 0.214233 -0.048950
0.443970 -0.130615 1.031128 0.083740 0.237793 -0.040161
0.477295 -0.130249 1.021606 0.126709 0.278076 -0.027466
0.496948 -0.122314 1.023560 0.164795 0.352539 -0.018066
0.531128 -0.131104 1.034424 0.195557 0.442505 -0.009521
0.552246 -0.128784 1.042358 0.225830 0.555542 -0.000854
0.583130 -0.146484 1.062988 0.251221 0.682373 -0.000977
0.629761 -0.169067 1.092041 0.289795 0.807983 -0.018066
0.580933 -0.143188 1.094604 0.340942 0.944458 -0.054321
0.512573 -0.107910 1.042847 0.393433 1.038208 -0.089600
0.448364 -0.046265 0.949829 0.443237 1.084961 -0.108643
0.397461 0.048950 0.854492 0.456787 1.082642 -0.137329
0.473267 0.045532 0.758179 0.423462 1.085449 -0.186401
0.483276 0.096436 0.730835 0.364746 1.133301 -0.260742
0.501343 0.146240 0.690796 0.251831 1.258179 -0.334595
0.554810 0.130493 0.639038 0.137573 1.521973 -0.320557
0.416016 0.137573 0.622437 0.033447 1.888794 -0.280396
0.275024 0.149658 0.646606 -0.060547 2.154419 -0.244263
0.082764 0.144897 0.715088 -0.155518 2.265381 -0.271851
-0.052490 0.055542 0.804321 -0.233154 2.206787 -0.364258
-0.148315 -0.031738 0.884521 -0.263672 2.098511 -0.449585
-0.152344 -0.129395 0.934204 -0.257813 2.009155 -0.493530
-0.146606 -0.197021 0.928345 -0.205933 2.022339 -0.484741
-0.177979 -0.144409 0.866089 -0.123291 2.147583 -0.442749
-0.282593 -0.050415 0.720337 -0.046387 2.361206 -0.346680
-0.439697 0.001099 0.644409 -0.019409 2.509766 -0.263062
-0.523560 0.000000 0.595215 -0.037964 2.516602 -0.201904
-0.588989 -0.039063 0.578613 -0.078491 2.424072 -0.190674
-0.566528 -0.094727 0.558228 -0.114380 2.292358 -0.228638
-0.658081 -0.099609 0.546021 -0.141602 2.217163 -0.298950
-0.737549 -0.099854 0.522583 -0.174683 2.093140 -0.383179
-0.745361 -0.106689 0.489502 -0.184692 1.931763 -0.420166
-0.844604 -0.121094 0.519287 -0.229004 1.786987 -0.486328
-0.926270 -0.137329 0.552612 -0.283325 1.621948 -0.546143
-0.978882 -0.137085 0.581665 -0.284546 1.499878 -0.505127
-1.118164 -0.107666 0.633667 -0.295410 1.457031 -0.452515
-1.225708 -0.134399 0.686035 -0.328003 1.432861 -0.357422
-1.295776 -0.152344 0.719116 -0.341797 1.373291 -0.222900
-1.291626 -0.175659 0.726318 -0.338257 1.235840 -0.116089
-1.238281 -0.182007 0.720703 -0.302979 1.070557 -0.026123
-1.189697 -0.177002 0.697144 -0.262207 0.916138 0.040649
-1.164429 -0.163086 0.678467 -0.227417 0.758789 0.083008
-1.109741 -0.142578 0.645142 -0.191895 0.563599 0.105347
-0.999756 -0.144165 0.625000 -0.157715 0.371094 0.123901
-0.901611 -0.166138 0.628662 -0.141113 0.221313 0.099121
-0.875122 -0.161499 0.632446 -0.135132 0.083374 0.028198
-0.801392 -0.171875 0.616577 -0.119507 -0.050171 -0.029175
-0.713501 -0.181763 0.606201 -0.083008 -0.099609 -0.049194
-0.776489 -0.156738 0.608276 -0.066040 -0.051514 -0.064331
-0.864868 -0.146240 0.618408 -0.075684 -0.035400 -0.069336
-0.896240 -0.174683 0.633789 -0.082642 -0.088867 -0.057495
-0.927856 -0.207031 0.662842 -0.084961 -0.171997 -0.046875
-1.004883 -0.205566 0.679565 -0.069702 -0.268921 -0.036499
-1.061401 -0.196289 0.682007 -0.041870 -0.411011 -0.033325
-1.143433 -0.194946 0.702637 -0.029663 -0.600952 -0.060913
-1.208374 -0.198608 0.706543 -0.021729 -0.826416 -0.093018
-1.242554 -0.210205 0.705688 -0.002563 -1.083740 -0.101563
-1.213013 -0.215332 0.717651 0.037476 -1.353638 -0.073486
-1.179443 -0.213623 0.709595 0.083984 -1.586060 -0.022949
-1.220093 -0.178223 0.678101 0.124512 -1.788940 0.025879
-1.235596 -0.144897 0.653198 0.131348 -2.018799 0.089600
-1.178955 -0.172119 0.649414 0.117554 -2.274536 0.155884
-1.126465 -0.204102 0.627075 0.118774 -2.558594 0.171997
-0.968262 -0.231201 0.602539 0.143555 -2.873169 0.191406
-0.763916 -0.272583 0.553833 0.183838 -3.104858 0.188599
-0.545410 -0.288330 0.540527 0.247803 -3.212036 0.123657
-0.375000 -0.304688 0.537231 0.332397 -3.198120 0.017822
-0.358887 -0.226074 0.545044 0.428711 -3.148926 -0.089478
-0.397217 -0.127930 0.564209 0.481689 -3.161865 -0.156372
-0.430542 -0.054321 0.582520 0.485596 -3.266113 -0.195313
-0.339600 0.002441 0.571777 0.463623 -3.462891 -0.213989
-0.050293 0.042603 0.524170 0.434692 -3.609131 -0.187012
0.231079 0.067749 0.499390 0.407471 -3.451782 -0.115845
0.374268 0.117676 0.511719 0.355347 -3.058594 -0.018311
0.477905 0.134399 0.532227 0.254883 -2.611816 0.097046
0.489502 0.162476 0.626465 0.121216 -2.218872 0.164673
0.557739 0.114746 0.618042 -0.015747 -1.990723 0.175049
0.697388 0.103394 0.719360 -0.081299 -1.919434 0.131104
0.708496 0.037109 0.781494 -0.151489 -1.763794 0.048706
0.750244 -0.010254 0.840210 -0.173584 -1.652710 0.030151
0.801514 -0.042236 0.888306 -0.159790 -1.555908 0.034668
0.828613 -0.086548 0.914063 -0.135498 -1.393921 0.038574
0.917847 -0.128052 0.920410 -0.090576 -1.205322 0.062012
0.910522 -0.129639 0.925171 -0.029541 -0.966064 0.066528
0.805298 -0.104858 0.912109 0.022705 -0.763428 0.035645
0.714600 -0.077515 0.879028 0.054810 -0.696777 -0.026978
0.678589 -0.050903 0.850342 0.073608 -0.724976 -0.112549
0.660400 -0.033569 0.848267 0.076538 -0.719482 -0.169189
0.647949 -0.000977 0.831787 0.063599 -0.630493 -0.161987
0.684692 0.021484 0.823853 0.033936 -0.501221 -0.115845
0.673218 0.030396 0.841797 -0.010254 -0.318726 -0.056763
0.644775 0.031006 0.864868 -0.050293 -0.142334 0.010986
0.650391 0.013306 0.894409 -0.070313 -0.022705 0.062622
0.671509 -0.003174 0.911011 -0.072388 0.030762 0.069946
0.661865 -0.011475 0.911621 -0.067383 0.062500 0.038940
0.632324 -0.022339 0.912598 -0.074097 0.062622 -0.006104
0.581787 -0.029663 0.901123 -0.076294 0.044678 -0.056152
0.530151 -0.036865 0.900269 -0.079712 0.026733 -0.091431
0.493774 -0.043701 0.906494 -0.081299 0.019165 -0.093018
0.476929 -0.054321 0.911011 -0.074463 0.022339 -0.074341
0.474243 -0.070923 0.918823 -0.067139 0.018311 -0.047974
0.502686 -0.082642 0.919434 -0.055542 0.005859 -0.019043
0.528320 -0.089478 0.923584 -0.041382 0.000122 -0.003052
0.550781 -0.086060 0.922852 -0.025879 -0.003174 0.005981
0.586426 -0.069580 0.901489 -0.006592 -0.002197 0.011230
0.594116 -0.042358 0.879395 0.003662 0.010864 0.005249
0.597046 -0.020508 0.854370 0.000488 0.013306 -0.012329
0.606689 -0.005371 0.848877 -0.011719 0.009644 -0.031860
0.601685 -0.005127 0.846069 -0.032349 0.034668 -0.043823
0.570679 -0.002563 0.857788 -0.056763 0.077148 -0.036987
0.554443 -0.015259 0.868896 -0.074219 0.111694 -0.019043
0.539917 -0.027832 0.879639 -0.083008 0.135742 -0.003418
0.530273 -0.045532 0.899414 -0.087891 0.148560 0.001831
0.516357 -0.064697 0.918457 -0.089844 0.148926 0.002319
0.515747 -0.079346 0.931030 -0.081665 0.135742 0.005005
0.512329 -0.079102 0.936523 -0.067749 0.119263 0.002075
0.497070 -0.079712 0.941895 -0.057007 0.089844 -0.011963
0.490845 -0.076782 0.935303 -0.043335 0.053101 -0.023682
0.481079 -0.062744 0.931519 -0.032593 0.020386 -0.033325
0.492798 -0.060791 0.920410 -0.024780 -0.005005 -0.039673
0.507202 -0.048950 0.918335 -0.020142 -0.011597 -0.044800
0.538330 -0.054077 0.912231 -0.020386 0.000000 -0.050537
0.546753 -0.036621 0.909668 -0.015259 0.039185 -0.054321
0.552734 -0.033691 0.908813 -0.021973 0.080200 -0.068848
0.549316 -0.029297 0.900757 -0.031128 0.108765 -0.088257
0.542114 -0.025635 0.899170 -0.040283 0.115112 -0.114014
0.521729 -0.025879 0.895386 -0.055420 0.109863 -0.136475
0.501099 -0.044312 0.897217 -0.069336 0.094727 -0.131714
0.483521 -0.041748 0.902710 -0.068970 0.075928 -0.088379
0.452759 -0.040283 0.911987 -0.068726 0.060181 -0.045532
0.419922 -0.034058 0.913940 -0.070923 0.031372 -0.007935
0.407593 -0.037842 0.912964 -0.077271 -0.017944 0.020630
0.413818 -0.036621 0.911987 -0.086304 -0.078369 0.040405
0.443726 -0.046509 0.916870 -0.099243 -0.130615 0.052734
0.549072 -0.087402 0.896729 -0.105591 -0.150024 0.051636
0.601563 -0.086670 0.923218 -0.084473 -0.098633 0.047241
0.605347 -0.095459 0.953857 -0.073730 -0.023682 0.036255
0.593872 -0.090088 0.969238 -0.049805 0.024048 0.020386
0.589233 -0.092529 0.959961 -0.020386 0.028931 -0.008789
0.582275 -0.065430 0.926758 0.012085 0.026001 -0.034912
0.544678 -0.050781 0.900879 0.020508 0.018799 -0.060547
0.500244 -0.037231 0.885254 0.012451 0.032227 -0.056519
0.469482 -0.037720 0.880859 -0.005859 0.046265 -0.037476
0.456299 -0.037964 0.889038 -0.028320 0.039795 -0.021606
0.465454 -0.050049 0.909546 -0.042847 0.015991 -0.012573
0.475952 -0.054443 0.930786 -0.047607 -0.008911 -0.007202
0.486206 -0.061035 0.933960 -0.045288 -0.030029 -0.002930
0.512451 -0.068970 0.926758 -0.036743 -0.040894 -0.000610
0.535767 -0.070190 0.927979 -0.025635 -0.026611 -0.001221
0.537109 -0.061157 0.921143 -0.017944 -0.002075 -0.006226
