0.346069 -0.139282 0.977417 -0.009399 0.000366 -0.019409
0.358521 -0.131348 0.966431 -0.010864 -0.003540 -0.021362
0.362305 -0.127930 0.959473 -0.016479 0.001221 -0.019653
0.363525 -0.123779 0.957275 -0.023560 0.012695 -0.014893
0.362183 -0.120239 0.962158 -0.031738 0.017944 -0.013184
0.375122 -0.129761 0.959839 -0.041260 0.024048 -0.009644
0.393433 -0.125977 0.964355 -0.049072 0.046753 0.000122
0.410645 -0.129150 0.961426 -0.059326 0.084961 0.004028
0.470215 -0.128174 0.948120 -0.065063 0.142700 0.018921
0.509277 -0.131592 0.948730 -0.070313 0.244995 0.034180
0.496826 -0.134155 0.963013 -0.072998 0.357300 0.033447
0.485596 -0.143555 0.972656 -0.076294 0.426758 0.019897
0.513672 -0.165039 0.995483 -0.073120 0.485107 -0.011108
0.534058 -0.178711 1.003296 -0.061157 0.563354 -0.062500
0.568115 -0.190918 1.002197 -0.053589 0.676270 -0.090454
0.558472 -0.190552 0.994385 -0.031982 0.854736 -0.071411
0.544434 -0.125977 0.953491 -0.000610 1.062988 -0.020508
0.523560 -0.100220 0.877563 -0.003418 1.315308 0.053589
0.424072 -0.028198 0.832275 -0.017700 1.588501 0.145752
0.344849 0.000977 0.780273 -0.063721 1.796387 0.207397
0.302002 -0.015625 0.727173 -0.136353 1.932739 0.209229
0.213989 -0.031250 0.740234 -0.202515 2.004272 0.164917
0.222534 -0.100098 0.765625 -0.286011 1.989624 0.063354
0.222412 -0.146973 0.804565 -0.334839 2.037109 -0.024292
0.151855 -0.133667 0.809692 -0.338867 2.201416 -0.052490
-0.056763 -0.092041 0.787109 -0.350830 2.401978 -0.056152
-0.244263 -0.106812 0.789917 -0.371948 2.465210 -0.054443
-0.326294 -0.138794 0.776978 -0.370850 2.388672 -0.055298
-0.381470 -0.172119 0.759644 -0.364380 2.319458 -0.069336
-0.522949 -0.208374 0.747925 -0.395142 2.273804 -0.116943
-0.584351 -0.227173 0.704590 -0.441528 2.210571 -0.138916
-0.627197 -0.227783 0.632080 -0.449829 2.193726 -0.086060
-0.721436 -0.244751 0.626709 -0.498169 2.171631 -0.068115
-0.703979 -0.298706 0.604492 -0.534790 2.109009 -0.034790
-0.774414 -0.306396 0.622192 -0.558228 2.091431 -0.001099
-0.856812 -0.334229 0.642212 -0.606934 2.020142 0.025391
-0.907837 -0.404419 0.681274 -0.613892 1.874634 0.057495
-0.925049 -0.447266 0.765503 -0.556274 1.673096 0.039063
-0.941162 -0.461060 0.809937 -0.460327 1.463623 0.001587
-0.970337 -0.430298 0.836670 -0.359131 1.272217 -0.025146
-0.935669 -0.414307 0.834106 -0.269409 1.116943 -0.010498
-0.878784 -0.416382 0.823975 -0.185181 0.987183 0.016235
-0.871948 -0.394653 0.808350 -0.109497 0.854614 -0.001099
-0.863525 -0.359375 0.768066 -0.040527 0.711914 -0.024292
-0.892090 -0.357788 0.798340 0.007935 0.602783 -0.034424
-1.130371 -0.434204 0.857300 0.050659 0.577515 -0.027832
-0.819824 -0.366455 0.662476 0.148804 0.368774 0.073486
-0.643921 -0.290894 0.531006 0.171631 0.257690 0.087524
-0.692383 -0.226440 0.487305 0.152100 0.308228 0.059692
-0.845947 -0.239258 0.542236 0.105103 0.345581 0.039673
-0.912231 -0.289551 0.588135 0.057007 0.286011 0.027710
-0.842651 -0.286865 0.572266 0.038696 0.176392 0.040405
-0.751099 -0.275879 0.546143 0.022583 0.092651 0.037109
-0.766235 -0.248047 0.546143 0.002319 0.067139 0.009888
-0.830933 -0.269775 0.574829 -0.034424 0.036499 -0.019531
-0.820435 -0.283325 0.590942 -0.057739 -0.034912 -0.028687
-0.718872 -0.313232 0.597168 -0.057739 -0.082886 -0.010864
-0.707275 -0.287598 0.600220 -0.036987 -0.032959 0.008423
-0.766968 -0.281372 0.618652 -0.037109 0.033203 0.015747
-0.774170 -0.285278 0.618286 -0.034424 0.031616 0.022949
-0.760742 -0.291016 0.613281 -0.028809 0.001587 0.021729
-0.774048 -0.286133 0.596802 -0.029541 -0.044067 -0.002808
-0.778687 -0.287476 0.583984 -0.035522 -0.099243 -0.033813
-0.793945 -0.289185 0.580078 -0.046631 -0.143188 -0.059082
-0.855957 -0.274658 0.583862 -0.065796 -0.196411 -0.081177
-0.885132 -0.262817 0.574341 -0.092529 -0.284912 -0.089600
-0.881470 -0.294556 0.588013 -0.127075 -0.374390 -0.094849
-0.878784 -0.339722 0.645752 -0.133789 -0.436279 -0.091187
-0.926514 -0.356812 0.701050 -0.110229 -0.478760 -0.070679
-0.983032 -0.374023 0.739136 -0.076660 -0.539917 -0.040649
-1.007080 -0.391724 0.774658 -0.026489 -0.654419 -0.005371
-1.023193 -0.407227 0.806274 0.033813 -0.811646 0.005371
-1.064087 -0.436890 0.832520 0.095093 -1.017822 -0.011719
-1.119019 -0.438965 0.855957 0.168091 -1.301758 -0.050415
-1.115112 -0.448364 0.840088 0.252808 -1.640137 -0.080811
-1.037231 -0.452881 0.817749 0.351685 -1.947510 -0.097656
-0.907959 -0.446777 0.770752 0.460083 -2.153931 -0.099854
-0.780640 -0.417114 0.727905 0.561279 -2.242432 -0.076050
-0.715576 -0.379639 0.698730 0.636230 -2.245117 -0.050415
-0.707642 -0.322144 0.669189 0.684204 -2.269409 -0.030151
-0.710083 -0.263672 0.650391 0.695679 -2.385498 -0.025024
-0.701904 -0.247803 0.638672 0.671143 -2.588867 -0.054321
-0.658691 -0.247681 0.628174 0.644043 -2.864746 -0.116821
-0.532593 -0.244141 0.594971 0.655273 -3.118530 -0.186646
-0.372192 -0.244263 0.573486 0.687988 -3.260742 -0.242554
-0.250488 -0.222778 0.594360 0.718872 -3.313843 -0.310059
-0.061768 -0.213257 0.646606 0.764160 -3.276855 -0.342773
0.057495 -0.165649 0.716187 0.796875 -3.117432 -0.338989
0.153809 -0.107788 0.770996 0.793701 -2.898804 -0.285034
0.216187 -0.048584 0.810913 0.793091 -2.652344 -0.181885
0.269531 -0.019531 0.802856 0.756226 -2.454102 -0.069336
0.414185 0.050903 0.766724 0.759766 -2.380737 0.025757
0.449585 0.070557 0.703125 0.742065 -2.314819 0.012695
0.491821 0.140625 0.629395 0.692383 -2.292969 -0.025879
0.722534 0.159058 0.531128 0.616333 -2.274292 -0.028564
0.771240 0.157715 0.540894 0.508301 -2.014526 -0.043091
0.754272 0.204590 0.583862 0.383179 -1.712402 -0.039429
0.772095 0.180176 0.644043 0.259521 -1.426392 0.016113
0.770996 0.166626 0.702026 0.159058 -1.134521 0.098022
0.802368 0.168945 0.725586 0.067017 -0.894409 0.185303
0.844116 0.132446 0.722412 -0.025635 -0.673096 0.263428
0.787354 0.114990 0.732422 -0.108398 -0.476440 0.299194
0.731567 0.085938 0.751221 -0.185059 -0.388550 0.303711
0.713135 0.025879 0.789673 -0.245728 -0.379028 0.268677
0.751099 -0.064331 0.840820 -0.268921 -0.367798 0.190918
0.733887 -0.120605 0.932983 -0.243652 -0.307739 0.108032
0.700806 -0.137573 0.994995 -0.206055 -0.269043 0.039307
0.686523 -0.150635 1.019897 -0.157593 -0.232300 -0.002930
0.673096 -0.137939 1.018311 -0.097656 -0.148438 -0.002686
0.677002 -0.100708 0.978516 -0.039673 -0.061157 0.010620
0.624268 -0.058228 0.944458 0.006104 0.032349 0.022461
0.581665 -0.020142 0.905273 0.037476 0.068604 0.030884
0.566528 0.006104 0.872070 0.049316 0.053833 0.028931
0.578369 0.022217 0.834717 0.039551 0.026367 0.025513
0.596558 0.025269 0.810669 0.007813 0.015869 0.021606
0.639771 0.005981 0.806396 -0.027100 0.036011 0.014648
0.628784 0.008911 0.831055 -0.053589 0.086548 0.007080
0.623169 -0.017334 0.852051 -0.077271 0.108887 -0.002197
0.620605 -0.040161 0.877197 -0.082397 0.123901 -0.002930
0.609741 -0.060303 0.887695 -0.074585 0.133423 -0.013306
0.577759 -0.063110 0.903809 -0.058350 0.142456 -0.025513
0.529541 -0.066406 0.906250 -0.049194 0.142212 -0.030396
0.506592 -0.069702 0.905884 -0.046387 0.130493 -0.015137
0.499023 -0.065796 0.903564 -0.044678 0.114014 0.010010
0.508179 -0.065552 0.904053 -0.042603 0.086182 0.019287
0.518921 -0.058960 0.913452 -0.039307 0.058960 0.030029
0.547607 -0.063843 0.912842 -0.033081 0.039307 0.038940
0.574707 -0.056519 0.909790 -0.020630 0.041138 0.051758
0.608276 -0.036255 0.901367 0.000244 0.057495 0.071045
0.617065 -0.008179 0.889160 0.011963 0.098877 0.060181
0.586914 -0.014526 0.884155 -0.005615 0.133789 0.009033
0.556396 -0.012939 0.879517 -0.011597 0.138672 -0.026245
0.534058 -0.009277 0.872681 -0.016113 0.124268 -0.044312
0.522461 -0.022095 0.869873 -0.027222 0.110596 -0.046631
0.516968 -0.030273 0.878906 -0.041992 0.102905 -0.044678
0.493286 -0.046631 0.902222 -0.056274 0.096313 -0.042969
0.490967 -0.054077 0.911377 -0.063232 0.085815 -0.024780
0.490845 -0.054688 0.918579 -0.063232 0.081665 -0.002808
0.516968 -0.065796 0.914917 -0.057373 0.074829 0.012329
0.543213 -0.063965 0.921753 -0.043335 0.076660 0.011841
0.545532 -0.058105 0.930298 -0.034180 0.080566 -0.006592
0.531006 -0.060181 0.933594 -0.026123 0.077515 -0.024292
0.504639 -0.054932 0.930298 -0.016724 0.064941 -0.037109
0.501709 -0.046875 0.922241 -0.006470 0.041870 -0.045898
0.499634 -0.037842 0.913696 -0.001709 0.017212 -0.053345
0.481201 -0.035278 0.908813 -0.005981 0.009888 -0.049316
0.461548 -0.027466 0.903320 -0.009155 0.001099 -0.030762
0.464355 -0.024414 0.898071 -0.015991 -0.022827 -0.013428
0.496460 -0.039551 0.895508 -0.026123 -0.049927 -0.005005
0.533447 -0.044189 0.904419 -0.025146 -0.050781 0.000977
