0.363770 -0.123535 0.977539 -0.021729 -0.022095 -0.015503
0.370972 -0.118896 0.970581 -0.019775 -0.025635 -0.010376
0.380005 -0.124023 0.969116 -0.020020 -0.025635 -0.008667
0.384033 -0.119263 0.977051 -0.019287 -0.028564 -0.011353
0.389526 -0.118408 0.972778 -0.019531 -0.030640 -0.012695
0.399292 -0.119385 0.966797 -0.021240 -0.027832 -0.011719
0.407471 -0.118896 0.961914 -0.023315 -0.015015 -0.010132
0.409424 -0.124756 0.959229 -0.027100 -0.000854 -0.014771
0.432007 -0.130981 0.965454 -0.028442 0.015869 -0.020630
0.470703 -0.126099 0.965454 -0.025879 0.055176 -0.021606
0.541626 -0.119629 0.971680 -0.019775 0.145142 0.001831
0.556030 -0.094604 0.960571 -0.013916 0.301514 0.041870
0.551147 -0.084351 0.945923 -0.021973 0.460083 0.074951
0.552734 -0.067139 0.923828 -0.036865 0.567261 0.082153
0.562378 -0.064941 0.900513 -0.058838 0.656982 0.073364
0.598389 -0.062134 0.890991 -0.058594 0.779175 0.080566
0.616211 -0.058472 0.885132 -0.065674 0.975708 0.115723
0.647949 -0.063843 0.875366 -0.091553 1.213745 0.149536
0.667236 -0.053711 0.850098 -0.117432 1.498901 0.198364
0.653076 -0.036865 0.791870 -0.131714 1.870239 0.290649
0.488892 0.008911 0.742065 -0.154785 2.293945 0.395630
0.314331 0.020142 0.682007 -0.221191 2.579102 0.490845
0.164917 0.023071 0.654053 -0.288330 2.717285 0.518188
0.071777 -0.017456 0.663086 -0.362915 2.689697 0.464844
0.111694 -0.096313 0.656616 -0.422241 2.643433 0.424561
-0.036499 -0.133789 0.694580 -0.464111 2.734131 0.383301
-0.246216 -0.178711 0.779541 -0.484741 2.801636 0.338501
-0.344727 -0.195679 0.779053 -0.438843 2.838135 0.345703
-0.479858 -0.191284 0.747681 -0.403809 2.903564 0.349121
-0.600464 -0.208008 0.692383 -0.388306 2.871094 0.325806
-0.647583 -0.240356 0.672119 -0.365479 2.766235 0.298218
-0.690674 -0.284668 0.648071 -0.342651 2.643188 0.221191
-0.756348 -0.316406 0.639526 -0.301880 2.484741 0.120239
-0.776489 -0.346924 0.625488 -0.239990 2.305786 0.026855
-0.849731 -0.337036 0.641602 -0.179688 2.178101 -0.042969
-1.015625 -0.312866 0.652588 -0.140747 2.055786 -0.087769
-1.137939 -0.259766 0.645752 -0.119629 1.865845 -0.095459
-1.190552 -0.299927 0.674683 -0.139648 1.619629 -0.089722
-1.117920 -0.329712 0.691040 -0.125610 1.377197 -0.061401
-1.054443 -0.328003 0.685181 -0.087646 1.253418 0.003662
-1.101440 -0.309326 0.690918 -0.059326 1.200439 0.056396
-1.106812 -0.279297 0.683105 -0.028687 1.067871 0.102905
-1.021118 -0.277588 0.680542 0.007202 0.849731 0.122681
-0.912598 -0.286865 0.682007 0.046021 0.654053 0.109619
-0.807983 -0.270508 0.658325 0.094360 0.547974 0.097534
-0.773682 -0.232300 0.622681 0.125977 0.476563 0.051636
-0.737183 -0.206177 0.589111 0.132568 0.393799 0.001099
-0.721436 -0.133423 0.523682 0.122559 0.371948 -0.013062
-0.758911 -0.112915 0.472656 0.065308 0.396484 -0.015015
-0.784302 -0.121094 0.455078 -0.008667 0.398560 -0.025024
-0.820068 -0.139893 0.454956 -0.076904 0.388672 -0.034058
-0.934692 -0.182251 0.504883 -0.135132 0.371826 -0.051147
-1.426880 -0.315918 0.744995 -0.153198 0.354370 -0.090210
-0.952637 -0.350342 0.577026 -0.070313 0.110107 0.044189
-0.723022 -0.227295 0.423584 -0.014038 0.007324 0.085693
-0.769409 -0.156250 0.386353 -0.009155 0.001831 0.012329
-0.815796 -0.172729 0.443481 -0.041138 -0.032837 -0.030762
-0.978149 -0.219604 0.552002 -0.080566 -0.026611 -0.057983
-0.892944 -0.242065 0.565308 -0.084717 -0.059082 -0.020630
-0.750977 -0.239990 0.531250 -0.061523 -0.071899 0.015381
-0.786011 -0.215576 0.535156 -0.043579 -0.050537 -0.006836
-0.832764 -0.219604 0.549194 -0.036621 -0.065308 -0.028320
-0.887451 -0.228516 0.572510 -0.037476 -0.088623 -0.036499
-0.920166 -0.224243 0.573975 -0.036255 -0.121460 -0.033691
-0.914795 -0.216919 0.553101 -0.029785 -0.166870 -0.017090
-0.935791 -0.204102 0.541016 -0.036133 -0.230225 -0.026245
-0.969604 -0.178101 0.518066 -0.058228 -0.340942 -0.055420
-1.008301 -0.170532 0.498901 -0.108887 -0.494263 -0.098633
-0.990112 -0.231201 0.527344 -0.161377 -0.683838 -0.146851
-0.969727 -0.302246 0.571533 -0.178345 -0.830933 -0.169189
-1.077148 -0.326416 0.630249 -0.172729 -0.943848 -0.179810
-1.139160 -0.335938 0.671021 -0.142944 -1.116211 -0.176880
-1.109985 -0.379883 0.730347 -0.089478 -1.314453 -0.177490
-1.080811 -0.405273 0.764526 -0.006104 -1.500366 -0.178467
-1.016113 -0.380005 0.778198 0.093140 -1.660278 -0.157349
-0.945435 -0.355225 0.784302 0.189087 -1.783936 -0.125488
-0.866821 -0.335205 0.771240 0.261963 -1.890869 -0.114136
-0.739380 -0.305786 0.748047 0.326172 -1.984985 -0.116333
-0.668457 -0.280762 0.704102 0.375488 -2.020508 -0.146118
-0.687744 -0.257813 0.699341 0.402588 -2.056274 -0.192261
-0.687988 -0.242432 0.704834 0.424561 -2.168579 -0.230347
-0.636597 -0.243042 0.713623 0.437988 -2.329468 -0.310669
-0.485107 -0.235596 0.666870 0.465820 -2.458618 -0.390137
-0.413574 -0.222778 0.642456 0.489502 -2.463745 -0.427979
-0.393921 -0.182007 0.637451 0.489502 -2.421265 -0.425537
-0.336182 -0.149170 0.632813 0.480469 -2.384399 -0.396606
-0.318726 -0.150024 0.663574 0.451538 -2.344971 -0.374390
-0.289917 -0.122559 0.707031 0.425415 -2.367920 -0.374878
-0.086792 -0.038452 0.655884 0.405396 -2.402100 -0.334595
0.065552 0.012573 0.647339 0.349487 -2.238647 -0.235962
0.180420 0.053467 0.670654 0.257080 -1.959595 -0.124146
0.301636 0.073242 0.682983 0.144653 -1.649048 -0.007202
0.349487 0.034302 0.743652 0.023315 -1.325317 0.082764
0.347168 -0.010498 0.891602 -0.072998 -1.117676 0.098267
0.303467 -0.092896 0.984619 -0.123535 -1.071411 0.036133
0.266968 -0.193848 1.123291 -0.107056 -1.142578 -0.065918
0.227295 -0.248779 1.195068 -0.036377 -1.261353 -0.182251
0.301392 -0.262573 1.175537 0.055542 -1.363892 -0.244751
0.374268 -0.226563 1.110840 0.144653 -1.300659 -0.237793
0.423584 -0.141235 0.997681 0.199463 -1.078613 -0.162354
0.415527 -0.076172 0.893188 0.192505 -0.761719 -0.055908
0.351563 -0.034180 0.838501 0.141357 -0.484375 0.028198
0.266113 -0.013184 0.833252 0.060547 -0.357178 0.062744
0.241455 -0.034912 0.864990 -0.027588 -0.387573 0.047119
0.274170 -0.087891 0.917603 -0.096191 -0.490967 -0.011841
0.295166 -0.140137 0.980713 -0.141479 -0.594604 -0.095215
0.296997 -0.197144 1.048218 -0.157837 -0.675049 -0.170898
0.322998 -0.201904 1.096436 -0.137207 -0.724121 -0.209229
0.404541 -0.205078 1.101318 -0.099854 -0.674683 -0.189209
0.421509 -0.203247 1.094849 -0.051025 -0.481445 -0.107788
0.394409 -0.175781 1.070923 -0.003906 -0.310913 -0.041870
0.382935 -0.155518 1.041260 0.034058 -0.237671 -0.018433
0.380249 -0.137695 1.004395 0.059570 -0.220337 -0.017700
0.355957 -0.154297 0.982910 0.070557 -0.234009 -0.039063
0.311035 -0.160522 0.979126 0.068970 -0.323730 -0.103638
0.317505 -0.171753 0.985962 0.070435 -0.471069 -0.186890
0.357544 -0.149902 0.998657 0.075317 -0.569580 -0.245117
0.407104 -0.129639 0.982300 0.080811 -0.531982 -0.225464
0.431274 -0.099976 0.961060 0.081787 -0.396729 -0.144531
0.419312 -0.078125 0.935547 0.072876 -0.251709 -0.058105
0.432861 -0.060425 0.921387 0.064819 -0.180664 -0.005005
0.456787 -0.053101 0.909790 0.054688 -0.162720 0.011230
0.485229 -0.062988 0.905884 0.038818 -0.141235 0.015381
0.489990 -0.072998 0.919800 0.018555 -0.093872 0.020020
0.501221 -0.091675 0.928101 -0.004395 -0.032227 0.020752
0.507813 -0.092529 0.932617 -0.024414 0.022583 0.006226
0.488403 -0.085938 0.942871 -0.044189 0.073730 -0.005493
0.453857 -0.083984 0.941895 -0.059326 0.127563 -0.002686
0.404053 -0.116455 0.957886 -0.067871 0.172485 0.010498
0.331665 -0.143433 0.994995 -0.061768 0.160156 -0.002686
0.307495 -0.175293 1.036377 -0.046143 0.071167 -0.037720
0.309204 -0.193848 1.058716 -0.021973 -0.008301 -0.061890
0.292603 -0.187012 1.051758 0.011719 -0.042236 -0.062378
0.294312 -0.163574 1.030762 0.048340 -0.080078 -0.054810
0.318481 -0.132080 1.001587 0.076538 -0.123901 -0.050415
0.360962 -0.111450 0.976196 0.091309 -0.147827 -0.043457
0.398560 -0.085815 0.958618 0.095703 -0.138550 -0.034180
0.426880 -0.066040 0.951294 0.089722 -0.120483 -0.029053
0.458984 -0.047607 0.930176 0.076294 -0.103760 -0.028687
0.498901 -0.030396 0.905396 0.055542 -0.060059 -0.017944
0.496460 -0.022827 0.890503 0.024170 0.025269 0.007080
0.466797 -0.023438 0.877441 -0.013794 0.099854 0.031006
0.453857 -0.035156 0.873901 -0.053711 0.147339 0.047974
0.428833 -0.056763 0.889893 -0.096558 0.168823 0.048584
0.403198 -0.099487 0.924194 -0.130493 0.167480 0.035278
0.361206 -0.130127 0.965454 -0.144653 0.134033 0.005127
0.340088 -0.153320 1.001343 -0.142944 0.072144 -0.031494
0.338257 -0.169067 1.030884 -0.128052 0.023560 -0.052246
0.339844 -0.166504 1.034912 -0.101685 0.006714 -0.054443
0.341187 -0.157349 1.034424 -0.073730 -0.001709 -0.050293
