0.484619 -0.040405 0.944214 0.077637 0.100464 -0.082642
0.478027 -0.035278 0.930420 0.079468 0.104004 -0.083618
0.507446 -0.025391 0.929321 0.081543 0.109741 -0.078003
0.556763 -0.017700 0.928223 0.078003 0.158081 -0.061768
0.581543 -0.018311 0.942139 0.066528 0.274292 -0.026855
0.562866 -0.014282 0.956665 0.056274 0.412109 0.007935
0.542114 -0.007080 0.950684 0.052979 0.512207 0.033569
0.512329 0.001831 0.940063 0.048340 0.572632 0.052002
0.470581 0.013428 0.915283 0.040039 0.612671 0.062134
0.427002 0.012573 0.894043 0.026001 0.624512 0.068115
0.370239 0.004761 0.912231 0.014893 0.600952 0.076538
0.328003 -0.000488 0.935303 0.011719 0.553345 0.105957
0.330322 -0.012451 0.956787 0.012817 0.518921 0.159424
0.338867 0.003540 0.971680 0.009766 0.540894 0.230469
0.383179 0.038330 0.963623 -0.009399 0.623413 0.315308
0.448242 0.046265 0.912964 -0.055054 0.812744 0.418823
0.470215 0.035889 0.870483 -0.096069 1.090454 0.514771
0.468018 0.027588 0.872437 -0.120117 1.305908 0.543579
0.426392 -0.028931 0.904907 -0.157837 1.423462 0.484009
0.377441 -0.073608 0.955200 -0.175049 1.411255 0.358521
0.307739 -0.091553 1.013306 -0.179688 1.312744 0.204224
0.282715 -0.112427 1.040527 -0.171875 1.209717 0.091064
0.219360 -0.112183 1.043457 -0.143066 1.200928 0.036987
0.163818 -0.110352 1.036499 -0.115112 1.255249 0.028687
0.151855 -0.118042 1.024048 -0.091309 1.329956 0.034302
0.150757 -0.116089 0.998779 -0.058350 1.423950 0.038574
0.111450 -0.126099 1.003418 -0.021729 1.537476 0.046143
0.071777 -0.133057 0.998291 0.030396 1.610107 0.062012
0.073730 -0.113403 0.970337 0.094971 1.626465 0.074341
0.040161 -0.082642 0.931274 0.140259 1.620605 0.035034
0.010376 -0.033325 0.863770 0.157227 1.587402 -0.016602
-0.037598 -0.034180 0.848511 0.143311 1.554932 -0.061157
-0.078857 -0.016113 0.848389 0.151489 1.542236 -0.064575
-0.205688 -0.011353 0.859985 0.145630 1.570190 -0.064087
-0.281738 -0.049805 0.830688 0.146851 1.614014 0.005859
-0.336304 -0.035156 0.812866 0.169312 1.693481 0.176270
-0.334229 -0.017090 0.768799 0.146362 1.797363 0.330933
-0.382324 -0.031006 0.707397 0.101929 1.920898 0.404175
-0.373169 0.014771 0.652344 0.084961 1.977173 0.396240
-0.451172 0.057129 0.601440 0.020142 1.994385 0.283936
-0.518921 0.078613 0.573730 -0.087036 1.928589 0.130371
-0.517944 0.041748 0.569946 -0.158325 1.826416 0.023438
-0.633911 0.009521 0.627075 -0.209717 1.799805 -0.073242
-0.746216 -0.041260 0.696533 -0.243286 1.740234 -0.158691
-0.808716 -0.063965 0.754272 -0.248535 1.657593 -0.215942
-0.836060 -0.068115 0.767822 -0.251221 1.579346 -0.246826
-0.819214 -0.086914 0.732788 -0.223145 1.547241 -0.230469
-0.855957 -0.109985 0.728027 -0.180664 1.561646 -0.206787
-0.925781 -0.100220 0.721436 -0.146606 1.538452 -0.198486
-0.958008 -0.127930 0.721680 -0.115601 1.447388 -0.191284
-0.980957 -0.109375 0.710083 -0.076294 1.322998 -0.171631
-1.013916 -0.105103 0.676147 -0.058838 1.187744 -0.144531
-0.983398 -0.113525 0.651733 -0.044189 1.050293 -0.111328
-0.944702 -0.131348 0.632568 -0.020996 0.941650 -0.101440
-0.923218 -0.119019 0.614136 0.016846 0.858032 -0.104370
-0.908813 -0.066650 0.571411 0.049683 0.801514 -0.092773
-0.880371 -0.040039 0.529785 0.045166 0.764160 -0.081665
-0.875244 -0.034058 0.504517 0.015991 0.754517 -0.080444
-0.858887 -0.054199 0.487183 -0.022461 0.742798 -0.094849
-0.857788 -0.072021 0.485474 -0.050659 0.709351 -0.124268
-0.907715 -0.073730 0.495972 -0.076538 0.662476 -0.141479
-0.978760 -0.089966 0.535522 -0.095947 0.616577 -0.151245
-1.792603 -0.122803 0.848389 -0.070679 0.614502 -0.182129
-1.137695 -0.183228 0.614380 0.021973 0.347290 -0.003662
-0.706055 -0.124268 0.402466 0.026611 0.139160 0.179443
-0.728516 -0.012573 0.318604 0.053101 0.136475 0.107666
-0.742798 -0.023193 0.314087 -0.004028 0.107544 0.065674
-1.067139 -0.041626 0.463745 -0.081299 0.117920 -0.027344
-1.187500 -0.076294 0.512329 -0.135376 0.071777 -0.028564
-0.948853 -0.093506 0.447632 -0.155762 -0.091064 0.066162
-0.944946 -0.061768 0.418823 -0.179565 -0.192017 0.047363
-1.048218 -0.071289 0.464233 -0.209717 -0.278687 0.013672
-1.066040 -0.150635 0.546753 -0.208618 -0.386841 0.022095
-1.072021 -0.137085 0.585571 -0.159424 -0.450806 0.055542
-1.071655 -0.098755 0.587646 -0.118286 -0.497192 0.100220
-1.027344 -0.084595 0.588867 -0.106079 -0.584839 0.115845
-1.014526 -0.071411 0.582520 -0.120728 -0.714966 0.080811
-1.059814 -0.029907 0.564941 -0.157104 -0.877441 0.027954
-1.056519 -0.113281 0.580566 -0.208740 -1.102051 -0.015015
-0.972046 -0.162720 0.608521 -0.192261 -1.283203 -0.027100
-0.962646 -0.194702 0.635986 -0.149414 -1.341553 -0.021484
-0.859375 -0.203125 0.644897 -0.060059 -1.352539 0.011719
-0.760376 -0.140137 0.612915 0.046509 -1.282104 0.065918
-0.732666 -0.071655 0.585938 0.092285 -1.192749 0.084106
-0.714233 -0.021851 0.582153 0.082275 -1.155518 0.069214
-0.707153 -0.001953 0.598022 0.029785 -1.188232 0.010620
-0.707764 -0.019409 0.622559 -0.048096 -1.274292 -0.078613
-0.722290 -0.062622 0.664429 -0.116333 -1.374146 -0.170044
-0.670044 -0.099854 0.696777 -0.144897 -1.466797 -0.229248
-0.489868 -0.120728 0.676514 -0.123291 -1.454956 -0.216187
-0.395264 -0.127319 0.683105 -0.090210 -1.254517 -0.178223
-0.440552 -0.111084 0.733765 -0.053589 -0.997925 -0.148071
-0.494263 -0.079224 0.779175 -0.011841 -0.816284 -0.078369
-0.584595 -0.074829 0.853882 0.007568 -0.741943 -0.024902
-0.681274 -0.111450 0.922729 0.004272 -0.781372 -0.031982
-0.755981 -0.157715 0.963379 0.025513 -0.921997 -0.047241
-0.840942 -0.197632 0.982422 0.061035 -1.150269 -0.073486
-0.816406 -0.242065 0.978638 0.125000 -1.450195 -0.092407
-0.716187 -0.263916 0.944580 0.223267 -1.697021 -0.092041
-0.505371 -0.198364 0.849121 0.339722 -1.827881 -0.051025
-0.408447 -0.122437 0.770630 0.399536 -1.777954 -0.002441
-0.389282 -0.071533 0.732300 0.410278 -1.646851 0.056152
-0.390381 -0.029907 0.727661 0.399902 -1.552612 0.125366
-0.395630 -0.018188 0.755493 0.358276 -1.558472 0.130615
-0.408203 -0.024414 0.787231 0.311157 -1.667358 0.092773
-0.406616 -0.030273 0.839722 0.268188 -1.869873 0.020142
-0.242798 -0.028809 0.834717 0.245605 -2.073975 -0.038086
-0.018066 -0.017090 0.806396 0.247559 -2.074585 0.012817
0.067993 0.013672 0.809692 0.220581 -1.855103 0.096313
0.098389 0.057495 0.828247 0.181396 -1.608887 0.171387
0.096313 0.087646 0.842285 0.121704 -1.456543 0.190308
0.102417 0.094238 0.860596 0.038208 -1.449219 0.142944
0.101440 0.110596 0.853271 -0.041626 -1.522461 0.080933
0.184448 0.143066 0.821899 -0.115356 -1.636719 0.027832
0.326416 0.148560 0.766113 -0.195557 -1.645630 0.016846
0.379150 0.114136 0.766968 -0.285645 -1.479614 0.028809
0.335815 0.047119 0.842773 -0.368652 -1.252319 0.042480
0.307373 -0.029175 0.951782 -0.402466 -1.109253 0.045654
0.373291 -0.089478 1.041260 -0.393799 -1.041504 0.043701
0.452759 -0.119873 1.056030 -0.358398 -0.926758 0.057007
0.433350 -0.121826 1.052490 -0.321533 -0.779663 0.071289
0.378052 -0.115234 1.040649 -0.277222 -0.725830 0.054321
0.369751 -0.110352 1.029541 -0.232910 -0.740112 0.016235
0.380737 -0.097534 1.005127 -0.206909 -0.796387 -0.036743
0.417236 -0.088379 0.971680 -0.194946 -0.844482 -0.099121
0.418335 -0.063721 0.960571 -0.196167 -0.832397 -0.141968
0.447998 -0.037964 0.943604 -0.222168 -0.756592 -0.142212
0.430786 -0.034790 0.930786 -0.254761 -0.573242 -0.073364
0.389404 -0.030640 0.937378 -0.280640 -0.404053 0.005493
0.385742 -0.051514 0.954346 -0.301514 -0.323853 0.056519
0.363403 -0.070435 0.972778 -0.310425 -0.272827 0.101807
0.378784 -0.086182 0.970947 -0.304810 -0.298462 0.112793
0.414063 -0.119263 0.972900 -0.297974 -0.364258 0.088135
0.445923 -0.140625 0.995972 -0.281372 -0.403442 0.056274
0.475830 -0.159912 1.005737 -0.258423 -0.417358 0.021118
0.529541 -0.166748 1.004395 -0.233521 -0.383057 0.020264
0.543335 -0.174194 0.987427 -0.211670 -0.280518 0.038818
0.497681 -0.162964 0.970093 -0.194458 -0.177002 0.050659
0.443726 -0.163818 0.969604 -0.181763 -0.141113 0.051514
0.423096 -0.163696 0.971069 -0.165161 -0.147827 0.051392
0.432495 -0.174438 0.962402 -0.154053 -0.168579 0.052002
0.460205 -0.183838 0.967651 -0.141968 -0.190918 0.039063
0.486816 -0.193970 0.984375 -0.132568 -0.200684 0.003296
0.520020 -0.197876 0.988647 -0.117554 -0.191284 -0.029541
0.531372 -0.196533 0.981567 -0.094360 -0.145630 -0.038818
0.515625 -0.185791 0.969849 -0.069214 -0.090576 -0.048584
0.474487 -0.185181 0.986572 -0.039063 -0.056274 -0.070923
0.449341 -0.199585 0.988403 -0.008423 -0.039185 -0.083008
0.430420 -0.186890 0.968018 0.020996 -0.024658 -0.070679
0.418091 -0.166504 0.931152 0.030396 -0.021362 -0.049561
