0.402344 -0.167114 0.946899 -0.028320 -0.044556 -0.018066
0.409424 -0.170166 0.952759 -0.029419 -0.045898 -0.012573
0.422607 -0.169067 0.949585 -0.029541 -0.050659 -0.010254
0.433960 -0.165527 0.955200 -0.028442 -0.054199 -0.010620
0.441772 -0.162842 0.953247 -0.026489 -0.053833 -0.008789
0.453979 -0.160767 0.957275 -0.026367 -0.043213 -0.005005
0.463867 -0.156738 0.957153 -0.027100 -0.026245 0.002197
0.479126 -0.159302 0.960205 -0.029297 -0.011719 0.010620
0.523682 -0.161377 0.965210 -0.028687 0.008789 0.023682
0.588013 -0.153320 0.954224 -0.024902 0.038086 0.032104
0.680664 -0.153198 0.923218 -0.027100 0.096436 0.034302
0.787476 -0.152222 0.883179 -0.034790 0.229370 0.045166
0.937378 -0.181030 0.870728 -0.039185 0.492188 0.085693
1.056885 -0.170654 0.812012 -0.031494 0.933350 0.170410
1.151367 -0.215820 0.784180 -0.031738 1.557495 0.284058
1.117798 -0.245117 0.747437 -0.030518 2.221680 0.334961
0.979736 -0.260620 0.741943 -0.043213 2.723145 0.259644
0.847656 -0.250122 0.703125 -0.052856 2.989746 0.078003
0.689331 -0.283447 0.678589 -0.075684 3.095459 -0.165405
0.520020 -0.221680 0.594360 -0.086548 3.123169 -0.385010
0.345825 -0.127930 0.438599 -0.103516 3.263062 -0.428223
0.064209 0.031006 0.281738 -0.186401 3.564209 -0.350342
-0.239258 0.136597 0.082153 -0.334717 3.869507 -0.222290
-0.457397 0.201050 -0.046509 -0.507080 3.999878 -0.141968
-0.641846 0.090576 -0.035034 -0.791748 3.999878 -0.197144
-0.654907 -0.086426 0.095215 -1.041504 3.985840 -0.229492
-0.761963 -0.250854 0.161377 -1.175293 3.930664 -0.290894
-1.001831 -0.335449 0.251221 -1.204102 3.855957 -0.308594
-1.131226 -0.448730 0.377441 -1.208130 3.638184 -0.304077
-1.119263 -0.677124 0.544312 -1.116333 3.254395 -0.335571
-1.321777 -0.747925 0.688232 -0.943237 2.821289 -0.404297
-1.514526 -0.663574 0.712036 -0.713013 2.258057 -0.408691
-1.499878 -0.595215 0.672852 -0.470093 1.672485 -0.327026
-1.446655 -0.530640 0.562134 -0.290527 1.204956 -0.226807
-1.288818 -0.458496 0.404175 -0.197021 0.847656 -0.114990
-1.162842 -0.430054 0.321899 -0.201660 0.645386 -0.018921
-1.078979 -0.428833 0.323608 -0.249023 0.570435 0.069580
-1.049316 -0.526245 0.416626 -0.306152 0.549927 0.119385
-1.330688 -0.707642 0.773804 -0.303223 0.457520 0.070068
-1.723145 -0.796631 1.021729 -0.126831 0.216797 -0.045044
-0.944336 -0.628052 0.633667 0.067871 -0.093750 0.230835
-0.923950 -0.347778 0.463623 0.141724 -0.148560 0.262451
-0.952393 -0.315430 0.460938 0.117554 -0.207642 0.210327
-0.987427 -0.382568 0.525269 0.088257 -0.307617 0.182617
-1.047119 -0.395020 0.552002 0.097778 -0.478638 0.155396
-1.084717 -0.397339 0.562988 0.118896 -0.699951 0.139526
-1.072998 -0.416870 0.573120 0.123535 -0.943237 0.117554
-1.069336 -0.449341 0.574829 0.104004 -1.226929 0.038208
-1.006348 -0.474976 0.585449 0.098389 -1.514282 -0.035278
-0.958618 -0.468994 0.597046 0.129395 -1.736084 -0.080811
-0.959106 -0.425659 0.610474 0.186768 -1.893677 -0.080078
-0.943848 -0.389771 0.625000 0.238770 -2.036499 -0.055298
-0.862061 -0.377319 0.650269 0.282959 -2.206909 -0.043823
-0.786865 -0.379150 0.656006 0.315063 -2.378296 -0.072144
-0.691284 -0.411255 0.660034 0.340088 -2.517334 -0.104126
-0.632446 -0.455811 0.705200 0.374512 -2.629150 -0.145752
-0.643433 -0.469116 0.750366 0.431885 -2.777466 -0.238525
-0.634033 -0.488281 0.774536 0.512939 -2.990234 -0.355713
-0.601929 -0.517822 0.780029 0.622314 -3.245605 -0.478149
-0.525146 -0.491943 0.768433 0.765747 -3.490967 -0.544922
-0.405029 -0.421143 0.711182 0.918701 -3.671875 -0.586792
-0.228516 -0.307495 0.607910 1.051880 -3.725220 -0.606934
-0.111084 -0.173584 0.500366 1.098877 -3.636475 -0.580322
0.054077 -0.062866 0.440186 1.019775 -3.504395 -0.527222
0.251953 0.001099 0.421997 0.874023 -3.320557 -0.498901
0.392700 0.032227 0.448364 0.692261 -3.038696 -0.470215
0.501831 0.042725 0.484375 0.521606 -2.675415 -0.395874
0.548096 0.060791 0.556641 0.379761 -2.272461 -0.314819
0.542236 0.058960 0.616089 0.254150 -1.898193 -0.228638
0.544800 0.053467 0.676636 0.137817 -1.593750 -0.120850
0.531494 0.005127 0.735718 0.027954 -1.364014 -0.035278
0.594482 -0.050415 0.795898 -0.057007 -1.245483 0.000244
0.698730 -0.108521 0.821167 -0.095703 -1.133911 0.014648
0.740601 -0.165527 0.847168 -0.103516 -0.936157 0.039429
0.764648 -0.210693 0.880737 -0.088867 -0.734741 0.061279
0.817383 -0.234497 0.898926 -0.054443 -0.580322 0.058228
0.803833 -0.231079 0.917725 -0.030151 -0.407959 0.031494
0.726196 -0.219727 0.942383 -0.009888 -0.267090 -0.002930
0.694458 -0.203857 0.967041 0.020630 -0.206299 -0.046509
0.691284 -0.187866 0.971313 0.057251 -0.155029 -0.074707
0.641235 -0.182007 0.968994 0.084839 -0.074463 -0.078613
0.601929 -0.172852 0.952026 0.101318 -0.017700 -0.061646
0.592773 -0.161499 0.934937 0.104370 -0.002441 -0.060425
0.587036 -0.146362 0.911621 0.096680 0.007446 -0.072632
0.552002 -0.123657 0.899780 0.076904 0.028687 -0.077759
0.517944 -0.104858 0.895386 0.048096 0.048096 -0.062744
0.505005 -0.106812 0.899780 0.018311 0.044189 -0.042603
0.505615 -0.118408 0.908447 -0.004761 0.041382 -0.028687
0.506226 -0.126709 0.920288 -0.020142 0.037720 -0.021484
0.502197 -0.134155 0.928345 -0.028076 0.019287 -0.024170
0.507568 -0.139648 0.929565 -0.028564 0.006836 -0.024414
0.500366 -0.142090 0.925293 -0.026367 0.010254 -0.023315
0.511230 -0.147949 0.911255 -0.019531 0.016235 -0.017090
0.536743 -0.149170 0.901001 -0.013306 0.038208 -0.015991
0.520386 -0.143311 0.897827 -0.010986 0.079590 -0.021729
0.490479 -0.128296 0.893921 -0.018188 0.117188 -0.012207
0.453003 -0.131958 0.910400 -0.030029 0.135986 0.005249
0.436890 -0.137939 0.924316 -0.035156 0.125244 0.017944
0.435425 -0.149536 0.923462 -0.036621 0.096069 0.018555
0.446045 -0.154785 0.917114 -0.035278 0.062378 0.005615
0.444214 -0.149658 0.911377 -0.034058 0.037598 -0.008789
0.444458 -0.145752 0.905518 -0.033691 0.015625 -0.014282
0.447388 -0.143677 0.902344 -0.037598 0.012939 -0.004150
0.436157 -0.143799 0.904785 -0.045776 0.023071 0.014038
0.438477 -0.148926 0.913696 -0.054810 0.024292 0.029175
0.462402 -0.152344 0.920654 -0.062622 0.026611 0.041016
0.473633 -0.157104 0.919556 -0.064941 0.045532 0.049316
0.469727 -0.153076 0.928589 -0.062134 0.071899 0.054688
0.472534 -0.158081 0.934082 -0.056396 0.086060 0.054688
0.483398 -0.168945 0.939697 -0.048828 0.081909 0.043091
0.479492 -0.162964 0.941528 -0.037842 0.071045 0.019897
0.465576 -0.172852 0.941650 -0.028320 0.064941 -0.000488
0.451782 -0.168823 0.946289 -0.023682 0.067505 -0.001831
0.440186 -0.163696 0.947388 -0.020996 0.058594 -0.000122
0.436157 -0.163574 0.945679 -0.021118 0.042480 0.005981
0.439819 -0.166748 0.942749 -0.016846 0.032593 0.010620
0.442505 -0.168091 0.942627 -0.013306 0.030396 0.014648
0.439941 -0.171753 0.942749 -0.013672 0.033691 0.014648
0.448120 -0.178467 0.950317 -0.010010 0.026245 0.010864
0.463257 -0.183960 0.952515 -0.002319 0.026367 0.001099
0.466553 -0.180908 0.947510 0.008667 0.034180 -0.012207
0.453857 -0.174683 0.951050 0.018311 0.045410 -0.021484
0.440796 -0.159180 0.946411 0.026733 0.050781 -0.020020
0.440063 -0.150879 0.944824 0.030762 0.045898 -0.015015
0.443970 -0.142212 0.934326 0.027344 0.044922 -0.004761
0.446777 -0.138306 0.923828 0.018066 0.045288 0.007813
0.453369 -0.144531 0.926392 0.009644 0.050781 0.018066
0.450195 -0.145630 0.929077 0.001343 0.048706 0.019409
0.446655 -0.144165 0.933228 -0.006226 0.039185 0.015747
0.451294 -0.146118 0.931396 -0.013428 0.026489 0.007690
0.454346 -0.149292 0.924561 -0.019165 0.023071 0.002563
0.451904 -0.150024 0.924683 -0.024658 0.032959 0.002319
0.449463 -0.151611 0.925293 -0.030151 0.037842 -0.001587
0.463135 -0.158936 0.931519 -0.031616 0.046509 -0.005493
0.461792 -0.159424 0.935425 -0.029297 0.059326 -0.011108
0.433960 -0.154297 0.941772 -0.027954 0.068359 -0.011230
0.424438 -0.153320 0.940308 -0.026245 0.059937 -0.009888
0.415771 -0.153076 0.938721 -0.025879 0.049072 -0.010376
0.410034 -0.149780 0.936401 -0.024536 0.043701 -0.008911
0.403809 -0.148682 0.939331 -0.028198 0.041260 -0.005615
0.405640 -0.150146 0.944824 -0.034790 0.028564 -0.002197
0.412354 -0.156006 0.950928 -0.039551 0.017456 0.004395
0.411743 -0.161011 0.950928 -0.037476 0.009155 0.009155
0.416748 -0.168457 0.952515 -0.033691 -0.002441 0.006348
0.418213 -0.166504 0.950562 -0.028442 -0.009888 0.002808
0.429443 -0.162842 0.947021 -0.025269 -0.018677 -0.002686
0.442993 -0.163574 0.944946 -0.026245 -0.016968 -0.013184
0.438232 -0.159180 0.950928 -0.025391 -0.001343 -0.021606
0.421021 -0.154175 0.957886 -0.023071 0.013184 -0.026123
0.405884 -0.147217 0.964233 -0.021729 0.017212 -0.023071
