0.473022 -0.101318 0.927002 -0.033325 0.004395 0.001221
0.470093 -0.104858 0.929810 -0.035034 0.000732 -0.007568
0.463379 -0.105713 0.936890 -0.033813 -0.007202 -0.019287
0.455200 -0.100830 0.935669 -0.031372 -0.017822 -0.027466
0.447632 -0.096680 0.938599 -0.030151 -0.027344 -0.033691
0.439819 -0.089966 0.942871 -0.029663 -0.034668 -0.031982
0.434448 -0.086670 0.938477 -0.031982 -0.039429 -0.022705
0.439575 -0.088745 0.932129 -0.034912 -0.041992 -0.007324
0.453247 -0.088867 0.934814 -0.034058 -0.042847 0.006348
0.460938 -0.092407 0.931763 -0.032593 -0.042969 0.013306
0.478271 -0.101563 0.932129 -0.028076 -0.040771 0.015137
0.489990 -0.083618 0.920410 -0.021729 -0.029907 0.016235
0.484009 -0.071167 0.924805 -0.029175 -0.012207 0.005981
0.506836 -0.070313 0.914551 -0.039063 0.001709 0.006714
0.531616 -0.063843 0.914673 -0.049683 0.031372 0.015625
0.589111 -0.053101 0.891968 -0.063721 0.080444 0.030762
0.675171 -0.038452 0.854614 -0.084595 0.188843 0.066650
0.798828 -0.036377 0.804565 -0.111328 0.412964 0.147461
0.903687 0.058350 0.705566 -0.149780 0.780640 0.271606
1.048828 0.060913 0.565186 -0.244873 1.333252 0.450195
1.101440 0.030884 0.520630 -0.382080 2.052856 0.640381
1.069702 -0.127075 0.571777 -0.504028 2.622314 0.604004
1.153076 -0.356812 0.689575 -0.535156 2.953247 0.366211
1.045776 -0.387573 0.724487 -0.421143 3.207275 0.009766
0.836670 -0.386597 0.719238 -0.257935 3.456543 -0.301636
0.569214 -0.215942 0.571777 -0.114990 3.702148 -0.482910
0.262207 0.030640 0.323975 -0.117432 3.981323 -0.513916
-0.048584 0.175171 0.060425 -0.323120 3.999878 -0.433716
-0.459106 0.238647 -0.042114 -0.680298 3.999878 -0.387939
-0.465088 0.002441 -0.049072 -1.076782 3.999878 -0.442261
-0.668457 -0.214722 0.065186 -1.357056 3.999878 -0.565918
-1.000977 -0.302002 0.120972 -1.510254 3.999878 -0.619385
-1.355957 -0.396362 0.296265 -1.563477 3.776855 -0.600342
-1.659790 -0.615845 0.569092 -1.557617 3.327148 -0.594727
-1.716309 -0.763916 0.803467 -1.375732 2.645508 -0.572021
-1.688599 -0.832886 0.914307 -1.052490 1.926025 -0.476440
-1.472412 -0.840332 0.855225 -0.723389 1.267456 -0.351563
-1.237915 -0.833862 0.771362 -0.447510 0.768799 -0.254395
-1.086060 -0.715576 0.652100 -0.261597 0.445679 -0.216187
-0.991577 -0.592163 0.590576 -0.176270 0.264526 -0.178345
-0.957153 -0.519043 0.577271 -0.161011 0.217407 -0.108276
-0.949097 -0.493286 0.612305 -0.184692 0.226196 -0.022583
-0.937134 -0.514771 0.672485 -0.182739 0.217285 0.044922
-0.952393 -0.528442 0.715332 -0.139160 0.163330 0.090088
-0.955933 -0.544800 0.738525 -0.073975 0.048950 0.102783
-0.876587 -0.526489 0.701294 0.008789 -0.109741 0.090942
-0.712769 -0.481689 0.587158 0.083252 -0.201416 0.094360
-0.700195 -0.460693 0.536743 0.090454 -0.162842 0.093018
-0.774414 -0.440796 0.542725 0.050171 -0.141235 0.062256
-0.827759 -0.435669 0.576538 0.010986 -0.177490 0.046997
-0.843994 -0.469849 0.627808 -0.012695 -0.221924 0.068115
-0.845581 -0.531738 0.705444 0.000488 -0.281860 0.088623
-0.928711 -0.539551 0.762329 0.047852 -0.395752 0.080444
-0.972290 -0.522705 0.779419 0.116943 -0.570190 0.109619
-0.964722 -0.491455 0.769409 0.191528 -0.748535 0.164917
-0.961914 -0.491577 0.744507 0.244995 -0.936768 0.186157
-0.979126 -0.505127 0.745728 0.273193 -1.196533 0.141479
-0.971313 -0.507813 0.748901 0.300659 -1.542358 0.064575
-0.993896 -0.500854 0.759399 0.346802 -1.910645 -0.012817
-1.002808 -0.513062 0.747559 0.425049 -2.273926 -0.038086
-1.034668 -0.550659 0.764648 0.531616 -2.628906 -0.034790
-1.034912 -0.584839 0.788574 0.664673 -3.057007 -0.069946
-0.963379 -0.648804 0.799927 0.831665 -3.514404 -0.129028
-0.928223 -0.685181 0.817627 1.044312 -3.958374 -0.237427
-0.806152 -0.661621 0.753784 1.274048 -4.000000 -0.363525
-0.607910 -0.572876 0.599609 1.495728 -4.000000 -0.475586
-0.340454 -0.409668 0.458984 1.654419 -4.000000 -0.542725
0.098999 -0.266235 0.310425 1.725830 -4.000000 -0.547363
0.441528 -0.087280 0.157715 1.685791 -4.000000 -0.514893
0.603394 0.091187 0.110474 1.478516 -3.777588 -0.431641
0.603882 0.229492 0.204102 1.156372 -3.220337 -0.373413
0.610840 0.284180 0.312988 0.799194 -2.831543 -0.342529
0.721802 0.271240 0.420532 0.494141 -2.481445 -0.268188
0.835815 0.238281 0.491455 0.297974 -2.024414 -0.139282
0.942871 0.238892 0.505493 0.156982 -1.539795 0.000610
1.011597 0.213501 0.516846 0.007690 -1.061279 0.118896
0.990723 0.160767 0.564575 -0.144409 -0.620361 0.212769
0.984131 0.071655 0.648560 -0.265381 -0.279907 0.266235
0.950806 -0.022827 0.751221 -0.323608 -0.032227 0.241577
0.857666 -0.098022 0.846191 -0.317627 0.122559 0.161865
0.795654 -0.114624 0.871338 -0.258057 0.190063 0.079590
0.794312 -0.116943 0.866577 -0.186035 0.223022 -0.006592
0.718872 -0.130005 0.893433 -0.134277 0.275879 -0.108643
0.635010 -0.144897 0.935791 -0.107910 0.305054 -0.169067
0.543579 -0.147827 0.973022 -0.085449 0.346191 -0.153687
0.467285 -0.143311 0.984985 -0.053711 0.349609 -0.121460
0.423218 -0.139404 0.980957 -0.025757 0.289063 -0.103638
0.421509 -0.119751 0.953369 -0.007690 0.189087 -0.083008
0.428101 -0.102173 0.937622 -0.014771 0.097900 -0.055664
0.446045 -0.104614 0.927246 -0.032349 0.026489 -0.032837
0.473755 -0.102295 0.919678 -0.047974 -0.008545 -0.004272
0.518799 -0.122070 0.921021 -0.067993 -0.015747 0.020264
0.556274 -0.136963 0.929810 -0.078979 0.006104 0.035767
0.587891 -0.137451 0.930786 -0.078979 0.050781 0.043213
0.577271 -0.138428 0.940186 -0.072021 0.107422 0.024414
0.527222 -0.131348 0.953369 -0.063232 0.134888 -0.007935
0.506958 -0.130981 0.963379 -0.044556 0.130981 -0.028931
0.508423 -0.131104 0.953613 -0.015137 0.131226 -0.030884
0.484009 -0.115112 0.943848 0.010986 0.135864 -0.026978
0.444336 -0.104004 0.947754 0.021606 0.115601 -0.028809
0.417114 -0.107300 0.952759 0.026123 0.064331 -0.039673
0.405884 -0.102905 0.945190 0.031616 0.007690 -0.045288
0.410034 -0.093384 0.923828 0.031372 -0.027222 -0.041260
0.435181 -0.102173 0.910522 0.020264 -0.036011 -0.036743
0.456055 -0.106323 0.898438 0.008789 -0.020020 -0.029175
0.462280 -0.113525 0.903076 -0.003052 0.010376 -0.022461
0.446411 -0.114502 0.920166 -0.008545 0.042603 -0.015869
0.447754 -0.113281 0.926514 -0.004272 0.066162 -0.005371
0.491699 -0.133789 0.930908 0.008423 0.079834 -0.000854
0.511108 -0.134644 0.930176 0.031128 0.099854 -0.013306
0.487183 -0.112549 0.931396 0.053955 0.118896 -0.041504
0.471313 -0.100220 0.922729 0.068970 0.109497 -0.075073
0.454102 -0.079834 0.920776 0.064819 0.099487 -0.082397
0.439819 -0.071655 0.919678 0.050903 0.092407 -0.083496
0.426392 -0.067505 0.923462 0.035156 0.089478 -0.068970
0.442139 -0.060669 0.919434 0.020630 0.089844 -0.038574
0.471069 -0.074829 0.919312 0.004517 0.114380 -0.011353
0.459595 -0.082153 0.934692 -0.007324 0.162476 0.008423
0.425903 -0.086792 0.959473 -0.013306 0.168579 0.005615
0.397217 -0.087891 0.977783 -0.008057 0.126587 -0.004272
0.376099 -0.086060 0.979614 0.003296 0.064575 -0.010620
0.371094 -0.081055 0.967896 0.011841 -0.012451 -0.021729
0.413208 -0.075439 0.945435 0.020142 -0.077393 -0.027954
0.469482 -0.078247 0.930054 0.025391 -0.085693 -0.028931
0.469971 -0.062744 0.909546 0.024902 -0.050903 -0.031250
0.446533 -0.052612 0.911865 0.011230 -0.019287 -0.031006
0.444214 -0.054810 0.911133 -0.005493 -0.005981 -0.013550
0.451782 -0.054932 0.919067 -0.022095 0.019409 0.012329
0.477295 -0.072754 0.922974 -0.034546 0.051147 0.025513
0.458374 -0.076782 0.932617 -0.043091 0.085938 0.027100
0.429565 -0.081909 0.945801 -0.047607 0.097168 0.025513
0.404175 -0.090210 0.964111 -0.045654 0.089355 0.026367
0.387817 -0.094971 0.967651 -0.040894 0.066895 0.026855
0.371460 -0.102417 0.959961 -0.033203 0.026978 0.023438
0.384644 -0.106812 0.957031 -0.023071 -0.016602 0.024658
0.442993 -0.108521 0.946533 -0.015503 -0.032471 0.037231
0.466797 -0.112915 0.942871 -0.012817 0.000610 0.051636
0.439819 -0.099976 0.944946 -0.010254 0.040283 0.060791
0.410278 -0.096802 0.947876 -0.010864 0.040771 0.059082
0.412109 -0.086304 0.957275 -0.002930 0.012085 0.068359
0.423950 -0.092041 0.946045 -0.004395 -0.010376 0.059204
0.445923 -0.078979 0.941406 0.064331 0.048584 -0.028442
0.461426 -0.085205 0.933594 0.118896 -0.009277 -0.002075
0.471680 -0.089722 0.928711 0.121582 -0.020630 0.002197
0.445190 -0.072388 0.935059 0.066650 -0.002563 -0.081909
0.410767 -0.071411 0.953491 -0.070801 0.068115 -0.106323
0.409546 -0.101074 0.959229 -0.047852 0.026611 -0.021729
0.425415 -0.091797 0.962524 -0.034058 0.005493 0.018433
0.472290 -0.098755 0.954346 -0.024902 -0.001709 0.020630
0.501099 -0.105347 0.958008 -0.024292 0.029785 0.016235
