0.283936 -0.082642 0.987549 0.009521 -0.162598 0.000732
0.293945 -0.083374 0.993408 -0.006470 -0.158936 0.027954
0.336548 -0.093872 1.002930 -0.011841 -0.158813 0.052124
0.356445 -0.100098 1.005859 -0.005859 -0.153198 0.058838
0.331909 -0.089966 1.012329 0.006714 -0.150879 0.056885
0.316650 -0.083618 1.013184 0.021240 -0.171021 0.057495
0.322144 -0.073853 1.009644 0.038330 -0.197021 0.069580
0.333008 -0.074219 1.001831 0.053467 -0.216797 0.086182
0.359009 -0.066040 0.993286 0.068115 -0.227295 0.108765
0.393799 -0.054565 0.978516 0.075684 -0.221436 0.135620
0.468140 -0.060669 0.973267 0.070679 -0.195801 0.152710
0.551147 -0.070923 0.963501 0.053833 -0.138672 0.138916
0.623901 -0.055786 0.934082 0.031250 -0.056396 0.109131
0.688232 -0.027222 0.891113 -0.004517 0.088745 0.114624
0.727539 -0.046387 0.877319 -0.063232 0.292725 0.126953
0.727661 -0.062378 0.874146 -0.118042 0.496094 0.125366
0.689575 -0.064209 0.854126 -0.156494 0.693848 0.123535
0.686157 -0.039795 0.821045 -0.185425 0.892700 0.134521
0.741211 -0.069458 0.773438 -0.208130 1.173340 0.205200
0.787476 -0.099243 0.735474 -0.214355 1.553345 0.279419
0.827393 -0.128052 0.640991 -0.213257 1.981689 0.303467
0.718994 -0.116699 0.578735 -0.248047 2.426270 0.225952
0.557983 -0.138916 0.520264 -0.327637 2.777222 0.105103
0.411011 -0.206665 0.525879 -0.418091 3.013184 -0.032959
0.271606 -0.184204 0.395264 -0.458252 3.158447 -0.211060
-0.098877 -0.079834 0.291626 -0.521240 3.327515 -0.360229
-0.355957 0.022583 0.200562 -0.650269 3.413818 -0.389893
-0.488281 -0.006104 0.234009 -0.810059 3.532104 -0.263428
-0.865479 -0.132568 0.418945 -0.932617 3.604248 -0.203979
-0.989014 -0.390015 0.654297 -0.938599 3.436279 -0.153931
-1.061279 -0.578857 0.871826 -0.808105 3.120605 -0.115356
-1.085815 -0.554443 0.909668 -0.594849 2.720947 -0.102173
-1.086304 -0.479980 0.859497 -0.391724 2.311401 -0.094482
-0.990967 -0.415649 0.807495 -0.286499 1.895264 -0.119141
-0.871704 -0.331421 0.721924 -0.237183 1.640625 -0.098022
-0.856445 -0.300903 0.684814 -0.236084 1.595093 -0.018188
-0.876099 -0.268066 0.645752 -0.265747 1.617188 0.083374
-0.863403 -0.303833 0.612183 -0.307007 1.590332 0.141113
-0.947998 -0.354126 0.647339 -0.331909 1.530029 0.150391
-1.004639 -0.301636 0.628906 -0.318115 1.464478 0.180542
-1.107788 -0.302124 0.663818 -0.342041 1.392456 0.133667
-1.164185 -0.368652 0.728760 -0.342163 1.217529 0.039063
-1.109741 -0.398438 0.748047 -0.275757 0.967285 0.003662
-1.044678 -0.409424 0.741577 -0.182617 0.729126 -0.023560
-1.008789 -0.335938 0.680908 -0.092041 0.529175 -0.045654
-0.943604 -0.262329 0.608398 -0.040649 0.385132 -0.037476
-0.931396 -0.239868 0.584106 -0.038452 0.317505 -0.014648
-0.961060 -0.259766 0.614136 -0.049438 0.242432 -0.003296
-1.006958 -0.275391 0.648682 -0.040283 0.124878 0.004761
-1.077148 -0.267212 0.678589 -0.014038 -0.024902 0.033081
-1.099731 -0.283813 0.695313 0.009644 -0.209473 0.067993
-1.080688 -0.361938 0.707764 0.036743 -0.416504 0.083008
-1.113403 -0.358765 0.683472 0.075073 -0.620728 0.083740
-1.167358 -0.340332 0.645264 0.077393 -0.850464 0.058594
-1.151245 -0.349731 0.621460 0.042969 -1.137939 -0.001099
-1.086670 -0.391235 0.655029 0.010498 -1.399292 -0.055420
-1.079590 -0.402344 0.680298 0.020386 -1.600952 -0.082153
-1.106689 -0.389648 0.696777 0.058472 -1.783447 -0.074707
-1.091675 -0.409302 0.721436 0.116333 -1.987305 -0.035400
-1.005981 -0.395020 0.731567 0.194946 -2.221313 -0.025146
-0.945313 -0.386353 0.723999 0.286255 -2.445679 -0.033813
-0.986206 -0.350830 0.729492 0.373047 -2.686646 -0.056274
-1.044800 -0.328613 0.732422 0.432373 -3.039551 -0.074951
-0.899048 -0.368408 0.714966 0.496094 -3.483032 -0.078857
-0.596313 -0.400391 0.640991 0.591919 -3.858276 -0.112183
-0.365967 -0.369751 0.549805 0.663574 -4.000000 -0.183350
-0.275269 -0.270630 0.514526 0.656738 -4.000000 -0.277710
-0.262451 -0.196045 0.502197 0.603027 -4.000000 -0.359985
-0.212036 -0.137939 0.519531 0.563232 -4.000000 -0.439819
0.021973 -0.138794 0.512573 0.575317 -4.000000 -0.554077
0.263794 -0.105835 0.496094 0.652832 -4.000000 -0.639771
0.455811 -0.035522 0.463013 0.702515 -3.865845 -0.635010
0.571289 0.043579 0.408081 0.677856 -3.390869 -0.534058
0.691040 0.106689 0.389404 0.542480 -2.866455 -0.394409
0.869263 0.072754 0.449585 0.359741 -2.344971 -0.254150
0.907715 0.035522 0.556641 0.202393 -1.798340 -0.137207
0.893555 0.039551 0.632446 0.088257 -1.349854 -0.053589
0.821411 -0.000366 0.715820 0.001831 -0.997314 0.000854
0.729980 -0.045288 0.777832 -0.037964 -0.765137 0.044800
0.653931 -0.108521 0.864624 -0.039551 -0.707153 0.017456
0.663208 -0.173462 0.921021 0.000122 -0.763916 -0.070923
0.748901 -0.211670 0.924805 0.074585 -0.779907 -0.129150
0.838745 -0.181274 0.862915 0.142578 -0.664917 -0.155029
0.879150 -0.111694 0.785645 0.181885 -0.419189 -0.138062
0.827271 -0.055176 0.756104 0.158936 -0.127563 -0.110107
0.714844 -0.015381 0.757690 0.104614 0.097290 -0.090942
0.621338 0.021851 0.768433 0.045166 0.225220 -0.053345
0.570679 0.004150 0.794312 -0.011597 0.256104 -0.021362
0.543335 -0.032471 0.846313 -0.053223 0.214722 -0.011841
0.526245 -0.066040 0.895874 -0.063232 0.119751 -0.035889
0.543335 -0.069702 0.905762 -0.049683 0.014771 -0.067139
0.555664 -0.083130 0.906250 -0.032104 -0.056519 -0.097412
0.604126 -0.077393 0.875000 -0.010864 -0.078735 -0.087891
0.637329 -0.056641 0.848511 -0.002075 -0.033203 -0.064453
0.647583 -0.042603 0.837158 -0.014771 0.070557 -0.030029
0.636108 -0.036865 0.838623 -0.035889 0.201416 0.018555
0.597778 -0.046387 0.859985 -0.063721 0.311401 0.063110
0.562134 -0.074585 0.893188 -0.083618 0.368164 0.092041
0.532959 -0.098022 0.934204 -0.078247 0.373413 0.100708
0.496216 -0.123047 0.947266 -0.053711 0.327271 0.082397
0.491455 -0.116333 0.935669 -0.027588 0.226929 0.059448
0.503662 -0.107788 0.930298 -0.016113 0.107544 0.022705
0.525879 -0.099487 0.919678 -0.007935 0.028442 -0.003296
0.545166 -0.084473 0.895386 -0.010376 0.008057 -0.015137
0.560181 -0.083862 0.886597 -0.029175 0.025635 -0.026978
0.540894 -0.092041 0.895142 -0.049561 0.072266 -0.039185
0.498413 -0.089844 0.925415 -0.056030 0.117798 -0.040039
0.490967 -0.101685 0.948608 -0.043823 0.142334 -0.021118
0.477417 -0.106934 0.955688 -0.029663 0.145386 -0.008423
0.472290 -0.111938 0.952759 -0.015625 0.115234 -0.004761
0.474731 -0.106445 0.940308 0.000732 0.084106 -0.000610
0.471680 -0.103027 0.925171 0.010620 0.060181 0.001465
0.464478 -0.083984 0.907104 0.012085 0.037354 0.002197
0.461670 -0.070313 0.897949 0.003906 0.009399 0.001099
0.479614 -0.073242 0.898804 -0.010864 -0.015503 0.001587
0.522827 -0.083008 0.910645 -0.022827 -0.021851 0.004639
0.539307 -0.087402 0.913574 -0.028320 -0.008545 -0.000977
0.539307 -0.088867 0.920166 -0.028076 0.015625 -0.009155
0.523071 -0.084961 0.928345 -0.023071 0.045410 -0.010742
0.520630 -0.096436 0.932007 -0.017090 0.064819 -0.012939
0.505615 -0.105713 0.940674 -0.007324 0.077393 -0.018188
0.475220 -0.099365 0.945557 0.006836 0.072754 -0.029541
0.458252 -0.080688 0.936890 0.019165 0.052856 -0.034790
0.460571 -0.072266 0.931030 0.022705 0.032837 -0.029419
0.468750 -0.063232 0.927612 0.019409 0.019775 -0.014526
0.485962 -0.066406 0.918701 0.008545 0.012573 -0.000977
0.497803 -0.070068 0.919312 -0.004883 0.018311 0.009277
0.501221 -0.071289 0.915039 -0.017090 0.027710 0.014038
0.503418 -0.077026 0.904785 -0.029297 0.036621 0.015625
0.521973 -0.089478 0.902832 -0.040283 0.052246 0.009888
0.495483 -0.096191 0.920044 -0.045166 0.079834 -0.003418
0.467041 -0.093262 0.922729 -0.039063 0.080200 -0.017212
0.453735 -0.092407 0.929199 -0.030273 0.058105 -0.026611
0.448120 -0.086426 0.921875 -0.020386 0.031128 -0.029053
0.447632 -0.079834 0.910034 -0.014160 0.009033 -0.025269
0.443604 -0.073242 0.904419 -0.014893 -0.004150 -0.014038
0.456299 -0.075928 0.903564 -0.020020 -0.011230 0.001953
0.480591 -0.087402 0.905884 -0.023560 -0.003662 0.015259
0.505615 -0.092041 0.907471 -0.023438 0.015747 0.025269
0.515625 -0.097534 0.914795 -0.022827 0.044556 0.025879
0.512817 -0.100708 0.925415 -0.018677 0.067383 0.019043
0.512085 -0.104004 0.942505 -0.006958 0.074219 0.007568
0.512695 -0.098022 0.940918 0.008545 0.071167 -0.007568
0.495361 -0.084717 0.936279 0.022339 0.065186 -0.021851
0.484253 -0.068359 0.933716 0.030518 0.049194 -0.020386
0.460327 -0.066284 0.937134 0.020142 0.038208 -0.019409
0.447266 -0.072144 0.938354 0.001221 0.028076 -0.016235
0.445068 -0.084961 0.949951 -0.012939 0.017700 -0.008667
0.465820 -0.094971 0.956665 -0.015503 0.006226 -0.001587
0.475464 -0.095093 0.953735 -0.010498 0.006714 -0.003052
