0.381958 -0.041016 1.055176 0.016846 0.167969 -0.003418
0.361206 -0.033447 1.050537 0.034180 0.261475 0.013306
0.369995 -0.012695 1.037598 0.058472 0.343872 0.043213
0.411987 -0.004395 1.020386 0.070923 0.445068 0.080933
0.444336 -0.012207 1.013794 0.075073 0.596558 0.118896
0.395386 -0.012939 1.016235 0.077271 0.764771 0.144409
0.316284 -0.014893 1.018921 0.082153 0.862915 0.146484
0.274902 -0.013306 1.015625 0.106323 0.878296 0.148682
0.262817 -0.026123 1.015991 0.129272 0.855347 0.146606
0.272949 -0.037842 1.016724 0.155151 0.849365 0.139771
0.314819 -0.028687 1.009277 0.187622 0.924805 0.172729
0.353516 -0.000854 0.972290 0.223511 1.136475 0.266479
0.331177 0.021851 0.930298 0.251587 1.461914 0.390137
0.246216 0.065430 0.869995 0.272339 1.764648 0.490845
0.187744 0.127075 0.811646 0.286987 1.945923 0.536743
0.176147 0.140259 0.741211 0.250610 2.017090 0.480103
0.165649 0.126343 0.719360 0.192749 2.049683 0.380371
0.152466 0.108521 0.719360 0.150024 2.109985 0.301270
0.123901 0.091187 0.732910 0.112549 2.228149 0.219116
0.040039 0.104370 0.725220 0.083130 2.379150 0.128418
0.002686 0.127197 0.635986 0.044800 2.549683 0.069214
-0.040649 0.113892 0.535156 0.018188 2.734741 0.078979
-0.178223 0.121216 0.477173 -0.027222 2.886230 0.036987
-0.324585 0.067017 0.435425 -0.115234 2.874756 -0.096069
-0.483643 0.054565 0.474854 -0.202637 2.705811 -0.297607
-0.556763 -0.008545 0.453247 -0.287842 2.552979 -0.442871
-0.744995 -0.029541 0.454102 -0.364502 2.533936 -0.518433
-0.898315 -0.057617 0.424805 -0.460083 2.542358 -0.548096
-1.000366 -0.063843 0.376099 -0.523560 2.531006 -0.488037
-1.116089 -0.154541 0.412231 -0.600098 2.480591 -0.462036
-1.288452 -0.242188 0.493896 -0.630005 2.349365 -0.463623
-1.469727 -0.284668 0.589355 -0.595581 2.061646 -0.472534
-1.528564 -0.278320 0.654297 -0.505493 1.644897 -0.454590
-1.502319 -0.252686 0.677246 -0.381592 1.273926 -0.368286
-1.520752 -0.190918 0.684326 -0.273926 1.001953 -0.269531
-1.501953 -0.158569 0.695801 -0.196167 0.724121 -0.175659
-1.466431 -0.118408 0.713745 -0.131592 0.419922 -0.092529
-1.310425 -0.099854 0.691162 -0.085205 0.143311 -0.001343
-1.150391 -0.091309 0.662964 -0.059082 -0.016846 0.081299
-1.057617 -0.091064 0.634888 -0.053833 -0.122314 0.112915
-0.958862 -0.107178 0.607788 -0.052246 -0.252075 0.106323
-0.834351 -0.122070 0.585571 -0.038940 -0.366211 0.087646
-0.776611 -0.125488 0.561768 -0.027832 -0.409302 0.044922
-0.795288 -0.122437 0.546509 -0.024658 -0.404419 0.005127
-0.817505 -0.128418 0.555298 -0.017456 -0.402100 -0.005249
-0.908081 -0.123291 0.575073 -0.010620 -0.409302 -0.002563
-0.998657 -0.121094 0.604858 -0.014404 -0.466431 0.005493
-1.060303 -0.127686 0.622070 -0.020264 -0.583862 0.024292
-1.093506 -0.121826 0.642456 -0.026611 -0.754883 0.042236
-1.146729 -0.116943 0.653564 -0.046997 -0.969116 0.036255
-1.068848 -0.236450 0.710938 -0.046997 -1.237671 0.012207
-1.011108 -0.216919 0.742920 0.036255 -1.426025 -0.026245
-1.071411 -0.160156 0.742065 0.099609 -1.515869 -0.032104
-1.072266 -0.132813 0.734741 0.148926 -1.629761 -0.007324
-1.047119 -0.109253 0.727905 0.180786 -1.785034 0.018799
-1.008301 -0.117432 0.705688 0.185425 -2.003418 0.017456
-0.932861 -0.148315 0.680298 0.199097 -2.276001 -0.009766
-0.828857 -0.170410 0.671875 0.232544 -2.533569 -0.059570
-0.779297 -0.192993 0.674683 0.267944 -2.716553 -0.133789
-0.718750 -0.214355 0.674561 0.322632 -2.870728 -0.208862
-0.641113 -0.220459 0.663818 0.393799 -2.989258 -0.260376
-0.535400 -0.233398 0.663574 0.478638 -3.057251 -0.293579
-0.433594 -0.212769 0.641968 0.577759 -3.090332 -0.299438
-0.369751 -0.156372 0.613892 0.664917 -3.093384 -0.282593
-0.339844 -0.077271 0.567139 0.714722 -3.119507 -0.265991
-0.282959 0.004150 0.563354 0.715942 -3.220581 -0.270142
-0.206543 0.056519 0.532227 0.699707 -3.366577 -0.318237
-0.071655 0.142212 0.514282 0.663574 -3.542480 -0.380859
0.170532 0.240234 0.470947 0.583618 -3.625244 -0.406982
0.357910 0.296265 0.443481 0.459961 -3.408081 -0.333374
0.499634 0.414185 0.441162 0.314941 -2.950317 -0.155884
0.764160 0.486084 0.374512 0.110596 -2.331177 0.140991
0.896606 0.440674 0.377930 -0.179565 -1.514526 0.423584
0.960693 0.397949 0.447876 -0.414185 -0.892822 0.593018
0.959351 0.294189 0.575195 -0.615845 -0.530884 0.614258
0.951294 0.147583 0.777832 -0.727905 -0.441162 0.512695
0.919800 0.005493 0.979858 -0.752441 -0.455811 0.333008
0.938110 -0.112183 1.110474 -0.693237 -0.468872 0.182861
0.936035 -0.208496 1.172852 -0.579590 -0.390991 0.055786
0.826904 -0.237183 1.203369 -0.441284 -0.248657 -0.053955
0.657959 -0.248291 1.181152 -0.302979 -0.117676 -0.132202
0.510742 -0.226807 1.151489 -0.177124 -0.061279 -0.177734
0.408203 -0.195923 1.089111 -0.082520 -0.060303 -0.205078
0.358154 -0.145630 1.019775 -0.017090 -0.062622 -0.189819
0.331787 -0.099487 0.964233 0.005005 -0.039673 -0.152100
0.298584 -0.064209 0.934814 -0.014160 0.009277 -0.096313
0.268311 -0.027222 0.931641 -0.041138 0.040161 -0.039063
0.291870 -0.019531 0.951782 -0.074341 0.042603 0.008057
0.338989 -0.021240 0.989380 -0.097168 0.054199 0.040161
0.385986 -0.046265 1.035645 -0.097900 0.056763 0.040039
0.415405 -0.063354 1.069336 -0.079468 0.034302 0.013306
0.423706 -0.079590 1.082153 -0.040161 -0.014526 -0.028809
0.441162 -0.073853 1.055420 0.009399 -0.070190 -0.070313
0.440186 -0.065063 1.010376 0.052002 -0.090210 -0.099609
0.432251 -0.043091 0.954346 0.075317 -0.081543 -0.109253
0.425903 -0.013916 0.906372 0.077637 -0.048462 -0.094604
0.406982 0.007813 0.875488 0.053589 -0.001709 -0.063110
0.403931 0.012085 0.866699 0.017334 0.029907 -0.025146
0.412720 -0.000610 0.881592 -0.018433 0.041992 0.006104
0.434326 -0.020264 0.905640 -0.048340 0.036865 0.019043
0.452637 -0.040771 0.932251 -0.067627 0.037720 0.022339
0.454834 -0.061157 0.970703 -0.074097 0.038330 0.008423
0.425537 -0.072144 0.990356 -0.067139 0.042480 -0.008179
0.420044 -0.073730 0.999390 -0.054321 0.044067 -0.009521
0.418213 -0.065186 0.995117 -0.039429 0.052979 -0.008423
0.399658 -0.060669 0.989380 -0.033203 0.055054 -0.014648
0.381714 -0.051392 0.985962 -0.029419 0.049561 -0.015747
0.369751 -0.045532 0.979736 -0.027588 0.038208 -0.007202
0.375854 -0.044800 0.979736 -0.025269 0.024780 0.002197
0.384033 -0.046509 0.978149 -0.024658 0.019409 0.007690
0.401123 -0.049072 0.968872 -0.020630 0.014038 0.009644
0.420044 -0.050781 0.972534 -0.017456 0.004883 0.001343
0.417969 -0.049316 0.976196 -0.013794 0.003906 -0.009766
0.417969 -0.044312 0.969238 -0.007324 0.006836 -0.018188
0.418579 -0.038208 0.963379 -0.004272 0.013794 -0.021118
0.407104 -0.039307 0.958130 -0.006714 0.020508 -0.025513
0.395752 -0.035156 0.954590 -0.010132 0.021118 -0.023926
0.393311 -0.036011 0.957031 -0.015015 0.018799 -0.019775
0.384766 -0.042236 0.963135 -0.021973 0.024292 -0.013306
0.380371 -0.046265 0.970703 -0.026489 0.026123 -0.002075
0.383301 -0.044189 0.971802 -0.027222 0.019653 0.005981
0.380737 -0.047607 0.972656 -0.028442 0.006958 0.004028
0.384155 -0.044800 0.974976 -0.027222 -0.010986 0.001709
0.394165 -0.042358 0.969727 -0.030396 -0.024048 0.000244
0.400146 -0.042358 0.964722 -0.035767 -0.023560 -0.004272
0.408691 -0.040161 0.961670 -0.037842 -0.015747 -0.007446
0.412109 -0.038330 0.959717 -0.041626 -0.005493 -0.012695
0.417236 -0.039307 0.965942 -0.046753 0.016479 -0.017090
0.433472 -0.038330 0.960938 -0.051880 0.037964 -0.027710
0.436035 -0.042603 0.975220 -0.055664 0.050781 -0.050903
0.416260 -0.043701 0.975342 -0.059937 0.056274 -0.072021
0.393433 -0.049316 0.970581 -0.059204 0.051880 -0.079834
0.368286 -0.043701 0.970093 -0.056396 0.049072 -0.070435
0.349976 -0.045044 0.967285 -0.053345 0.043091 -0.054321
0.336182 -0.041626 0.968628 -0.050049 0.031006 -0.028931
0.339355 -0.035156 0.966064 -0.049194 0.012451 -0.000977
0.337769 -0.038452 0.963745 -0.055664 0.003784 0.019897
0.367798 -0.043701 0.957764 -0.057617 -0.010742 0.034668
0.398438 -0.060059 0.968750 -0.061035 -0.029175 0.025635
0.427002 -0.071411 0.995728 -0.058594 -0.037598 0.005493
0.431152 -0.076782 1.006348 -0.050659 -0.032349 -0.012329
0.435913 -0.079468 1.008789 -0.033447 -0.027100 -0.020752
0.429810 -0.070801 0.996704 -0.014893 -0.027100 -0.032471
0.417358 -0.061035 0.982178 -0.003418 -0.026978 -0.038818
0.395630 -0.056519 0.968384 -0.002563 -0.016235 -0.036133
0.380127 -0.052490 0.958862 -0.006714 -0.004150 -0.027710
0.377686 -0.048584 0.963867 -0.011230 0.004150 -0.017212
0.383545 -0.049805 0.965942 -0.014893 0.006470 -0.011353
0.394531 -0.051758 0.979004 -0.015137 0.007935 -0.009521
0.394775 -0.050293 0.973145 -0.014893 0.006104 -0.012329
