0.228638 -0.139038 1.019897 -0.027954 -0.029663 -0.013306
0.234131 -0.141846 1.014526 -0.021851 -0.038086 -0.010376
0.245483 -0.137939 1.009399 -0.017822 -0.043457 -0.008301
0.252808 -0.129517 0.994263 -0.017456 -0.043457 -0.008545
0.261475 -0.127441 0.995239 -0.022949 -0.035645 -0.007690
0.263062 -0.123657 0.992798 -0.027100 -0.027954 -0.009033
0.261230 -0.119751 0.986206 -0.032593 -0.026245 -0.013672
0.259399 -0.113281 0.987427 -0.039063 -0.026489 -0.020630
0.251221 -0.107422 0.993042 -0.048462 -0.024414 -0.025146
0.243774 -0.097046 0.999390 -0.057861 -0.025513 -0.025269
0.240234 -0.092896 1.006836 -0.065430 -0.026733 -0.018311
0.246704 -0.090088 1.012939 -0.068970 -0.029419 -0.011353
0.249390 -0.095093 1.009277 -0.072021 -0.029663 -0.006104
0.258667 -0.098755 1.015137 -0.074707 -0.029663 -0.004761
0.278809 -0.107422 1.042358 -0.076660 -0.027100 -0.006470
0.325439 -0.130127 1.077637 -0.078125 -0.015259 -0.013306
0.316284 -0.128906 1.114014 -0.082397 0.012085 -0.027466
0.323120 -0.096436 1.130493 -0.088135 0.038818 -0.033813
0.307617 -0.058960 1.174927 -0.103516 0.082153 -0.031860
0.295044 -0.021362 1.232056 -0.125366 0.138794 -0.017456
0.296509 -0.003296 1.296021 -0.145996 0.170044 -0.009521
0.288818 -0.017578 1.370117 -0.161011 0.182617 -0.004639
0.295288 -0.053345 1.427368 -0.159546 0.167358 -0.008057
0.307495 -0.111816 1.482056 -0.132690 0.133667 -0.023682
0.315674 -0.130859 1.487427 -0.087646 0.102783 -0.051270
0.270630 -0.192017 1.513672 -0.053833 0.085815 -0.088135
0.342041 -0.221924 1.479126 0.017700 0.052490 -0.072266
0.353882 -0.253418 1.460327 0.057739 0.085205 -0.079346
0.289795 -0.259033 1.437622 0.085327 0.119263 -0.096802
0.237183 -0.271118 1.420044 0.112915 0.112915 -0.111450
0.205566 -0.284058 1.395996 0.155640 0.090088 -0.113159
0.161377 -0.300415 1.347778 0.212158 0.072266 -0.105347
0.100342 -0.268188 1.267944 0.268677 0.031006 -0.102173
0.113647 -0.222046 1.147095 0.311768 -0.056641 -0.105591
0.158081 -0.183228 1.041138 0.327515 -0.140869 -0.119629
0.197510 -0.136841 0.924805 0.312744 -0.158447 -0.116333
0.240723 -0.124756 0.849854 0.277466 -0.133301 -0.097656
0.211670 -0.108521 0.840088 0.237793 -0.090332 -0.072876
0.160278 -0.079590 0.823730 0.224854 -0.079590 -0.060669
0.218384 -0.084473 0.807861 0.212524 -0.148193 -0.068115
0.257202 -0.101929 0.791504 0.222656 -0.192871 -0.102783
0.188110 -0.119507 0.773438 0.243408 -0.179077 -0.121216
0.150635 -0.096191 0.716431 0.270386 -0.189331 -0.114990
0.200806 -0.074219 0.619385 0.267822 -0.212158 -0.092773
0.195313 -0.034424 0.555908 0.242432 -0.161743 -0.050049
0.141602 -0.019897 0.549438 0.183228 -0.104980 -0.008179
0.158203 -0.019043 0.543945 0.125610 -0.081177 0.040771
0.160522 -0.018555 0.536255 0.062256 -0.073486 0.073608
0.186523 -0.065186 0.560181 0.002441 -0.094727 0.084717
0.239014 -0.110596 0.606323 -0.022949 -0.120361 0.066895
0.256958 -0.129272 0.616089 -0.001831 -0.134155 0.030029
0.239746 -0.093994 0.581543 0.028320 -0.156860 -0.020874
0.246216 -0.066528 0.556152 0.041504 -0.166626 -0.050049
0.233154 -0.043823 0.541870 0.035156 -0.149048 -0.057129
0.237061 -0.013550 0.529419 0.018799 -0.113403 -0.046143
0.250244 0.002563 0.512329 -0.012329 -0.056641 -0.018311
0.234741 0.002808 0.501343 -0.056274 0.000244 0.006592
0.244507 -0.002808 0.497559 -0.105225 0.007080 0.011841
0.226929 -0.031372 0.519043 -0.152588 0.001831 -0.002319
0.203003 -0.052734 0.540039 -0.185791 -0.002441 -0.011841
0.207031 -0.058472 0.565430 -0.208618 -0.035034 -0.025513
0.218628 -0.049561 0.580444 -0.226318 -0.078979 -0.049194
0.227661 -0.051147 0.613770 -0.251221 -0.103638 -0.064819
0.252441 -0.063110 0.657593 -0.293945 -0.083862 -0.040405
0.234375 -0.094482 0.714111 -0.342041 -0.015137 0.007324
0.216064 -0.141235 0.802734 -0.371338 0.065063 0.063232
0.176514 -0.177734 0.900024 -0.356323 0.138550 0.112427
0.154663 -0.239746 0.969238 -0.304321 0.187256 0.144287
0.143188 -0.237915 1.000610 -0.250000 0.178955 0.170044
0.168335 -0.182251 0.973999 -0.214355 0.008423 0.106445
0.266724 -0.140747 1.008301 -0.226196 -0.219116 0.007568
0.305298 -0.123413 1.061523 -0.239868 -0.294312 -0.045044
0.310303 -0.114624 1.100464 -0.238892 -0.251953 -0.034790
0.322754 -0.125244 1.133423 -0.230347 -0.203247 -0.012451
0.342651 -0.137573 1.179443 -0.226318 -0.159302 0.003052
0.357910 -0.169800 1.246460 -0.221558 -0.108643 0.025146
0.404053 -0.211914 1.302002 -0.183716 -0.075684 0.015869
0.425171 -0.234863 1.370361 -0.142090 -0.029541 0.016479
0.406494 -0.194824 1.418823 -0.099976 -0.006104 0.023682
0.427246 -0.135010 1.423584 -0.061646 -0.010254 0.031006
0.473511 -0.064941 1.398682 -0.044067 -0.024170 0.025024
0.454102 -0.035156 1.375854 -0.051514 0.003906 0.011719
0.411743 -0.014160 1.347534 -0.060059 0.051025 0.015503
0.869751 -0.431885 1.840942 -0.103760 0.118774 -0.001465
0.209229 -0.343994 1.895020 0.007080 0.352661 -0.054688
0.060669 -0.013306 1.477539 0.248413 0.126831 -0.075317
0.277710 0.048218 1.168213 0.199951 -0.118652 -0.091553
0.261841 0.037720 1.037476 0.069580 -0.027710 -0.043091
0.171875 -0.035767 1.066650 -0.014526 0.074463 -0.016968
0.157349 -0.101685 1.060181 -0.019043 0.063110 0.003784
0.236084 -0.078735 0.955444 0.045044 -0.020874 0.004639
0.269287 -0.041992 0.874634 0.078247 -0.087158 -0.017212
0.285767 -0.036743 0.838501 0.068115 -0.091064 -0.023926
0.292847 -0.044678 0.832275 0.040039 -0.074829 -0.027466
0.308716 -0.048706 0.830811 -0.000366 -0.059448 -0.033447
0.330444 -0.070801 0.888184 -0.060669 -0.008667 -0.023926
0.338867 -0.232666 1.081177 -0.134521 0.090576 -0.010010
0.257813 -0.250488 1.168579 -0.115601 0.150635 0.001465
0.244141 -0.230591 1.153687 -0.049561 0.082642 -0.021851
0.234375 -0.168457 1.055786 0.006104 0.027710 -0.029541
0.217651 -0.131226 0.979248 0.017822 0.013550 -0.027466
0.206299 -0.136475 0.966797 -0.002686 0.016357 -0.018555
0.212158 -0.150391 0.980957 -0.014648 0.015747 -0.010620
0.237915 -0.146118 0.988525 -0.007690 0.000000 -0.012085
0.257690 -0.135498 0.992310 -0.001831 -0.017212 -0.023315
0.259888 -0.122803 1.019165 -0.000244 -0.019531 -0.027588
0.268188 -0.112061 1.030151 0.002319 -0.018555 -0.025879
0.286011 -0.097656 1.029663 0.006592 -0.024414 -0.022339
0.290283 -0.081665 1.012329 0.006348 -0.022461 -0.014038
0.306030 -0.082520 0.984985 -0.005859 -0.011597 -0.000244
0.303345 -0.089233 0.977905 -0.025391 0.008179 0.010010
0.293091 -0.114258 0.994263 -0.040039 0.017944 0.005005
0.292603 -0.123535 0.992554 -0.038818 0.020630 -0.002075
0.266113 -0.128052 1.005127 -0.034302 0.017456 -0.013794
0.243408 -0.135620 1.015503 -0.027954 -0.000122 -0.028687
0.240723 -0.132935 1.008301 -0.018555 -0.011230 -0.030762
0.239258 -0.129150 1.019653 -0.014160 -0.021851 -0.026978
0.228516 -0.119385 1.010254 -0.012939 -0.021851 -0.016113
0.243530 -0.112305 1.006592 -0.015869 -0.020264 -0.001831
0.259277 -0.117798 1.010132 -0.019897 -0.019897 0.008545
0.280396 -0.118164 1.010986 -0.020264 -0.020874 0.008057
0.280029 -0.117798 1.008301 -0.020996 -0.020508 -0.007080
0.271606 -0.101929 0.997559 -0.021484 -0.020874 -0.015869
0.272583 -0.096191 0.990479 -0.028198 -0.017578 -0.019409
0.264893 -0.106201 1.003906 -0.038086 -0.007690 -0.018921
0.269531 -0.121948 1.013062 -0.041504 -0.003662 -0.016602
0.272949 -0.128784 1.009644 -0.036743 -0.006104 -0.017700
0.271362 -0.131836 0.997925 -0.032837 -0.003296 -0.015625
0.273315 -0.126831 0.986084 -0.032715 0.000244 -0.012451
0.266846 -0.126221 0.984497 -0.039307 0.005859 -0.010132
0.257813 -0.127808 0.991089 -0.048096 0.003540 -0.010010
0.255737 -0.124268 1.007690 -0.049927 -0.005249 -0.007935
0.261719 -0.116943 1.007202 -0.046387 -0.014404 -0.005493
0.266479 -0.112915 1.000610 -0.042847 -0.021118 -0.005493
0.275391 -0.121582 1.005737 -0.042358 -0.020508 -0.005371
0.279053 -0.124146 1.004028 -0.040039 -0.014526 -0.009766
0.270630 -0.124756 1.007324 -0.036621 -0.016235 -0.020996
0.257202 -0.123413 1.019653 -0.033813 -0.019897 -0.025879
0.253662 -0.128052 1.026367 -0.027954 -0.020752 -0.024536
0.256836 -0.134033 1.031250 -0.019531 -0.028076 -0.023193
0.242310 -0.131836 1.025391 -0.009399 -0.034180 -0.020752
0.240234 -0.134155 1.011475 -0.001587 -0.041382 -0.015137
0.239624 -0.122070 1.001099 -0.002197 -0.045044 -0.006592
0.245850 -0.114746 0.981445 -0.000732 -0.041626 -0.000122
0.280273 -0.121460 0.971558 -0.013916 -0.037476 0.003784
0.272583 -0.111938 0.974976 -0.027832 -0.024902 -0.003418
0.280884 -0.114380 0.990723 -0.033325 -0.021851 -0.010864
0.289307 -0.117065 0.998657 -0.036377 -0.020386 -0.016602
0.291138 -0.115723 1.000000 -0.037842 -0.018921 -0.022095
0.286133 -0.114624 1.024048 -0.040527 -0.020020 -0.024292
