0.225830 -0.110352 1.014648 -0.022583 -0.027466 -0.019287
0.222656 -0.111084 1.015137 -0.024292 -0.028687 -0.025513
0.215088 -0.111328 1.013184 -0.025024 -0.031250 -0.026611
0.215698 -0.116089 1.008301 -0.026489 -0.029541 -0.019775
0.217651 -0.124390 1.014160 -0.031494 -0.022217 -0.009521
0.226563 -0.125610 1.016357 -0.035278 -0.013672 -0.004028
0.221680 -0.126343 1.023071 -0.038208 -0.006104 -0.005493
0.219727 -0.139038 1.027710 -0.041504 -0.000977 -0.005249
0.222290 -0.148560 1.035156 -0.042358 0.003296 -0.004150
0.230957 -0.149170 1.045654 -0.039551 0.009033 -0.009521
0.215088 -0.141479 1.064941 -0.033691 0.005371 -0.024658
0.224365 -0.141602 1.093872 -0.027222 0.000732 -0.023193
0.207764 -0.105225 1.104858 -0.020752 0.018066 -0.005127
0.232910 -0.052856 1.129272 -0.039307 0.046021 0.028442
0.264526 -0.052612 1.152466 -0.067017 0.074951 0.035767
0.239502 -0.046021 1.178955 -0.062622 0.108032 0.016846
0.210571 -0.061646 1.229370 -0.060547 0.110840 0.010742
0.216431 -0.086304 1.280273 -0.050415 0.092285 0.010010
0.240356 -0.114258 1.323730 -0.029663 0.070679 0.012573
0.255249 -0.118530 1.338135 -0.000732 0.047729 0.005493
0.276855 -0.110107 1.328979 0.027222 0.007813 -0.024780
0.317749 -0.086182 1.310669 0.040161 -0.038574 -0.067383
0.371948 -0.082153 1.296631 0.017212 -0.045654 -0.096680
0.297363 -0.090332 1.306519 0.001465 0.048950 -0.100342
0.250122 -0.110107 1.324219 0.000244 0.110352 -0.087769
0.184814 -0.151123 1.320068 0.016113 0.127686 -0.090210
0.149048 -0.180786 1.323730 0.054810 0.107422 -0.086548
0.125610 -0.189575 1.291748 0.095337 0.074097 -0.077026
0.116089 -0.185669 1.256348 0.133301 0.028809 -0.069580
0.129761 -0.183228 1.212036 0.174561 -0.018555 -0.071411
0.141357 -0.174927 1.171143 0.210571 -0.056885 -0.081055
0.145142 -0.137085 1.125122 0.240601 -0.085693 -0.083130
0.157471 -0.107422 1.064819 0.247681 -0.111450 -0.090454
0.208374 -0.091553 1.017700 0.233765 -0.145752 -0.109863
0.251343 -0.086914 0.988647 0.197998 -0.154297 -0.136230
0.278931 -0.113281 1.012695 0.155518 -0.132690 -0.166382
0.197510 -0.121216 1.002075 0.150879 -0.074707 -0.192261
0.157227 -0.124512 0.996460 0.166138 -0.039063 -0.165894
0.167480 -0.111938 0.971313 0.206299 -0.043335 -0.147461
0.168091 -0.081665 0.928589 0.242798 -0.047852 -0.134888
0.149292 -0.055054 0.893188 0.253662 -0.050903 -0.117676
0.129150 -0.038452 0.866699 0.248657 -0.061523 -0.094971
0.120728 -0.029175 0.849976 0.245239 -0.071533 -0.063843
0.155762 -0.035400 0.821289 0.239624 -0.087891 -0.026001
0.227905 -0.026001 0.789063 0.223511 -0.096069 -0.004761
0.258301 -0.005615 0.766724 0.195679 -0.055420 0.001343
0.210449 0.018677 0.745239 0.153198 0.005981 0.013794
0.206543 0.018188 0.769165 0.095703 0.024536 0.019653
0.169067 -0.013794 0.792725 0.049194 0.036987 0.029053
0.171753 -0.049438 0.819214 0.036499 0.026733 0.031494
0.139160 -0.064819 0.821777 0.031128 0.008301 0.032959
0.109131 -0.077026 0.822144 0.051514 -0.036621 0.010132
0.156006 -0.053345 0.794922 0.086792 -0.107666 -0.010132
0.160767 -0.028687 0.756958 0.089844 -0.121704 -0.020020
0.214722 -0.001343 0.718994 0.082275 -0.141357 -0.023071
0.233643 0.028809 0.690918 0.068604 -0.132446 -0.035889
0.228882 0.036377 0.699463 0.027344 -0.096436 -0.029785
0.238403 0.014526 0.725708 -0.014771 -0.069824 -0.018677
0.250366 -0.018677 0.750610 -0.035767 -0.054810 -0.013306
0.238159 -0.040771 0.761963 -0.032593 -0.046509 -0.013672
0.223145 -0.038330 0.731812 -0.021729 -0.052002 -0.020508
0.230225 -0.037354 0.719116 -0.017700 -0.062256 -0.024414
0.225586 -0.024780 0.711182 -0.025757 -0.069214 -0.028076
0.235596 -0.019653 0.693359 -0.042236 -0.090332 -0.038818
0.228149 -0.002686 0.681885 -0.066528 -0.101563 -0.045776
0.210083 -0.000488 0.673584 -0.104736 -0.123535 -0.052368
0.231812 -0.007690 0.685913 -0.144409 -0.142822 -0.039063
0.246460 -0.011353 0.700073 -0.178345 -0.125366 -0.021973
0.247559 -0.041504 0.733887 -0.211060 -0.112427 -0.010742
0.231445 -0.018433 0.740967 -0.225952 -0.110474 -0.000732
0.231323 -0.051880 0.751587 -0.248779 -0.087769 0.002930
0.274658 -0.098389 0.807007 -0.248169 -0.041870 0.030762
0.299438 -0.114136 0.836670 -0.224487 0.008789 0.046265
0.256226 -0.103882 0.825195 -0.204224 0.051514 0.046265
0.238770 -0.083130 0.798584 -0.214966 0.004028 0.005981
0.257568 -0.064697 0.794312 -0.245728 -0.073975 -0.041138
0.206177 -0.051147 0.831177 -0.294189 -0.079224 -0.050415
0.196899 -0.054443 0.904663 -0.331665 -0.076538 -0.024780
0.236938 -0.115356 0.946045 -0.355469 -0.090210 -0.009155
0.240356 -0.136963 0.981689 -0.352295 -0.081421 -0.012817
0.238037 -0.162598 1.008179 -0.325928 -0.067383 -0.011597
0.247681 -0.187134 1.045654 -0.285034 -0.022583 0.017334
0.228027 -0.192871 1.082764 -0.226807 0.059204 0.060791
0.229370 -0.193604 1.107788 -0.166382 0.134399 0.101807
0.182007 -0.117065 1.083496 -0.135864 0.143921 0.116821
0.250000 -0.072388 1.069214 -0.152222 -0.001587 0.052490
0.332886 -0.060425 1.095215 -0.189697 -0.093384 0.001099
0.274780 -0.054443 1.119995 -0.225342 -0.036499 0.006836
0.240479 -0.072754 1.132324 -0.253418 0.010620 0.033569
0.268311 -0.101929 1.159180 -0.271362 0.016724 0.049438
0.292114 -0.138794 1.206787 -0.268799 0.036865 0.058594
0.282104 -0.182129 1.267578 -0.232422 0.060059 0.046631
0.310791 -0.120361 1.281738 -0.147461 0.054688 0.044312
0.252686 -0.108398 1.272217 -0.097900 0.066650 0.005249
0.251343 -0.073975 1.222412 -0.066772 0.044800 -0.004639
0.268799 -0.064941 1.186523 -0.068359 0.025269 -0.006958
0.246704 -0.041748 1.186401 -0.103027 0.037598 -0.014526
0.246338 -0.067871 1.228882 -0.165649 0.047974 -0.012207
0.263062 -0.109863 1.317627 -0.229858 0.070313 0.007935
0.224854 -0.166138 1.453369 -0.282593 0.109497 0.030640
0.229492 -0.245117 1.628052 -0.297241 0.122314 0.054932
0.233276 -0.355713 1.752075 -0.255859 0.131470 0.073975
0.197754 -0.434570 1.719971 -0.119629 0.108521 0.061035
0.174316 -0.354004 1.480591 0.115479 0.010010 0.019409
0.191040 -0.169800 1.170898 0.330566 -0.107178 -0.021362
0.210938 -0.015747 0.908813 0.406006 -0.192017 -0.070801
0.252197 0.073364 0.708252 0.362061 -0.207031 -0.085938
0.231567 0.135010 0.640503 0.249268 -0.148438 -0.070190
0.199829 0.081787 0.641235 0.102905 -0.080200 -0.047241
0.224854 0.018311 0.699951 -0.017822 -0.045532 -0.022095
0.218018 -0.025635 0.790283 -0.095337 -0.027100 -0.006592
0.229004 -0.055664 0.880371 -0.148682 -0.030151 0.009521
0.274170 -0.099609 1.011230 -0.194458 -0.031860 0.031494
0.341675 -0.173584 1.148804 -0.223999 -0.005493 0.055298
0.356445 -0.244751 1.262939 -0.214966 0.040283 0.056030
0.315918 -0.288208 1.296631 -0.157227 0.063477 0.029297
0.246948 -0.295898 1.231079 -0.065308 0.045288 -0.008423
0.154907 -0.230591 1.091919 0.026855 0.014526 -0.028320
0.145386 -0.182983 0.965942 0.074707 -0.022705 -0.023560
0.146240 -0.139771 0.898315 0.077148 -0.049927 -0.014648
0.167969 -0.112183 0.888672 0.045654 -0.059692 0.000000
0.218262 -0.108521 0.940063 -0.001343 -0.058350 0.021484
0.251465 -0.119507 1.002930 -0.036011 -0.035400 0.042358
0.273193 -0.123535 1.044800 -0.046631 -0.026611 0.047241
0.312256 -0.129761 1.056152 -0.038452 -0.031860 0.036255
0.320068 -0.132324 1.053101 -0.021973 -0.027588 0.012329
0.278442 -0.120972 1.033691 -0.005127 -0.016846 -0.015259
0.247559 -0.114380 1.003296 0.003296 -0.015747 -0.031250
0.234131 -0.112183 0.967896 -0.002808 -0.001709 -0.031128
0.230225 -0.110962 0.957886 -0.019775 0.007202 -0.029175
0.203125 -0.125854 0.976563 -0.042480 0.023560 -0.019531
0.188721 -0.145630 1.004150 -0.055054 0.021606 -0.004517
0.217529 -0.162720 1.026245 -0.050659 -0.000366 0.004517
0.244019 -0.166382 1.036133 -0.041382 -0.015625 0.001099
0.245483 -0.161743 1.044312 -0.032349 -0.014893 -0.003296
0.250732 -0.159546 1.038086 -0.023315 -0.007324 -0.002686
0.255127 -0.145508 1.022339 -0.013184 -0.008789 -0.010620
0.247925 -0.131714 1.001221 -0.007690 -0.013916 -0.026245
0.231079 -0.122925 0.995361 -0.010742 -0.015625 -0.035889
0.217407 -0.128174 0.998169 -0.016602 -0.017212 -0.037964
0.208618 -0.139771 1.011963 -0.018921 -0.025757 -0.038940
0.197998 -0.145020 1.027832 -0.016357 -0.034912 -0.034058
0.213623 -0.140381 1.021362 -0.009766 -0.044067 -0.024780
0.231079 -0.134521 1.006714 -0.009033 -0.040894 -0.011230
0.229858 -0.130249 0.996460 -0.015137 -0.027588 -0.001831
0.246582 -0.130249 0.996948 -0.021606 -0.022095 0.002808
0.255615 -0.128662 1.000977 -0.027710 -0.014404 0.002441
0.252686 -0.130737 1.008667 -0.031006 -0.010986 -0.001709
0.250977 -0.135864 1.012939 -0.031372 -0.008545 -0.007446
0.244873 -0.137207 1.013184 -0.028931 -0.010620 -0.015015
