0.202393 -0.139526 1.010132 -0.023682 -0.015747 -0.020508
0.201172 -0.140625 1.009521 -0.027954 -0.014648 -0.015747
0.208984 -0.143188 1.010132 -0.030273 -0.014893 -0.008301
0.221313 -0.144409 1.007813 -0.033325 -0.015381 -0.010254
0.206909 -0.131226 1.031860 -0.037964 -0.010620 -0.015137
0.204468 -0.120728 1.045898 -0.039307 -0.008179 -0.013306
0.220947 -0.116455 1.055908 -0.040527 -0.008179 -0.008301
0.226807 -0.127441 1.071167 -0.046021 0.006592 -0.000244
0.213989 -0.134521 1.089111 -0.055054 0.032471 0.013550
0.225464 -0.145264 1.122925 -0.069336 0.067261 0.037231
0.226929 -0.155518 1.177979 -0.080200 0.111938 0.057617
0.221436 -0.156738 1.235352 -0.072266 0.123535 0.055420
0.238770 -0.151733 1.289307 -0.049805 0.103760 0.040405
0.268433 -0.145874 1.311646 -0.020020 0.089844 0.024170
0.287109 -0.148682 1.334351 0.004639 0.098389 0.014526
0.276855 -0.150269 1.339844 0.022217 0.125977 0.002197
0.226318 -0.124756 1.307739 0.027466 0.153076 -0.009033
0.246216 -0.145264 1.321045 0.002319 0.155273 -0.013306
0.225220 -0.181519 1.340332 -0.017944 0.196045 -0.009644
0.146362 -0.202637 1.354492 -0.011963 0.244629 0.000610
0.082764 -0.216431 1.351196 0.009155 0.218994 -0.001221
0.079468 -0.244507 1.356934 0.039795 0.119385 -0.021484
0.094849 -0.250366 1.345703 0.087280 0.047485 -0.029419
0.092773 -0.235352 1.317627 0.148804 0.015503 -0.033813
0.091309 -0.182251 1.243164 0.209229 -0.018311 -0.032837
0.143433 -0.147095 1.171021 0.232788 -0.078369 -0.051392
0.156494 -0.086792 1.109619 0.230835 -0.107178 -0.066650
0.163452 -0.057251 1.061890 0.205200 -0.115967 -0.075073
0.156372 -0.055054 1.025513 0.161865 -0.112793 -0.077271
0.138672 -0.050293 1.005005 0.116089 -0.111084 -0.081543
0.121704 -0.039551 0.960571 0.080933 -0.116333 -0.099976
0.109497 -0.071045 0.925049 0.012573 -0.122559 -0.124268
0.106445 -0.014282 0.906250 -0.080200 -0.108521 -0.179565
0.076660 -0.112427 0.908203 -0.156738 -0.115601 -0.308472
0.135864 -0.167603 0.903809 -0.148438 -0.112061 -0.303101
0.204102 -0.252197 0.914673 -0.108521 -0.055176 -0.272827
0.171143 -0.268311 0.926147 -0.029907 -0.000610 -0.201294
0.141724 -0.238525 0.916992 0.055298 -0.014648 -0.130859
0.165649 -0.205444 0.896118 0.129272 -0.056519 -0.072021
0.172729 -0.161621 0.852783 0.174683 -0.060181 -0.025024
0.149048 -0.142090 0.832764 0.177490 -0.072266 -0.017334
0.144287 -0.137085 0.835693 0.174316 -0.118042 -0.033325
0.155640 -0.138672 0.834473 0.173462 -0.145386 -0.035278
0.179932 -0.121948 0.821167 0.176270 -0.124390 -0.016357
0.190430 -0.097778 0.806030 0.166016 -0.096558 -0.000244
0.204590 -0.071655 0.799927 0.157227 -0.095459 -0.006714
0.213135 -0.050659 0.791504 0.151611 -0.116211 -0.023315
0.210815 -0.041626 0.802856 0.148193 -0.124878 -0.032104
0.185547 -0.039673 0.793335 0.142334 -0.114990 -0.028809
0.177246 -0.022339 0.762451 0.133423 -0.127319 -0.027954
0.199219 -0.013672 0.732178 0.111084 -0.158936 -0.036743
0.224365 -0.017090 0.725464 0.077881 -0.149292 -0.035400
0.201294 -0.015991 0.734009 0.042603 -0.108887 -0.020630
0.209106 -0.026733 0.744873 0.011841 -0.094604 -0.005005
0.237183 -0.046509 0.754517 -0.009888 -0.087402 -0.003174
0.251099 -0.071167 0.778320 -0.017944 -0.083618 -0.017456
0.234253 -0.082275 0.793823 -0.008789 -0.083740 -0.031860
0.225708 -0.069946 0.784790 0.006348 -0.090210 -0.040161
0.272217 -0.060425 0.759033 0.017212 -0.102661 -0.047852
0.254761 -0.036743 0.739502 0.013062 -0.086182 -0.058472
0.213745 -0.018677 0.735596 -0.009888 -0.074219 -0.066772
0.219971 -0.038086 0.746582 -0.040771 -0.098877 -0.071045
0.233398 -0.028931 0.765991 -0.067017 -0.114746 -0.062134
0.248047 -0.044189 0.772827 -0.098022 -0.105957 -0.060547
0.262817 -0.064209 0.772705 -0.119995 -0.092896 -0.059570
0.269287 -0.076172 0.800415 -0.129395 -0.076050 -0.047119
0.256226 -0.069214 0.824829 -0.134033 -0.036133 -0.032349
0.267090 -0.111938 0.862061 -0.143066 0.010498 -0.034058
0.285034 -0.130371 0.881592 -0.118652 0.085693 -0.008911
0.238525 -0.120361 0.879028 -0.087769 0.148315 -0.000366
0.224976 -0.085938 0.875488 -0.058472 0.127563 -0.028198
0.231567 -0.079590 0.874634 -0.043335 0.081177 -0.065674
0.240723 -0.043823 0.874268 -0.020142 0.073120 -0.069946
0.217407 -0.063965 0.897217 -0.017334 0.117432 -0.081909
0.197510 -0.084106 0.932495 -0.004395 0.153687 -0.062500
0.234253 -0.091431 0.915283 0.033081 0.183594 -0.037598
0.232178 -0.083618 0.906494 0.044434 0.250122 -0.009399
0.150513 -0.089233 0.930298 0.036011 0.308716 -0.002686
0.114014 -0.100464 0.915649 0.016602 0.308594 0.005615
0.103882 -0.117188 0.947266 -0.020508 0.219727 0.005615
0.123413 -0.122559 0.962280 -0.046753 0.087402 -0.021973
0.182617 -0.120728 0.983398 -0.093018 -0.002197 -0.036011
0.194946 -0.148560 1.014771 -0.138794 -0.031738 -0.046997
0.211426 -0.129517 1.036987 -0.154175 -0.031494 -0.057373
0.164063 -0.128540 1.054932 -0.183472 -0.014526 -0.074341
0.140503 -0.120728 1.060547 -0.197144 -0.002075 -0.043457
0.126831 -0.136719 1.079346 -0.211426 0.012695 -0.002808
0.142944 -0.116577 1.084839 -0.207275 -0.001709 0.041626
0.131714 -0.143921 1.116333 -0.232056 -0.005737 0.041260
0.169067 -0.170288 1.153442 -0.232422 -0.032837 0.031372
0.179077 -0.151978 1.163086 -0.208618 -0.059570 0.000977
0.186523 -0.109863 1.156616 -0.180542 -0.074585 -0.019409
0.148560 -0.091431 1.139038 -0.176758 -0.069946 -0.019409
0.118286 -0.080444 1.141479 -0.192993 -0.066650 -0.005127
0.116333 -0.092773 1.154785 -0.214844 -0.076050 0.027832
0.162354 -0.108521 1.186035 -0.223511 -0.087036 0.063232
0.181274 -0.125244 1.233887 -0.217407 -0.087646 0.074585
0.226563 -0.123657 1.235474 -0.192017 -0.088867 0.067749
0.273438 -0.125000 1.211670 -0.150513 -0.081909 0.038574
0.244263 -0.102051 1.190308 -0.118042 -0.081177 -0.011108
0.197021 -0.092163 1.154907 -0.097046 -0.101440 -0.055176
0.197144 -0.083740 1.122437 -0.089966 -0.117798 -0.067871
0.198120 -0.083252 1.115234 -0.109741 -0.114868 -0.061646
0.153320 -0.096069 1.138794 -0.134155 -0.103149 -0.052368
0.177612 -0.122925 1.168945 -0.147339 -0.111816 -0.021973
0.230957 -0.134521 1.194946 -0.147461 -0.099487 0.010986
0.248413 -0.143311 1.228516 -0.146851 -0.064331 0.014160
0.266357 -0.144165 1.246338 -0.138184 -0.015503 0.031006
0.289307 -0.144897 1.262207 -0.126831 -0.000244 0.028931
0.299561 -0.156006 1.294678 -0.123169 0.010742 0.013428
0.303345 -0.192871 1.315918 -0.104614 0.031006 -0.001221
0.253052 -0.227539 1.286865 -0.052979 0.043335 -0.016113
0.225830 -0.227905 1.195679 0.030884 0.012817 -0.038574
0.175781 -0.196411 1.091797 0.114014 -0.016846 -0.050781
0.182007 -0.113037 0.970947 0.161987 -0.024658 -0.037964
0.192017 -0.113525 0.889648 0.143311 -0.010010 -0.025024
0.199341 -0.088379 0.840942 0.116089 0.003052 0.025879
0.195068 -0.062256 0.829224 0.065063 0.008057 0.041748
0.229248 -0.075439 0.843506 0.007568 0.009888 0.056396
0.256958 -0.102417 0.895020 -0.043945 0.019043 0.053711
0.248413 -0.125854 0.960083 -0.076904 0.014648 0.024292
0.241089 -0.136597 1.006470 -0.088623 0.014893 0.004028
0.222046 -0.140991 1.049438 -0.091309 0.025269 0.000244
0.199707 -0.161011 1.091797 -0.091919 0.034180 0.004272
0.181885 -0.185913 1.118408 -0.083008 0.040161 0.009155
0.168335 -0.202026 1.125000 -0.062134 0.039307 0.016968
0.157959 -0.201904 1.102295 -0.031250 0.040161 0.033691
0.168579 -0.192139 1.059937 -0.003418 0.045166 0.057617
0.179077 -0.174927 1.027344 0.016602 0.041260 0.068726
0.173462 -0.158569 1.006958 0.026611 0.022217 0.055908
0.164307 -0.143311 0.992920 0.030396 -0.001831 0.042236
0.188599 -0.131592 0.981934 0.031372 -0.025146 0.033813
0.221924 -0.125122 0.971558 0.020874 -0.036011 0.013306
0.205200 -0.113281 0.973877 -0.000610 -0.024658 0.000122
0.189209 -0.128418 0.994751 -0.021851 -0.017456 0.002319
0.195190 -0.143677 1.011841 -0.031128 -0.013306 0.013306
0.212646 -0.156494 1.031738 -0.032593 -0.014526 0.017700
0.220947 -0.157593 1.030151 -0.027466 -0.012207 0.015381
0.218506 -0.163330 1.028931 -0.023804 -0.004517 0.009644
0.213379 -0.159058 1.033081 -0.020020 0.004028 0.005371
0.205933 -0.152588 1.027344 -0.017090 0.005127 0.003418
0.198486 -0.147583 1.017456 -0.016602 0.002808 0.000366
0.216187 -0.140991 1.001831 -0.015259 0.000122 0.004272
0.132202 -0.151733 1.007202 -0.029663 0.015015 -0.005981
0.167603 -0.134888 1.001343 -0.021484 0.005005 0.015503
0.184448 -0.140625 1.006226 -0.028320 0.001831 0.015625
0.189697 -0.149780 1.015747 -0.033447 0.005005 0.018921
0.215820 -0.155640 1.020630 -0.037598 -0.000366 0.016113
0.240723 -0.165527 1.041626 -0.033081 -0.006226 -0.011841
0.239990 -0.159790 1.053833 -0.018433 -0.016968 -0.055664
