0.163574 -0.191406 1.033813 -0.040771 -0.004761 -0.034180
0.162109 -0.189453 1.024780 -0.034180 -0.002686 -0.033081
0.161377 -0.176147 1.010010 -0.033325 0.000244 -0.034912
0.153198 -0.161133 0.995850 -0.038940 0.000488 -0.035645
0.147461 -0.153931 0.992065 -0.052124 0.011230 -0.026733
0.134155 -0.144409 1.001709 -0.067261 0.023682 -0.012085
0.136108 -0.141357 1.014038 -0.077393 0.022827 0.000854
0.152832 -0.132813 1.028198 -0.083984 0.018799 0.013550
0.183594 -0.136475 1.042236 -0.095581 0.029907 0.027588
0.211426 -0.149902 1.053223 -0.109619 0.052246 0.033936
0.206909 -0.160889 1.079102 -0.117920 0.075562 0.024536
0.159668 -0.160767 1.112671 -0.113892 0.080322 0.007690
0.133301 -0.155273 1.133179 -0.093750 0.056641 -0.001953
0.135620 -0.136719 1.143555 -0.069336 0.017700 -0.017578
0.140259 -0.111206 1.138916 -0.060425 0.000000 -0.026733
0.161377 -0.114990 1.159668 -0.085815 0.016724 -0.014771
0.177856 -0.151978 1.213745 -0.139526 0.075928 0.012085
0.159546 -0.201660 1.296753 -0.191284 0.162964 0.047241
0.109131 -0.271729 1.398560 -0.220825 0.231323 0.077148
0.074829 -0.337524 1.497925 -0.203979 0.240967 0.096558
0.096924 -0.374878 1.541870 -0.133179 0.210205 0.113281
0.163452 -0.396973 1.534546 -0.037964 0.186646 0.119507
0.200562 -0.381470 1.494385 0.053711 0.184082 0.099609
0.190674 -0.359985 1.441895 0.125000 0.187378 0.058105
0.164673 -0.322754 1.396851 0.176880 0.194702 0.018799
0.108398 -0.286011 1.353394 0.215454 0.207397 -0.005005
0.071167 -0.241577 1.272705 0.238525 0.200562 -0.010620
0.067993 -0.212646 1.200928 0.226685 0.145142 -0.031494
0.080444 -0.215454 1.155884 0.195801 0.097900 -0.052856
0.134888 -0.216064 1.117554 0.138916 0.073486 -0.045776
0.074341 -0.199463 1.109619 0.123169 0.086060 -0.060547
0.071899 -0.236938 1.066406 0.140137 0.115112 -0.046753
0.085693 -0.163818 1.050293 0.140503 0.145874 0.013428
0.046021 -0.148071 1.003052 0.151611 0.147583 -0.002808
-0.003906 -0.138428 0.980713 0.150269 0.132202 -0.000854
-0.039185 -0.151489 0.971802 0.151611 0.088745 0.007568
-0.048096 -0.164917 0.950806 0.165161 0.036743 0.034668
-0.026733 -0.173096 0.921509 0.173950 -0.037842 0.052612
0.043579 -0.151978 0.887573 0.180054 -0.117310 0.048218
0.063477 -0.162109 0.884766 0.176636 -0.139526 0.030762
0.052246 -0.174561 0.883179 0.176392 -0.114868 0.036255
0.027466 -0.217773 0.870728 0.173340 -0.096191 0.047607
0.048462 -0.206543 0.873047 0.174438 -0.100464 0.083862
0.007813 -0.189697 0.862183 0.189575 -0.121094 0.068237
-0.026611 -0.194580 0.816772 0.211914 -0.163452 0.060303
-0.015625 -0.156982 0.806030 0.220703 -0.218140 0.068481
0.009888 -0.132446 0.743774 0.221680 -0.250610 0.087036
0.098999 -0.119263 0.673828 0.216431 -0.281372 0.089111
0.158203 -0.096436 0.630859 0.203857 -0.277466 0.072144
0.135986 -0.070435 0.603516 0.196289 -0.259521 0.018799
0.122559 -0.059570 0.582031 0.189819 -0.263428 -0.031982
0.107544 -0.052979 0.581787 0.176025 -0.270020 -0.064941
0.098511 -0.031860 0.566650 0.167969 -0.289063 -0.086060
0.126709 -0.023071 0.551514 0.164673 -0.332397 -0.122070
0.161255 -0.008057 0.542603 0.142334 -0.359131 -0.137573
0.162842 -0.013672 0.518677 0.106323 -0.360596 -0.134277
0.202148 -0.010620 0.504395 0.071289 -0.357300 -0.117798
0.213989 -0.017700 0.488770 0.024780 -0.315674 -0.109863
0.190918 -0.013184 0.480957 -0.028198 -0.247070 -0.092529
0.218994 -0.038818 0.512573 -0.081543 -0.169556 -0.059692
0.210815 -0.045776 0.546997 -0.123901 -0.100586 -0.040405
0.214233 -0.072510 0.592285 -0.149048 -0.065308 -0.042114
0.202393 -0.088623 0.642822 -0.155518 -0.044067 -0.052002
0.210205 -0.098267 0.672607 -0.143066 -0.017578 -0.055908
0.228638 -0.109009 0.700928 -0.135498 0.004883 -0.055298
0.186523 -0.101685 0.722290 -0.138184 0.042480 -0.052368
0.144897 -0.082031 0.723022 -0.158081 0.021851 -0.068115
0.126343 -0.095703 0.724976 -0.216187 -0.046143 -0.103271
0.149902 -0.124756 0.803223 -0.260132 -0.077637 -0.112061
0.119751 -0.153076 0.878174 -0.277954 -0.077637 -0.117676
0.113403 -0.187500 0.934692 -0.259766 -0.109985 -0.130859
0.163574 -0.187622 0.971313 -0.236694 -0.155029 -0.124146
0.189331 -0.168701 0.992310 -0.211792 -0.157349 -0.124634
0.227905 -0.128784 1.031616 -0.210083 -0.127319 -0.098145
0.276123 -0.108154 1.066162 -0.234131 -0.077148 -0.058105
0.304688 -0.122803 1.100220 -0.273315 -0.019043 -0.022949
0.223267 -0.186035 1.145508 -0.305176 0.024414 -0.009399
0.150757 -0.215942 1.167114 -0.289429 0.012817 0.028076
0.114624 -0.237549 1.187134 -0.268677 -0.020264 0.067749
0.048096 -0.255249 1.212402 -0.255249 -0.055664 0.077026
0.014038 -0.244019 1.247192 -0.221924 -0.117676 0.057373
0.080200 -0.216309 1.267456 -0.163330 -0.240967 0.021973
0.216919 -0.160522 1.230103 -0.096924 -0.364502 -0.033569
0.369263 -0.092285 1.171143 -0.082520 -0.356812 -0.040527
0.413818 -0.047974 1.140015 -0.133911 -0.207031 -0.017822
0.374756 -0.072998 1.172119 -0.230225 -0.031616 0.005615
0.298706 -0.154053 1.246216 -0.316895 0.073120 -0.003052
0.226318 -0.212036 1.318115 -0.347656 0.100830 -0.031006
0.186768 -0.240112 1.377075 -0.328857 0.086914 -0.055542
0.188721 -0.232666 1.416504 -0.282959 0.047729 -0.071655
0.227295 -0.212280 1.453491 -0.244873 0.005493 -0.076416
0.254395 -0.181274 1.517822 -0.225464 0.002686 -0.062256
0.331177 -0.214722 1.675415 -0.230713 0.044312 -0.027100
0.360718 -0.336914 1.793579 -0.222412 0.125122 -0.003174
0.230347 -0.431274 1.696777 -0.135620 0.194214 -0.006226
0.052368 -0.377563 1.420166 0.065674 0.162842 -0.041748
0.035156 -0.266846 1.126221 0.249634 0.026001 -0.076904
0.024048 -0.171753 0.916992 0.327026 -0.073242 -0.081787
0.055420 -0.102905 0.769531 0.316162 -0.141968 -0.068726
0.090576 -0.059448 0.685425 0.245361 -0.178833 -0.051147
0.159180 -0.030518 0.644165 0.152588 -0.179565 -0.025146
0.217041 -0.030640 0.653931 0.046753 -0.130371 0.001343
0.231079 -0.073242 0.730347 -0.060913 -0.058105 0.028687
0.252930 -0.130127 0.842285 -0.139771 -0.024536 0.036499
0.259033 -0.158936 0.940308 -0.184692 -0.019531 0.024536
0.291016 -0.197754 1.060181 -0.211060 -0.024780 0.008057
0.324707 -0.245605 1.191406 -0.222290 -0.013550 -0.003418
0.308716 -0.303101 1.292236 -0.201904 0.019897 -0.009644
0.270630 -0.333496 1.306274 -0.130981 0.046021 -0.014282
0.187378 -0.318481 1.200073 -0.032837 0.060303 -0.017090
0.132202 -0.268555 1.048340 0.052856 0.029907 -0.030273
0.102661 -0.216553 0.943970 0.094727 -0.024170 -0.044556
0.071899 -0.170532 0.894775 0.089355 -0.047974 -0.032104
0.112427 -0.172485 0.914917 0.056885 -0.075562 -0.008911
0.207031 -0.173218 0.961792 0.025391 -0.097168 0.003784
0.231201 -0.155396 0.999634 0.000366 -0.063599 0.015259
0.263672 -0.172607 1.017456 -0.018188 -0.031006 0.016479
0.272583 -0.172729 1.030029 -0.026367 -0.010132 0.001587
0.257080 -0.174805 1.036011 -0.023315 0.000000 -0.016235
0.236572 -0.174561 1.029175 -0.014771 -0.004517 -0.025391
0.247314 -0.179688 1.007935 -0.001709 -0.018433 -0.028809
0.227905 -0.174194 0.983643 0.002686 -0.015015 -0.036133
0.201294 -0.166626 0.981567 -0.007080 -0.002808 -0.035889
0.196899 -0.173462 0.975098 -0.022827 0.009033 -0.026367
0.195435 -0.183105 0.985107 -0.036987 0.017700 -0.019409
0.191162 -0.196045 0.999878 -0.044800 0.015625 -0.017700
0.184448 -0.199097 1.014160 -0.045044 0.006958 -0.016602
0.203125 -0.204468 1.021240 -0.040283 -0.002563 -0.013794
0.227783 -0.206909 1.031738 -0.034058 -0.005371 -0.015381
0.218018 -0.195068 1.034180 -0.026367 -0.000122 -0.024170
0.209717 -0.176392 1.012329 -0.021240 0.003540 -0.030029
0.203369 -0.169922 0.998047 -0.022705 0.009644 -0.029907
0.193604 -0.169922 0.985596 -0.029541 0.011108 -0.028442
0.189453 -0.172485 0.988770 -0.039063 0.005615 -0.030029
0.182861 -0.178345 1.006226 -0.046387 -0.000610 -0.032104
0.180054 -0.188843 1.020386 -0.047852 -0.005859 -0.027100
0.185425 -0.190796 1.033081 -0.042603 -0.009766 -0.018433
0.196167 -0.192261 1.030151 -0.034668 -0.014648 -0.013306
0.238159 -0.174194 1.021973 -0.027954 -0.013550 -0.013672
0.208374 -0.211670 1.010742 -0.041992 0.003906 -0.043335
0.215210 -0.184937 1.001343 -0.028198 0.001099 -0.025513
0.207764 -0.183716 0.999023 -0.027954 0.003418 -0.025146
0.209961 -0.187378 0.999390 -0.031616 0.004517 -0.023071
0.198242 -0.187988 1.007568 -0.034790 0.005737 -0.024048
0.186035 -0.189697 1.011108 -0.034546 0.000244 -0.022217
0.192871 -0.189331 1.014038 -0.031616 -0.004150 -0.017700
0.182007 -0.174072 1.022827 -0.029175 -0.005005 -0.015625
0.184326 -0.200195 1.019287 -0.022705 -0.020142 -0.024536
0.176758 -0.200073 1.010254 -0.025024 -0.022827 -0.007324
0.212158 -0.199951 1.016113 -0.023804 -0.029419 0.000610
