0.240234 -0.132935 1.011475 -0.022583 -0.020020 -0.015503
0.253540 -0.129272 1.010986 -0.019043 -0.026978 -0.014648
0.259888 -0.124634 1.005249 -0.017334 -0.030029 -0.018066
0.262207 -0.115967 1.002686 -0.017700 -0.032227 -0.020386
0.269409 -0.114990 1.000366 -0.019775 -0.032593 -0.019653
0.278687 -0.114258 0.994263 -0.024414 -0.027100 -0.019775
0.267334 -0.112427 0.998901 -0.030151 -0.020020 -0.023071
0.261597 -0.119019 1.000000 -0.033813 -0.017212 -0.022095
0.261108 -0.125000 1.005859 -0.034790 -0.016968 -0.021118
0.257202 -0.127686 1.017212 -0.033325 -0.018433 -0.019043
0.256592 -0.132813 1.019531 -0.029663 -0.019897 -0.018311
0.256836 -0.131226 1.014282 -0.024414 -0.022705 -0.020630
0.255005 -0.131592 1.009277 -0.021362 -0.021484 -0.021729
0.247681 -0.128418 1.008667 -0.021362 -0.020630 -0.020264
0.248291 -0.125977 1.002441 -0.021729 -0.023071 -0.016602
0.262085 -0.124390 1.003174 -0.022583 -0.028198 -0.015137
0.262329 -0.122070 1.003662 -0.025391 -0.028809 -0.015503
0.261963 -0.130371 1.008423 -0.026245 -0.028809 -0.017700
0.263306 -0.127075 1.005371 -0.025391 -0.027954 -0.016113
0.262451 -0.121216 1.008423 -0.025635 -0.025269 -0.013916
0.276123 -0.124878 1.008179 -0.026245 -0.024536 -0.011719
0.275513 -0.121582 1.004761 -0.026855 -0.020752 -0.012573
0.267822 -0.121826 1.002197 -0.029297 -0.015137 -0.014282
0.270020 -0.122925 1.001221 -0.031982 -0.007935 -0.010620
0.271973 -0.121582 1.006104 -0.035156 -0.000366 -0.007202
0.269897 -0.121948 1.020020 -0.037354 0.001587 -0.008789
0.266602 -0.123291 1.033813 -0.034668 0.002441 -0.010376
0.269897 -0.111450 1.031250 -0.031616 0.004272 -0.011841
0.262329 -0.108154 1.060303 -0.034668 0.015625 -0.010010
0.258301 -0.104980 1.092529 -0.045898 0.041504 0.000366
0.247437 -0.092651 1.144287 -0.060791 0.073853 0.022339
0.264160 -0.065918 1.198120 -0.073364 0.102051 0.049927
0.299072 -0.043823 1.261963 -0.084961 0.128906 0.075684
0.352539 -0.040527 1.347412 -0.099243 0.157104 0.090332
0.338379 -0.061401 1.433350 -0.107422 0.186035 0.086426
0.352783 -0.093750 1.531006 -0.091797 0.173462 0.061401
0.386841 -0.141724 1.603394 -0.062622 0.136963 0.026367
0.385010 -0.164795 1.631836 -0.015381 0.094482 -0.022583
0.367798 -0.172974 1.612305 0.018311 0.035278 -0.068970
0.338501 -0.179077 1.596558 0.034668 -0.002930 -0.105225
0.280762 -0.190308 1.530029 0.056641 0.025879 -0.111694
0.256592 -0.187866 1.445679 0.059204 -0.013062 -0.104126
0.252319 -0.210205 1.404785 0.065552 -0.033447 -0.104370
0.196655 -0.231079 1.343872 0.100464 0.009033 -0.069458
0.129517 -0.248657 1.276855 0.161865 0.025879 -0.046631
0.090210 -0.215820 1.148926 0.235229 -0.042847 -0.050415
0.168335 -0.213623 1.024536 0.274536 -0.178223 -0.086182
0.254272 -0.169189 0.883667 0.286621 -0.222412 -0.114014
0.322510 -0.071289 0.679932 0.255615 -0.145142 -0.121216
0.345703 0.028931 0.520020 0.146362 0.039429 -0.077881
0.236328 0.079712 0.461548 -0.026123 0.279297 -0.002686
0.108276 0.006958 0.554321 -0.198730 0.367310 0.063354
0.058228 -0.136475 0.722168 -0.218262 0.287842 0.068848
0.107544 -0.252808 0.797729 -0.107544 0.147583 0.059326
0.160767 -0.298340 0.759399 0.056274 -0.040894 -0.036011
0.193604 -0.267578 0.654785 0.216064 -0.189575 -0.148071
0.188721 -0.185669 0.522827 0.316406 -0.236084 -0.207153
0.145508 -0.085693 0.422607 0.333740 -0.220337 -0.203125
0.139038 -0.008545 0.365356 0.280273 -0.200317 -0.163086
0.146484 -0.024658 0.354736 0.184326 -0.155762 -0.093750
0.169067 -0.050293 0.392334 0.092651 -0.098145 -0.014038
0.219116 -0.095337 0.439453 0.031494 -0.057739 0.036133
0.224365 -0.108521 0.478638 0.005737 -0.025757 0.051758
0.244629 -0.101196 0.492920 0.003296 -0.021729 0.042114
0.271851 -0.068848 0.498535 0.008423 -0.040649 0.003052
0.270020 -0.034790 0.506104 0.002197 -0.069214 -0.059814
0.273560 0.013306 0.495361 -0.017578 -0.111328 -0.127197
0.260742 0.053833 0.473511 -0.063232 -0.121826 -0.162720
0.244629 0.053467 0.474854 -0.159668 -0.069336 -0.141724
0.190430 0.007935 0.537720 -0.269653 0.016113 -0.094727
0.136475 -0.070557 0.613892 -0.347534 0.066284 -0.054077
0.106934 -0.145630 0.698730 -0.378296 0.084717 -0.015869
0.108765 -0.217407 0.785767 -0.379150 0.085815 0.027344
0.089844 -0.262451 0.868164 -0.328247 0.084473 0.049072
0.116089 -0.259277 0.887817 -0.238892 0.072998 0.073730
0.151978 -0.219360 0.869263 -0.183960 0.082397 0.094604
0.192383 -0.173950 0.875488 -0.184692 0.067261 0.086060
0.250977 -0.153931 0.909790 -0.210083 0.000610 0.041260
0.247925 -0.143799 0.989746 -0.243164 -0.025513 0.003540
0.205933 -0.159424 1.070557 -0.270142 -0.021973 -0.003784
0.197998 -0.186279 1.150391 -0.285034 -0.025757 0.016479
0.211304 -0.206543 1.212158 -0.277222 -0.026489 0.039429
0.245483 -0.224121 1.269775 -0.248047 -0.018311 0.055176
0.291382 -0.236450 1.335938 -0.211914 -0.003174 0.064575
0.354370 -0.238037 1.398926 -0.156616 0.008423 0.045654
0.350830 -0.203735 1.447388 -0.088989 0.014771 0.001465
0.334106 -0.165405 1.450439 -0.033325 0.021362 -0.026001
0.330322 -0.137085 1.448730 -0.008545 0.020264 -0.035034
0.330811 -0.117920 1.426147 -0.016602 0.050903 -0.011475
0.329956 -0.108643 1.418701 -0.048462 0.115356 0.027344
0.275635 -0.106812 1.440430 -0.088013 0.163086 0.047485
0.228271 -0.121826 1.475220 -0.112671 0.163086 0.056885
0.235229 -0.160034 1.505859 -0.109619 0.135498 0.068848
0.223145 -0.182129 1.498169 -0.065552 0.084717 0.046631
0.198608 -0.159790 1.442749 0.008911 0.021851 0.010864
0.172241 -0.136597 1.373047 0.085815 -0.027222 -0.012573
0.190430 -0.112183 1.272583 0.156250 -0.081421 -0.026367
0.237427 -0.064453 1.130981 0.213013 -0.119629 -0.032593
0.240234 -0.017944 0.998901 0.226318 -0.103882 -0.031860
0.213989 0.006958 0.897949 0.191895 -0.055664 -0.015625
0.189697 -0.004517 0.843994 0.122314 -0.032104 -0.006348
0.207397 -0.045532 0.820435 0.050415 -0.031982 -0.002075
0.201782 -0.087646 0.821655 -0.000488 -0.012329 0.002441
0.200928 -0.117188 0.838623 -0.025391 -0.009399 -0.003662
0.202637 -0.125244 0.854248 -0.033325 -0.033691 -0.024170
0.198242 -0.121704 0.879272 -0.036865 -0.058472 -0.038330
0.199585 -0.123047 0.905640 -0.045532 -0.074341 -0.039185
0.227051 -0.130005 0.934448 -0.062134 -0.073486 -0.025513
0.246948 -0.139038 0.972412 -0.085693 -0.051758 -0.007080
0.260254 -0.156494 1.021240 -0.112183 -0.019165 0.011108
0.264404 -0.180664 1.071655 -0.131470 0.010254 0.018066
0.256836 -0.208862 1.123047 -0.135010 0.022461 0.012207
0.234863 -0.216919 1.155273 -0.115601 0.026855 0.003906
0.207642 -0.207520 1.166016 -0.080322 0.012573 -0.004761
0.220459 -0.195190 1.156372 -0.041260 -0.011963 -0.006104
0.234741 -0.181274 1.116211 -0.006958 -0.012573 -0.001221
0.206543 -0.163940 1.069946 0.020142 -0.005493 -0.000122
0.207153 -0.146240 1.019043 0.043701 -0.020264 -0.000244
0.204712 -0.119629 0.979492 0.056519 -0.036865 -0.001465
0.205444 -0.111328 0.957275 0.052368 -0.047852 -0.000854
0.221802 -0.105103 0.950928 0.042236 -0.061401 -0.004028
0.254639 -0.091797 0.950562 0.027466 -0.072021 -0.007690
0.273926 -0.076172 0.948853 0.001709 -0.052856 -0.004272
0.264404 -0.086792 0.972534 -0.035156 -0.009644 0.003052
0.261353 -0.111694 1.000610 -0.061523 0.016968 0.006470
0.250122 -0.138184 1.031128 -0.065430 0.014404 -0.003540
0.233276 -0.154419 1.046631 -0.053833 0.010132 -0.010864
0.213623 -0.166016 1.045410 -0.039063 0.011597 -0.015015
0.202759 -0.167603 1.032227 -0.026978 0.005737 -0.017334
0.202148 -0.165039 1.024414 -0.016846 -0.002075 -0.017822
0.208252 -0.153809 1.013672 -0.010010 -0.009399 -0.016846
0.212158 -0.141113 1.008057 -0.008301 -0.014404 -0.014038
0.220215 -0.138672 1.010864 -0.011108 -0.016479 -0.012939
0.229980 -0.134399 1.013184 -0.011841 -0.017212 -0.012085
0.233398 -0.133057 1.012573 -0.011719 -0.017212 -0.015991
0.225830 -0.135498 1.014893 -0.011597 -0.024048 -0.026001
0.221436 -0.134644 1.015015 -0.008179 -0.036987 -0.036255
0.222290 -0.131226 1.002808 -0.004028 -0.039917 -0.038452
0.217773 -0.123291 0.995972 -0.007690 -0.030273 -0.031494
0.230835 -0.118286 1.000244 -0.017700 -0.017090 -0.023926
0.219971 -0.159424 0.994629 -0.033569 -0.006592 -0.046875
0.218018 -0.121948 0.997925 -0.034546 -0.001953 -0.021484
0.227539 -0.137207 1.010498 -0.034058 -0.002319 -0.010620
0.237671 -0.139893 1.016846 -0.029053 -0.014771 -0.002319
0.231934 -0.136108 1.017944 -0.028198 -0.017700 0.000000
0.228760 -0.136108 1.024536 -0.026611 -0.016235 -0.001221
0.241455 -0.132080 1.015625 -0.022461 -0.015991 0.000977
0.237915 -0.125122 1.009399 -0.023804 -0.008911 -0.007446
0.238770 -0.122314 1.009277 -0.028809 -0.005615 -0.015991
0.224976 -0.125854 1.020142 -0.032593 0.000977 -0.018433
