0.171631 -0.124634 1.005127 -0.047485 0.007568 -0.040283
0.155396 -0.119873 1.006226 -0.059814 0.020386 -0.033447
0.150269 -0.128418 1.017822 -0.074463 0.033081 -0.021118
0.146851 -0.152832 1.034668 -0.086060 0.044067 -0.008911
0.142822 -0.177124 1.057495 -0.088135 0.048096 0.000366
0.122070 -0.184082 1.079102 -0.082275 0.047119 0.010742
0.102417 -0.177490 1.096558 -0.067871 0.036743 0.021118
0.132568 -0.156128 1.122559 -0.046875 0.007568 0.026489
0.193359 -0.129272 1.134766 -0.029175 -0.017944 0.022461
0.250977 -0.121582 1.173706 -0.032349 -0.012451 0.009766
0.279175 -0.131226 1.203491 -0.053833 0.020752 -0.005859
0.284424 -0.159668 1.250977 -0.084961 0.084839 -0.011963
0.216553 -0.165161 1.282715 -0.121216 0.158813 -0.015503
0.178223 -0.239868 1.341797 -0.169312 0.193604 -0.019043
0.144775 -0.316406 1.415771 -0.179932 0.215942 -0.007080
0.087524 -0.368774 1.478271 -0.134766 0.226318 0.000488
0.047852 -0.376343 1.499268 -0.040039 0.185913 0.001465
0.025269 -0.343994 1.468140 0.075439 0.105835 -0.005859
0.082397 -0.277466 1.377930 0.177002 0.020996 -0.006836
0.105103 -0.205811 1.294434 0.224243 -0.009766 0.000488
0.090698 -0.151489 1.225708 0.219849 -0.000244 0.015381
0.110352 -0.122681 1.165894 0.190308 -0.019653 0.015991
0.155273 -0.128418 1.136719 0.156860 -0.055786 -0.007935
0.170288 -0.128418 1.122681 0.127441 -0.062378 -0.018188
0.115845 -0.129272 1.129517 0.103027 -0.042725 -0.017212
0.078369 -0.114990 1.108276 0.137939 -0.024902 -0.013306
0.061890 -0.116821 1.077515 0.158203 -0.054932 -0.004150
0.086304 -0.120239 1.043091 0.190674 -0.094238 -0.003418
0.101929 -0.103760 0.986694 0.214722 -0.110962 0.001587
0.105957 -0.056152 0.922607 0.209717 -0.148193 -0.012695
0.181519 -0.051147 0.890381 0.177368 -0.202637 -0.029053
0.186279 -0.050659 0.895874 0.129883 -0.176392 -0.025269
0.176392 -0.050293 0.869629 0.082520 -0.135498 -0.016479
0.190063 -0.059814 0.857666 0.035645 -0.104980 0.001221
0.184082 -0.090210 0.889038 -0.016968 -0.071045 0.024170
0.187988 -0.112183 0.921143 -0.017822 -0.047852 0.024658
0.119263 -0.164917 0.921021 -0.012329 -0.031860 0.011719
0.115234 -0.159790 0.934570 0.016968 -0.081787 0.004272
0.152100 -0.164551 0.928101 0.056763 -0.135864 -0.006714
0.177979 -0.163696 0.885254 0.093750 -0.155273 -0.028198
0.183350 -0.119385 0.846924 0.119629 -0.174316 -0.044067
0.172607 -0.087158 0.815918 0.111938 -0.181152 -0.057129
0.175415 -0.067871 0.803711 0.081055 -0.177002 -0.049072
0.174194 -0.086182 0.797729 0.055054 -0.149902 -0.032104
0.187256 -0.114380 0.821045 0.029907 -0.117188 -0.008179
0.165527 -0.143677 0.852295 0.018433 -0.095825 -0.001953
0.168335 -0.153320 0.854370 0.022583 -0.089722 0.010376
0.165283 -0.159058 0.844604 0.025146 -0.093262 0.015381
0.162598 -0.161865 0.849731 0.031616 -0.105835 0.015015
0.142334 -0.139282 0.833740 0.036987 -0.126099 0.011597
0.167725 -0.125610 0.815796 0.039185 -0.168701 0.009644
0.198975 -0.109863 0.797119 0.037842 -0.174561 0.026733
0.210693 -0.100830 0.767700 0.026245 -0.144775 0.049683
0.234741 -0.107056 0.770142 0.008667 -0.117920 0.051392
0.248047 -0.118652 0.808838 -0.003784 -0.081055 0.036255
0.213379 -0.130981 0.841797 0.001953 -0.029785 0.022461
0.194214 -0.131104 0.851929 0.028564 -0.004639 0.016479
0.211670 -0.133789 0.837891 0.060547 0.007568 0.020630
0.203003 -0.105591 0.805054 0.081421 0.014648 0.014404
0.203003 -0.077881 0.764038 0.073120 -0.011108 -0.007446
0.223877 -0.052368 0.751953 0.037964 -0.041382 -0.027954
0.235107 -0.049927 0.774536 -0.006714 -0.048218 -0.041748
0.237671 -0.055298 0.798950 -0.041016 -0.032104 -0.042603
0.236206 -0.051514 0.810059 -0.064331 -0.011963 -0.036987
0.250488 -0.061157 0.829468 -0.083252 0.005249 -0.031006
0.269165 -0.091431 0.850342 -0.093750 0.028198 -0.027588
0.274658 -0.133545 0.881348 -0.079346 0.067627 -0.034058
0.247559 -0.167847 0.906494 -0.040771 0.130249 -0.034180
0.193359 -0.190186 0.913086 0.016724 0.203369 -0.021606
0.153442 -0.177612 0.886841 0.081909 0.253540 -0.010498
0.124512 -0.145874 0.844482 0.099731 0.245850 -0.011597
0.141113 -0.066162 0.848877 0.069214 0.159912 -0.049316
0.139771 -0.106323 0.850586 0.034668 0.062134 -0.140991
0.161255 -0.082275 0.867798 -0.006226 0.017822 -0.140991
0.161865 -0.075928 0.881348 -0.039307 0.015869 -0.163574
0.156494 -0.075684 0.911743 -0.064575 0.007690 -0.184448
0.187744 -0.087769 0.923462 -0.082153 -0.000366 -0.202637
0.225952 -0.072632 0.948364 -0.103394 0.029663 -0.180664
0.222290 -0.104858 0.957031 -0.121216 0.075439 -0.194824
0.164063 -0.110352 0.995972 -0.127197 0.100342 -0.192627
0.166016 -0.126831 1.002197 -0.133179 0.072632 -0.193481
0.154053 -0.133179 1.003418 -0.140259 0.069580 -0.197021
0.097534 -0.124878 0.997314 -0.138428 0.077393 -0.175781
0.059082 -0.102783 1.005737 -0.152344 0.051758 -0.124634
0.055664 -0.101807 1.029907 -0.167603 -0.005005 -0.094727
0.100098 -0.116699 1.051270 -0.167603 -0.073608 -0.081909
0.158691 -0.121826 1.067871 -0.165283 -0.111206 -0.061279
0.161377 -0.095825 1.072388 -0.154663 -0.125488 -0.059814
0.108887 -0.109375 1.060059 -0.150146 -0.148438 -0.087891
0.113037 -0.065308 1.037598 -0.140625 -0.167969 -0.057983
0.129272 -0.045532 1.010986 -0.157959 -0.161255 -0.021606
0.163208 -0.044067 1.021240 -0.199341 -0.139038 0.009521
0.190796 -0.062012 1.071289 -0.245483 -0.109619 0.027466
0.188599 -0.096436 1.141846 -0.267456 -0.097656 0.024048
0.213013 -0.113403 1.184937 -0.267700 -0.107544 0.025269
0.251709 -0.133911 1.196411 -0.250854 -0.109741 0.026978
0.274414 -0.152710 1.194336 -0.226196 -0.098633 0.025024
0.273071 -0.148804 1.197754 -0.202148 -0.070557 0.016846
0.224243 -0.138184 1.184448 -0.183228 -0.041626 0.003662
0.179688 -0.135986 1.183105 -0.171143 -0.036255 0.002563
0.185181 -0.135986 1.179077 -0.161499 -0.039917 0.014648
0.178345 -0.150024 1.175903 -0.157837 -0.034546 0.028442
0.160400 -0.156616 1.174561 -0.153564 -0.032593 0.039795
0.178467 -0.171143 1.168457 -0.146729 -0.049072 0.040649
0.201050 -0.187012 1.167969 -0.142578 -0.057495 0.036987
0.216919 -0.194458 1.183960 -0.138428 -0.054810 0.031494
0.195801 -0.199951 1.206177 -0.132690 -0.049805 0.024658
0.196655 -0.182251 1.232544 -0.126953 -0.037598 0.033936
0.213501 -0.187378 1.273071 -0.128418 -0.038818 0.044189
0.233398 -0.180054 1.327271 -0.113037 -0.025269 0.056396
0.287720 -0.184937 1.376465 -0.081543 -0.020508 0.057495
0.293457 -0.186401 1.345215 -0.024414 -0.006348 0.047363
0.263184 -0.179077 1.227051 0.052368 -0.004150 0.019531
0.231079 -0.156738 1.099976 0.130615 -0.017700 -0.010742
0.177734 -0.141113 0.981079 0.174316 -0.023438 -0.024902
0.156250 -0.117920 0.892578 0.183960 -0.054688 -0.034302
0.164795 -0.105347 0.827881 0.154419 -0.071045 -0.028931
0.167236 -0.102417 0.804565 0.092651 -0.049561 -0.000610
0.154297 -0.121216 0.830566 0.008667 -0.012451 0.023315
0.164551 -0.163452 0.897827 -0.061035 0.005127 0.043701
0.192627 -0.204590 0.973267 -0.097290 0.004395 0.054932
0.211548 -0.213135 1.041016 -0.099854 -0.008911 0.047241
0.237305 -0.205933 1.095581 -0.085083 -0.021851 0.034424
0.277832 -0.199951 1.134399 -0.061401 -0.029053 0.020386
0.288086 -0.190552 1.126221 -0.033081 -0.012939 0.007568
0.262573 -0.171143 1.078735 -0.010010 0.006348 -0.008545
0.214111 -0.161377 1.031006 -0.000366 0.030273 -0.017334
0.195679 -0.159180 0.987305 -0.001587 0.033569 -0.021118
0.161865 -0.148193 0.965088 0.003296 0.018921 -0.035645
0.139038 -0.149536 0.965942 -0.004272 0.005615 -0.035034
0.141724 -0.164429 0.981445 -0.018188 -0.004883 -0.016968
0.169922 -0.174072 0.997314 -0.027100 -0.008057 0.007935
0.200073 -0.183350 1.008423 -0.034180 -0.004517 0.021729
0.218140 -0.193359 1.040527 -0.036255 0.001099 0.019043
0.219604 -0.191895 1.045532 -0.029175 0.003540 0.009888
0.212036 -0.186035 1.048584 -0.017456 -0.002808 -0.004883
0.209473 -0.171021 1.024658 -0.005493 -0.007935 -0.016479
0.199707 -0.152954 1.013550 -0.000488 -0.007080 -0.027466
0.185547 -0.149170 1.003784 -0.000244 -0.010620 -0.030273
0.168213 -0.146851 1.008057 -0.000854 -0.014160 -0.027710
0.169678 -0.144653 1.003662 -0.004395 -0.017944 -0.018188
0.195068 -0.154175 1.000488 -0.012329 -0.015503 -0.010254
0.203735 -0.162476 1.011475 -0.022461 -0.003784 -0.010620
0.198853 -0.168579 1.020996 -0.027710 0.000244 -0.015137
0.201416 -0.173218 1.026245 -0.027832 0.003052 -0.015381
0.193481 -0.178589 1.024780 -0.025513 0.007202 -0.014404
0.184814 -0.177368 1.018188 -0.021240 0.000000 -0.015869
0.181030 -0.168091 1.016968 -0.016602 -0.008789 -0.015869
0.185791 -0.166260 1.012207 -0.015625 -0.014160 -0.011230
0.189819 -0.159058 1.005249 -0.017334 -0.018433 -0.010376
