0.159790 -0.109863 1.023682 -0.045898 -0.000610 -0.000366
0.172241 -0.106567 1.032593 -0.054810 0.011230 0.015747
0.180054 -0.108154 1.051025 -0.059326 0.022217 0.024292
0.160522 -0.102539 1.070557 -0.063843 0.025879 0.018311
0.157349 -0.097778 1.102051 -0.054810 0.017700 0.002197
0.170288 -0.088623 1.122070 -0.041504 0.003418 -0.009644
0.199707 -0.088135 1.149170 -0.028687 -0.008911 -0.024658
0.226929 -0.087402 1.175049 -0.016357 -0.006348 -0.038452
0.249878 -0.081421 1.199829 -0.008667 0.010620 -0.047974
0.274170 -0.090454 1.222656 -0.009766 0.038574 -0.051270
0.276855 -0.103394 1.252197 -0.021729 0.087402 -0.047607
0.254517 -0.119995 1.289185 -0.038574 0.151611 -0.039551
0.211914 -0.136963 1.324585 -0.047363 0.207642 -0.029785
0.157959 -0.148926 1.335693 -0.047119 0.213867 -0.036133
0.213135 -0.178833 1.355103 -0.047363 0.148560 -0.062866
0.187378 -0.234009 1.374512 -0.041748 0.142090 -0.101807
0.159058 -0.233521 1.392944 -0.020264 0.139160 -0.091797
0.160400 -0.239014 1.334717 0.068726 0.130615 -0.112061
0.188843 -0.255981 1.273071 0.102295 0.141113 -0.095337
0.133423 -0.228760 1.245972 0.116455 0.212280 -0.062256
0.087646 -0.218994 1.209106 0.146606 0.238037 -0.050781
0.089233 -0.203369 1.195557 0.166504 0.235840 -0.032837
0.094238 -0.192139 1.178711 0.192017 0.190430 -0.047363
0.079224 -0.150024 1.138550 0.215820 0.130127 -0.065308
0.126465 -0.152100 1.113159 0.212769 0.072876 -0.068115
0.136963 -0.146118 1.086304 0.206909 0.066895 -0.057617
0.103394 -0.125854 1.052612 0.199463 0.047729 -0.065308
0.110229 -0.128052 1.046509 0.190552 -0.002319 -0.078979
0.100952 -0.132446 1.042114 0.187378 -0.020142 -0.070801
0.083252 -0.139404 1.023804 0.187622 -0.035156 -0.059082
0.086792 -0.140747 1.017090 0.199341 -0.041260 -0.031250
0.093140 -0.128540 0.989624 0.217896 -0.065186 -0.010620
0.088013 -0.092773 0.951050 0.228149 -0.088989 0.016113
0.092773 -0.077271 0.913208 0.213135 -0.107788 0.042236
0.104248 -0.078003 0.894043 0.179321 -0.111572 0.069580
0.093628 -0.073364 0.870605 0.142700 -0.126099 0.085083
0.143433 -0.104370 0.866333 0.112549 -0.169189 0.076660
0.179199 -0.124878 0.866211 0.104370 -0.173828 0.063354
0.123901 -0.128174 0.884888 0.109985 -0.159790 0.040771
0.073364 -0.130005 0.889893 0.129395 -0.175781 0.026733
0.072021 -0.119629 0.871704 0.153687 -0.213745 0.035767
0.133301 -0.108398 0.822388 0.175171 -0.232422 0.058594
0.186035 -0.077148 0.772827 0.178101 -0.201660 0.075317
0.175659 -0.048340 0.759277 0.153198 -0.155640 0.073364
0.158936 -0.025024 0.762329 0.119019 -0.124878 0.071411
0.168701 -0.014526 0.765137 0.087158 -0.137329 0.056396
0.197266 -0.020020 0.771484 0.067871 -0.155273 0.038818
0.191406 0.004272 0.778076 0.057007 -0.151611 0.019409
0.229492 0.016113 0.765747 0.051514 -0.168945 -0.003296
0.247681 0.016479 0.765869 0.040894 -0.157837 -0.015991
0.230469 0.014038 0.761230 0.027588 -0.115845 -0.015991
0.223511 0.003418 0.755737 0.013672 -0.085205 -0.014648
0.235229 -0.008301 0.763916 -0.000610 -0.074219 -0.024780
0.221191 -0.014282 0.787964 -0.012085 -0.066162 -0.051025
0.180908 -0.013184 0.813110 -0.017090 -0.056152 -0.066284
0.175781 -0.021729 0.820679 -0.016724 -0.057251 -0.064087
0.183105 -0.032349 0.823486 -0.016479 -0.054199 -0.056030
0.176270 -0.036011 0.820557 -0.016724 -0.046875 -0.049927
0.172485 -0.038452 0.811401 -0.019775 -0.044434 -0.051025
0.148560 -0.024414 0.791870 -0.035767 -0.051147 -0.057129
0.169189 -0.030884 0.782104 -0.066650 -0.087769 -0.059937
0.181152 -0.047485 0.789551 -0.100952 -0.090698 -0.047119
0.183716 -0.062500 0.812744 -0.127686 -0.068848 -0.025879
0.203613 -0.088745 0.837036 -0.142456 -0.069336 -0.018188
0.244995 -0.105713 0.845825 -0.137207 -0.089478 -0.028442
0.287964 -0.122070 0.852661 -0.121216 -0.099243 -0.047119
0.288086 -0.116943 0.844116 -0.086060 -0.067993 -0.064941
0.270874 -0.118408 0.844116 -0.062378 -0.020386 -0.059326
0.230225 -0.121582 0.839233 -0.025024 0.047241 -0.034302
0.192505 -0.116333 0.794922 -0.000366 0.095093 -0.015991
0.188477 -0.112305 0.763794 -0.017212 0.079102 -0.019287
0.227417 -0.087036 0.746094 -0.061401 0.043457 -0.018921
0.237793 -0.084229 0.757202 -0.124146 0.021606 -0.049438
0.213867 -0.061646 0.805542 -0.178589 0.021240 -0.068237
0.201538 -0.060181 0.842163 -0.213623 0.002563 -0.078491
0.198364 -0.065796 0.885376 -0.250732 0.015747 -0.087646
0.178101 -0.076050 0.945801 -0.271973 0.043823 -0.102295
0.127197 -0.074341 0.998535 -0.264404 0.074585 -0.104492
0.082642 -0.071411 1.034546 -0.238770 0.093384 -0.091064
0.135620 -0.079712 1.063965 -0.218384 0.101074 -0.057251
0.135376 -0.097046 1.082764 -0.190918 0.123413 -0.043701
0.120728 -0.076538 1.091919 -0.155396 0.123657 -0.045166
0.112671 -0.057983 1.087769 -0.142090 0.092163 -0.049072
0.119873 -0.038086 1.073730 -0.140503 0.053833 -0.070801
0.133789 0.008057 1.083008 -0.161377 0.033447 -0.076416
0.116577 -0.019287 1.094971 -0.193359 0.024902 -0.094482
0.109131 -0.021973 1.134033 -0.230225 0.009277 -0.074341
0.118164 -0.033691 1.162842 -0.251221 -0.031128 -0.071655
0.165039 -0.064941 1.161499 -0.260132 -0.059937 -0.058960
0.214966 -0.121826 1.171265 -0.274414 -0.046875 -0.052734
0.182129 -0.122803 1.197876 -0.270630 -0.020264 -0.062500
0.114014 -0.123291 1.233521 -0.266724 -0.008545 -0.053223
0.098022 -0.136719 1.262085 -0.251465 -0.036865 -0.040527
0.158447 -0.146484 1.254150 -0.226563 -0.074585 -0.022583
0.206421 -0.153320 1.246948 -0.197754 -0.078369 -0.019043
0.218018 -0.150024 1.236084 -0.175659 -0.057007 -0.022095
0.209839 -0.140015 1.208496 -0.155762 -0.039795 -0.029419
0.208374 -0.129761 1.173584 -0.141724 -0.028442 -0.031372
0.203369 -0.123535 1.157715 -0.141724 -0.023682 -0.028442
0.197388 -0.133667 1.157227 -0.160767 -0.028564 -0.023315
0.177490 -0.163330 1.203247 -0.185181 -0.032959 -0.019897
0.151245 -0.203979 1.283936 -0.196289 -0.056030 -0.017578
0.164551 -0.233887 1.372437 -0.189575 -0.084229 -0.004028
0.208862 -0.271851 1.439209 -0.175049 -0.092651 0.019531
0.236816 -0.335449 1.486694 -0.144287 -0.061523 0.039551
0.210693 -0.344360 1.440063 -0.047607 -0.024902 0.037354
0.152344 -0.238281 1.267334 0.103516 -0.047729 0.004272
0.163330 -0.112427 1.065430 0.222046 -0.118408 -0.030396
0.174438 -0.018677 0.904785 0.260498 -0.151733 -0.049683
0.193970 0.047119 0.784790 0.231201 -0.135742 -0.040894
0.185303 0.092285 0.731934 0.142700 -0.095459 -0.025146
0.197266 0.080078 0.755615 0.018799 -0.065308 -0.003540
0.196777 0.011353 0.842773 -0.101074 -0.020386 0.028076
0.203979 -0.086670 0.944824 -0.180420 -0.000854 0.045288
0.265869 -0.185303 1.045532 -0.207275 -0.012451 0.043701
0.250610 -0.231445 1.115601 -0.189941 -0.008057 0.023193
0.230103 -0.254028 1.157349 -0.149780 -0.005493 0.005615
0.215210 -0.262939 1.177856 -0.098511 -0.013428 -0.005859
0.197144 -0.244873 1.149780 -0.039063 -0.017578 -0.004639
0.195190 -0.211426 1.069458 0.009155 -0.023560 -0.003296
0.180054 -0.171021 0.987061 0.034668 -0.022217 -0.003418
0.166138 -0.136353 0.942993 0.031250 -0.019897 -0.002930
0.174805 -0.120728 0.941284 0.006958 -0.024414 0.001465
0.192383 -0.135010 0.969971 -0.022705 -0.020264 0.008911
0.208252 -0.153198 1.018677 -0.040649 -0.008545 0.016357
0.225830 -0.158203 1.041260 -0.042236 -0.005249 0.011963
0.233765 -0.151855 1.047485 -0.035767 -0.002808 -0.001343
0.234863 -0.151123 1.043823 -0.029541 0.006348 -0.005859
0.218140 -0.143188 1.037109 -0.024536 0.012939 -0.007324
0.184692 -0.146240 1.013428 -0.023071 0.011841 -0.014526
0.179321 -0.150513 1.006836 -0.021729 0.000244 -0.007568
0.171265 -0.156860 1.005005 -0.019775 -0.003174 -0.000122
0.186279 -0.161621 1.006714 -0.021973 -0.006958 0.000854
0.204346 -0.163818 1.014160 -0.024414 -0.005249 -0.000244
0.187622 -0.166992 1.026001 -0.025513 0.004761 -0.005371
0.189575 -0.161499 1.029297 -0.021973 -0.001709 -0.009888
0.192383 -0.148071 1.023682 -0.016968 -0.012573 -0.014893
0.202637 -0.130127 1.014771 -0.015381 -0.015503 -0.013062
0.213013 -0.123047 1.005005 -0.018677 -0.015381 -0.011963
0.210205 -0.119751 0.997437 -0.025879 -0.013184 -0.013916
0.197266 -0.121582 1.002075 -0.035278 -0.005371 -0.010864
0.192261 -0.139282 1.001465 -0.046509 0.002563 -0.007446
0.188599 -0.151367 1.010010 -0.053223 0.004517 -0.007813
0.197388 -0.179077 1.027466 -0.055786 0.001465 -0.015015
0.188477 -0.190430 1.038574 -0.049072 0.003296 -0.020264
0.184204 -0.186523 1.042480 -0.037964 0.004395 -0.020508
0.184570 -0.185425 1.037720 -0.027100 0.004150 -0.018433
0.180298 -0.179199 1.029541 -0.016357 0.000366 -0.015381
0.182007 -0.158447 1.011475 -0.009399 -0.007813 -0.012817
0.185059 -0.144165 1.000977 -0.009277 -0.011475 -0.008911
