0.193848 -0.127441 1.026123 -0.030029 -0.020386 -0.022339
0.191040 -0.130493 1.028320 -0.027710 -0.025024 -0.024048
0.178467 -0.128906 1.024536 -0.024292 -0.028442 -0.021973
0.182617 -0.129639 1.011597 -0.024414 -0.026367 -0.012939
0.194458 -0.130371 1.008911 -0.027832 -0.020874 -0.004883
0.192017 -0.135132 1.012817 -0.030762 -0.016846 -0.002319
0.201538 -0.131348 1.014404 -0.032837 -0.013550 0.002319
0.217529 -0.138794 1.022827 -0.036133 -0.011475 0.000977
0.216553 -0.143311 1.030762 -0.032959 -0.014893 -0.011719
0.204590 -0.138672 1.037109 -0.027344 -0.019775 -0.022095
0.215210 -0.135010 1.029419 -0.021729 -0.020020 -0.021484
0.203369 -0.128052 1.016968 -0.019043 -0.013062 -0.020630
0.190796 -0.118530 1.008667 -0.021240 -0.010864 -0.020142
0.184204 -0.116089 1.014404 -0.027954 -0.010498 -0.014893
0.184692 -0.115601 1.033081 -0.037109 -0.006348 -0.007446
0.187134 -0.119507 1.064209 -0.041626 -0.003784 -0.006836
0.201904 -0.120972 1.091797 -0.042236 0.001465 0.000244
0.204346 -0.113037 1.118164 -0.047363 0.020996 0.012207
0.187500 -0.104004 1.159424 -0.051758 0.037231 0.021240
0.220337 -0.067871 1.204712 -0.044800 0.040161 0.029663
0.250244 -0.038452 1.257568 -0.039795 0.044800 0.017700
0.263184 -0.022827 1.320923 -0.030640 0.053101 0.000610
0.275269 -0.037476 1.381836 -0.025024 0.066162 -0.015381
0.266357 -0.073608 1.423950 -0.020752 0.083008 -0.033691
0.250366 -0.110107 1.458984 -0.009888 0.112549 -0.038452
0.186646 -0.131348 1.469971 0.009521 0.154297 -0.033569
0.126953 -0.148560 1.457275 0.029907 0.151367 -0.029541
0.145264 -0.169312 1.429688 0.050659 0.079468 -0.034302
0.130859 -0.185181 1.376587 0.081177 0.021118 -0.049072
0.100464 -0.170044 1.303467 0.104736 -0.035645 -0.052612
0.089844 -0.161499 1.230225 0.105957 -0.083618 -0.037109
0.132446 -0.177734 1.174805 0.096069 -0.124878 -0.013672
0.157593 -0.180542 1.120850 0.088013 -0.143188 0.005615
0.149658 -0.181274 1.064453 0.102905 -0.152832 -0.015015
0.187622 -0.171265 1.023682 0.121094 -0.165894 -0.020142
0.180176 -0.179199 1.009766 0.130493 -0.135620 -0.010376
0.145996 -0.168091 0.999268 0.166260 -0.095337 0.014038
0.143066 -0.165771 0.969849 0.210327 -0.102173 0.032715
0.197876 -0.131470 0.928345 0.241699 -0.153076 0.026611
0.277710 -0.098633 0.889404 0.254517 -0.180786 -0.001465
0.270264 -0.081909 0.877686 0.248535 -0.141846 -0.022705
0.216064 -0.077637 0.879395 0.238159 -0.081787 -0.024292
0.183472 -0.092163 0.880981 0.224731 -0.056152 -0.016724
0.128662 -0.097412 0.876465 0.202637 -0.054199 0.000122
0.114624 -0.110352 0.864868 0.181763 -0.071167 0.020508
0.108154 -0.121704 0.861328 0.165649 -0.086426 0.042969
0.112793 -0.123535 0.854858 0.153809 -0.109497 0.063843
0.186768 -0.123779 0.840210 0.147583 -0.157715 0.064941
0.260620 -0.128052 0.829590 0.141724 -0.178955 0.042847
0.280884 -0.115967 0.827881 0.141846 -0.152832 0.018188
0.228882 -0.098145 0.827637 0.143066 -0.104980 -0.003906
0.194336 -0.057495 0.812744 0.152710 -0.090576 -0.012695
0.205566 -0.019897 0.773804 0.153442 -0.118896 -0.020264
0.229004 0.001953 0.761963 0.135986 -0.148071 -0.027466
0.210083 0.014648 0.755859 0.109497 -0.146362 -0.026978
0.200928 0.016479 0.748169 0.080688 -0.145020 -0.014893
0.238892 -0.000732 0.730225 0.051880 -0.147827 -0.010132
0.277832 -0.012329 0.731079 0.022705 -0.115601 -0.001953
0.232056 -0.013916 0.742920 -0.005859 -0.056396 0.002197
0.203247 -0.034668 0.779541 -0.028198 -0.033325 0.005005
0.210083 -0.056763 0.803833 -0.034790 -0.027100 0.014404
0.223267 -0.070313 0.820923 -0.031982 -0.040527 0.013916
0.263306 -0.062988 0.826538 -0.023926 -0.077271 -0.003296
0.281250 -0.051147 0.814941 -0.022461 -0.094971 -0.021240
0.300415 -0.038452 0.804688 -0.031372 -0.086304 -0.026733
0.297241 -0.031006 0.801514 -0.047729 -0.061890 -0.034424
0.281006 -0.029297 0.798218 -0.066650 -0.039185 -0.046021
0.280518 -0.035034 0.799438 -0.083984 -0.026978 -0.055176
0.257324 -0.044312 0.807739 -0.099731 -0.016968 -0.062744
0.248291 -0.056152 0.812378 -0.113159 -0.004639 -0.061035
0.229492 -0.057617 0.813477 -0.124634 0.007813 -0.056274
0.206055 -0.064697 0.817993 -0.134277 0.008667 -0.052612
0.207520 -0.069580 0.812744 -0.142822 0.004639 -0.038574
0.229126 -0.081543 0.821777 -0.154053 0.010986 -0.020264
0.232544 -0.092285 0.845703 -0.159790 0.025879 -0.012085
0.218994 -0.101807 0.863403 -0.148926 0.044434 -0.012329
0.214844 -0.095581 0.871338 -0.129028 0.048828 -0.019043
0.215942 -0.077881 0.885864 -0.105713 0.057861 -0.016602
0.208374 -0.067505 0.892944 -0.087891 0.070801 -0.006592
0.199463 -0.045654 0.885986 -0.072510 0.073242 0.004883
0.222900 -0.031250 0.869751 -0.075073 0.058594 0.010376
0.233032 -0.020264 0.878784 -0.098022 0.051880 0.015259
0.242188 -0.034424 0.875854 -0.114624 0.058472 0.017456
0.266846 -0.058960 0.891968 -0.144165 0.054077 0.016235
0.252197 -0.087158 0.905518 -0.160889 0.063354 -0.005859
0.293213 -0.087280 0.918457 -0.158569 0.056641 -0.007324
0.229736 -0.115234 0.972168 -0.196777 0.102173 -0.028320
0.181396 -0.142456 1.028564 -0.230347 0.118042 -0.033203
0.180298 -0.157349 1.083374 -0.229858 0.127197 -0.011719
0.176270 -0.164429 1.129272 -0.214111 0.136230 0.012939
0.165405 -0.151489 1.168213 -0.187256 0.114136 0.026611
0.169189 -0.122314 1.171265 -0.151001 0.052368 0.018921
0.197021 -0.092041 1.154419 -0.121704 -0.020142 0.003662
0.239502 -0.075439 1.141846 -0.109985 -0.070435 -0.007690
0.251221 -0.055542 1.142090 -0.108887 -0.088379 -0.020752
0.233398 -0.042236 1.133789 -0.118042 -0.091309 -0.036865
0.218384 -0.035522 1.140869 -0.146362 -0.101807 -0.036133
0.247559 -0.044800 1.147461 -0.177979 -0.107422 -0.024292
0.277466 -0.061035 1.179565 -0.203003 -0.079834 -0.008423
0.254028 -0.081787 1.227539 -0.214844 -0.048462 -0.004761
0.231079 -0.105835 1.252563 -0.203247 -0.041016 -0.002563
0.263672 -0.123535 1.244873 -0.171143 -0.055786 -0.011597
0.257324 -0.122559 1.222778 -0.135742 -0.078491 -0.045166
0.222900 -0.099731 1.195068 -0.109741 -0.075806 -0.064331
0.179321 -0.096680 1.166992 -0.108276 -0.052979 -0.052734
0.159790 -0.102295 1.161621 -0.113647 -0.046021 -0.031982
0.212524 -0.107544 1.166382 -0.114624 -0.068115 -0.015991
0.268677 -0.119507 1.180420 -0.111938 -0.075073 -0.011963
0.271118 -0.130371 1.192017 -0.106323 -0.048218 -0.010742
0.246216 -0.146484 1.200928 -0.095215 -0.023438 -0.013672
0.240234 -0.155884 1.194214 -0.075073 -0.020996 -0.018921
0.251953 -0.162720 1.175537 -0.053589 -0.019287 -0.024658
0.244751 -0.159546 1.158447 -0.032227 -0.004639 -0.027466
0.210449 -0.149658 1.135986 -0.010620 0.011475 -0.029053
0.195801 -0.133789 1.104004 0.008667 0.003296 -0.029053
0.196655 -0.123657 1.073242 0.021118 -0.017456 -0.025513
0.201172 -0.108154 1.033203 0.028320 -0.042725 -0.021240
0.234375 -0.097534 0.991455 0.031128 -0.064209 -0.009766
0.276245 -0.084595 0.954956 0.024170 -0.057983 0.003174
0.315552 -0.082764 0.928833 0.003906 -0.038574 0.000610
0.326172 -0.085571 0.931519 -0.026489 -0.015747 -0.018799
0.277710 -0.084106 0.954346 -0.051025 0.006836 -0.043701
0.254028 -0.096191 0.974854 -0.063965 0.019775 -0.052124
0.243408 -0.106689 0.990479 -0.068726 0.020874 -0.052979
0.220093 -0.123169 1.000732 -0.072876 0.027954 -0.044800
0.204712 -0.138672 1.015381 -0.077026 0.033569 -0.027588
0.196045 -0.151245 1.029663 -0.077271 0.027588 -0.013428
0.196655 -0.155151 1.037842 -0.070435 0.011963 -0.005371
0.221313 -0.161499 1.034058 -0.062500 -0.005249 -0.000244
0.238770 -0.165771 1.047607 -0.056396 -0.006104 -0.002197
0.227661 -0.156616 1.061279 -0.051147 -0.000122 -0.008911
0.230103 -0.155029 1.061157 -0.043579 0.001709 -0.013428
0.236694 -0.156128 1.057861 -0.031250 -0.000366 -0.019043
0.217407 -0.143188 1.044922 -0.017944 -0.005127 -0.025269
0.210327 -0.145996 1.025635 -0.009399 -0.007324 -0.023315
0.203247 -0.150024 1.010254 -0.002930 -0.012207 -0.021973
0.197632 -0.151733 1.002319 0.001221 -0.015137 -0.016724
0.216431 -0.143677 0.986084 0.000610 -0.019287 -0.008179
0.241211 -0.137695 0.977783 -0.004395 -0.018066 -0.008667
0.245117 -0.135620 0.980347 -0.015869 -0.011475 -0.018677
0.234375 -0.137695 1.000244 -0.029175 -0.004639 -0.027954
0.225342 -0.143311 1.015869 -0.031982 -0.001587 -0.027954
0.227783 -0.150391 1.026245 -0.027344 -0.008545 -0.023926
0.230835 -0.155518 1.031128 -0.019043 -0.011597 -0.018066
0.221924 -0.151489 1.026245 -0.012085 -0.011475 -0.015869
0.228271 -0.142334 1.017944 -0.006958 -0.008301 -0.011108
0.224487 -0.136475 1.011108 -0.010376 0.002563 -0.005859
0.209229 -0.138916 1.009399 -0.014404 0.006714 -0.005371
0.218140 -0.141724 1.010986 -0.013916 -0.003540 -0.003784
0.226196 -0.140991 1.017944 -0.009644 -0.014038 -0.007080
