0.222290 -0.139771 1.037109 -0.024780 -0.029541 -0.014893
0.227295 -0.130859 1.026001 -0.016357 -0.030640 -0.019653
0.216797 -0.123779 1.013062 -0.012451 -0.026978 -0.023804
0.208374 -0.116821 1.003540 -0.014648 -0.021851 -0.022461
0.214600 -0.116699 1.009033 -0.021240 -0.017944 -0.018433
0.196899 -0.113281 1.024658 -0.028198 -0.014038 -0.017578
0.185181 -0.108276 1.039551 -0.030640 -0.019287 -0.014526
0.216309 -0.114624 1.061157 -0.028442 -0.023682 -0.000122
0.236450 -0.117920 1.087280 -0.025024 -0.013062 0.009888
0.234375 -0.129639 1.123657 -0.028076 -0.006104 0.006104
0.240967 -0.105103 1.156860 -0.016846 -0.000610 0.010986
0.253174 -0.079712 1.186401 -0.001465 -0.006714 0.008423
0.298950 -0.046753 1.198608 0.010864 -0.010986 0.004028
0.340210 -0.008667 1.199463 0.008057 -0.002197 -0.003296
0.345947 0.029419 1.205933 -0.023438 0.008545 -0.027954
0.399780 0.017700 1.221680 -0.085083 0.043335 -0.041260
0.331787 -0.023071 1.264771 -0.178589 0.140869 -0.053223
0.215820 -0.093872 1.355103 -0.261108 0.195557 -0.075317
0.111694 -0.183472 1.451172 -0.292725 0.182739 -0.079468
0.057739 -0.253296 1.540161 -0.258301 0.132202 -0.062012
0.036133 -0.295410 1.552124 -0.179443 0.070557 -0.036743
0.093018 -0.314575 1.514526 -0.068970 -0.032104 -0.016968
0.179077 -0.336060 1.466187 0.030884 -0.093140 -0.011230
0.243286 -0.327515 1.410522 0.125122 -0.091919 -0.012939
0.239624 -0.281738 1.337891 0.208984 -0.083130 -0.044556
0.203613 -0.212036 1.249146 0.270508 -0.093384 -0.080078
0.233398 -0.169434 1.177734 0.283325 -0.113037 -0.086304
0.243652 -0.143188 1.116577 0.283569 -0.083862 -0.077515
0.180176 -0.129272 1.070435 0.281738 -0.045654 -0.073608
0.135620 -0.132446 1.043213 0.283447 -0.052368 -0.057129
0.134888 -0.119507 0.989990 0.311157 -0.104126 -0.054077
0.144043 -0.086182 0.905640 0.336548 -0.145508 -0.044434
0.184937 -0.048584 0.817139 0.334473 -0.160645 -0.026001
0.170776 0.001465 0.758301 0.300049 -0.146606 -0.005615
0.203613 -0.031006 0.752319 0.241455 -0.148315 0.011353
0.270630 -0.050171 0.766235 0.198364 -0.130737 0.037109
0.257813 -0.038086 0.743042 0.183960 -0.089600 0.029297
0.255005 -0.043579 0.733276 0.163574 -0.070557 0.026001
0.268921 -0.059937 0.744629 0.149780 -0.047607 0.026978
0.211670 -0.081421 0.766968 0.145996 -0.018799 0.022949
0.180542 -0.079224 0.775635 0.144775 -0.041382 0.019165
0.203613 -0.073608 0.759766 0.168579 -0.100952 -0.010376
0.278320 -0.058838 0.738281 0.181396 -0.139648 -0.025757
0.269165 -0.030273 0.715088 0.169556 -0.113403 -0.034180
0.242310 -0.022095 0.723511 0.139648 -0.093384 -0.039063
0.219482 -0.031860 0.728271 0.110107 -0.082397 -0.037598
0.208130 -0.047607 0.728394 0.090088 -0.071411 -0.021606
0.201050 -0.056763 0.745361 0.071533 -0.071167 -0.016357
0.215454 -0.071777 0.764038 0.061279 -0.081055 -0.015015
0.237549 -0.088867 0.767090 0.061157 -0.079224 -0.010864
0.254395 -0.078369 0.749268 0.062988 -0.070923 -0.011719
0.266479 -0.073364 0.726685 0.053467 -0.049927 -0.016846
0.235229 -0.055664 0.721558 0.026245 -0.016113 -0.017700
0.224121 -0.057373 0.724243 -0.013428 -0.012085 -0.023438
0.224976 -0.083740 0.760254 -0.054077 -0.025269 -0.032227
0.217407 -0.099854 0.779541 -0.072266 -0.023926 -0.031982
0.205688 -0.096069 0.781494 -0.076538 -0.032104 -0.034668
0.203735 -0.092163 0.773682 -0.075317 -0.051880 -0.038818
0.230225 -0.088745 0.755493 -0.074707 -0.058716 -0.032593
0.232422 -0.087402 0.766235 -0.077148 -0.044434 -0.024170
0.244507 -0.091675 0.783203 -0.073364 -0.028320 -0.019409
0.271240 -0.080688 0.802734 -0.058960 0.000122 -0.011963
0.267456 -0.067627 0.816162 -0.043091 0.051758 -0.000854
0.257080 -0.035278 0.795776 -0.036377 0.086670 0.011353
0.248291 0.013550 0.744751 -0.059814 0.053589 -0.014160
0.277954 0.016846 0.742798 -0.133545 -0.018311 -0.048706
0.252075 -0.007324 0.778809 -0.206543 -0.013916 -0.058960
0.187378 -0.046875 0.827026 -0.255371 0.014526 -0.046143
0.177124 -0.081055 0.857300 -0.277832 -0.002930 -0.033569
0.185303 -0.082764 0.887695 -0.276978 -0.025024 -0.023560
0.202026 -0.090942 0.928467 -0.280151 -0.019531 0.001587
0.211426 -0.102173 0.973267 -0.273193 0.019653 0.034912
0.205200 -0.129883 1.017578 -0.250122 0.083740 0.079346
0.231812 -0.141968 1.049194 -0.200439 0.153687 0.128906
0.200806 -0.109375 1.056885 -0.137817 0.180908 0.127930
0.229492 -0.087036 1.029175 -0.136108 0.082275 0.080322
0.309692 -0.060913 1.017334 -0.165894 -0.054199 0.010742
0.316650 -0.026611 1.024658 -0.199463 -0.090454 -0.034058
0.279297 -0.036499 1.044067 -0.235840 -0.045410 -0.036011
0.280518 -0.049072 1.071777 -0.260010 -0.006348 -0.021484
0.259033 -0.061890 1.104370 -0.268677 0.023560 -0.019775
0.217285 -0.077637 1.142212 -0.261353 0.050171 -0.011597
0.199463 -0.100220 1.169312 -0.235718 0.072144 0.015503
0.172363 -0.127930 1.177368 -0.195313 0.069946 0.026001
0.168579 -0.138428 1.165039 -0.160889 0.035156 0.032959
0.215210 -0.129395 1.130981 -0.119263 -0.009277 0.018311
0.267578 -0.122070 1.119873 -0.122803 -0.031738 0.015503
0.251953 -0.093628 1.130493 -0.135376 -0.020996 0.008057
0.243286 -0.073608 1.145508 -0.142578 -0.009399 0.015137
0.247192 -0.066650 1.165039 -0.145020 -0.001465 0.026001
0.254272 -0.076660 1.172607 -0.144165 0.007080 0.033203
0.257568 -0.099121 1.192505 -0.137207 0.015503 0.038452
0.272095 -0.114868 1.191162 -0.111328 0.031372 0.041138
0.277588 -0.153687 1.197754 -0.100220 0.054321 0.047729
0.262573 -0.171631 1.193848 -0.079346 0.073608 0.041260
0.226196 -0.161621 1.175171 -0.051636 0.051758 0.013306
0.180298 -0.149902 1.147217 -0.034790 -0.000122 -0.021729
0.218018 -0.142578 1.109619 -0.037964 -0.073730 -0.042358
0.256348 -0.127686 1.091675 -0.056152 -0.106079 -0.057495
0.234131 -0.120117 1.107788 -0.086304 -0.074463 -0.057861
0.242920 -0.124023 1.142334 -0.117554 -0.026978 -0.035889
0.248657 -0.142090 1.193237 -0.139893 0.014404 -0.018677
0.235474 -0.168457 1.247314 -0.138672 0.033325 -0.016846
0.242798 -0.184082 1.266479 -0.110474 0.032104 -0.015869
0.228638 -0.186768 1.258057 -0.066895 0.025879 -0.025391
0.208252 -0.178955 1.209473 -0.019531 0.013672 -0.035522
0.179810 -0.173462 1.139526 0.020630 0.005005 -0.036743
0.139038 -0.165527 1.065063 0.050537 -0.013672 -0.036865
0.110962 -0.135254 0.983276 0.069824 -0.042969 -0.030273
0.141479 -0.102783 0.912231 0.063110 -0.061157 -0.006226
0.194702 -0.096558 0.888184 0.028809 -0.048462 0.023071
0.216553 -0.102539 0.918945 -0.010742 -0.026001 0.037842
0.241455 -0.118164 0.953979 -0.034668 -0.019531 0.040527
0.277222 -0.117188 0.976196 -0.039307 -0.022217 0.032104
0.281494 -0.107056 0.984009 -0.045044 -0.012695 0.016235
0.274292 -0.119019 1.011475 -0.060059 0.008911 0.010010
0.252930 -0.145264 1.044800 -0.074463 0.029053 0.005493
0.248413 -0.173218 1.079346 -0.073853 0.029419 -0.001465
0.228027 -0.187500 1.103516 -0.058838 0.019653 -0.011108
0.215210 -0.182495 1.098511 -0.034180 0.008423 -0.012329
0.215576 -0.178223 1.068115 -0.011230 0.005859 -0.005737
0.213257 -0.172974 1.029785 0.006592 -0.002075 -0.006470
0.199097 -0.146362 1.002808 0.020264 -0.020996 -0.015747
0.214844 -0.125488 0.974609 0.023071 -0.039429 -0.017456
0.240234 -0.120728 0.972534 0.012329 -0.039795 -0.013916
0.234619 -0.120972 0.978638 -0.002075 -0.030396 -0.015137
0.234497 -0.118408 0.991211 -0.012329 -0.023804 -0.014648
0.238647 -0.121826 0.999023 -0.021240 -0.015869 -0.010620
0.232300 -0.129883 1.017090 -0.029907 -0.008179 -0.009644
0.220947 -0.143921 1.027954 -0.034912 -0.004272 -0.011841
0.218262 -0.152100 1.028320 -0.032593 -0.007324 -0.018433
0.227417 -0.161865 1.027954 -0.026123 -0.013794 -0.024780
0.230469 -0.159302 1.019287 -0.020630 -0.006226 -0.026489
0.213623 -0.149048 1.010742 -0.020142 0.001343 -0.033691
0.223022 -0.147217 1.002075 -0.020508 -0.005859 -0.036499
0.214355 -0.145630 1.009155 -0.023560 -0.003296 -0.035034
0.200806 -0.139771 1.012207 -0.026733 -0.004517 -0.030151
0.209106 -0.135132 1.009644 -0.024536 -0.013550 -0.019409
0.221069 -0.126709 1.006470 -0.025146 -0.013184 -0.010498
0.226807 -0.126465 1.007690 -0.030273 -0.011475 -0.011230
0.236816 -0.134155 1.008179 -0.034058 -0.011841 -0.016968
0.234985 -0.136475 1.010498 -0.036987 -0.007813 -0.025024
0.221680 -0.138184 1.017456 -0.038574 -0.001343 -0.029297
0.211792 -0.144409 1.015747 -0.037964 0.002441 -0.027100
0.201416 -0.150879 1.017334 -0.036987 0.001709 -0.023926
0.199707 -0.149414 1.012573 -0.033813 -0.004517 -0.020508
0.207275 -0.148315 1.013306 -0.031372 -0.006836 -0.015381
0.225098 -0.154663 1.017578 -0.031616 -0.008057 -0.011108
0.229004 -0.147583 1.014282 -0.030029 -0.007446 -0.009277
0.232788 -0.142090 1.012817 -0.028809 -0.005493 -0.010010
