0.193604 -0.091309 1.005981 -0.025269 -0.031494 -0.012085
0.196777 -0.088989 1.005371 -0.031372 -0.038452 -0.025269
0.192749 -0.091431 1.009766 -0.039795 -0.038696 -0.029663
0.178589 -0.096558 1.013916 -0.047974 -0.028198 -0.020630
0.176147 -0.103394 1.003540 -0.051392 -0.020386 -0.004517
0.174683 -0.110718 0.996826 -0.054321 -0.015015 0.008545
0.179932 -0.110352 0.995239 -0.056396 -0.018433 0.015015
0.174438 -0.117798 1.008179 -0.058472 -0.024292 0.011963
0.173706 -0.113403 1.020264 -0.056274 -0.040771 0.010742
0.186279 -0.110962 1.022217 -0.050049 -0.057983 0.016479
0.219482 -0.112915 1.025879 -0.043823 -0.070190 0.016602
0.235596 -0.104736 1.022217 -0.036011 -0.074829 0.008545
0.238525 -0.096802 1.027100 -0.031738 -0.075439 -0.003174
0.229858 -0.085205 1.024902 -0.032837 -0.059570 0.000244
0.221558 -0.075317 1.035156 -0.041870 -0.034302 0.010376
0.227295 -0.078247 1.043091 -0.058716 -0.007690 0.020874
0.219727 -0.090454 1.068359 -0.076172 0.023193 0.022095
0.204712 -0.096924 1.105347 -0.081787 0.039307 0.016235
0.206177 -0.110474 1.147827 -0.073975 0.037231 0.014038
0.210693 -0.118286 1.202026 -0.049316 0.021851 0.000366
0.218628 -0.127075 1.247314 -0.013062 -0.003784 -0.021484
0.243042 -0.116699 1.271240 0.030273 -0.030640 -0.036621
0.278809 -0.090820 1.280029 0.064819 -0.031738 -0.042603
0.276001 -0.070190 1.283081 0.072266 0.005737 -0.040649
0.260376 -0.059570 1.285156 0.058228 0.054443 -0.032837
0.257568 -0.072998 1.294800 0.031494 0.109131 -0.017822
0.216431 -0.096924 1.312622 0.006348 0.172607 -0.004272
0.148071 -0.123047 1.323853 -0.002075 0.193726 -0.003296
0.073364 -0.135986 1.326416 0.003784 0.147339 -0.015015
0.083130 -0.146484 1.325317 0.019897 0.038696 -0.031982
0.103638 -0.171509 1.327148 0.055908 -0.042969 -0.050537
0.100952 -0.172241 1.310669 0.105347 -0.074951 -0.043701
0.090942 -0.168091 1.286011 0.156738 -0.090210 -0.024536
0.124268 -0.148315 1.247314 0.198853 -0.107544 0.003174
0.180664 -0.126343 1.192871 0.227539 -0.106567 0.020752
0.152466 -0.100708 1.154541 0.229858 -0.069580 0.030762
0.145752 -0.090576 1.124756 0.217163 -0.058960 0.043213
0.102295 -0.083740 1.087158 0.206787 -0.069946 0.041382
0.057861 -0.067383 1.045654 0.183594 -0.145752 0.033081
0.099976 -0.072876 1.023804 0.172119 -0.272339 0.015015
0.177979 -0.080200 0.995728 0.173828 -0.313232 0.019043
0.219360 -0.072021 0.953491 0.175781 -0.244385 0.053711
0.213745 -0.073853 0.928345 0.164551 -0.146973 0.068115
0.136963 -0.070801 0.921021 0.161499 -0.086182 0.052612
0.071167 -0.050049 0.897949 0.165894 -0.086548 0.058350
0.067871 -0.037231 0.866211 0.171021 -0.138428 0.072998
0.114258 -0.045654 0.860229 0.179932 -0.220703 0.068970
0.200317 -0.053589 0.861328 0.188110 -0.286133 0.055420
0.249512 -0.059204 0.859985 0.189697 -0.291382 0.047485
0.296509 -0.065186 0.841797 0.181641 -0.273071 0.054688
0.355713 -0.071533 0.813843 0.176880 -0.231567 0.056885
0.298462 -0.074951 0.799805 0.156982 -0.175903 0.031860
0.254517 -0.073486 0.805786 0.148682 -0.160034 0.010986
0.210449 -0.074219 0.791138 0.155640 -0.159180 -0.006226
0.223145 -0.049805 0.759521 0.165039 -0.172241 -0.006226
0.286499 -0.023438 0.708984 0.172363 -0.178223 0.009033
0.313721 0.008667 0.676270 0.160645 -0.148682 0.024902
0.334229 0.029785 0.640625 0.133179 -0.114014 0.031250
0.299927 0.031250 0.625610 0.096191 -0.079346 0.029907
0.349243 0.024048 0.630249 0.061157 -0.081909 0.017944
0.368042 -0.016235 0.648071 0.039917 -0.072876 -0.038818
0.342529 -0.012451 0.645630 0.031738 -0.057373 -0.090332
0.322266 0.012695 0.659180 0.016724 -0.018799 -0.102783
0.284912 0.000488 0.677368 -0.015015 0.048828 -0.091797
0.253540 -0.001465 0.699219 -0.031372 0.093140 -0.065063
0.243408 0.005005 0.695190 -0.040527 0.101929 -0.048462
0.214478 0.014526 0.683594 -0.060059 0.078735 -0.048340
0.217285 0.022461 0.686279 -0.093994 0.026611 -0.053467
0.248657 0.025635 0.685547 -0.123413 -0.014404 -0.057617
0.338623 0.011475 0.682983 -0.149780 -0.036011 -0.068726
0.362305 0.000732 0.696289 -0.183716 -0.008301 -0.106201
0.317017 -0.010132 0.733276 -0.221558 0.028931 -0.141357
0.272827 -0.023926 0.759644 -0.248901 0.065308 -0.149536
0.236572 -0.050171 0.788696 -0.261108 0.123535 -0.117310
0.218872 -0.091797 0.828613 -0.250488 0.211670 -0.048706
0.145142 -0.102905 0.827881 -0.204346 0.325195 0.032715
0.081909 -0.067139 0.780762 -0.188232 0.357788 0.087769
0.111450 -0.045410 0.741699 -0.209106 0.239868 0.067017
0.179321 -0.022339 0.743164 -0.249512 0.087891 0.006226
0.194824 -0.020142 0.772949 -0.308472 0.018311 -0.028442
0.222168 -0.037964 0.810425 -0.367188 0.020996 -0.022461
0.202148 -0.078247 0.876587 -0.420166 0.048584 -0.017212
0.187378 -0.105347 0.943604 -0.465210 0.065430 0.002930
0.165161 -0.131592 1.028076 -0.485352 0.080688 0.030884
0.130737 -0.167236 1.114990 -0.468506 0.097534 0.058716
0.113037 -0.212524 1.180664 -0.422729 0.091187 0.071533
0.118408 -0.237427 1.211426 -0.368164 0.015381 0.055664
0.229858 -0.214966 1.235352 -0.305176 -0.117798 0.012329
0.278442 -0.167358 1.257690 -0.259399 -0.162231 -0.023926
0.308228 -0.116699 1.276733 -0.252075 -0.128296 -0.020264
0.346924 -0.094482 1.311646 -0.267578 -0.058960 0.002441
0.344727 -0.087402 1.343872 -0.292236 0.019775 0.014648
0.339355 -0.101440 1.354980 -0.306885 0.097778 0.032837
0.261963 -0.126953 1.359985 -0.310547 0.178955 0.059082
0.203125 -0.154785 1.343628 -0.306641 0.206665 0.077637
0.206787 -0.210571 1.348267 -0.288086 0.190552 0.069458
0.133789 -0.234375 1.361938 -0.244019 0.151611 0.028931
0.132935 -0.240601 1.372803 -0.175415 0.080078 0.004883
0.154541 -0.212036 1.358154 -0.099243 0.019165 -0.003418
0.180908 -0.155518 1.331421 -0.038574 -0.030151 -0.011230
0.243774 -0.106445 1.296143 -0.008057 -0.063110 -0.006226
0.276733 -0.087036 1.284546 -0.015869 -0.046021 0.008179
0.268799 -0.098145 1.283936 -0.029419 -0.003906 0.022339
0.234863 -0.122192 1.249756 -0.021240 0.022461 0.026611
0.205933 -0.129883 1.182983 0.012695 0.013916 0.018311
0.223511 -0.117310 1.113525 0.053223 -0.011597 0.005493
0.205322 -0.103882 1.049561 0.076538 -0.023438 -0.027344
0.193237 -0.078613 0.995117 0.085815 -0.044312 -0.048828
0.188843 -0.074097 0.953613 0.079346 -0.055786 -0.051758
0.183228 -0.072144 0.920654 0.060791 -0.056396 -0.048340
0.206543 -0.083374 0.897461 0.035767 -0.045898 -0.036743
0.215576 -0.100464 0.901611 0.000122 -0.013794 -0.019897
0.188599 -0.123291 0.919067 -0.035522 0.012695 -0.011475
0.197266 -0.151367 0.936401 -0.049072 0.005859 -0.014771
0.209106 -0.166626 0.946899 -0.050049 -0.000488 -0.014771
0.223877 -0.174927 0.954590 -0.052856 0.001221 -0.021240
0.220825 -0.177368 0.962891 -0.059570 0.012817 -0.036377
0.189331 -0.186157 0.986694 -0.070190 0.021606 -0.050659
0.181274 -0.192749 1.015259 -0.072876 0.018311 -0.046387
0.182617 -0.195679 1.041016 -0.071289 0.016968 -0.036987
0.180908 -0.209351 1.060425 -0.067505 0.018066 -0.028442
0.179810 -0.209106 1.076172 -0.055054 0.009888 -0.018188
0.181519 -0.199463 1.082275 -0.035522 -0.006104 -0.010864
0.186279 -0.186035 1.068970 -0.016113 -0.025024 -0.007568
0.202637 -0.171753 1.050171 -0.001465 -0.036011 -0.004150
0.201294 -0.163696 1.036621 0.005737 -0.040771 -0.010864
0.180420 -0.152100 1.031494 0.011108 -0.048706 -0.021729
0.167236 -0.142456 1.014771 0.015991 -0.045166 -0.017944
0.190674 -0.139771 1.007935 0.014404 -0.036865 -0.008667
0.191284 -0.133423 1.004150 0.008667 -0.026001 -0.003662
0.185059 -0.135376 1.009521 0.000488 -0.015991 0.000000
0.182739 -0.143188 1.017578 -0.004395 -0.016357 0.009155
0.194824 -0.140625 1.012329 -0.003174 -0.026123 0.016479
0.195190 -0.144531 1.011719 -0.004150 -0.031494 0.016846
0.203857 -0.145264 1.003662 -0.002441 -0.039307 0.013672
0.216553 -0.138306 0.996460 -0.002197 -0.045166 0.008057
0.204834 -0.129761 0.993042 -0.010620 -0.040283 0.004761
0.206421 -0.136230 0.992798 -0.021729 -0.034180 0.008179
0.208008 -0.141235 1.004395 -0.029297 -0.029053 0.011719
0.225098 -0.159546 1.024536 -0.031616 -0.027588 0.009888
0.219727 -0.169067 1.036621 -0.024170 -0.028931 -0.004517
0.210693 -0.169067 1.041626 -0.012207 -0.034790 -0.018188
0.215698 -0.156128 1.024170 -0.003540 -0.040894 -0.026489
0.209839 -0.153076 1.022217 -0.001465 -0.034668 -0.023315
0.208496 -0.150879 1.013184 -0.003418 -0.024902 -0.015991
0.204956 -0.150391 1.011597 -0.005493 -0.020630 -0.014160
0.198975 -0.145630 1.006958 -0.005981 -0.020386 -0.015991
0.197144 -0.147705 1.013184 -0.006958 -0.024414 -0.017822
0.196777 -0.157104 1.011963 -0.006348 -0.032471 -0.018677
0.196045 -0.151733 1.007690 -0.004517 -0.042236 -0.021362
