0.271484 -0.103149 1.000732 -0.013062 -0.033447 -0.016968
0.268921 -0.101563 0.996094 -0.016846 -0.025391 -0.018799
0.265137 -0.104736 0.991699 -0.024536 -0.018555 -0.023315
0.262695 -0.111328 0.994019 -0.030884 -0.017578 -0.028198
0.250244 -0.105591 0.994263 -0.037842 -0.012329 -0.026123
0.254272 -0.106323 0.991455 -0.045044 -0.007324 -0.016113
0.283081 -0.107910 0.981689 -0.056641 0.005981 -0.003052
0.282104 -0.113037 0.991821 -0.072266 0.032104 -0.000854
0.277344 -0.116699 1.002686 -0.082397 0.050537 -0.005371
0.260864 -0.119995 1.021118 -0.083618 0.055786 -0.012695
0.252319 -0.122803 1.025391 -0.077881 0.050781 -0.014648
0.253052 -0.120850 1.020264 -0.069580 0.042847 -0.014160
0.240601 -0.109253 1.011475 -0.065552 0.040283 -0.013550
0.224609 -0.097046 1.017212 -0.070435 0.038208 -0.010742
0.221313 -0.081909 1.011230 -0.080322 0.043091 -0.003296
0.227173 -0.071655 1.026978 -0.103638 0.069946 0.010742
0.222778 -0.074341 1.063354 -0.135864 0.112183 0.029663
0.207031 -0.091187 1.111816 -0.165894 0.158325 0.055176
0.217285 -0.123657 1.178833 -0.172852 0.169434 0.070801
0.249146 -0.151001 1.241699 -0.145142 0.137451 0.062988
0.265137 -0.156738 1.268921 -0.087891 0.075928 0.028442
0.311035 -0.163086 1.283325 -0.033203 0.002441 -0.015015
0.332275 -0.162598 1.291382 0.003906 -0.029175 -0.050537
0.311646 -0.153442 1.277100 0.028198 -0.016602 -0.067993
0.293701 -0.156006 1.281250 0.030029 0.008423 -0.071045
0.290649 -0.146973 1.268066 0.024292 0.024536 -0.070801
0.277954 -0.158203 1.271973 0.010010 0.030884 -0.084351
0.266479 -0.181152 1.276489 0.000977 0.051880 -0.085083
0.218262 -0.193848 1.284058 0.013672 0.080933 -0.071777
0.195923 -0.204834 1.263306 0.040771 0.071167 -0.062744
0.185791 -0.199707 1.247437 0.065430 0.020142 -0.076660
0.195679 -0.189209 1.212646 0.086792 -0.047729 -0.107666
0.242798 -0.168823 1.185181 0.083740 -0.117920 -0.139526
0.247559 -0.134521 1.140625 0.092163 -0.148560 -0.180176
0.258667 -0.103760 1.080566 0.099365 -0.153320 -0.222412
0.267822 -0.103271 1.032227 0.067017 -0.160034 -0.251221
0.218262 -0.084351 1.005859 0.031128 -0.151367 -0.267456
0.173828 -0.104736 1.028931 0.019043 -0.154175 -0.277222
0.130005 -0.113892 1.034912 0.035156 -0.135010 -0.239136
0.166870 -0.128052 1.015747 0.057861 -0.132813 -0.183472
0.217407 -0.126831 0.992065 0.078979 -0.116089 -0.132080
0.229492 -0.107788 0.961060 0.103516 -0.083984 -0.109619
0.241211 -0.088135 0.937256 0.114746 -0.078735 -0.110962
0.219604 -0.082031 0.925903 0.104370 -0.070068 -0.101318
0.216431 -0.104980 0.930176 0.092773 -0.062256 -0.084595
0.207642 -0.136597 0.950439 0.096802 -0.060791 -0.072021
0.223999 -0.149658 0.957397 0.124390 -0.093384 -0.077026
0.271484 -0.135132 0.937622 0.162476 -0.124268 -0.088501
0.257446 -0.103149 0.906860 0.184692 -0.095215 -0.084106
0.239746 -0.078857 0.864746 0.174194 -0.069702 -0.071777
0.213013 -0.074707 0.850342 0.150757 -0.062134 -0.057373
0.180420 -0.068481 0.848022 0.129883 -0.052002 -0.030518
0.166992 -0.065430 0.846558 0.109253 -0.064209 -0.010498
0.178833 -0.063354 0.843628 0.092896 -0.095825 0.002930
0.232910 -0.076904 0.849121 0.084106 -0.102295 0.025513
0.266235 -0.072021 0.835815 0.087280 -0.084961 0.030640
0.289185 -0.052002 0.815186 0.078369 -0.083374 0.016602
0.295532 -0.031250 0.807983 0.071167 -0.101563 -0.012573
0.276978 -0.011963 0.798584 0.072388 -0.094360 -0.032837
0.257935 -0.019043 0.802246 0.057617 -0.090454 -0.029419
0.235718 -0.027954 0.810669 0.039795 -0.083252 -0.014160
0.255005 -0.049683 0.811035 0.022705 -0.095459 -0.008423
0.271729 -0.074463 0.818726 0.016724 -0.100830 -0.010742
0.267334 -0.087769 0.830322 0.023315 -0.091797 -0.012207
0.263794 -0.084473 0.830933 0.035156 -0.091553 -0.020874
0.266724 -0.062988 0.816040 0.049683 -0.095825 -0.025146
0.294312 -0.043701 0.797852 0.054443 -0.087036 -0.018677
0.320068 -0.024048 0.780273 0.039795 -0.063965 -0.007446
0.331177 -0.024414 0.786499 0.009399 -0.024658 0.012451
0.326782 -0.040527 0.797607 -0.020508 0.004883 0.020996
0.323608 -0.057129 0.814941 -0.038940 0.003174 0.006348
0.309937 -0.063110 0.825195 -0.047485 -0.017578 -0.021240
0.285278 -0.054688 0.820801 -0.049316 -0.036011 -0.042358
0.267334 -0.042969 0.815674 -0.053833 -0.047974 -0.053345
0.269775 -0.041748 0.814453 -0.066040 -0.051147 -0.051758
0.269287 -0.034058 0.819702 -0.081421 -0.042725 -0.039307
0.264160 -0.041870 0.828979 -0.097900 -0.029053 -0.015991
0.268799 -0.057007 0.849976 -0.108032 -0.009888 0.012085
0.297119 -0.082275 0.871704 -0.106445 0.011230 0.035645
0.331787 -0.121582 0.898193 -0.088501 0.049194 0.048706
0.338745 -0.152710 0.935059 -0.045288 0.095581 0.044189
0.304077 -0.151978 0.917847 0.009521 0.106812 0.009033
0.263062 -0.125366 0.892822 0.041870 0.013428 -0.081299
0.316162 -0.101929 0.908325 0.043579 -0.175415 -0.211548
0.331787 -0.066284 0.925537 0.030396 -0.261108 -0.286377
0.268799 -0.017456 0.910400 0.007568 -0.202515 -0.257813
0.304321 0.035645 0.893433 -0.030273 -0.150146 -0.167114
0.324219 0.002319 0.894165 -0.112427 -0.083984 -0.112915
0.313721 -0.047852 0.910889 -0.181763 -0.006470 -0.080811
0.244507 -0.111816 0.946655 -0.216431 0.061646 -0.052612
0.180298 -0.153076 0.989746 -0.208374 0.095093 -0.030884
0.159546 -0.156006 0.990356 -0.161743 0.090454 -0.013062
0.199219 -0.128418 0.967773 -0.106812 0.054688 -0.011108
0.217773 -0.085083 0.940186 -0.066162 0.027100 -0.021729
0.200317 -0.047729 0.923340 -0.050171 0.008301 -0.019287
0.257324 0.030273 0.880859 -0.058472 -0.041870 -0.001465
0.290039 0.049194 0.905273 -0.124146 -0.079590 -0.028931
0.307617 0.040649 0.950684 -0.195801 -0.078369 -0.026978
0.297607 0.014038 1.015137 -0.252441 -0.034180 0.000122
0.304443 -0.034546 1.057861 -0.282471 0.010498 0.028809
0.309082 -0.090454 1.107788 -0.278809 0.057495 0.056519
0.280762 -0.144287 1.154907 -0.242310 0.097046 0.072266
0.254883 -0.171509 1.181641 -0.172241 0.108643 0.078125
0.258789 -0.175293 1.176392 -0.087646 0.099365 0.085083
0.284058 -0.141602 1.133301 -0.015625 0.066040 0.086182
0.310913 -0.078247 1.066650 0.011353 0.002808 0.056763
0.313232 -0.054321 1.032471 -0.018311 -0.065063 0.018555
0.323608 -0.065308 1.032349 -0.066895 -0.104858 0.005981
0.368896 -0.004761 1.036865 -0.098389 -0.103516 0.030029
0.315063 -0.015137 1.049072 -0.151245 -0.059326 -0.004517
0.339111 -0.067383 1.067871 -0.194092 -0.021606 -0.019531
0.332397 -0.144165 1.116577 -0.203369 0.046143 -0.006470
0.261719 -0.135864 1.152588 -0.165771 0.109741 0.001465
0.224365 -0.165649 1.182739 -0.124146 0.094360 -0.026245
0.263428 -0.166138 1.174805 -0.070801 0.049072 -0.025757
0.282471 -0.141357 1.137451 -0.025757 0.022705 -0.025391
0.318604 -0.110840 1.089233 -0.005005 0.008179 -0.025879
0.304443 -0.092163 1.067139 -0.012817 0.013306 -0.028809
0.284424 -0.086182 1.056885 -0.036255 0.012207 -0.029663
0.278687 -0.089600 1.052612 -0.056641 0.003052 -0.029785
0.274658 -0.077393 1.058105 -0.070435 -0.005493 -0.027344
0.273682 -0.067505 1.077026 -0.085815 -0.005981 -0.015503
0.283325 -0.068359 1.099731 -0.096680 -0.009766 0.001953
0.303711 -0.076416 1.121216 -0.102295 -0.018555 0.012695
0.322876 -0.098145 1.137573 -0.103516 -0.019043 0.024902
0.353149 -0.128052 1.142944 -0.094116 0.005981 0.042236
0.316895 -0.156494 1.147583 -0.078125 0.049438 0.037354
0.266602 -0.170654 1.140991 -0.054810 0.055054 0.016602
0.241333 -0.148804 1.127441 -0.029663 0.020020 -0.001343
0.263062 -0.136719 1.104492 -0.008667 -0.011597 -0.004761
0.278687 -0.123535 1.081543 0.004517 -0.017334 0.000732
0.280151 -0.103149 1.062744 0.011353 -0.014160 0.005127
0.286743 -0.092896 1.036621 0.010254 -0.016479 0.003906
0.286133 -0.088501 1.009888 0.005981 -0.020630 -0.005005
0.263062 -0.093750 0.985229 -0.000732 -0.023071 -0.017700
0.260254 -0.106323 0.958618 -0.005737 -0.026245 -0.019775
0.250854 -0.112305 0.931763 -0.013428 -0.021851 -0.020630
0.249146 -0.115845 0.923462 -0.028687 -0.018433 -0.014160
0.246338 -0.127808 0.930054 -0.052368 -0.007080 -0.000610
0.252197 -0.142822 0.959106 -0.070068 0.005981 0.015015
0.248779 -0.154907 0.994629 -0.074097 0.013428 0.026978
0.265259 -0.160156 1.018799 -0.066162 0.001831 0.032471
0.265137 -0.152954 1.040161 -0.054443 -0.010254 0.031128
0.275146 -0.154663 1.065674 -0.043945 -0.019531 0.029785
0.302002 -0.145508 1.077148 -0.033813 -0.031494 0.026489
0.311279 -0.124756 1.083130 -0.020142 -0.029175 0.023315
0.310913 -0.115723 1.080322 -0.009277 -0.025146 0.019409
0.322144 -0.116455 1.064087 0.003296 -0.027954 0.013306
0.291748 -0.118652 1.035522 0.015137 -0.030396 0.000366
0.271973 -0.100586 1.000977 0.029541 -0.040771 -0.010376
