0.181396 -0.201782 1.020020 -0.025513 -0.020874 -0.023071
0.174561 -0.198120 1.010010 -0.024658 -0.018311 -0.024170
0.175781 -0.195923 1.007690 -0.024536 -0.018555 -0.021240
0.181519 -0.195435 1.000000 -0.027466 -0.018066 -0.015747
0.180542 -0.199829 1.000977 -0.032471 -0.015625 -0.014526
0.179199 -0.209351 1.012939 -0.036499 -0.014893 -0.016724
0.176025 -0.212769 1.019775 -0.036743 -0.014648 -0.017212
0.173096 -0.217163 1.016968 -0.034912 -0.014160 -0.015625
0.179565 -0.219116 1.012939 -0.030273 -0.018311 -0.014526
0.185425 -0.217041 1.010620 -0.026123 -0.021606 -0.013672
0.177246 -0.211182 1.011230 -0.026001 -0.014893 -0.013184
0.180664 -0.210083 1.009033 -0.025635 -0.018921 -0.015259
0.183960 -0.206787 1.004639 -0.026245 -0.018921 -0.013916
0.190308 -0.209717 1.001343 -0.029175 -0.018555 -0.014404
0.196045 -0.208984 1.001953 -0.034424 -0.008789 -0.013184
0.197876 -0.230225 1.015625 -0.045776 0.010742 -0.007813
0.183350 -0.246338 1.033325 -0.047363 0.022339 -0.007813
0.148804 -0.245605 1.039063 -0.037231 0.025513 -0.012817
0.133545 -0.230713 1.019897 -0.024902 0.016968 -0.012939
0.138672 -0.229858 1.030273 -0.021729 0.010376 -0.003418
0.167114 -0.213501 1.040161 -0.011719 0.001221 0.010010
0.212891 -0.189331 1.047241 -0.006836 0.005371 0.017822
0.258789 -0.153442 1.066895 -0.015259 0.037598 0.017822
0.274170 -0.127197 1.099609 -0.034668 0.086792 0.009033
0.240845 -0.085449 1.136353 -0.054810 0.145752 -0.001221
0.185181 -0.062988 1.183716 -0.080811 0.194214 -0.004883
0.135742 -0.078735 1.251831 -0.108154 0.226318 0.012695
0.126343 -0.114624 1.322510 -0.127075 0.244385 0.029907
0.061401 -0.209839 1.408936 -0.143311 0.246948 0.019043
0.053711 -0.235718 1.446411 -0.091064 0.158325 0.031494
0.054688 -0.271362 1.491211 -0.053101 0.037842 0.004517
0.134521 -0.316406 1.529907 -0.016724 -0.066772 -0.017334
0.239502 -0.300781 1.535522 0.030273 -0.077271 -0.024658
0.186035 -0.350220 1.551147 0.054932 -0.015381 -0.046509
0.184082 -0.343262 1.527832 0.109253 -0.010986 -0.034790
0.191528 -0.354858 1.504395 0.140747 -0.012085 -0.044678
0.142822 -0.336914 1.462158 0.182983 -0.006592 -0.053345
0.140503 -0.313843 1.387695 0.223267 -0.042847 -0.056396
0.133667 -0.293579 1.327759 0.246948 -0.121948 -0.087036
0.143066 -0.274414 1.236816 0.266235 -0.193115 -0.118652
0.142944 -0.244019 1.107910 0.256714 -0.232300 -0.133179
0.155396 -0.225708 1.001465 0.184204 -0.254517 -0.158813
0.236206 -0.262451 0.916504 0.144897 -0.217285 -0.183594
0.194580 -0.266113 0.849609 0.128296 -0.122803 -0.135620
0.093018 -0.276978 0.824097 0.125977 -0.042603 -0.109375
0.040283 -0.284546 0.811646 0.167969 -0.003662 -0.048706
0.021118 -0.281860 0.760376 0.226685 -0.012939 0.015015
0.095825 -0.267212 0.688477 0.295410 -0.077637 0.040649
0.167114 -0.225586 0.607178 0.358276 -0.136597 0.031982
0.172119 -0.151001 0.500366 0.400635 -0.160889 0.002808
0.169434 -0.071899 0.397827 0.404419 -0.183228 -0.034546
0.173462 -0.012085 0.313354 0.366455 -0.180664 -0.051392
0.142944 0.012817 0.247681 0.298218 -0.131836 -0.041504
0.104248 0.019775 0.223267 0.206665 -0.084717 -0.002563
0.111328 0.005615 0.231689 0.122314 -0.078369 0.019043
0.125732 -0.009033 0.251953 0.061890 -0.075928 0.033325
0.140137 -0.017212 0.268921 0.021118 -0.069824 0.034180
0.167358 0.001587 0.278809 -0.001465 -0.075562 0.016602
0.147827 0.011475 0.296387 -0.017212 -0.098389 -0.024414
0.156494 0.002441 0.317627 -0.055786 -0.149658 -0.058716
0.191895 0.006714 0.354126 -0.103760 -0.191162 -0.083008
0.187622 0.015747 0.380371 -0.149414 -0.185425 -0.090454
0.186768 0.047607 0.412964 -0.209229 -0.150146 -0.078369
0.210815 0.023438 0.505615 -0.314575 -0.110840 -0.046265
0.264893 -0.052856 0.646118 -0.416748 -0.075195 -0.008423
0.291626 -0.121826 0.766113 -0.475220 -0.007202 0.012329
0.269043 -0.181641 0.880371 -0.496460 0.066528 0.032104
0.230347 -0.238037 0.984619 -0.492188 0.139648 0.054077
0.148926 -0.270508 1.082886 -0.450684 0.166870 0.049438
0.150146 -0.342163 1.131348 -0.391968 0.096313 0.014282
0.209595 -0.377075 1.187500 -0.333618 0.019897 -0.022827
0.200806 -0.380859 1.236328 -0.276733 -0.001465 -0.052734
0.162109 -0.342529 1.261353 -0.224731 0.002930 -0.061157
0.153931 -0.321655 1.261841 -0.195557 -0.000977 -0.054321
0.203247 -0.304443 1.267944 -0.204102 -0.008667 -0.027710
0.236572 -0.294067 1.293457 -0.227417 -0.011841 -0.020386
0.233765 -0.299561 1.336670 -0.239746 0.006226 -0.017090
0.156494 -0.287964 1.372070 -0.243286 0.015503 -0.018188
0.161987 -0.290039 1.375366 -0.213501 -0.028809 -0.016357
0.196167 -0.297241 1.371338 -0.165039 -0.084961 -0.018799
0.189697 -0.272217 1.331421 -0.108032 -0.131592 -0.029907
0.197144 -0.265259 1.252686 -0.053833 -0.156860 -0.041626
0.203125 -0.199341 1.194946 -0.026978 -0.117065 -0.000488
0.211792 -0.152954 1.165039 -0.036865 -0.083130 0.038696
0.254272 -0.124634 1.161743 -0.066284 -0.049561 0.070923
0.337891 -0.129883 1.194092 -0.109497 -0.015137 0.089478
0.338989 -0.159790 1.264404 -0.154297 0.037964 0.073486
0.321045 -0.202759 1.365845 -0.168823 0.054077 0.038208
0.303589 -0.250977 1.465210 -0.157959 0.059570 0.009155
0.297852 -0.315430 1.527710 -0.110107 0.065186 -0.009155
0.240356 -0.348389 1.469727 -0.015747 0.061646 -0.032959
0.156494 -0.338135 1.322876 0.122314 0.029541 -0.065796
0.071533 -0.250488 1.121826 0.262817 -0.011963 -0.073242
0.081177 -0.166870 0.931152 0.336304 -0.078857 -0.061279
0.106201 -0.099243 0.797241 0.330444 -0.111450 -0.034668
0.117920 -0.061890 0.732544 0.260620 -0.117432 -0.003418
0.173340 -0.041382 0.732300 0.161011 -0.130127 0.021606
0.247559 -0.055786 0.772583 0.048340 -0.129761 0.037354
0.296021 -0.103149 0.864380 -0.051880 -0.089722 0.049805
0.305176 -0.160767 0.961914 -0.120117 -0.036133 0.053833
0.312744 -0.224365 1.043945 -0.151978 -0.007446 0.039673
0.274536 -0.261719 1.105103 -0.146484 0.001343 0.012695
0.233521 -0.293579 1.133423 -0.114258 0.004272 -0.001831
0.200439 -0.300171 1.124512 -0.068848 0.000610 -0.005493
0.172485 -0.287720 1.080078 -0.024414 -0.009155 -0.008301
0.158936 -0.264038 1.025024 0.008789 -0.022827 -0.006470
0.154541 -0.241821 0.983643 0.021851 -0.034668 0.000122
0.175049 -0.218262 0.967896 0.023315 -0.051270 0.008667
0.209351 -0.205322 0.982910 0.017578 -0.071045 0.003174
0.221069 -0.197266 0.994995 0.010864 -0.069458 0.000488
0.241455 -0.192505 1.013672 0.008057 -0.059448 -0.000366
0.243652 -0.177490 1.007446 0.009521 -0.053833 -0.008301
0.242798 -0.161255 0.999390 0.007324 -0.038330 -0.006592
0.247070 -0.160400 0.981934 -0.004883 -0.016479 -0.000122
0.233765 -0.166138 0.980713 -0.020142 0.000244 -0.000488
0.219482 -0.183716 0.989136 -0.031616 0.004272 -0.004639
0.211914 -0.193848 1.002930 -0.031860 -0.006958 -0.011963
0.202393 -0.201294 1.008301 -0.030396 -0.013672 -0.013306
0.211548 -0.212280 1.022339 -0.030273 -0.013672 -0.008423
0.225830 -0.214966 1.018555 -0.026611 -0.012695 -0.007446
0.224731 -0.210083 1.018066 -0.021484 -0.009521 -0.008179
0.226440 -0.201538 1.005127 -0.016235 -0.009521 -0.012329
0.208496 -0.193237 1.002563 -0.016846 -0.008179 -0.018799
0.196655 -0.192749 0.998901 -0.018555 -0.007568 -0.014771
0.199097 -0.193115 0.999146 -0.019409 -0.012085 -0.010620
0.203247 -0.197266 1.007446 -0.018921 -0.018066 -0.010010
0.202148 -0.196899 1.010254 -0.018677 -0.018311 -0.009155
0.210449 -0.197144 1.009766 -0.017944 -0.017334 -0.005249
0.223267 -0.200684 1.008423 -0.020508 -0.014160 -0.003784
0.233643 -0.199707 1.003052 -0.019897 -0.010986 -0.006958
0.237549 -0.191406 0.997559 -0.019653 -0.005127 -0.013428
0.230835 -0.196411 0.998901 -0.023926 0.003174 -0.020142
0.216309 -0.198120 0.998901 -0.028564 0.009521 -0.024902
0.199341 -0.203247 1.008667 -0.030273 0.009766 -0.024292
0.195190 -0.209473 1.012939 -0.027832 0.003906 -0.019043
0.200562 -0.205566 1.009277 -0.022827 -0.002441 -0.011108
0.197144 -0.201416 1.003174 -0.020874 -0.003784 -0.004883
0.201172 -0.197388 1.002808 -0.021851 -0.005127 0.000488
0.226074 -0.203857 1.004761 -0.023071 -0.007202 0.003662
0.219360 -0.199585 1.010986 -0.022705 -0.005371 -0.005981
0.208984 -0.193359 1.012085 -0.020508 -0.006226 -0.014893
0.217529 -0.191650 1.003662 -0.019043 -0.004639 -0.013184
0.207275 -0.191040 1.000610 -0.022827 0.003784 -0.009766
0.206543 -0.198120 0.994507 -0.027100 0.002930 -0.006104
0.208008 -0.200684 1.005859 -0.038330 -0.003418 0.001221
0.194092 -0.202148 1.010986 -0.031616 -0.004150 -0.003296
0.203369 -0.204956 1.009766 -0.027710 -0.010864 -0.002319
0.197876 -0.202393 1.007690 -0.025146 -0.010742 -0.000854
0.209473 -0.195068 1.000122 -0.025513 -0.010132 0.000366
0.218628 -0.193359 0.997437 -0.028687 -0.005981 -0.000366
