0.184570 -0.216431 1.003906 -0.021729 -0.024170 -0.024780
0.182007 -0.209473 0.997070 -0.024658 -0.020752 -0.026733
0.182983 -0.209839 1.000610 -0.028931 -0.015625 -0.025391
0.187866 -0.210938 1.000366 -0.034180 -0.009521 -0.023804
0.178955 -0.215332 1.004150 -0.037842 -0.004639 -0.023804
0.180420 -0.222412 1.006714 -0.041870 -0.003784 -0.024170
0.172241 -0.222412 1.009644 -0.041504 -0.004517 -0.026123
0.173462 -0.224121 1.003418 -0.040283 -0.008179 -0.027344
0.166870 -0.223511 1.012085 -0.039185 -0.009399 -0.028809
0.161255 -0.214111 1.008545 -0.038940 -0.011353 -0.023804
0.167725 -0.207031 1.005127 -0.040161 -0.014038 -0.015991
0.175781 -0.206177 0.996094 -0.041748 -0.014526 -0.013428
0.177612 -0.202637 1.000488 -0.045410 -0.014038 -0.015747
0.187866 -0.204712 1.001343 -0.050659 -0.011353 -0.016968
0.188354 -0.211060 1.009766 -0.053711 -0.007080 -0.019287
0.173584 -0.227539 1.022095 -0.053833 -0.007690 -0.028320
0.157227 -0.238770 1.023315 -0.048950 -0.013306 -0.036133
0.132324 -0.232056 1.011963 -0.041748 -0.021851 -0.037720
0.122437 -0.220337 1.004883 -0.040527 -0.026245 -0.025146
0.141113 -0.202026 0.989868 -0.048828 -0.025391 -0.007202
0.154175 -0.186401 0.996704 -0.068481 -0.014038 0.009888
0.159058 -0.177734 1.018921 -0.092407 0.020630 0.034668
0.161377 -0.186523 1.074097 -0.113770 0.048706 0.048096
0.175903 -0.197144 1.126099 -0.116333 0.054565 0.041992
0.217773 -0.209595 1.196289 -0.100586 0.036011 0.024048
0.278320 -0.205444 1.271240 -0.071289 0.023682 -0.002319
0.315063 -0.197632 1.349854 -0.048584 0.043457 -0.026001
0.328247 -0.203491 1.410156 -0.043213 0.109009 -0.029053
0.329712 -0.226074 1.450439 -0.049438 0.194702 -0.017212
0.275635 -0.251587 1.497314 -0.061035 0.286377 -0.007324
0.190186 -0.297607 1.543823 -0.062622 0.365479 0.004028
0.107666 -0.318481 1.616821 -0.055908 0.411499 0.047119
0.067139 -0.403564 1.659790 -0.010742 0.367432 0.040283
-0.038330 -0.425903 1.632935 0.089478 0.292480 0.010254
-0.065918 -0.431274 1.612549 0.177979 0.104004 -0.040039
-0.026123 -0.385376 1.538452 0.230957 -0.111450 -0.076416
0.019165 -0.345093 1.448730 0.269775 -0.227173 -0.082153
0.085571 -0.283325 1.315186 0.283813 -0.238525 -0.044922
0.141479 -0.232178 1.208130 0.250366 -0.166260 0.022461
0.135010 -0.229370 1.127197 0.205566 -0.059448 0.081421
0.082642 -0.239624 1.080322 0.166748 -0.004517 0.108521
0.110352 -0.254639 1.040649 0.152832 -0.036865 0.113281
0.125000 -0.284058 1.000244 0.185425 -0.074951 0.091309
0.076782 -0.276978 0.937378 0.237671 -0.088745 0.082886
0.075806 -0.270264 0.860962 0.277832 -0.155273 0.061401
0.131348 -0.261597 0.779541 0.321533 -0.238647 0.028442
0.139648 -0.204224 0.674072 0.361328 -0.255249 0.010742
0.136719 -0.120728 0.553223 0.366943 -0.240845 0.004883
0.118042 -0.052490 0.443359 0.324707 -0.204834 0.011230
0.091309 -0.025269 0.386230 0.246582 -0.159180 0.043457
0.088745 -0.026611 0.383179 0.154541 -0.127319 0.092163
0.117798 -0.072266 0.401367 0.091675 -0.114380 0.117798
0.187256 -0.104248 0.420044 0.062988 -0.125122 0.110718
0.178467 -0.149902 0.424927 0.056763 -0.131714 0.046387
0.192017 -0.136719 0.397583 0.075317 -0.179565 -0.008057
0.182373 -0.123657 0.378662 0.082153 -0.204834 -0.042847
0.176147 -0.108398 0.345703 0.069214 -0.199219 -0.056030
0.154785 -0.109009 0.350342 0.032593 -0.193726 -0.058960
0.173584 -0.120850 0.383423 0.002686 -0.212158 -0.061523
0.232422 -0.125732 0.412476 -0.020508 -0.194214 -0.047119
0.280640 -0.119873 0.435791 -0.033325 -0.138062 -0.040527
0.286377 -0.094482 0.450562 -0.043701 -0.088989 -0.057861
0.269775 -0.069336 0.471069 -0.063721 -0.068237 -0.091797
0.262939 -0.056885 0.494385 -0.097778 -0.052856 -0.115356
0.251343 -0.056763 0.514160 -0.146973 -0.005981 -0.114136
0.196167 -0.066650 0.557617 -0.210327 0.062866 -0.097656
0.116211 -0.089478 0.628052 -0.275757 0.094116 -0.079834
0.079346 -0.137451 0.723999 -0.321167 0.051025 -0.074219
0.084351 -0.181519 0.801392 -0.334961 0.003662 -0.061157
0.095703 -0.210938 0.857178 -0.340576 -0.029419 -0.033813
0.161255 -0.249268 0.896240 -0.334717 -0.079346 -0.020508
0.231323 -0.279785 0.954346 -0.312256 -0.099854 -0.027832
0.215332 -0.283447 1.018921 -0.265869 -0.077148 -0.050293
0.239136 -0.263306 1.055298 -0.211426 -0.067505 -0.062744
0.271973 -0.226074 1.082275 -0.172485 -0.045654 -0.061523
0.282959 -0.187012 1.124634 -0.150635 0.000977 -0.059326
0.300293 -0.161011 1.173706 -0.155396 0.034302 -0.061401
0.275757 -0.167114 1.232544 -0.174683 0.049072 -0.080688
0.263306 -0.200806 1.307129 -0.175171 0.040283 -0.108032
0.239746 -0.243164 1.348633 -0.139282 0.016235 -0.148315
0.233398 -0.253174 1.348389 -0.091431 -0.015015 -0.172119
0.200928 -0.219971 1.306763 -0.057861 -0.019897 -0.168701
0.196411 -0.154419 1.238525 -0.069702 0.010010 -0.119873
0.206909 -0.146851 1.233032 -0.157593 0.083496 -0.045654
0.208618 -0.204956 1.268433 -0.276001 0.161499 0.007813
0.152100 -0.295898 1.363525 -0.358276 0.196289 0.045166
0.111084 -0.376709 1.447632 -0.334717 0.114502 0.032349
0.092407 -0.398682 1.458252 -0.245605 0.006836 0.015991
0.120117 -0.375610 1.399536 -0.118286 -0.108643 -0.003296
0.151367 -0.318237 1.330566 -0.017090 -0.201538 -0.030762
0.169312 -0.243652 1.283203 0.041382 -0.258789 -0.058960
0.203979 -0.145508 1.260498 0.049927 -0.248047 -0.048462
0.237915 -0.105713 1.339355 -0.001953 -0.172241 0.001587
0.255615 -0.169067 1.437866 -0.065918 -0.078613 0.051514
0.236816 -0.227783 1.395142 -0.056274 -0.027954 0.058228
0.196899 -0.197876 1.195923 0.029053 -0.048340 0.015381
0.181641 -0.128784 0.975464 0.100708 -0.100464 -0.030884
0.172119 -0.098999 0.837769 0.105957 -0.117920 -0.043945
0.159302 -0.092163 0.787354 0.075806 -0.127319 -0.048584
0.184082 -0.078125 0.771973 0.027954 -0.139771 -0.044922
0.237427 -0.093628 0.790894 -0.050537 -0.115601 -0.016968
0.269775 -0.168579 0.888184 -0.152466 -0.055298 0.018433
0.320190 -0.283813 1.030884 -0.225586 -0.000854 0.046143
0.337646 -0.367432 1.145264 -0.230103 0.045654 0.051025
0.287109 -0.398682 1.176270 -0.180420 0.089844 0.055176
0.239136 -0.395752 1.140137 -0.105957 0.083984 0.044312
0.178833 -0.328003 1.038940 -0.026001 0.042114 0.017944
0.136230 -0.266602 0.962158 0.013428 0.016357 0.011475
0.168213 -0.231323 0.935913 0.018066 -0.013550 0.017578
0.207031 -0.202881 0.944336 0.004272 -0.023682 0.016113
0.219849 -0.179565 0.964722 -0.019409 -0.017456 0.012939
0.225464 -0.182129 0.986938 -0.045288 -0.008789 0.008667
0.235474 -0.197876 1.007446 -0.065308 -0.001099 0.007202
0.228271 -0.218384 1.019043 -0.071411 0.009644 0.003052
0.216187 -0.243286 1.020630 -0.065918 0.016968 -0.001831
0.191284 -0.250854 1.020386 -0.052490 0.017334 -0.009277
0.162964 -0.255493 1.022339 -0.040771 0.005615 -0.015381
0.175171 -0.242676 1.010132 -0.019653 -0.011353 -0.010254
0.197998 -0.245239 0.994141 -0.016602 -0.020508 0.004150
0.215820 -0.236206 0.994873 -0.018921 -0.021973 0.010986
0.206299 -0.232666 0.990967 -0.021118 -0.014893 0.008667
0.201294 -0.235229 0.987061 -0.024536 -0.011841 0.012085
0.217041 -0.242188 0.988647 -0.029053 -0.013428 0.015137
0.216187 -0.246948 0.997925 -0.031128 -0.012207 0.007446
0.213379 -0.245728 1.006226 -0.030151 -0.017578 -0.005981
0.218628 -0.243530 1.001709 -0.026978 -0.020264 -0.015381
0.202026 -0.239990 1.010254 -0.023193 -0.017944 -0.021118
0.192505 -0.239624 1.005249 -0.019287 -0.024780 -0.025269
0.187500 -0.244751 1.007202 -0.013306 -0.027954 -0.022583
0.189087 -0.244019 1.010376 -0.005005 -0.040039 -0.021973
0.205811 -0.243530 0.999268 0.001953 -0.050659 -0.021606
0.220703 -0.234863 0.987549 0.002686 -0.043335 -0.019043
0.219360 -0.225586 0.980835 -0.003174 -0.029541 -0.013550
0.224365 -0.223389 0.984131 -0.011963 -0.015381 -0.005981
0.225464 -0.219727 0.984863 -0.020874 -0.007324 -0.007324
0.225464 -0.221191 0.992065 -0.026489 -0.002563 -0.010742
0.216187 -0.224731 0.996948 -0.029785 0.000000 -0.015503
0.211426 -0.226074 0.996094 -0.030640 0.001709 -0.017334
0.200317 -0.223633 0.995850 -0.030518 0.000732 -0.015747
0.193970 -0.227905 0.991333 -0.033081 -0.000488 -0.010498
0.208618 -0.230591 0.993408 -0.035522 -0.002441 -0.004395
0.222900 -0.239868 1.002197 -0.036011 -0.002930 -0.004028
0.219604 -0.243652 1.012451 -0.034790 -0.001343 -0.010742
0.206177 -0.243530 1.008057 -0.030273 -0.000488 -0.016479
0.198975 -0.234497 1.001709 -0.024048 -0.004395 -0.018921
0.187622 -0.238037 1.000977 -0.020874 -0.009033 -0.019775
0.187500 -0.238892 1.001221 -0.018799 -0.016235 -0.020142
0.190674 -0.232178 1.003906 -0.019043 -0.020630 -0.017212
0.198853 -0.232178 1.000122 -0.019653 -0.019409 -0.010498
0.210571 -0.227783 0.999268 -0.019165 -0.023926 -0.009033
