0.182983 -0.239014 0.998413 -0.031738 -0.003540 -0.018921
0.196533 -0.242798 0.995605 -0.032959 -0.004150 -0.016602
0.195435 -0.244507 0.995361 -0.035278 0.000732 -0.017334
0.171509 -0.248291 1.000977 -0.036133 0.000854 -0.020264
0.175537 -0.253906 1.006470 -0.033813 -0.007080 -0.016968
0.184937 -0.252319 1.001587 -0.030396 -0.011841 -0.012451
0.199829 -0.246338 0.985229 -0.030884 -0.014771 -0.009644
0.221191 -0.241821 0.978027 -0.042236 0.000244 -0.001831
0.226440 -0.259033 0.994507 -0.058472 0.028198 0.005615
0.196289 -0.273560 1.028320 -0.061401 0.039063 -0.000366
0.148071 -0.260620 1.048462 -0.043701 0.019043 -0.015869
0.122314 -0.234375 1.042480 -0.024658 0.000366 -0.016724
0.134766 -0.205200 1.040283 -0.016846 -0.010864 -0.012695
0.167969 -0.183228 1.042603 -0.014893 -0.021729 -0.011719
0.181519 -0.191284 1.061646 -0.021118 -0.012939 -0.014282
0.235229 -0.200684 1.070923 -0.024780 -0.009644 -0.018677
0.254639 -0.224487 1.111206 -0.036743 0.031006 -0.011841
0.200073 -0.254028 1.158081 -0.047241 0.084595 0.001587
0.239136 -0.255127 1.186646 -0.031982 0.076782 0.011719
0.286987 -0.268066 1.197266 -0.019409 0.075195 0.008301
0.273926 -0.249756 1.201538 -0.020752 0.133545 0.022461
0.259033 -0.270386 1.228516 -0.038818 0.194580 0.027588
0.198364 -0.302856 1.270630 -0.050415 0.217896 0.018799
0.153809 -0.335938 1.311035 -0.036377 0.198486 0.001221
0.105103 -0.354736 1.342896 0.004883 0.158691 -0.017578
0.056030 -0.348267 1.359009 0.069580 0.111816 -0.029785
0.021729 -0.314697 1.329834 0.140137 0.054077 -0.026733
0.037842 -0.268921 1.276001 0.181274 -0.036011 -0.027100
0.097046 -0.239868 1.218872 0.194702 -0.126587 -0.034302
0.153198 -0.211304 1.181519 0.175049 -0.178711 -0.038452
0.200073 -0.193359 1.151733 0.136719 -0.179077 -0.037354
0.224976 -0.203369 1.138184 0.088623 -0.125610 -0.016357
0.192627 -0.225098 1.167480 0.047974 -0.054932 0.007446
0.165283 -0.234863 1.162964 0.050537 -0.027344 0.007935
0.150269 -0.227173 1.131226 0.073242 -0.051514 -0.000732
0.134277 -0.209106 1.104492 0.096069 -0.099487 -0.011108
0.118286 -0.200195 1.064697 0.114746 -0.160522 -0.029907
0.105591 -0.187012 1.014893 0.128418 -0.196045 -0.030762
0.123291 -0.169189 0.955933 0.126343 -0.217651 -0.020020
0.145142 -0.157104 0.913452 0.100586 -0.219971 0.006958
0.197144 -0.150146 0.883667 0.055420 -0.197754 0.046875
0.216919 -0.151855 0.867188 0.012451 -0.126099 0.088745
0.160522 -0.179077 0.871948 -0.037720 -0.031372 0.140015
0.117554 -0.217407 0.914063 -0.085327 -0.011230 0.174194
0.088135 -0.269287 0.960815 -0.082642 -0.050659 0.184204
0.074463 -0.288818 0.959473 -0.046387 -0.111206 0.196899
0.133057 -0.293823 0.932129 -0.005249 -0.198975 0.188965
0.244385 -0.302002 0.894531 0.035889 -0.257202 0.167236
0.297363 -0.276855 0.844971 0.071899 -0.224487 0.139404
0.303589 -0.252808 0.818726 0.097412 -0.182251 0.080566
0.271729 -0.216675 0.794678 0.112793 -0.153687 0.011963
0.237305 -0.191040 0.786987 0.120483 -0.144287 -0.045410
0.187134 -0.173096 0.793335 0.123047 -0.150635 -0.076660
0.129883 -0.156494 0.805298 0.127075 -0.161377 -0.074463
0.124268 -0.142212 0.792603 0.123047 -0.181396 -0.048828
0.158569 -0.119507 0.749023 0.109009 -0.208374 -0.023682
0.175659 -0.101929 0.711548 0.076050 -0.210205 0.004639
0.222656 -0.117310 0.704834 0.024902 -0.204590 0.028931
0.256836 -0.141602 0.732422 -0.018188 -0.165894 0.047363
0.245239 -0.158936 0.755249 -0.049438 -0.122437 0.053589
0.243408 -0.178223 0.771240 -0.064087 -0.117432 0.047241
0.267578 -0.187622 0.790161 -0.065186 -0.133667 0.027710
0.286255 -0.191284 0.797852 -0.059692 -0.148315 0.002075
0.313110 -0.195679 0.784790 -0.052856 -0.152100 -0.024536
0.330933 -0.201172 0.775391 -0.049072 -0.145996 -0.053589
0.323364 -0.214722 0.783569 -0.038086 -0.124756 -0.088501
0.323364 -0.216309 0.785400 -0.020264 -0.089600 -0.102295
0.308960 -0.223145 0.786011 -0.003662 -0.031494 -0.100830
0.252197 -0.217407 0.787231 0.011475 0.016357 -0.103760
0.230469 -0.227539 0.785522 0.021118 0.011597 -0.114380
0.240112 -0.214478 0.770874 0.024658 -0.005005 -0.113525
0.245972 -0.194946 0.758423 0.029785 -0.022461 -0.105957
0.232422 -0.179810 0.750610 0.013184 -0.022217 -0.114746
0.254028 -0.173706 0.758545 -0.025269 -0.020508 -0.126099
0.263306 -0.174927 0.769043 -0.052612 -0.000366 -0.125610
0.243530 -0.179077 0.791626 -0.056641 0.040283 -0.117554
0.252808 -0.218018 0.805542 -0.041626 0.087524 -0.102783
0.287109 -0.258301 0.806274 -0.006226 0.137817 -0.081299
0.245728 -0.296021 0.836914 0.025879 0.229736 -0.077393
0.208252 -0.306641 0.839478 0.082520 0.227783 -0.123657
0.217041 -0.302979 0.877319 0.129883 0.139404 -0.218262
0.276245 -0.285767 0.898682 0.179565 0.018433 -0.324097
0.326050 -0.250122 0.923828 0.214966 -0.064087 -0.420044
0.316650 -0.193237 0.908691 0.228760 -0.028198 -0.440674
0.230103 -0.143555 0.888672 0.219116 0.115479 -0.382813
0.126709 -0.106689 0.861938 0.159546 0.236938 -0.293945
0.073853 -0.100952 0.868530 0.062500 0.264771 -0.217163
0.092773 -0.077271 0.934204 -0.036499 0.246948 -0.142456
0.062622 -0.089233 0.999512 -0.120972 0.248779 -0.068481
0.104248 -0.126831 1.054932 -0.164185 0.221191 -0.022827
0.191284 -0.124634 1.090820 -0.160034 0.166992 0.003296
0.208252 -0.126831 1.099609 -0.141357 0.132935 -0.010986
0.200073 -0.102539 1.096069 -0.123413 0.100220 -0.022095
0.189331 -0.084717 1.085693 -0.131104 0.060669 -0.034424
0.183716 -0.073730 1.086304 -0.157837 0.012939 -0.047119
0.180664 -0.074219 1.108765 -0.194458 -0.039551 -0.056519
0.168457 -0.092163 1.128174 -0.224854 -0.070801 -0.051270
0.172729 -0.119507 1.150757 -0.246948 -0.090698 -0.032715
0.199097 -0.154785 1.169922 -0.251709 -0.116577 -0.020508
0.222290 -0.170044 1.161255 -0.233276 -0.146118 -0.021362
0.249023 -0.179932 1.151245 -0.217407 -0.146118 -0.018311
0.226318 -0.181396 1.156982 -0.216797 -0.116089 -0.008423
0.201416 -0.188477 1.170532 -0.223267 -0.085693 0.009155
0.211914 -0.206665 1.184937 -0.224854 -0.077881 0.026489
0.255981 -0.223755 1.192139 -0.215576 -0.072388 0.029175
0.274048 -0.204712 1.190796 -0.201416 -0.060669 0.008667
0.219238 -0.221924 1.204712 -0.195679 -0.052002 -0.036621
0.224976 -0.199097 1.207275 -0.166992 -0.065063 -0.029175
0.260010 -0.183228 1.219727 -0.156616 -0.079590 -0.018677
0.283936 -0.181396 1.243652 -0.159912 -0.067749 -0.007446
0.312988 -0.175781 1.301270 -0.166748 -0.017822 0.010986
0.338379 -0.236206 1.388428 -0.187012 0.028076 0.003662
0.327759 -0.286133 1.440552 -0.163696 0.068237 0.012085
0.246460 -0.313721 1.370728 -0.095215 0.080811 -0.003540
0.174927 -0.280396 1.196167 0.001953 0.035522 -0.035889
0.128296 -0.244263 1.036743 0.074707 0.003296 -0.046265
0.095459 -0.217041 0.914429 0.105957 -0.026245 -0.038818
0.098999 -0.192505 0.829346 0.106079 -0.079834 -0.028931
0.130249 -0.162354 0.767700 0.078369 -0.112671 -0.022583
0.186890 -0.145386 0.757446 0.027222 -0.115112 -0.001465
0.230713 -0.152466 0.825195 -0.036865 -0.077393 0.042847
0.298096 -0.175293 0.941162 -0.093140 -0.046143 0.063843
0.351074 -0.206299 1.062744 -0.118896 -0.023804 0.060181
0.412231 -0.254272 1.181763 -0.107544 -0.025024 0.022095
0.385498 -0.248535 1.183228 -0.063965 -0.014771 -0.026855
0.272095 -0.222534 1.085938 -0.029907 0.019165 -0.053345
0.175049 -0.220825 0.996948 -0.024292 0.046997 -0.046387
0.166626 -0.226807 0.939453 -0.021729 0.032959 -0.030884
0.178223 -0.229858 0.928711 -0.028076 0.013550 -0.024048
0.183105 -0.245117 0.971436 -0.043701 0.012817 -0.018066
0.206909 -0.256714 1.022339 -0.046021 0.000366 -0.017700
0.211914 -0.251587 1.053711 -0.032959 -0.014160 -0.017578
0.218262 -0.232422 1.039795 -0.018066 -0.019287 -0.013062
0.230225 -0.220703 1.007446 -0.009766 -0.021973 -0.005981
0.228394 -0.204346 0.982422 -0.005859 -0.020508 -0.001953
0.228149 -0.193970 0.965454 -0.010132 -0.014648 -0.005127
0.238037 -0.190674 0.962402 -0.020630 -0.008423 -0.006836
0.245728 -0.201660 0.983765 -0.034424 0.003418 -0.002441
0.239868 -0.214355 0.997314 -0.044922 0.009644 -0.003906
0.218750 -0.216431 1.010254 -0.047607 0.005249 -0.008911
0.202759 -0.217773 1.006104 -0.039307 -0.000244 -0.006104
0.203857 -0.225098 1.004883 -0.034668 -0.007690 0.001587
0.212158 -0.228638 1.003906 -0.030884 -0.016602 0.007080
0.210083 -0.228394 1.001343 -0.029663 -0.019287 0.007446
0.223145 -0.230591 0.999512 -0.029419 -0.023560 0.007568
0.236572 -0.230469 1.001343 -0.027466 -0.022705 0.005249
0.224121 -0.226929 1.005493 -0.026855 -0.013306 0.002563
0.233765 -0.223267 0.994995 -0.026611 -0.010010 0.002686
0.230469 -0.222168 0.994019 -0.027588 -0.005615 -0.003540
0.226807 -0.222656 0.997192 -0.032471 -0.010254 -0.012939
