0.212158 -0.120117 1.019287 -0.004395 -0.018311 -0.029663
0.213135 -0.113403 1.001831 -0.004272 -0.020142 -0.035767
0.211670 -0.105835 0.994263 -0.010864 -0.018066 -0.036865
0.216919 -0.109619 0.992798 -0.020996 -0.011230 -0.037476
0.204956 -0.106567 0.999878 -0.029541 -0.002197 -0.036621
0.195801 -0.109985 1.005615 -0.036377 0.002441 -0.032349
0.189941 -0.116943 1.005981 -0.043579 0.007080 -0.028320
0.202759 -0.124634 1.008057 -0.051025 0.008789 -0.027344
0.213257 -0.129883 1.019897 -0.055298 0.010254 -0.032593
0.219116 -0.139160 1.024170 -0.056519 0.010742 -0.043579
0.222046 -0.136108 1.024048 -0.053955 0.012573 -0.054932
0.218994 -0.134766 1.021240 -0.051025 0.012207 -0.063843
0.222046 -0.129028 1.009644 -0.048950 0.013428 -0.066650
0.211914 -0.130737 0.999756 -0.049316 0.022461 -0.060913
0.190796 -0.109009 1.003174 -0.053223 0.034790 -0.040527
0.159790 -0.113647 1.017212 -0.066284 0.040771 -0.035034
0.166138 -0.126099 1.034668 -0.066162 0.037109 -0.012329
0.170166 -0.134033 1.052856 -0.060669 0.029785 0.001953
0.168335 -0.126465 1.052979 -0.055176 0.027344 0.012329
0.166626 -0.108643 1.041504 -0.061768 0.044189 0.020264
0.153320 -0.117676 1.050903 -0.085205 0.068604 0.015625
0.144653 -0.131226 1.090576 -0.108887 0.068115 0.001709
0.143311 -0.136841 1.172485 -0.111206 0.043091 -0.010132
0.143066 -0.137573 1.235596 -0.086670 0.007446 -0.016724
0.174438 -0.132080 1.271240 -0.047241 -0.029175 -0.011719
0.210083 -0.119629 1.306519 -0.013306 -0.050659 -0.008301
0.235229 -0.109985 1.355713 0.002808 -0.068481 -0.011841
0.286743 -0.124023 1.410889 0.007324 -0.083984 -0.016846
0.306152 -0.156006 1.448730 0.008301 -0.053833 -0.016846
0.288940 -0.181641 1.478149 0.013306 -0.007324 -0.003784
0.300903 -0.214966 1.496094 0.033203 0.015869 -0.010132
0.278320 -0.245239 1.488770 0.072021 0.026978 -0.036621
0.196899 -0.218018 1.437012 0.122437 0.026489 -0.060669
0.152100 -0.186890 1.370361 0.161255 -0.030151 -0.090820
0.170288 -0.185181 1.313843 0.191528 -0.123535 -0.122681
0.163818 -0.155029 1.241821 0.231689 -0.159912 -0.133545
0.132935 -0.133057 1.168701 0.256470 -0.171265 -0.135010
0.122070 -0.103638 1.096191 0.270996 -0.189941 -0.124268
0.133789 -0.090088 1.047729 0.252319 -0.205444 -0.102417
0.117188 -0.100952 0.990967 0.237061 -0.180420 -0.066772
0.066162 -0.114136 0.958862 0.200317 -0.172607 -0.020630
0.119995 -0.133545 0.950562 0.174194 -0.230713 0.002808
0.131104 -0.162109 0.950684 0.180542 -0.246460 0.001221
0.142822 -0.175537 0.936401 0.216187 -0.234497 0.023071
0.147827 -0.162598 0.892578 0.272217 -0.219482 0.034058
0.141724 -0.138672 0.827271 0.324097 -0.243164 0.029419
0.177856 -0.080200 0.747192 0.356689 -0.277954 0.043213
0.224854 -0.013184 0.678955 0.342285 -0.279541 0.065308
0.250366 0.045898 0.612549 0.292725 -0.225586 0.096558
0.253418 0.041992 0.580933 0.191162 -0.149780 0.116821
0.254883 -0.001587 0.608276 0.089966 -0.115112 0.134033
0.245361 -0.052246 0.659058 0.033081 -0.061768 0.161865
0.203735 -0.090332 0.698242 0.010254 -0.014771 0.170776
0.188599 -0.111084 0.705078 0.028076 -0.035889 0.150635
0.219360 -0.118164 0.698364 0.060425 -0.094971 0.101807
0.302368 -0.117554 0.689575 0.095581 -0.144043 0.060669
0.341064 -0.070313 0.662231 0.121948 -0.150757 0.011963
0.322510 -0.018188 0.637573 0.118530 -0.134277 -0.030640
0.313843 0.003540 0.653931 0.092285 -0.119995 -0.041870
0.330566 0.022095 0.655029 0.068115 -0.080566 -0.019775
0.400391 0.030273 0.633179 0.037842 -0.004028 0.005127
0.358765 0.030273 0.636353 -0.005615 0.082275 -0.012939
0.276001 0.040039 0.651733 -0.046997 0.090942 -0.048340
0.264282 0.041016 0.657104 -0.071289 0.031738 -0.071045
0.279175 0.046631 0.638550 -0.083618 -0.011230 -0.069214
0.283569 0.057495 0.605225 -0.106079 -0.017212 -0.069824
0.300171 0.068237 0.591919 -0.151855 -0.007935 -0.077271
0.305542 0.057495 0.599243 -0.215454 0.045288 -0.078125
0.275269 0.040405 0.640747 -0.278320 0.124146 -0.072754
0.229126 -0.001587 0.702148 -0.322266 0.195068 -0.058838
0.165039 -0.052246 0.767578 -0.338867 0.252686 -0.025757
0.147949 -0.087280 0.801392 -0.331665 0.274780 0.021729
0.149414 -0.113159 0.834351 -0.309692 0.273926 0.049683
0.136475 -0.121094 0.822998 -0.285767 0.276489 0.063110
0.106201 -0.120972 0.821045 -0.299072 0.216553 0.043945
0.136597 -0.126831 0.858643 -0.321655 0.093384 -0.000610
0.160767 -0.132324 0.910767 -0.350342 0.024658 -0.008301
0.185547 -0.144775 0.968384 -0.373047 -0.011597 0.007690
0.272095 -0.160889 1.002930 -0.371582 -0.048462 0.009033
0.304688 -0.177979 1.044067 -0.370361 -0.028564 -0.006836
0.313599 -0.189331 1.086914 -0.363647 0.026001 -0.020142
0.277832 -0.184082 1.114014 -0.363770 0.119385 -0.017090
0.214600 -0.211182 1.175781 -0.395386 0.223267 -0.018555
0.174561 -0.263916 1.275879 -0.405518 0.266724 -0.018921
0.128906 -0.293457 1.374268 -0.383911 0.262329 -0.019897
0.098389 -0.280640 1.430542 -0.332764 0.215942 -0.012207
0.142944 -0.248047 1.428101 -0.276123 0.125488 0.004395
0.278442 -0.206543 1.398071 -0.235718 0.041992 0.020264
0.292725 -0.137207 1.403076 -0.230713 0.051514 0.039795
0.359619 -0.030762 1.558594 -0.252075 0.083008 0.074341
0.645996 -0.012329 1.947266 -0.320679 0.129639 0.129639
0.723022 -0.356323 2.252808 -0.363770 0.268433 0.122559
0.355713 -0.472656 1.931519 -0.101074 0.313843 -0.016479
-0.015503 -0.251099 1.429932 0.277344 0.123413 -0.175659
-0.054810 -0.098511 1.078369 0.462036 -0.121338 -0.233765
0.004395 -0.046387 0.878662 0.464478 -0.198486 -0.190918
0.027832 -0.007202 0.751831 0.390747 -0.185669 -0.135620
0.068726 0.050903 0.653076 0.295776 -0.185547 -0.091797
0.116699 0.051636 0.635010 0.163574 -0.163818 -0.049072
0.168457 -0.007324 0.695557 0.022339 -0.097046 0.007324
0.185669 -0.108276 0.796265 -0.085327 -0.029419 0.041016
0.166626 -0.175781 0.877686 -0.122559 -0.020874 0.024658
0.147827 -0.198608 0.915039 -0.097046 -0.064453 -0.007324
0.152222 -0.169922 0.905884 -0.055176 -0.121094 -0.028320
0.181885 -0.142090 0.899048 -0.044434 -0.145386 -0.025757
0.215210 -0.130615 0.933228 -0.078247 -0.114746 -0.004272
0.235474 -0.154785 1.035767 -0.140015 -0.052490 0.021973
0.248047 -0.189087 1.145264 -0.192993 0.003052 0.041504
0.272339 -0.272705 1.251953 -0.209717 0.033936 0.045410
0.222046 -0.325806 1.296509 -0.161377 0.040527 0.025391
0.163696 -0.318359 1.244873 -0.061279 -0.004150 -0.007813
0.134033 -0.263184 1.127563 0.037109 -0.073608 -0.033569
0.121094 -0.197754 1.016968 0.087158 -0.116577 -0.045410
0.137329 -0.156006 0.937744 0.095581 -0.138062 -0.041016
0.150146 -0.121460 0.902832 0.075195 -0.134277 -0.023682
0.171021 -0.104980 0.916748 0.038574 -0.117310 0.005005
0.216553 -0.109375 0.948486 0.003174 -0.095215 0.031006
0.254150 -0.122559 0.986816 -0.022827 -0.078613 0.037720
0.280273 -0.132324 1.025391 -0.032471 -0.073730 0.026367
0.317383 -0.138794 1.042603 -0.027954 -0.069824 0.014404
0.342285 -0.142212 1.040771 -0.018677 -0.057861 -0.005005
0.293091 -0.130615 1.019287 -0.010620 -0.033691 -0.029541
0.229492 -0.127441 1.000122 -0.005127 -0.029541 -0.045654
0.208008 -0.130005 0.983276 -0.004517 -0.036621 -0.043945
0.183228 -0.137695 0.979736 -0.012817 -0.038330 -0.034668
0.184448 -0.138184 0.982544 -0.020996 -0.045532 -0.020630
0.221558 -0.141479 0.988647 -0.031616 -0.051270 -0.008179
0.231689 -0.145996 0.999023 -0.045532 -0.040161 -0.001709
0.243408 -0.159668 1.024780 -0.054443 -0.031128 0.001831
0.256470 -0.166748 1.039795 -0.052612 -0.021362 -0.001709
0.248413 -0.163208 1.034302 -0.044678 -0.011719 -0.019409
0.222534 -0.162109 1.025269 -0.032471 -0.014404 -0.036133
0.195557 -0.156982 1.017944 -0.019531 -0.019531 -0.037109
0.184448 -0.150269 1.006470 -0.013306 -0.028076 -0.029541
0.187256 -0.143433 0.995117 -0.015503 -0.033936 -0.017822
0.195435 -0.143677 0.994019 -0.022705 -0.031494 -0.001953
0.211426 -0.145752 1.000610 -0.030273 -0.031860 0.007202
0.225464 -0.140259 1.016724 -0.033691 -0.036011 0.005737
0.253662 -0.146729 1.018555 -0.034058 -0.036133 0.005127
0.282349 -0.147705 1.025879 -0.032349 -0.025513 -0.002441
0.269531 -0.147949 1.027832 -0.027954 -0.012329 -0.024292
0.237793 -0.144531 1.013550 -0.022583 -0.005005 -0.039307
0.225952 -0.146729 1.007446 -0.019409 -0.003906 -0.038452
0.213501 -0.144653 0.990967 -0.019531 -0.006104 -0.029907
0.210449 -0.144531 0.982666 -0.024048 -0.005127 -0.018799
0.214844 -0.151001 0.981934 -0.036011 0.007690 -0.005493
0.221313 -0.151733 0.995483 -0.046875 0.016113 0.004395
0.226440 -0.151489 1.008789 -0.052368 0.007813 -0.000732
0.241089 -0.149902 1.014038 -0.052612 0.003906 -0.003296
0.229858 -0.155640 1.024292 -0.051758 0.010620 -0.005371
