0.193115 -0.240967 1.003662 -0.045166 0.014893 -0.028809
0.198120 -0.239502 1.001343 -0.044800 0.010986 -0.030884
0.209106 -0.228760 0.986572 -0.047119 0.013428 -0.032104
0.228394 -0.217163 0.983154 -0.058105 0.027710 -0.029541
0.243286 -0.209839 0.984131 -0.076172 0.050293 -0.025879
0.236328 -0.205078 0.994507 -0.098389 0.080322 -0.023438
0.218506 -0.216675 1.010742 -0.116211 0.093384 -0.025024
0.137085 -0.229004 1.048584 -0.121826 0.090454 -0.021606
0.109619 -0.243652 1.058228 -0.118042 0.058960 0.005493
0.142212 -0.240967 1.046631 -0.125610 0.033936 0.044922
0.165161 -0.191040 1.032593 -0.148438 0.023071 0.070068
0.192261 -0.167480 1.054565 -0.199097 0.026001 0.079468
0.202881 -0.153687 1.110352 -0.240723 0.059570 0.086426
0.208374 -0.189209 1.200195 -0.275024 0.126587 0.094849
0.270630 -0.281128 1.348999 -0.319580 0.127686 0.088989
0.338135 -0.354248 1.456177 -0.292847 0.110840 0.043579
0.344360 -0.401978 1.537598 -0.234375 0.135132 -0.002441
0.310669 -0.419434 1.565918 -0.156616 0.187012 -0.026489
0.250488 -0.416992 1.552734 -0.053101 0.222900 -0.049438
0.182373 -0.410156 1.515625 0.049927 0.255615 -0.054688
0.128540 -0.392944 1.464233 0.133911 0.266113 -0.052612
0.079346 -0.371216 1.388672 0.190552 0.241943 -0.051147
0.070801 -0.352539 1.319702 0.216675 0.165527 -0.067139
0.066162 -0.314331 1.257690 0.214355 0.062134 -0.098145
0.074097 -0.277222 1.205200 0.188599 -0.038940 -0.130493
0.059814 -0.246094 1.157593 0.138306 -0.103516 -0.135132
0.101318 -0.244629 1.145996 0.066162 -0.130493 -0.098633
0.136230 -0.257080 1.110107 0.031494 -0.096802 -0.049683
0.157471 -0.278076 1.097168 0.014282 -0.046387 -0.009644
0.133179 -0.298340 1.082397 0.014893 0.002930 0.011841
0.088379 -0.300537 1.053833 0.032715 0.010010 0.018066
0.068726 -0.299438 1.014282 0.043945 -0.060913 0.004639
0.088867 -0.303833 0.993530 0.055908 -0.129150 -0.002075
0.049927 -0.308228 0.969971 0.080322 -0.152466 -0.003418
0.066650 -0.260010 0.953857 0.119873 -0.200806 0.023560
0.065063 -0.280029 0.914185 0.135010 -0.262329 0.003906
0.120117 -0.261597 0.836792 0.169312 -0.295166 0.005737
0.117188 -0.234497 0.765991 0.188843 -0.256470 0.039307
0.102783 -0.220581 0.707886 0.177856 -0.204102 0.078003
0.137695 -0.224121 0.694336 0.159180 -0.186157 0.098877
0.187988 -0.229858 0.703125 0.143188 -0.166504 0.102051
0.195313 -0.238892 0.718018 0.132324 -0.149780 0.081543
0.211792 -0.221558 0.697998 0.160889 -0.169556 0.052979
0.228027 -0.191162 0.671753 0.184326 -0.182129 0.022949
0.206665 -0.162354 0.635132 0.180908 -0.182007 -0.012085
0.207764 -0.129028 0.603149 0.155273 -0.186035 -0.029907
0.161865 -0.131714 0.602539 0.132446 -0.179077 -0.045532
0.128052 -0.136597 0.601440 0.109375 -0.184448 -0.039673
0.122925 -0.180786 0.610718 0.088989 -0.212646 -0.029541
0.206909 -0.160034 0.598633 0.089478 -0.244141 -0.006958
0.275513 -0.190186 0.600342 0.060547 -0.223999 -0.026855
0.294434 -0.204102 0.611694 0.045654 -0.177979 -0.047241
0.262817 -0.210693 0.624634 0.033813 -0.133911 -0.072998
0.268311 -0.212158 0.638672 0.027710 -0.109009 -0.085449
0.292725 -0.206299 0.655396 0.022827 -0.068970 -0.079712
0.272583 -0.191650 0.657837 0.015015 -0.016235 -0.067261
0.260864 -0.175781 0.659668 -0.006714 0.005493 -0.064087
0.266113 -0.188965 0.685547 -0.032959 0.006714 -0.066895
0.270752 -0.200684 0.712769 -0.050415 0.027222 -0.068481
0.236450 -0.192383 0.718872 -0.054932 0.055298 -0.071533
0.242310 -0.175171 0.711304 -0.064819 0.040894 -0.085815
0.255249 -0.165283 0.722168 -0.087036 0.028198 -0.097290
0.236328 -0.162109 0.738647 -0.117188 0.037842 -0.097412
0.237915 -0.179688 0.771973 -0.144531 0.040039 -0.100830
0.250977 -0.209839 0.804199 -0.151123 0.054810 -0.108765
0.280396 -0.236816 0.847778 -0.152344 0.091309 -0.109497
0.229736 -0.254883 0.893555 -0.126221 0.149780 -0.119629
0.193726 -0.249878 0.907227 -0.087891 0.165771 -0.130737
0.194214 -0.241577 0.905396 -0.069092 0.145386 -0.136353
0.211304 -0.237061 0.896484 -0.066650 0.128662 -0.129883
0.181152 -0.229370 0.903198 -0.086304 0.123169 -0.115479
0.166260 -0.226807 0.903931 -0.113525 0.084839 -0.116821
0.182373 -0.204834 0.901611 -0.144287 0.043945 -0.128052
0.186646 -0.129761 0.885132 -0.213013 0.017456 -0.127197
0.228516 -0.127441 0.924316 -0.328369 -0.009277 -0.141968
0.265137 -0.158813 0.975220 -0.416016 0.009033 -0.166748
0.239624 -0.241699 1.026245 -0.499878 0.108154 -0.147949
0.214600 -0.289429 1.054321 -0.525635 0.182129 -0.102539
0.199219 -0.333008 1.068970 -0.520508 0.212402 -0.068848
0.169067 -0.383057 1.073364 -0.486328 0.213135 -0.069702
0.066162 -0.411743 1.080200 -0.426758 0.193970 -0.094116
-0.033691 -0.398560 1.088623 -0.342896 0.130737 -0.112427
-0.063721 -0.341675 1.085815 -0.247681 0.036499 -0.097290
-0.024536 -0.284302 1.091553 -0.175415 -0.066406 -0.066650
0.104126 -0.264526 1.092651 -0.127808 -0.163818 -0.047607
0.243408 -0.227905 1.099731 -0.124634 -0.204712 -0.016235
0.323364 -0.216553 1.114868 -0.153931 -0.168945 0.010986
0.330322 -0.237305 1.158813 -0.197021 -0.104004 0.026733
0.303833 -0.310913 1.211304 -0.232300 -0.065186 0.025879
0.287354 -0.371704 1.241211 -0.227905 -0.055420 0.010620
0.263062 -0.387085 1.264282 -0.187866 -0.064087 -0.025513
0.231201 -0.362671 1.258667 -0.131592 -0.080322 -0.054321
0.238037 -0.350586 1.237183 -0.083008 -0.098267 -0.059814
0.274780 -0.332764 1.213989 -0.046143 -0.113892 -0.061035
0.274170 -0.319458 1.179199 -0.023804 -0.107178 -0.061646
0.253296 -0.295532 1.136230 -0.020630 -0.077637 -0.053711
0.220459 -0.267944 1.101074 -0.043091 -0.039795 -0.043945
0.195679 -0.288940 1.083496 -0.073975 -0.035034 -0.041626
0.176880 -0.296753 1.080811 -0.093750 -0.046021 -0.024414
0.177368 -0.308472 1.084961 -0.101929 -0.071655 -0.016846
0.200195 -0.312622 1.081909 -0.094604 -0.095459 -0.007568
0.257568 -0.328369 1.094482 -0.080688 -0.099121 -0.002686
0.252563 -0.332520 1.113403 -0.064697 -0.074097 -0.009033
0.368042 -0.478394 1.338379 -0.055908 -0.029297 -0.028198
0.200806 -0.474365 1.326172 0.021851 0.063599 -0.034424
0.085815 -0.331665 1.134521 0.122559 0.000244 -0.050171
0.102051 -0.279541 1.007568 0.117920 -0.087524 -0.047852
0.129883 -0.283325 0.972168 0.062500 -0.077637 -0.008423
0.142700 -0.301025 0.978149 0.030151 -0.071777 0.014648
0.172241 -0.302002 0.953979 0.040039 -0.116821 0.005859
0.200073 -0.284424 0.921265 0.053223 -0.143677 0.004028
0.259399 -0.288330 0.921997 0.048828 -0.145020 0.011719
0.310547 -0.290405 0.947510 0.041260 -0.125000 0.015259
0.331665 -0.274048 0.947266 0.034058 -0.087769 0.015137
0.345093 -0.276855 0.957886 0.018188 -0.060913 0.003784
0.341064 -0.250854 0.959473 -0.011353 -0.027344 0.022705
0.288086 -0.267212 0.956177 -0.046631 0.023315 0.015503
0.245239 -0.310059 0.980835 -0.072876 0.049805 0.010376
0.197144 -0.336426 0.998901 -0.080811 0.062744 0.017212
0.161987 -0.345093 1.001587 -0.067383 0.045898 0.010864
0.162231 -0.349121 1.006958 -0.038330 0.005737 -0.005493
0.160889 -0.344971 1.008179 -0.013306 -0.029663 -0.012573
0.173462 -0.332520 0.996094 0.008911 -0.059448 -0.013916
0.205688 -0.318359 0.983398 0.022339 -0.081909 -0.009521
0.229126 -0.310059 0.975220 0.026123 -0.079468 -0.002075
0.241577 -0.293091 0.979980 0.020630 -0.075806 0.004150
0.239258 -0.286255 0.972656 0.016846 -0.070923 0.003418
0.247070 -0.278809 0.970703 0.011108 -0.063843 0.011963
0.262207 -0.279297 0.967407 0.003174 -0.058960 0.017212
0.271240 -0.275024 0.970947 -0.005127 -0.047363 0.024048
0.258911 -0.273560 0.960815 -0.011353 -0.031372 0.023315
0.248291 -0.280884 0.967407 -0.020264 -0.022705 0.022705
0.235107 -0.294678 0.969604 -0.028687 -0.019409 0.025635
0.224365 -0.313232 0.965454 -0.034180 -0.018799 0.032837
0.205688 -0.335205 0.994385 -0.039673 -0.022583 0.040527
0.177246 -0.344604 1.001709 -0.030396 -0.041382 0.037598
0.162598 -0.359009 1.003784 -0.012085 -0.088013 0.026367
0.188110 -0.350708 0.999878 0.002319 -0.134766 0.033203
0.219727 -0.345581 0.993042 0.031738 -0.172241 0.014893
0.252930 -0.315063 0.968872 0.056641 -0.185669 -0.003052
0.273438 -0.293579 0.952759 0.058105 -0.165771 -0.013184
0.285889 -0.274170 0.960449 0.041138 -0.125366 -0.011353
0.291138 -0.254272 0.955444 0.025879 -0.078613 -0.003296
0.291504 -0.244995 0.954834 0.008789 -0.038452 -0.000732
0.280884 -0.251099 0.957520 -0.009644 -0.010254 0.001831
0.279419 -0.264648 0.968018 -0.021851 0.005249 0.002808
0.280396 -0.274170 0.969971 -0.027832 0.009644 -0.001953
0.263062 -0.288452 0.976807 -0.031372 0.008545 -0.009033
0.241455 -0.296875 0.978394 -0.031372 0.006836 -0.007446
0.232422 -0.301880 0.978760 -0.030029 -0.000366 -0.000122
