0.188843 -0.197021 1.017456 -0.025757 -0.009033 -0.034546
0.181641 -0.195313 1.013306 -0.023804 -0.006958 -0.033691
0.174316 -0.198975 1.011108 -0.022461 -0.010376 -0.032471
0.175903 -0.188354 1.006592 -0.022217 -0.017090 -0.028320
0.192993 -0.193237 1.004395 -0.029053 -0.007202 -0.010742
0.229492 -0.198608 0.996948 -0.040894 0.011353 0.006470
0.257080 -0.221069 1.012817 -0.057861 0.039429 0.012817
0.250366 -0.229004 1.060791 -0.070068 0.075928 0.011475
0.211060 -0.215820 1.090820 -0.063721 0.091187 -0.003052
0.181396 -0.167847 1.103760 -0.051758 0.074097 -0.026367
0.148682 -0.140015 1.125610 -0.050049 0.059570 -0.045776
0.124146 -0.121826 1.155273 -0.047485 0.042114 -0.061523
0.110474 -0.122559 1.203247 -0.041504 0.024780 -0.066040
0.110596 -0.140747 1.249268 -0.030640 0.011963 -0.048706
0.152222 -0.157471 1.273560 -0.014526 -0.012939 -0.038574
0.211548 -0.191772 1.318481 -0.009155 -0.041626 -0.033203
0.233398 -0.209961 1.355469 -0.001953 -0.043701 -0.027344
0.228882 -0.220703 1.384888 0.000610 -0.016968 -0.014282
0.222900 -0.222778 1.397583 0.007813 0.038940 0.015625
0.234009 -0.218628 1.387939 -0.004272 0.107910 0.059448
0.263428 -0.228516 1.365479 -0.027466 0.196411 0.109253
0.253418 -0.263550 1.353394 -0.053467 0.290894 0.141479
0.220337 -0.314453 1.366089 -0.067139 0.320313 0.121704
0.149658 -0.340088 1.369141 -0.043701 0.270264 0.054932
0.093140 -0.340454 1.359253 0.011108 0.157837 -0.023560
0.094482 -0.337036 1.331421 0.088257 0.045654 -0.076172
0.100098 -0.314575 1.258179 0.168701 -0.010132 -0.091553
0.118530 -0.265137 1.172363 0.232544 -0.029053 -0.081787
0.125610 -0.206299 1.083740 0.258789 -0.012207 -0.054199
0.100098 -0.147949 1.012817 0.245239 -0.001099 -0.025879
0.105469 -0.120483 0.950195 0.199463 -0.018799 0.002686
0.162476 -0.142700 0.927124 0.140503 -0.034424 0.026245
0.165283 -0.171753 0.933105 0.098633 0.001831 0.047852
0.142700 -0.196045 0.939209 0.091187 0.039673 0.064819
0.118164 -0.194702 0.927979 0.105103 0.023315 0.059082
0.171875 -0.197388 0.909058 0.125854 -0.049927 0.029541
0.184082 -0.182983 0.869995 0.150879 -0.097168 -0.015503
0.147705 -0.155518 0.807129 0.163330 -0.138062 -0.052124
0.133545 -0.136719 0.771362 0.161621 -0.193359 -0.082520
0.130493 -0.137817 0.763306 0.146729 -0.214478 -0.083496
0.091919 -0.127319 0.751587 0.146973 -0.186768 -0.061279
0.087769 -0.117065 0.755371 0.155640 -0.156250 -0.027344
0.098022 -0.092041 0.735229 0.154297 -0.145020 0.013794
0.118408 -0.106689 0.715454 0.131348 -0.138184 0.053833
0.088501 -0.085815 0.697021 0.127197 -0.132446 0.063599
0.143433 -0.075317 0.693115 0.122070 -0.170532 0.056763
0.183716 -0.105103 0.684448 0.109741 -0.183960 0.037476
0.189697 -0.084839 0.671875 0.104126 -0.164429 0.028687
0.208252 -0.091309 0.672729 0.081543 -0.150024 0.017578
0.237671 -0.114136 0.703247 0.056763 -0.129272 0.005615
0.239380 -0.130859 0.737793 0.039795 -0.095215 -0.008423
0.235474 -0.136108 0.763062 0.037476 -0.063477 -0.019287
0.245117 -0.149048 0.774414 0.046021 -0.029785 -0.021240
0.266357 -0.143555 0.774902 0.057129 0.005493 -0.022705
0.263428 -0.136230 0.765137 0.057129 0.027588 -0.043823
0.217163 -0.108765 0.754761 0.044189 0.029419 -0.075195
0.189331 -0.085449 0.771851 0.017334 0.016968 -0.089233
0.171265 -0.104492 0.772461 -0.009888 0.019043 -0.079102
0.167603 -0.106079 0.782349 -0.032593 0.003906 -0.077026
0.196411 -0.096802 0.771973 -0.047852 -0.020386 -0.082031
0.204468 -0.090698 0.768799 -0.062622 -0.017212 -0.083984
0.204590 -0.098267 0.784790 -0.083130 0.004395 -0.085205
0.202026 -0.109253 0.810181 -0.100586 0.035156 -0.077515
0.185791 -0.137451 0.867065 -0.102173 0.076660 -0.061035
0.180664 -0.160400 0.915283 -0.073486 0.119019 -0.042603
0.162964 -0.163696 0.937744 -0.013672 0.146484 -0.040161
0.124146 -0.162964 0.945801 0.055420 0.135254 -0.060791
0.135986 -0.114746 0.899292 0.126953 0.050659 -0.094604
0.137451 -0.081177 0.867676 0.117920 -0.045776 -0.151611
0.164429 -0.066040 0.834839 0.086182 -0.168457 -0.216431
0.192871 -0.057739 0.846924 0.027344 -0.210571 -0.231812
0.199341 -0.048828 0.863647 -0.030029 -0.179688 -0.187378
0.166382 -0.068115 0.864868 -0.098389 -0.093140 -0.121338
0.135986 -0.089844 0.903076 -0.194580 -0.001343 -0.039429
0.133179 -0.134888 0.955933 -0.262085 0.047974 0.026733
0.134155 -0.184692 1.009888 -0.288818 0.076782 0.073730
0.145874 -0.213623 1.047119 -0.277832 0.079468 0.096680
0.170898 -0.229736 1.080200 -0.235596 0.054321 0.078857
0.207764 -0.233154 1.087402 -0.191772 0.009766 0.045288
0.218018 -0.190430 1.072021 -0.137451 -0.022339 -0.010010
0.181763 -0.156860 1.053833 -0.104370 -0.034790 -0.054688
0.159302 -0.130249 1.038696 -0.083374 -0.038940 -0.066772
0.151733 -0.120483 1.032227 -0.088257 -0.040161 -0.052612
0.152222 -0.126465 1.018921 -0.106323 -0.038940 -0.031128
0.139160 -0.126343 1.002441 -0.134766 -0.019409 -0.001343
0.119751 -0.128784 1.029663 -0.176514 -0.014648 0.020508
0.139648 -0.154175 1.052734 -0.216553 -0.037964 0.029663
0.179077 -0.180298 1.089233 -0.238037 -0.064941 0.022095
0.173828 -0.189331 1.125977 -0.223389 -0.060181 0.009766
0.147461 -0.182129 1.150513 -0.202759 -0.050293 0.018066
0.132690 -0.170532 1.147583 -0.170166 -0.069580 0.019287
0.150146 -0.164307 1.129150 -0.140503 -0.109863 0.030762
0.181763 -0.167358 1.135132 -0.120361 -0.151489 0.031738
0.260986 -0.141846 1.107422 -0.100586 -0.186401 0.020996
0.287720 -0.097290 1.073853 -0.099976 -0.155640 0.017700
0.279907 -0.076172 1.081787 -0.137207 -0.101685 0.014282
0.255249 -0.087524 1.106689 -0.188599 -0.062622 0.011108
0.228149 -0.131348 1.157349 -0.219971 -0.052490 0.008179
0.233276 -0.173706 1.199341 -0.213989 -0.053589 0.011597
0.236450 -0.192505 1.195557 -0.177368 -0.053101 0.008545
0.210938 -0.192993 1.178467 -0.137085 -0.047485 0.000610
0.193604 -0.189453 1.150513 -0.104248 -0.046875 -0.000610
0.206543 -0.187378 1.138550 -0.087402 -0.059937 -0.001709
0.218872 -0.173340 1.145020 -0.089233 -0.078247 -0.006836
0.237427 -0.171509 1.171631 -0.109497 -0.078247 -0.002197
0.265625 -0.195313 1.208618 -0.135254 -0.044434 0.017700
0.271362 -0.244141 1.279297 -0.153809 0.005249 0.031982
0.252563 -0.274170 1.326050 -0.142090 0.041626 0.036133
0.229248 -0.299316 1.329468 -0.099731 0.048706 0.023193
0.196167 -0.298584 1.276367 -0.030029 0.027100 -0.000122
0.159546 -0.274414 1.177368 0.045532 -0.011108 -0.020508
0.158203 -0.251709 1.068970 0.111450 -0.046143 -0.027100
0.132690 -0.210083 0.972656 0.149536 -0.060913 -0.024902
0.145142 -0.155518 0.892212 0.154053 -0.088135 -0.019287
0.169922 -0.120239 0.848389 0.122925 -0.111328 -0.011597
0.216431 -0.105469 0.844849 0.069214 -0.107544 0.007324
0.239990 -0.110962 0.872437 0.005371 -0.080322 0.023926
0.242554 -0.133423 0.922363 -0.048340 -0.047119 0.036133
0.252808 -0.155273 0.963501 -0.076538 -0.034546 0.033569
0.264526 -0.166260 0.983643 -0.079346 -0.025879 0.023560
0.249390 -0.170776 1.001465 -0.080933 -0.001587 0.019775
0.243652 -0.200928 1.031494 -0.090698 0.018433 0.019043
0.240479 -0.228394 1.071777 -0.095093 0.034424 0.023438
0.229248 -0.258301 1.113281 -0.087402 0.033813 0.008423
0.218872 -0.260254 1.114014 -0.055542 0.032959 0.005371
0.193970 -0.246704 1.083008 -0.021729 0.034180 0.003906
0.182617 -0.234741 1.043213 0.004639 0.018677 0.005859
0.177612 -0.207764 1.000732 0.018555 0.002441 0.013550
0.173584 -0.182983 0.967407 0.021362 -0.011719 0.014648
0.191284 -0.176392 0.961304 0.008911 -0.022583 0.015747
0.223877 -0.171143 0.968628 -0.007080 -0.021240 0.018555
0.239868 -0.172729 0.975586 -0.025024 -0.004761 0.015625
0.244385 -0.183838 0.991821 -0.037720 0.011108 0.005371
0.236084 -0.191772 1.008423 -0.044067 0.015869 -0.010864
0.212891 -0.203003 1.019165 -0.044434 0.020508 -0.020508
0.196777 -0.214478 1.032349 -0.039307 0.023438 -0.019409
0.181152 -0.225220 1.034668 -0.029297 0.015015 -0.022827
0.173706 -0.219604 1.031006 -0.017090 0.001709 -0.024780
0.179932 -0.206665 1.017334 -0.006226 -0.007324 -0.017944
0.179443 -0.196411 1.008789 -0.003540 -0.010498 -0.009277
0.193481 -0.189941 1.000977 -0.004761 -0.013062 0.000854
0.211426 -0.184814 0.995361 -0.007324 -0.014160 0.007813
0.216431 -0.183472 0.998413 -0.011353 -0.010864 0.005249
0.229248 -0.180786 1.002197 -0.015991 -0.010254 -0.003906
0.230713 -0.180054 1.001709 -0.018799 -0.009888 -0.018188
0.217285 -0.181396 1.001831 -0.022949 -0.006592 -0.029907
0.206299 -0.191650 1.004883 -0.025757 -0.002075 -0.033569
0.195190 -0.197266 1.009644 -0.026611 -0.003906 -0.034668
0.179810 -0.205200 1.012939 -0.026855 -0.007446 -0.030518
0.180420 -0.208740 1.013794 -0.023682 -0.014771 -0.021362
