0.213379 -0.225952 0.999268 -0.020508 -0.026978 -0.014404
0.214722 -0.221924 0.999512 -0.025757 -0.020996 -0.015869
0.219971 -0.223022 1.011841 -0.033936 -0.008911 -0.012451
0.209717 -0.238525 1.029297 -0.042847 0.009399 -0.009277
0.187012 -0.244019 1.048340 -0.043213 0.018799 -0.003662
0.176514 -0.232910 1.064331 -0.039063 0.007080 0.006348
0.169678 -0.226807 1.093872 -0.034546 -0.000244 0.025146
0.182739 -0.195190 1.130127 -0.026001 -0.007935 0.044189
0.229126 -0.157959 1.152832 -0.030518 0.003662 0.065674
0.280396 -0.133301 1.219604 -0.059082 0.049438 0.082886
0.334351 -0.118408 1.286621 -0.101318 0.129883 0.098511
0.365723 -0.137817 1.385254 -0.153564 0.231323 0.114868
0.359131 -0.197998 1.512085 -0.198364 0.317871 0.119385
0.331909 -0.253784 1.604126 -0.218750 0.351929 0.106201
0.349854 -0.321899 1.668945 -0.205566 0.317749 0.062866
0.316284 -0.389648 1.700684 -0.155396 0.271606 -0.010986
0.231445 -0.416748 1.679199 -0.077637 0.224609 -0.064941
0.138062 -0.424316 1.584351 0.000732 0.155640 -0.113037
0.099365 -0.412598 1.464233 0.048218 0.072510 -0.135620
0.135986 -0.395874 1.400513 0.001465 0.030396 -0.092285
0.053711 -0.391724 1.318115 0.047241 -0.002686 -0.106201
0.021606 -0.365112 1.249146 0.115479 -0.029175 -0.095459
0.025757 -0.300415 1.162354 0.145142 -0.040771 -0.050659
0.042358 -0.292847 1.067871 0.178101 -0.087158 -0.091675
0.120117 -0.288086 0.993042 0.208374 -0.116211 -0.103516
0.148071 -0.269409 0.933960 0.239014 -0.123901 -0.121704
0.167114 -0.233032 0.856934 0.260498 -0.135132 -0.143799
0.159180 -0.191895 0.760742 0.261963 -0.139404 -0.163452
0.148804 -0.155029 0.696411 0.232666 -0.135498 -0.156494
0.147949 -0.159912 0.625122 0.172974 -0.096191 -0.110229
0.072754 -0.193237 0.578247 0.134155 -0.032227 -0.079468
0.038574 -0.214111 0.583740 0.110962 -0.022705 -0.046631
-0.008545 -0.252563 0.575684 0.111694 -0.059448 -0.041260
0.006470 -0.265381 0.533325 0.155151 -0.133545 -0.035767
0.028564 -0.245483 0.469238 0.207886 -0.211548 -0.045654
0.091919 -0.193237 0.374634 0.245728 -0.280518 -0.066284
0.137817 -0.119629 0.301880 0.248169 -0.292236 -0.074585
0.153442 -0.052368 0.271973 0.205811 -0.272827 -0.065186
0.210693 -0.020874 0.288330 0.141968 -0.255005 -0.042114
0.244141 -0.021240 0.329590 0.077271 -0.214233 -0.019775
0.263428 -0.035522 0.372925 0.029785 -0.180298 -0.006836
0.284790 -0.058716 0.409424 -0.004028 -0.151855 -0.006226
0.286987 -0.087280 0.448120 -0.030273 -0.126587 -0.017578
0.269043 -0.106323 0.484375 -0.055664 -0.128296 -0.045044
0.273193 -0.132446 0.529419 -0.078003 -0.143799 -0.072021
0.260620 -0.150146 0.578125 -0.100586 -0.131226 -0.084595
0.228271 -0.147949 0.630737 -0.128540 -0.114868 -0.081787
0.245361 -0.152954 0.683228 -0.158936 -0.113892 -0.064941
0.299072 -0.182373 0.737549 -0.197876 -0.085571 -0.040405
0.317505 -0.215576 0.787354 -0.223389 -0.014404 -0.021240
0.256470 -0.248657 0.860718 -0.223389 0.057983 -0.021118
0.195435 -0.301147 0.921631 -0.195557 0.086670 -0.031128
0.165405 -0.334229 0.939087 -0.152222 0.067749 -0.032471
0.184814 -0.324585 0.938232 -0.102661 0.008545 -0.037109
0.205566 -0.301880 0.947021 -0.075439 -0.020508 -0.029053
0.210327 -0.275391 0.961548 -0.083862 -0.002319 0.005859
0.212158 -0.247559 0.988647 -0.090698 0.011719 0.027832
0.217773 -0.234619 1.018066 -0.095581 0.014282 0.038330
0.224976 -0.241943 1.025146 -0.094238 0.006226 0.041260
0.221924 -0.244263 1.037476 -0.106812 0.001709 0.056152
0.233154 -0.264038 1.042358 -0.112427 -0.008667 0.056641
0.253174 -0.268799 1.051758 -0.101440 -0.029297 0.035400
0.228027 -0.254395 1.045776 -0.076294 -0.060181 -0.008179
0.211304 -0.229614 1.033325 -0.068970 -0.091553 -0.027954
0.186157 -0.198364 1.020752 -0.084839 -0.092651 -0.013062
0.187988 -0.163452 1.011841 -0.122070 -0.068604 0.029541
0.239136 -0.146729 1.038452 -0.178589 -0.023926 0.079224
0.239868 -0.142090 1.086914 -0.233032 0.012817 0.095459
0.267212 -0.174072 1.132813 -0.264160 -0.017944 0.073120
0.264526 -0.205444 1.151001 -0.267822 -0.068848 0.035400
0.226196 -0.208618 1.200684 -0.246826 -0.134888 -0.008423
0.352783 -0.217285 1.606567 -0.244263 -0.140259 0.007080
1.887695 -1.470581 3.999878 -0.279785 -0.155029 -0.228271
0.313354 -0.307983 2.009888 0.271240 0.329102 -0.061279
-0.048584 0.010864 0.751343 0.445190 0.475586 0.148926
-0.253418 -0.025269 0.542603 0.257935 0.355103 -0.017700
-0.283203 0.035522 0.416992 0.187134 0.191040 0.000732
-0.223877 0.055054 0.360962 0.070923 0.038330 0.055298
-0.066772 0.056030 0.419556 -0.077026 -0.089355 0.124878
0.073486 0.034668 0.684937 -0.233154 -0.218750 0.120361
0.421753 -0.134277 1.370605 -0.382568 -0.302612 0.108032
0.897461 -0.753296 2.276367 -0.397339 -0.284302 0.032471
0.378418 -0.296509 1.291504 0.000488 -0.094482 -0.003906
0.065063 -0.019287 0.593384 0.184570 0.000732 -0.011841
0.090820 -0.024536 0.529907 0.057495 -0.016846 0.010010
0.261230 -0.161621 0.866821 -0.092407 -0.065552 0.014404
0.394531 -0.374512 1.292725 -0.150146 -0.082764 -0.008545
0.312256 -0.362427 1.193237 -0.060181 -0.046875 -0.019653
0.170044 -0.220703 0.901367 0.025635 -0.000732 -0.004883
0.211914 -0.212158 0.863770 0.000000 -0.005005 0.002563
0.262939 -0.273682 1.010742 -0.049683 -0.002563 0.000732
0.261597 -0.291748 1.051392 -0.046631 0.002075 -0.000366
0.220581 -0.246338 0.971680 -0.019287 0.005737 -0.000122
0.222168 -0.236816 0.968872 -0.018555 0.008057 -0.000244
0.237061 -0.248779 1.033203 -0.029175 0.006348 -0.007813
0.206177 -0.241577 1.026733 -0.025024 0.008423 -0.013428
0.193726 -0.209717 0.970947 -0.016235 -0.004517 -0.011963
0.228882 -0.212891 0.979248 -0.024048 -0.012939 -0.007813
0.273315 -0.230347 1.002930 -0.035889 -0.014038 -0.009399
0.262207 -0.224365 0.988770 -0.037720 -0.001099 -0.020996
0.238281 -0.215454 0.974854 -0.041382 0.011230 -0.026123
0.222534 -0.229248 0.981689 -0.050781 0.020386 -0.022705
0.201782 -0.251343 1.011963 -0.052734 0.023193 -0.019775
0.194946 -0.262329 1.018677 -0.044800 0.014282 -0.012207
0.197632 -0.254639 1.002808 -0.032104 0.006104 -0.000610
0.204468 -0.249146 0.993774 -0.026611 0.000610 0.004761
0.241577 -0.250000 0.997437 -0.023071 -0.009521 0.005615
0.254517 -0.233887 0.993652 -0.020752 -0.003296 0.004150
0.249756 -0.218384 0.982666 -0.022827 0.009888 0.000244
0.245361 -0.215698 0.976074 -0.031128 0.021606 -0.000244
0.237793 -0.224731 0.985107 -0.041626 0.030029 -0.003052
0.230225 -0.232910 0.996826 -0.048706 0.032837 -0.007446
0.223389 -0.244141 0.996094 -0.052856 0.033936 -0.011353
0.211182 -0.255981 1.002197 -0.053467 0.031982 -0.017822
0.189087 -0.259888 1.007813 -0.048584 0.021729 -0.026001
0.168213 -0.264038 1.015259 -0.039307 0.011108 -0.024780
0.161255 -0.262695 1.015869 -0.026245 -0.006592 -0.017822
0.177856 -0.260864 1.013062 -0.014404 -0.022583 -0.004883
0.210815 -0.252563 1.006836 -0.003418 -0.033691 0.002686
0.232300 -0.236084 0.994873 0.002197 -0.037109 0.001465
0.244019 -0.223633 0.986084 0.001099 -0.035034 -0.005371
0.244263 -0.212036 0.982300 -0.004761 -0.030640 -0.012817
0.244507 -0.213745 0.978882 -0.015259 -0.017944 -0.016846
0.235229 -0.226074 0.981567 -0.026245 -0.004150 -0.020142
0.217896 -0.236450 0.994385 -0.033081 0.000488 -0.021484
0.203857 -0.244507 1.002686 -0.033691 0.001221 -0.017456
0.196899 -0.247314 1.003174 -0.029785 -0.001587 -0.011108
0.197632 -0.246460 1.003784 -0.026245 -0.006348 -0.006592
0.202881 -0.245972 1.004517 -0.024048 -0.011719 -0.002686
0.217407 -0.247803 0.997925 -0.020874 -0.017334 -0.002563
0.220703 -0.243042 0.993774 -0.017822 -0.017334 -0.005005
0.235107 -0.246460 0.989868 -0.016357 -0.019043 -0.009644
0.230469 -0.240967 0.992432 -0.016968 -0.015137 -0.014282
0.221680 -0.240601 0.987915 -0.019897 -0.008301 -0.016724
0.216064 -0.244507 0.992798 -0.022339 -0.008545 -0.017944
0.208740 -0.247070 1.000488 -0.024414 -0.010254 -0.020020
0.198120 -0.250122 1.004395 -0.022949 -0.015991 -0.021118
0.192749 -0.250122 1.009033 -0.020142 -0.024780 -0.019409
0.194336 -0.251587 1.004517 -0.013062 -0.039185 -0.019409
0.199707 -0.243774 1.006348 -0.006226 -0.051025 -0.020630
0.210449 -0.234497 1.002808 -0.002075 -0.060059 -0.022339
0.219116 -0.223389 0.995239 -0.000366 -0.061768 -0.021484
0.246094 -0.213379 0.980103 -0.003906 -0.056519 -0.014526
0.262207 -0.212891 0.985840 -0.014160 -0.029907 -0.007446
0.258057 -0.214966 0.979858 -0.023926 -0.011841 -0.011353
0.243286 -0.222656 0.982544 -0.034424 0.001953 -0.015503
0.224854 -0.236084 0.991089 -0.042480 0.015625 -0.010498
0.219971 -0.248779 0.995850 -0.045654 0.019897 -0.006226
0.210693 -0.255981 1.002563 -0.044434 0.018066 -0.005493
0.195435 -0.260864 1.005737 -0.038452 0.013306 -0.006958
