0.156616 -0.124756 1.030884 -0.039185 -0.003540 -0.019653
0.171143 -0.123169 1.028687 -0.034180 -0.011597 -0.018188
0.167603 -0.110840 1.022217 -0.031006 -0.013428 -0.020142
0.161011 -0.110107 1.015381 -0.032715 -0.013916 -0.023193
0.171509 -0.109497 1.014404 -0.036987 -0.019897 -0.031006
0.170654 -0.110596 1.021851 -0.041260 -0.019287 -0.039917
0.155151 -0.109497 1.028320 -0.046875 -0.011108 -0.042114
0.143921 -0.106689 1.028564 -0.050781 -0.007080 -0.035400
0.139404 -0.102295 1.028198 -0.050781 -0.011963 -0.026489
0.149170 -0.102295 1.022217 -0.049194 -0.026367 -0.019409
0.169922 -0.104004 1.016602 -0.051514 -0.037964 -0.012085
0.223755 -0.111328 1.021606 -0.057373 -0.028320 -0.011963
0.227783 -0.115234 1.035034 -0.069458 0.001709 -0.030518
0.208130 -0.110718 1.052124 -0.078613 0.022461 -0.063110
0.180542 -0.098022 1.062622 -0.083008 0.026611 -0.098999
0.151733 -0.090454 1.079468 -0.083130 0.018799 -0.122681
0.111816 -0.090942 1.109131 -0.083496 0.024170 -0.120850
0.089600 -0.071411 1.139526 -0.070435 0.010132 -0.104004
0.098877 -0.057251 1.165161 -0.046143 -0.034424 -0.100342
0.135132 -0.039429 1.201538 -0.025024 -0.086426 -0.095459
0.194580 -0.036865 1.253540 -0.016602 -0.120972 -0.082520
0.238892 -0.046021 1.320190 -0.019897 -0.109863 -0.060547
0.305664 -0.068115 1.362671 -0.024170 -0.087891 -0.048340
0.354736 -0.095947 1.406372 -0.034790 -0.026733 -0.045166
0.303589 -0.117676 1.452759 -0.049438 0.071777 -0.047485
0.258301 -0.145752 1.479248 -0.046509 0.129517 -0.051392
0.222290 -0.184937 1.500732 -0.021484 0.146484 -0.062622
0.201294 -0.208618 1.491699 0.031494 0.125122 -0.088379
0.166748 -0.220947 1.468140 0.103760 0.090942 -0.116577
0.104492 -0.210815 1.421265 0.187622 0.063843 -0.125610
0.084351 -0.201294 1.349243 0.264404 0.022095 -0.116577
0.094971 -0.167725 1.261475 0.323364 -0.020996 -0.103027
0.093750 -0.121460 1.160889 0.356689 -0.084839 -0.109863
0.117065 -0.082397 1.070801 0.348022 -0.151001 -0.121094
0.122803 -0.052246 1.027832 0.314941 -0.171021 -0.113037
0.095093 -0.030884 0.979370 0.269165 -0.152588 -0.083618
0.042969 -0.045654 0.963379 0.214600 -0.148193 -0.046997
0.047974 -0.083984 0.959595 0.182983 -0.180054 0.002075
0.094604 -0.125000 0.940552 0.179688 -0.186157 0.058716
0.154419 -0.128418 0.891113 0.191162 -0.181641 0.091553
0.220337 -0.116455 0.862427 0.193237 -0.140137 0.105225
0.165161 -0.079590 0.821777 0.198364 -0.091064 0.066162
0.118286 -0.051514 0.818481 0.176025 -0.106445 0.035889
0.094971 -0.051514 0.826172 0.160767 -0.132446 0.019165
0.091431 -0.051392 0.807739 0.156494 -0.125977 0.037598
0.081909 -0.038208 0.767090 0.146606 -0.108032 0.074219
0.064209 -0.021362 0.742920 0.126343 -0.119385 0.092773
0.074463 -0.018188 0.718018 0.092041 -0.152832 0.106201
0.128296 -0.026367 0.714111 0.060669 -0.158691 0.124023
0.190674 -0.046753 0.713379 0.032104 -0.143799 0.131470
0.240723 -0.065674 0.760498 0.007813 -0.150391 0.094482
0.267456 -0.097290 0.836670 0.009155 -0.158081 0.046753
0.300659 -0.106323 0.874023 0.042236 -0.171387 0.000977
0.283936 -0.081665 0.873291 0.084717 -0.168335 -0.036499
0.226440 -0.042114 0.830322 0.102905 -0.160400 -0.048950
0.223511 -0.023682 0.799683 0.090454 -0.180786 -0.039551
0.241089 -0.039551 0.797485 0.065918 -0.168091 -0.010254
0.263550 -0.023438 0.785034 0.036987 -0.132568 0.023193
0.284180 -0.029175 0.769409 0.005005 -0.073486 0.051514
0.269165 -0.037842 0.785400 -0.027344 -0.030151 0.047729
0.262085 -0.051758 0.802856 -0.039917 -0.016357 0.036133
0.224365 -0.051270 0.814087 -0.039063 -0.002441 0.031738
0.207275 -0.054077 0.807495 -0.030151 -0.012451 0.028931
0.275146 -0.048828 0.788330 -0.017700 -0.041992 0.015625
0.313965 -0.045044 0.781128 -0.015625 -0.045044 -0.016113
0.282349 -0.024170 0.771729 -0.018188 -0.038330 -0.051392
0.280518 -0.000977 0.749390 -0.025146 -0.056519 -0.077148
0.283203 0.020508 0.722168 -0.047729 -0.057373 -0.080200
0.245972 0.023438 0.715698 -0.089966 -0.027344 -0.062256
0.211792 0.013184 0.729736 -0.131348 -0.004395 -0.037109
0.221191 -0.008789 0.753784 -0.159790 -0.000732 -0.008301
0.243408 -0.020630 0.772095 -0.165771 0.001221 0.016724
0.248657 -0.046143 0.775757 -0.148438 0.005493 0.027222
0.267456 -0.036255 0.783936 -0.128174 0.027954 0.037964
0.294189 -0.049805 0.800049 -0.120850 0.078003 0.037598
0.289063 -0.065918 0.816406 -0.102905 0.120117 0.008301
0.247070 -0.052979 0.825684 -0.095459 0.118408 -0.028687
0.176514 -0.051392 0.819092 -0.109863 0.025269 -0.091553
0.161255 -0.000977 0.834839 -0.129761 -0.118530 -0.129883
0.167603 -0.016968 0.853394 -0.165649 -0.197388 -0.143066
0.197998 -0.026855 0.884277 -0.198486 -0.219360 -0.132446
0.183594 -0.039185 0.894531 -0.243530 -0.174072 -0.098999
0.196289 -0.051392 0.930298 -0.281738 -0.110107 -0.050171
0.218872 -0.088623 0.980225 -0.317139 -0.043335 -0.013916
0.204834 -0.141724 1.038208 -0.326172 0.020752 0.009644
0.204712 -0.156250 1.105469 -0.303101 0.060669 0.035889
0.204468 -0.146118 1.138062 -0.255737 0.070801 0.046875
0.226685 -0.114380 1.130371 -0.211914 0.030273 0.030029
0.297241 -0.070801 1.106323 -0.189575 -0.056885 -0.030151
0.281372 -0.050781 1.107544 -0.187012 -0.096924 -0.100464
0.230957 -0.045898 1.121216 -0.192871 -0.090088 -0.121216
0.201172 -0.063965 1.114868 -0.207886 -0.057129 -0.092529
0.178833 -0.097778 1.121338 -0.219482 -0.025391 -0.046875
0.188354 -0.128052 1.136475 -0.230957 0.003540 0.008545
0.198730 -0.157227 1.169556 -0.236816 0.038452 0.057617
0.227173 -0.171387 1.200195 -0.232422 0.058716 0.083374
0.255615 -0.183350 1.231934 -0.211426 0.040283 0.079834
0.248413 -0.175781 1.255859 -0.186890 0.008545 0.070068
0.267700 -0.163452 1.260986 -0.154297 -0.024902 0.065430
0.293213 -0.162842 1.247192 -0.121094 -0.039185 0.067627
0.282227 -0.145630 1.219482 -0.093506 -0.036621 0.058716
0.269653 -0.125732 1.181641 -0.077637 -0.032715 0.046387
0.256714 -0.106689 1.148071 -0.077881 -0.019409 0.042969
0.243042 -0.103516 1.132202 -0.088379 0.002563 0.051392
0.227051 -0.105957 1.123047 -0.099731 0.011230 0.059692
0.222778 -0.102905 1.126465 -0.104858 -0.006470 0.061279
0.273193 -0.107178 1.133789 -0.099121 -0.041626 0.055542
0.313232 -0.081421 1.148804 -0.088135 -0.057983 0.044800
0.362183 -0.045654 1.190552 -0.092285 -0.046265 0.040161
0.408203 -0.056396 1.263062 -0.119141 0.004150 0.049805
0.411011 -0.120361 1.334229 -0.140747 0.081055 0.051392
0.331665 -0.188599 1.330811 -0.113647 0.119995 0.017334
0.210815 -0.210205 1.235474 -0.029785 0.087280 -0.040039
0.145142 -0.194946 1.109375 0.059692 0.019043 -0.078369
0.084717 -0.164185 1.001099 0.114502 -0.026733 -0.080200
0.073975 -0.134277 0.924072 0.130981 -0.074219 -0.063599
0.128784 -0.101074 0.885498 0.108154 -0.123413 -0.040649
0.213745 -0.089600 0.890259 0.060181 -0.133179 -0.015137
0.259277 -0.094360 0.911377 0.000732 -0.077637 0.019043
0.266846 -0.118896 0.958374 -0.051025 -0.008423 0.047974
0.282104 -0.144531 0.997681 -0.073120 0.016113 0.048096
0.300659 -0.154053 1.020874 -0.069336 0.014526 0.028320
0.289673 -0.146118 1.028931 -0.059937 0.024414 0.004883
0.270752 -0.138672 1.040527 -0.051270 0.032227 -0.014526
0.250977 -0.137573 1.041382 -0.042358 0.030396 -0.024414
0.248413 -0.136597 1.033081 -0.033569 0.023560 -0.023193
0.241089 -0.137695 1.016479 -0.030884 0.024536 -0.015503
0.232666 -0.140869 1.005249 -0.033081 0.028076 -0.005005
0.231323 -0.140625 0.990356 -0.035400 0.028320 0.004150
0.243408 -0.140869 0.992065 -0.039185 0.023071 0.003174
0.253784 -0.144165 0.997925 -0.045898 0.019043 -0.004761
0.241577 -0.150024 1.008301 -0.051758 0.023071 -0.015015
0.234131 -0.153564 1.017212 -0.051025 0.022827 -0.020020
0.233765 -0.154907 1.015137 -0.046509 0.022583 -0.022095
0.218628 -0.148926 1.012695 -0.044434 0.028076 -0.025391
0.198120 -0.142456 1.019165 -0.045532 0.027466 -0.025635
0.187988 -0.141602 1.021851 -0.045654 0.023926 -0.017334
0.190674 -0.147217 1.027954 -0.039795 0.013916 -0.007324
0.206299 -0.136475 1.030273 -0.029297 0.001099 0.001099
0.222168 -0.140747 1.027222 -0.022583 -0.004761 0.001099
0.232544 -0.141113 1.024292 -0.017334 -0.009277 -0.006348
0.233032 -0.141113 1.019897 -0.014771 -0.008423 -0.016235
0.222412 -0.143555 1.006836 -0.016357 -0.007446 -0.020996
0.234741 -0.146484 1.003784 -0.016235 -0.007690 -0.021118
0.240967 -0.150879 1.004761 -0.020874 -0.005859 -0.033936
0.229614 -0.145142 1.009155 -0.025269 -0.000122 -0.047974
0.218750 -0.151855 1.021606 -0.026489 -0.002319 -0.056519
0.219727 -0.143555 1.029053 -0.021606 -0.006958 -0.048828
0.214966 -0.160156 1.023560 -0.023926 -0.008423 -0.054199
0.228760 -0.145874 1.016846 -0.013550 -0.017578 -0.047485
