0.185669 -0.138550 1.021118 -0.029785 -0.024536 -0.030273
0.184814 -0.136597 1.018921 -0.029297 -0.028442 -0.021729
0.194336 -0.142456 1.020142 -0.026733 -0.030396 -0.017090
0.211426 -0.141846 1.024658 -0.026001 -0.031128 -0.018433
0.212036 -0.143799 1.018555 -0.021729 -0.030273 -0.025391
0.210938 -0.135864 1.009033 -0.019897 -0.026123 -0.029663
0.212891 -0.134277 1.001709 -0.021240 -0.021240 -0.034424
0.203247 -0.130859 1.005737 -0.028320 -0.017944 -0.039551
0.195190 -0.137085 1.016968 -0.033447 -0.014038 -0.037842
0.195557 -0.141846 1.022827 -0.036499 -0.013428 -0.031616
0.208496 -0.145020 1.020630 -0.034424 -0.012451 -0.029541
0.198120 -0.140015 1.020386 -0.035767 -0.005249 -0.033081
0.185913 -0.133545 1.021118 -0.035522 0.000610 -0.031250
0.184692 -0.129272 1.017090 -0.039551 0.007690 -0.023438
0.194336 -0.130127 1.024292 -0.043091 0.017090 -0.014404
0.200073 -0.126709 1.029541 -0.046265 0.022583 -0.012817
0.201294 -0.118530 1.029541 -0.046875 0.024780 -0.018921
0.209106 -0.114014 1.038330 -0.053955 0.025024 -0.027222
0.210205 -0.113892 1.062012 -0.064819 0.031372 -0.033936
0.170898 -0.108032 1.087646 -0.074585 0.040283 -0.038818
0.172852 -0.105835 1.134644 -0.076660 0.019653 -0.045288
0.186768 -0.105469 1.178467 -0.078491 -0.009033 -0.050171
0.228394 -0.118896 1.245239 -0.082031 -0.028564 -0.054565
0.271118 -0.124146 1.310181 -0.081787 -0.022217 -0.049438
0.300659 -0.123657 1.353027 -0.079590 0.009644 -0.041992
0.294800 -0.118652 1.357788 -0.099121 0.082153 -0.022949
0.273560 -0.125122 1.353027 -0.120850 0.113647 -0.024048
0.203125 -0.135254 1.363892 -0.158569 0.103638 -0.042847
0.176880 -0.175903 1.386963 -0.183960 0.031616 -0.069824
0.154785 -0.221558 1.401733 -0.184570 -0.015991 -0.066772
0.086182 -0.252319 1.381958 -0.120850 -0.027710 -0.067017
0.062866 -0.269043 1.340454 -0.053467 -0.062622 -0.039795
0.181030 -0.288940 1.307251 0.022217 -0.117676 -0.024902
0.207275 -0.281494 1.257935 0.096436 -0.094482 -0.024658
0.160522 -0.251221 1.210938 0.154175 -0.039551 -0.021362
0.110352 -0.204834 1.154541 0.190552 -0.006958 0.004028
0.074097 -0.188354 1.097412 0.197144 -0.040894 0.017212
0.102417 -0.170776 1.072632 0.190430 -0.120605 0.024048
0.109009 -0.173828 1.053101 0.194580 -0.159790 0.026855
0.086914 -0.160645 1.014771 0.202393 -0.171631 0.057007
0.108154 -0.142334 0.959351 0.199951 -0.197876 0.113647
0.203247 -0.153442 0.900391 0.197876 -0.222168 0.162842
0.287476 -0.142456 0.869751 0.197144 -0.188477 0.193848
0.276855 -0.115601 0.850098 0.172607 -0.107666 0.189087
0.309204 -0.104126 0.828979 0.146362 -0.057983 0.140259
0.276611 -0.100830 0.844849 0.133423 0.002686 0.076050
0.150513 -0.083496 0.856323 0.140137 0.017822 0.016846
0.127197 -0.071167 0.845337 0.152588 -0.046509 -0.012573
0.149292 -0.057861 0.804688 0.181030 -0.116943 -0.029297
0.172729 -0.015015 0.761597 0.180908 -0.154785 -0.031006
0.188843 0.002930 0.744995 0.143433 -0.159180 -0.022949
0.214478 -0.019653 0.745483 0.096313 -0.128296 0.000122
0.241333 -0.045898 0.763916 0.051880 -0.080200 0.019653
0.221436 -0.056763 0.776733 0.018188 -0.034912 0.029297
0.199219 -0.065063 0.794556 -0.015259 -0.031128 0.028809
0.209473 -0.104004 0.832275 -0.036987 -0.054565 0.024536
0.196167 -0.119873 0.841309 -0.031372 -0.048340 0.035522
0.189209 -0.127319 0.834106 -0.015869 -0.063477 0.036743
0.221313 -0.122437 0.832520 0.005249 -0.110840 0.020874
0.260010 -0.097168 0.801636 0.033691 -0.144531 -0.006958
0.293335 -0.072266 0.767822 0.041260 -0.147339 -0.029175
0.301514 -0.063354 0.758911 0.024292 -0.129028 -0.052734
0.292847 -0.069824 0.771606 0.007446 -0.102783 -0.065552
0.291382 -0.078857 0.769775 -0.002930 -0.065674 -0.072998
0.272705 -0.087402 0.772217 -0.014282 -0.033203 -0.080078
0.270630 -0.104004 0.781494 -0.028687 -0.006958 -0.079346
0.232544 -0.113892 0.789429 -0.037598 0.019165 -0.072510
0.217651 -0.115112 0.797852 -0.042114 0.014648 -0.062988
0.245605 -0.103394 0.784668 -0.050659 -0.010376 -0.056641
0.275513 -0.101807 0.783813 -0.073975 -0.031982 -0.060303
0.291504 -0.106934 0.798462 -0.099731 -0.038452 -0.067505
0.299072 -0.105713 0.805542 -0.121582 -0.028687 -0.073975
0.295166 -0.101196 0.807251 -0.137207 -0.009399 -0.088867
0.260864 -0.103149 0.824585 -0.153564 0.005981 -0.101929
0.226807 -0.113281 0.841675 -0.161377 0.019531 -0.094849
0.219604 -0.126709 0.859253 -0.166260 0.029419 -0.073853
0.231079 -0.140869 0.885010 -0.160767 0.046143 -0.044067
0.253906 -0.157227 0.900635 -0.139771 0.091431 -0.008423
0.234741 -0.170166 0.902954 -0.109619 0.152588 0.020508
0.195190 -0.160645 0.881714 -0.093384 0.186523 0.047119
0.186401 -0.164551 0.881226 -0.089844 0.159424 0.049072
0.218018 -0.169312 0.884399 -0.082153 0.108276 0.032715
0.211060 -0.148804 0.881836 -0.081787 0.089233 0.022583
0.231079 -0.116699 0.861938 -0.095215 0.007568 -0.012817
0.314941 -0.106445 0.834106 -0.106812 -0.098022 -0.073853
0.316162 -0.093872 0.814209 -0.146973 -0.088501 -0.100708
0.253540 -0.076538 0.815186 -0.182739 -0.005737 -0.100220
0.202759 -0.088013 0.849731 -0.240723 0.105347 -0.067383
0.126221 -0.114258 0.904297 -0.282593 0.166016 -0.041504
0.108276 -0.162109 0.982056 -0.318115 0.190796 -0.003296
0.096802 -0.212646 1.057251 -0.306641 0.183594 0.015625
0.069824 -0.229004 1.105835 -0.250610 0.133179 -0.004517
0.069214 -0.202271 1.110107 -0.172241 0.037354 -0.036133
0.107178 -0.167114 1.095947 -0.107178 -0.058105 -0.062500
0.177612 -0.141357 1.090576 -0.078735 -0.127686 -0.075562
0.222168 -0.111450 1.111084 -0.082397 -0.142212 -0.071533
0.221436 -0.100342 1.139526 -0.114258 -0.121094 -0.051392
0.233887 -0.098511 1.161621 -0.140991 -0.117188 -0.033936
0.248657 -0.101440 1.172119 -0.161255 -0.113159 -0.021362
0.240112 -0.119751 1.185913 -0.185913 -0.088501 -0.004639
0.228516 -0.155762 1.196167 -0.212524 -0.042725 0.030151
0.214966 -0.203247 1.220215 -0.237183 0.007813 0.066895
0.215820 -0.241577 1.245117 -0.234741 0.028931 0.091431
0.215454 -0.278442 1.270142 -0.216675 0.026001 0.094116
0.214111 -0.283325 1.278442 -0.180298 -0.009399 0.071899
0.230957 -0.271606 1.269897 -0.148682 -0.044434 0.058838
0.225220 -0.240234 1.261230 -0.122070 -0.044434 0.066528
0.206543 -0.235596 1.228638 -0.098877 -0.025513 0.081787
0.390991 -0.300171 1.417969 -0.084473 -0.013916 0.101318
0.257813 -0.445557 1.567871 -0.030151 0.109741 0.093506
0.041504 -0.198853 1.315308 0.173462 0.115845 0.118530
0.129639 -0.114380 1.101074 0.199829 -0.102783 0.101074
0.251465 -0.113770 1.019653 0.137695 -0.189819 0.086304
0.216431 -0.160767 1.043701 0.073608 -0.113770 0.064453
0.141113 -0.144653 1.028442 0.075562 -0.051392 0.064941
0.202515 -0.133667 0.997925 0.094849 -0.098633 0.061523
0.286865 -0.122070 0.961670 0.101074 -0.134399 0.044800
0.314087 -0.079834 0.947632 0.092529 -0.108398 0.027832
0.286987 -0.067871 0.937500 0.063477 -0.064453 0.001099
0.262817 -0.056396 0.941528 0.025513 -0.033569 -0.003296
0.255493 -0.080688 0.955078 -0.014526 -0.005859 -0.000610
0.244385 -0.115723 0.976685 -0.049194 0.022949 0.003784
0.205078 -0.156494 1.016724 -0.070068 0.039795 -0.000122
0.195801 -0.184570 1.041382 -0.073975 0.030396 0.000244
0.200928 -0.212524 1.053589 -0.067505 0.015259 -0.006958
0.209106 -0.226929 1.064697 -0.055054 0.004761 -0.013184
0.210815 -0.231934 1.062622 -0.040161 0.000854 -0.020508
0.203979 -0.223389 1.047852 -0.024048 0.007813 -0.022461
0.196411 -0.215088 1.023804 -0.011475 0.009766 -0.029297
0.198486 -0.198486 1.002441 -0.002197 -0.005005 -0.037476
0.208740 -0.182983 0.986938 0.002319 -0.011230 -0.037842
0.199951 -0.169556 0.986328 -0.003296 -0.004272 -0.029419
0.206177 -0.171021 0.994995 -0.012573 -0.001709 -0.020020
0.247437 -0.172852 1.005249 -0.017578 -0.007813 -0.020386
0.248047 -0.166260 1.008545 -0.020020 0.001099 -0.030884
0.227905 -0.160034 1.014404 -0.026001 0.010010 -0.037598
0.219727 -0.162842 1.012085 -0.028320 0.014771 -0.035889
0.211792 -0.162598 1.005981 -0.027466 0.015625 -0.030396
0.210327 -0.161987 0.999634 -0.026978 0.012207 -0.028442
0.206421 -0.165894 0.999390 -0.030396 0.007080 -0.023560
0.218506 -0.174927 1.001587 -0.034058 0.006104 -0.019043
0.225830 -0.180420 1.003418 -0.038452 0.010376 -0.025879
0.206787 -0.181885 1.020508 -0.038818 0.012085 -0.037476
0.198608 -0.189941 1.024414 -0.036011 0.005615 -0.042480
0.189575 -0.189209 1.022705 -0.029663 -0.002075 -0.040649
0.197876 -0.188110 1.010864 -0.026367 -0.006348 -0.032593
0.197388 -0.188721 1.007690 -0.024902 -0.007568 -0.028442
0.210327 -0.184204 1.007202 -0.024780 -0.009155 -0.030151
0.218262 -0.178711 1.008301 -0.022339 -0.014160 -0.036865
0.219604 -0.173462 1.005249 -0.026611 -0.008545 -0.042358
