0.232788 -0.150391 1.004639 -0.027588 -0.001221 -0.026611
0.218506 -0.155518 1.010376 -0.032227 0.003052 -0.028564
0.203857 -0.158325 1.007446 -0.033081 -0.000244 -0.026001
0.197998 -0.164795 1.010010 -0.033447 -0.003784 -0.017700
0.203857 -0.174561 1.015503 -0.032349 -0.007446 -0.007446
0.209961 -0.174927 1.016724 -0.028809 -0.010010 -0.003906
0.215576 -0.173096 1.014282 -0.025146 -0.015015 -0.006348
0.219360 -0.169922 1.010376 -0.022461 -0.017700 -0.010620
0.225586 -0.161987 1.008789 -0.021118 -0.019287 -0.013672
0.222900 -0.157715 1.006836 -0.023438 -0.017944 -0.015869
0.223511 -0.162476 1.005493 -0.025635 -0.016113 -0.016113
0.227539 -0.159424 1.007690 -0.026978 -0.013794 -0.015991
0.229370 -0.156982 1.011597 -0.028687 -0.006104 -0.020020
0.216431 -0.151245 1.015259 -0.031128 0.000854 -0.026611
0.203613 -0.143921 1.015137 -0.033447 0.004517 -0.024902
0.207275 -0.138794 1.004883 -0.037354 0.007446 -0.019409
0.210571 -0.143677 1.005249 -0.045532 0.015625 -0.015869
0.199585 -0.154175 1.012207 -0.055542 0.026001 -0.015869
0.196655 -0.165039 1.022217 -0.062622 0.032959 -0.012451
0.214478 -0.169312 1.033081 -0.072998 0.043579 -0.004028
0.231689 -0.163086 1.064941 -0.090332 0.066162 0.002686
0.234863 -0.158569 1.122192 -0.111328 0.094727 0.003906
0.221924 -0.145508 1.183960 -0.119751 0.111328 -0.000977
0.193481 -0.116699 1.230103 -0.115723 0.095459 -0.018921
0.221924 -0.118896 1.287964 -0.098877 0.061768 -0.027954
0.260864 -0.122070 1.330078 -0.068359 0.061035 -0.026733
0.284180 -0.141968 1.344360 -0.036499 0.097534 -0.019165
0.279175 -0.154907 1.334351 -0.002075 0.125244 -0.028076
0.232666 -0.149902 1.320068 0.018921 0.137451 -0.052368
0.174438 -0.152710 1.306885 0.026611 0.131348 -0.070435
0.154541 -0.165405 1.302002 0.031372 0.110718 -0.076416
0.161377 -0.193115 1.287231 0.038574 0.085815 -0.074951
0.165771 -0.212402 1.279907 0.050171 0.054565 -0.080322
0.172119 -0.227173 1.269897 0.071045 0.038208 -0.084839
0.159302 -0.227905 1.249268 0.099487 0.038940 -0.083008
0.177734 -0.238770 1.211182 0.119019 0.027832 -0.082764
0.168335 -0.223267 1.190796 0.145020 0.034668 -0.075073
0.091675 -0.192993 1.141846 0.192505 0.040527 -0.079834
0.095215 -0.168335 1.083130 0.198242 -0.039917 -0.085571
0.161133 -0.145752 1.042358 0.178101 -0.135742 -0.101563
0.184937 -0.145874 1.032227 0.165283 -0.154907 -0.123169
0.132324 -0.119751 1.003174 0.153076 -0.125488 -0.115112
0.122925 -0.098022 0.985474 0.126099 -0.145874 -0.096924
0.176025 -0.102905 0.967773 0.108398 -0.193726 -0.087769
0.189941 -0.111572 0.962036 0.095459 -0.182007 -0.072754
0.164795 -0.122803 0.961670 0.086304 -0.144165 -0.051636
0.175171 -0.148804 0.952881 0.093384 -0.132324 -0.036865
0.160522 -0.152222 0.931763 0.117188 -0.128662 -0.030762
0.154297 -0.148804 0.913940 0.130005 -0.138916 -0.026123
0.170898 -0.148438 0.900024 0.135986 -0.138062 -0.011841
0.161255 -0.132202 0.899902 0.134277 -0.106567 0.012817
0.149658 -0.127808 0.889404 0.119751 -0.084595 0.045654
0.185669 -0.123657 0.891602 0.103516 -0.098999 0.064575
0.203369 -0.160156 0.903564 0.087158 -0.104736 0.043579
0.250488 -0.138428 0.879517 0.118774 -0.101563 0.039307
0.216919 -0.113647 0.861694 0.135986 -0.087036 0.006470
0.192871 -0.130249 0.830811 0.149048 -0.107910 -0.052490
0.231201 -0.123657 0.810303 0.152222 -0.123657 -0.029297
0.230347 -0.090942 0.816528 0.134644 -0.100464 0.008301
0.211914 -0.065552 0.800781 0.125732 -0.087769 0.026001
0.203369 -0.063477 0.798828 0.111572 -0.104126 0.033081
0.224365 -0.071289 0.794922 0.098877 -0.131348 0.036133
0.241821 -0.070313 0.772949 0.090332 -0.138306 0.037964
0.271362 -0.068604 0.759399 0.074707 -0.144531 0.029663
0.322144 -0.067627 0.759277 0.055908 -0.138672 0.014404
0.350464 -0.069458 0.767212 0.035645 -0.100708 -0.010620
0.320679 -0.083984 0.785645 0.015625 -0.044800 -0.031494
0.267578 -0.085815 0.801392 0.006592 -0.015381 -0.044922
0.245972 -0.076538 0.798340 0.004639 -0.022705 -0.041870
0.241699 -0.069214 0.778442 -0.004150 -0.032593 -0.032715
0.251343 -0.052612 0.755615 -0.021118 -0.032349 -0.021606
0.230591 -0.057373 0.755371 -0.049438 -0.010254 -0.008301
0.220459 -0.064941 0.759766 -0.078125 0.008423 0.002930
0.225342 -0.076294 0.765869 -0.099976 0.006226 0.002441
0.235229 -0.084106 0.780396 -0.116577 -0.015991 -0.013306
0.245850 -0.088745 0.791748 -0.125488 -0.030640 -0.032104
0.245728 -0.097534 0.786499 -0.130005 -0.040649 -0.049194
0.221313 -0.082031 0.788696 -0.132935 -0.049072 -0.062134
0.232666 -0.066650 0.791626 -0.142090 -0.073364 -0.068970
0.258301 -0.073730 0.797241 -0.159790 -0.083984 -0.067505
0.275879 -0.080933 0.800659 -0.178345 -0.067139 -0.060303
0.272339 -0.086060 0.809326 -0.193359 -0.038086 -0.049805
0.250854 -0.105347 0.833740 -0.208862 -0.014893 -0.034302
0.235474 -0.128662 0.846313 -0.216675 0.007935 -0.014893
0.226074 -0.149780 0.863159 -0.215576 0.014282 -0.008545
0.220581 -0.151978 0.852539 -0.205688 0.007813 -0.017944
0.223633 -0.150391 0.856323 -0.202026 -0.022339 -0.046997
0.246216 -0.147461 0.875610 -0.202759 -0.041016 -0.065308
0.240845 -0.144775 0.895996 -0.201782 -0.013184 -0.055298
0.217407 -0.139404 0.911987 -0.204834 0.008789 -0.038086
0.231567 -0.152466 0.935913 -0.210815 0.000122 -0.026733
0.263672 -0.169556 0.969360 -0.209961 0.002686 -0.019775
0.245483 -0.166870 1.004639 -0.193237 0.030273 -0.021729
0.217163 -0.169189 1.036133 -0.160645 0.040405 -0.028931
0.238159 -0.179565 1.061401 -0.114258 0.020508 -0.039307
0.236084 -0.161499 1.057495 -0.071045 -0.016357 -0.059204
0.208862 -0.129150 1.034180 -0.048950 -0.085815 -0.099243
0.250122 -0.086548 1.014893 -0.052124 -0.170410 -0.136108
0.250610 -0.046997 1.002319 -0.098633 -0.147949 -0.118652
0.274780 -0.043823 1.027222 -0.186035 -0.047729 -0.046997
0.322876 -0.072632 1.124268 -0.277832 0.060059 0.018555
0.325562 -0.176270 1.213745 -0.332764 0.134033 0.021362
0.301025 -0.217163 1.291260 -0.310791 0.156616 -0.004761
0.234131 -0.236328 1.323486 -0.239258 0.166992 -0.034180
0.217773 -0.235718 1.313721 -0.147583 0.128418 -0.043091
0.234741 -0.192505 1.254272 -0.058228 0.061157 -0.044678
0.261353 -0.137207 1.181030 -0.020874 -0.013306 -0.073120
0.265747 -0.100098 1.154907 -0.036011 -0.054199 -0.096191
0.233032 -0.094116 1.156738 -0.078247 -0.042114 -0.091309
0.201904 -0.106323 1.153442 -0.106812 -0.005127 -0.064941
0.181519 -0.147339 1.177612 -0.128418 0.007080 -0.037476
0.154297 -0.179199 1.181030 -0.122925 -0.015259 -0.022461
0.157959 -0.203003 1.165771 -0.092896 -0.051636 -0.009766
0.163696 -0.215820 1.130371 -0.048096 -0.077881 0.001831
0.115967 -0.197876 1.093506 -0.004761 -0.108032 0.000000
0.152954 -0.156860 1.075928 0.016602 -0.174927 -0.003906
0.359375 -0.107544 1.145630 -0.011597 -0.203979 0.010742
0.557739 -0.119019 1.325684 -0.102783 -0.089966 0.040405
0.479492 -0.288330 1.492920 -0.191528 0.131714 0.052246
0.336060 -0.359131 1.447998 -0.115601 0.180298 0.006104
0.211426 -0.317505 1.259399 0.059692 0.080322 -0.086304
0.116211 -0.238892 1.030640 0.207764 -0.028320 -0.116577
0.078613 -0.149292 0.874268 0.261963 -0.091187 -0.088867
0.093262 -0.109497 0.789429 0.240112 -0.146851 -0.063477
0.110596 -0.059937 0.768188 0.179321 -0.168701 -0.021606
0.182495 -0.019409 0.800171 0.088989 -0.149536 0.043945
0.265869 -0.039551 0.880249 -0.015747 -0.087769 0.109863
0.354980 -0.103027 0.975952 -0.093872 -0.033447 0.145386
0.447632 -0.152222 1.049805 -0.113281 -0.008179 0.128784
0.463257 -0.166016 1.090942 -0.089355 0.022339 0.073608
0.395264 -0.165527 1.085205 -0.051392 0.038452 0.001587
0.325806 -0.162598 1.037476 -0.019409 0.031006 -0.058594
0.238037 -0.154175 0.981689 -0.005737 0.031250 -0.083984
0.172729 -0.151489 0.946411 -0.011108 0.030029 -0.079102
0.142212 -0.156616 0.939209 -0.032959 0.024414 -0.054443
0.151855 -0.179932 0.972046 -0.056885 0.026123 -0.012207
0.183716 -0.182739 1.006592 -0.068115 0.026855 0.028809
0.212769 -0.189331 1.044189 -0.069946 0.022461 0.053711
0.256958 -0.201782 1.072021 -0.057617 0.007568 0.057739
0.293823 -0.206421 1.071655 -0.031616 -0.008789 0.039063
0.293091 -0.183105 1.045898 -0.002686 -0.019165 0.005249
0.258911 -0.158813 1.010010 0.012817 -0.021606 -0.022949
0.230469 -0.140747 0.973999 0.013428 -0.019287 -0.030762
0.220093 -0.130615 0.955566 0.001709 -0.018921 -0.022095
0.225342 -0.124268 0.958740 -0.017944 -0.015015 -0.001831
0.228027 -0.135620 0.983398 -0.040161 -0.004395 0.016357
0.229248 -0.145020 1.001709 -0.051270 -0.004272 0.031860
0.277100 -0.166138 1.009277 -0.053467 -0.012085 0.040039
0.300659 -0.171875 1.021973 -0.051636 -0.003052 0.025635
0.292358 -0.173462 1.026611 -0.045532 0.006470 0.000244
