0.232666 -0.157959 1.000977 -0.021973 -0.012939 -0.008789
0.237671 -0.158447 1.000732 -0.026001 -0.010620 -0.007446
0.241455 -0.166626 1.002075 -0.029053 -0.007446 -0.010498
0.232666 -0.168701 1.011841 -0.029785 -0.008545 -0.017578
0.232666 -0.171875 1.008057 -0.028809 -0.009277 -0.019897
0.230225 -0.166260 1.004272 -0.027954 -0.008179 -0.021240
0.234863 -0.169800 1.003540 -0.028564 -0.014771 -0.023315
0.229248 -0.173828 1.007813 -0.031006 -0.014038 -0.020874
0.225220 -0.177856 1.011230 -0.031860 -0.009766 -0.015259
0.230469 -0.163940 1.016113 -0.030029 -0.010986 -0.012573
0.242798 -0.158936 1.010498 -0.031128 -0.007935 -0.012939
0.241943 -0.155518 1.015747 -0.037354 0.005127 -0.012573
0.252563 -0.170654 1.027710 -0.046753 0.020386 -0.012939
0.235352 -0.202393 1.057495 -0.059448 0.044556 -0.006226
0.194336 -0.217285 1.085449 -0.057983 0.053589 -0.003296
0.187866 -0.189209 1.105103 -0.036011 0.030151 -0.003662
0.178589 -0.161621 1.121460 -0.017456 0.005371 -0.014038
0.171509 -0.129272 1.139038 -0.002808 -0.018188 -0.022339
0.190186 -0.113281 1.167725 0.001587 -0.053467 -0.033325
0.275757 -0.122437 1.207031 -0.014771 -0.068237 -0.023315
0.368164 -0.141846 1.264160 -0.054443 -0.008057 0.006226
0.372681 -0.179443 1.350830 -0.102539 0.111572 0.034546
0.321045 -0.229370 1.420410 -0.138916 0.226563 0.041748
0.293701 -0.256470 1.453125 -0.118408 0.265747 0.042969
0.245850 -0.283447 1.479248 -0.068115 0.281738 0.038452
0.204102 -0.306274 1.469116 0.005737 0.257690 0.018555
0.138550 -0.281372 1.419922 0.086548 0.177856 -0.021362
0.137207 -0.253418 1.360718 0.149902 0.029053 -0.088257
0.134644 -0.210693 1.298584 0.197876 -0.072021 -0.128418
0.124268 -0.163330 1.208252 0.212158 -0.096313 -0.127686
0.100952 -0.100708 1.161377 0.176025 -0.114014 -0.103027
0.126587 -0.074219 1.109497 0.157837 -0.171997 -0.119019
0.150391 -0.077637 1.083008 0.108521 -0.196533 -0.117676
0.164307 -0.091919 1.074341 0.073120 -0.172974 -0.088379
0.151978 -0.124268 1.069336 0.057007 -0.129761 -0.048950
0.162109 -0.148071 1.046143 0.061401 -0.134766 -0.033447
0.199219 -0.158325 1.030273 0.091187 -0.174805 -0.056519
0.239258 -0.173706 1.000732 0.145264 -0.173218 -0.091064
0.194580 -0.116699 0.933838 0.196777 -0.142700 -0.097900
0.175537 -0.083496 0.889160 0.216309 -0.187012 -0.131836
0.200317 -0.057373 0.869263 0.216675 -0.232300 -0.151611
0.176514 -0.051025 0.837158 0.207642 -0.182007 -0.116211
0.136353 -0.028564 0.794312 0.188477 -0.130615 -0.044922
0.191895 -0.028076 0.770752 0.148438 -0.130981 -0.002197
0.225952 -0.025391 0.766113 0.097900 -0.089722 0.042358
0.210205 -0.052979 0.780029 0.039795 -0.050293 0.075806
0.222290 -0.096924 0.817261 0.002930 -0.052856 0.094482
0.268799 -0.146606 0.836182 -0.002075 -0.080688 0.086792
0.275146 -0.168701 0.828369 0.019165 -0.099854 0.057129
0.268921 -0.181396 0.824341 0.049316 -0.129028 0.013916
0.237671 -0.173828 0.806641 0.078735 -0.157959 -0.025391
0.253784 -0.162109 0.753540 0.098145 -0.190063 -0.044678
0.283569 -0.136841 0.706787 0.099365 -0.183228 -0.038940
0.294556 -0.130859 0.671021 0.070679 -0.159424 -0.031006
0.284790 -0.122070 0.701050 0.026489 -0.120850 -0.029663
0.286133 -0.120972 0.725464 0.014282 -0.114014 -0.035767
0.279175 -0.114014 0.736084 0.008545 -0.116699 -0.047974
0.300293 -0.098389 0.745972 0.005859 -0.118774 -0.053955
0.308960 -0.091919 0.765137 0.001465 -0.104614 -0.049194
0.344849 -0.094116 0.774414 0.001221 -0.074951 -0.033936
0.340088 -0.098022 0.766113 0.003174 -0.015503 -0.011841
0.298462 -0.082520 0.754761 -0.000854 0.025757 -0.001709
0.327393 -0.090210 0.761597 -0.016724 -0.007446 -0.017456
0.336792 -0.086914 0.785522 -0.033936 -0.018066 -0.032227
0.305908 -0.079712 0.792114 -0.053589 0.006348 -0.033203
0.324097 -0.082642 0.802979 -0.071167 0.008057 -0.036987
0.311401 -0.081909 0.813354 -0.086182 0.005371 -0.052002
0.293457 -0.081055 0.819214 -0.096069 -0.000977 -0.063599
0.273804 -0.081909 0.823975 -0.103027 0.002197 -0.059448
0.259399 -0.089478 0.821655 -0.107056 0.011108 -0.046021
0.280640 -0.120361 0.832031 -0.107056 0.025146 -0.032593
0.272339 -0.137695 0.848389 -0.092163 0.081055 -0.013916
0.239136 -0.144409 0.855591 -0.060181 0.147461 0.000488
0.216675 -0.125366 0.824463 -0.027466 0.167480 0.000488
0.248413 -0.100464 0.789429 -0.033936 0.110229 -0.020386
0.244019 -0.059570 0.774536 -0.078735 0.060669 -0.048828
0.236084 -0.066772 0.779663 -0.142700 0.011719 -0.072021
0.231323 -0.091187 0.824707 -0.197510 -0.007935 -0.066162
0.226440 -0.149536 0.866333 -0.229980 0.003296 -0.046509
0.252930 -0.180786 0.907959 -0.228149 0.013306 -0.030884
0.307739 -0.216431 0.941650 -0.198853 0.043945 -0.020874
0.361938 -0.268799 0.980713 -0.145752 0.121948 -0.020752
0.365356 -0.301270 1.028687 -0.078003 0.230469 -0.035156
0.286987 -0.301514 1.060303 0.012207 0.304321 -0.079224
0.223877 -0.276367 1.061157 0.103394 0.301270 -0.128418
0.170288 -0.220093 1.058838 0.165161 0.253174 -0.178711
0.120361 -0.153076 1.053711 0.201782 0.163818 -0.227905
0.111694 -0.082275 1.034424 0.211670 0.078003 -0.234985
0.143188 -0.018066 0.992554 0.186768 0.027100 -0.203979
0.167236 0.015137 0.952637 0.123169 0.010986 -0.159546
0.187744 0.034058 0.942993 0.028442 0.026489 -0.099854
0.200317 0.033936 0.965332 -0.079834 0.052856 -0.047607
0.225586 -0.010376 1.021851 -0.174438 0.061768 -0.021851
0.233765 -0.045532 1.097168 -0.219482 0.032471 -0.043579
0.236084 -0.073120 1.156128 -0.231934 -0.021240 -0.083008
0.214355 -0.073608 1.188843 -0.221069 -0.057129 -0.099121
0.199707 -0.071777 1.205566 -0.197021 -0.090088 -0.101318
0.212036 -0.068726 1.207031 -0.173218 -0.124512 -0.086426
0.256592 -0.060181 1.196289 -0.159790 -0.144043 -0.068115
0.260864 -0.029053 1.176392 -0.158325 -0.127441 -0.046875
0.209717 -0.014648 1.160156 -0.179199 -0.081665 -0.009277
0.188965 -0.045898 1.178711 -0.212524 -0.055542 0.037598
0.231934 -0.109375 1.180908 -0.227173 -0.058960 0.050049
0.244751 -0.153198 1.199219 -0.230713 -0.055786 0.052612
0.286987 -0.211548 1.197998 -0.205688 -0.057373 0.032471
0.255615 -0.210205 1.210693 -0.167725 -0.039917 0.016235
0.226318 -0.199951 1.205200 -0.119629 -0.051270 -0.011475
0.229614 -0.183960 1.186768 -0.076172 -0.062866 -0.016602
0.228516 -0.160034 1.159668 -0.052612 -0.044678 -0.000244
0.230225 -0.145508 1.136841 -0.049194 -0.011108 0.020874
0.211060 -0.130615 1.133057 -0.059448 0.024292 0.042603
0.212280 -0.126709 1.156494 -0.073120 0.031372 0.059082
0.242554 -0.135864 1.179443 -0.074463 0.016479 0.067505
0.275879 -0.151123 1.191406 -0.058105 0.008057 0.068970
0.317993 -0.161621 1.194824 -0.021118 0.011963 0.058228
0.308105 -0.144043 1.165771 0.022827 0.010254 0.025391
0.260864 -0.125488 1.117798 0.056152 -0.005249 -0.014648
0.229126 -0.116211 1.051758 0.082031 -0.010498 -0.030518
0.189819 -0.099609 0.977539 0.094238 0.000366 -0.028442
0.145386 -0.096191 0.920410 0.087036 0.001587 -0.018066
0.162598 -0.089844 0.891846 0.066650 -0.020752 0.010376
0.194824 -0.086182 0.888794 0.028564 -0.022583 0.036743
0.209106 -0.097534 0.918579 -0.021973 -0.001343 0.062988
0.244629 -0.122070 0.971191 -0.067993 0.023315 0.076050
0.284302 -0.141724 1.030884 -0.084595 0.032837 0.078491
0.303345 -0.158813 1.067627 -0.073853 0.036743 0.070435
0.289673 -0.157959 1.075928 -0.056519 0.037964 0.049683
0.272705 -0.157959 1.069214 -0.036621 0.037842 0.029541
0.240723 -0.150269 1.044189 -0.020386 0.033447 0.010254
0.213501 -0.156006 1.017456 -0.014526 0.018677 -0.009033
0.183716 -0.162231 1.001709 -0.015991 0.002075 -0.019775
0.185425 -0.147095 0.989990 -0.016968 -0.020508 -0.009644
0.181885 -0.145630 0.992798 -0.025391 -0.036621 -0.004028
0.196777 -0.156372 1.002686 -0.032593 -0.059448 -0.002197
0.244141 -0.163940 1.015991 -0.029419 -0.072144 0.002441
0.267212 -0.160400 1.025635 -0.021240 -0.059082 0.004517
0.270020 -0.157837 1.037354 -0.020142 -0.040649 -0.000977
0.277466 -0.158081 1.035034 -0.011963 -0.020508 -0.005371
0.263184 -0.151001 1.020386 -0.003784 0.006226 -0.012695
0.242554 -0.145264 1.006348 -0.000610 0.015503 -0.017090
0.226929 -0.142456 0.997314 -0.000122 0.016602 -0.021973
0.201172 -0.137573 0.991211 -0.000488 0.009155 -0.021851
0.196167 -0.129517 0.989868 -0.004639 -0.005981 -0.014648
0.200928 -0.130005 0.993408 -0.012451 -0.010498 -0.002930
0.207642 -0.130493 1.002686 -0.021973 -0.006470 0.012573
0.235840 -0.141479 1.016113 -0.027832 -0.000488 0.024048
0.250122 -0.143555 1.016113 -0.028931 0.001221 0.019531
0.246460 -0.146729 1.021606 -0.026489 -0.000610 0.000366
0.235840 -0.140991 1.031006 -0.020386 -0.009521 -0.016235
0.230347 -0.137451 1.016235 -0.013916 -0.013916 -0.021362
