0.217773 -0.141846 1.018799 -0.025757 -0.012573 -0.015747
0.214722 -0.139526 1.013184 -0.024658 -0.012817 -0.016113
0.219727 -0.135864 1.015137 -0.023560 -0.011719 -0.013916
0.220459 -0.129395 1.015991 -0.022705 -0.010254 -0.013428
0.222412 -0.130371 1.013550 -0.022583 -0.009888 -0.013794
0.226318 -0.132813 1.003784 -0.023804 -0.008057 -0.012207
0.227051 -0.130127 0.999390 -0.031494 -0.001587 -0.009033
0.222778 -0.123779 1.005859 -0.043579 0.012207 -0.004395
0.221069 -0.118164 1.011108 -0.055786 0.029907 0.003662
0.203125 -0.125732 1.027222 -0.069824 0.043457 0.010864
0.180298 -0.132080 1.048218 -0.078613 0.051270 0.021484
0.171631 -0.119507 1.077271 -0.080811 0.049194 0.031128
0.173828 -0.107300 1.116821 -0.085449 0.044678 0.036011
0.159180 -0.087036 1.172729 -0.090698 0.042358 0.035034
0.155151 -0.057373 1.222168 -0.097290 0.020874 0.021484
0.219727 -0.048096 1.298462 -0.100342 -0.002930 0.012329
0.244873 -0.043213 1.373901 -0.107666 0.017578 0.004639
0.222168 -0.053589 1.453857 -0.128662 0.057495 0.009521
0.247681 -0.079102 1.488892 -0.150024 0.054443 0.017090
0.269653 -0.117554 1.509399 -0.168579 0.028442 0.001465
0.275146 -0.178955 1.527710 -0.178711 0.036377 0.000000
0.209351 -0.232178 1.511597 -0.166992 0.106079 0.038086
0.075562 -0.274780 1.470215 -0.141235 0.146851 0.085205
0.055298 -0.314331 1.417480 -0.100464 0.027832 0.088379
0.167725 -0.380981 1.362305 -0.032959 -0.118530 0.065674
0.319092 -0.434814 1.315796 0.061401 -0.140259 0.053223
0.226929 -0.391113 1.222412 0.160767 -0.078491 0.008789
0.150513 -0.351929 1.157227 0.234985 -0.122437 -0.058472
0.159790 -0.319702 1.103516 0.298462 -0.204834 -0.107178
0.161743 -0.262329 1.022827 0.346069 -0.218506 -0.113892
0.153442 -0.201904 0.937256 0.364258 -0.209839 -0.089233
0.149536 -0.148315 0.859619 0.355713 -0.218140 -0.070435
0.269409 -0.114990 0.797974 0.325195 -0.236328 -0.046265
0.270508 -0.080200 0.761108 0.280273 -0.164307 -0.029663
0.160278 -0.034180 0.728638 0.217163 -0.128784 -0.037842
0.205322 -0.053833 0.737915 0.161377 -0.208252 -0.055664
0.311279 -0.074707 0.749634 0.136963 -0.221680 -0.043335
0.285156 -0.056152 0.743896 0.133301 -0.131958 -0.028076
0.220703 -0.031006 0.732666 0.134033 -0.079834 -0.030029
0.214600 -0.002319 0.709229 0.130981 -0.110718 -0.045044
0.229736 0.024170 0.668945 0.118286 -0.146240 -0.052979
0.264526 0.020752 0.638062 0.090576 -0.132690 -0.044678
0.244507 0.007568 0.623657 0.055908 -0.084961 -0.034424
0.185913 -0.007690 0.641968 0.021484 -0.047852 -0.025269
0.180054 -0.037109 0.660034 -0.008057 -0.058105 -0.015625
0.217896 -0.042603 0.682983 -0.031616 -0.092529 -0.018799
0.227661 -0.092041 0.698242 -0.047485 -0.100342 -0.032471
0.223511 -0.096558 0.714844 -0.046753 -0.083618 -0.011841
0.220947 -0.101318 0.727417 -0.049438 -0.078613 -0.004883
0.245605 -0.110962 0.745483 -0.049072 -0.088013 -0.001221
0.291260 -0.114746 0.756958 -0.039917 -0.089355 -0.005249
0.299316 -0.113647 0.778931 -0.029297 -0.055786 -0.010254
0.267212 -0.102051 0.785034 -0.018066 -0.022583 -0.012329
0.280884 -0.060181 0.763062 -0.011963 -0.047729 -0.032227
0.296631 -0.074707 0.754883 -0.036255 -0.095825 -0.063965
0.283447 -0.063110 0.760742 -0.069336 -0.093994 -0.054077
0.282104 -0.068604 0.777588 -0.113159 -0.096924 -0.045288
0.286987 -0.083862 0.804077 -0.148926 -0.100464 -0.035645
0.301758 -0.095947 0.824585 -0.176270 -0.095825 -0.023804
0.308594 -0.113037 0.845581 -0.197876 -0.075684 -0.010010
0.322021 -0.135132 0.874512 -0.213013 -0.058228 -0.005371
0.328369 -0.146973 0.884155 -0.216187 -0.028442 0.000854
0.316284 -0.157227 0.924194 -0.210205 0.011353 0.004028
0.296143 -0.173218 0.953857 -0.187134 0.049316 0.008789
0.274292 -0.154175 0.947510 -0.156616 0.059814 0.013916
0.295166 -0.149414 0.943970 -0.142578 0.021851 0.000000
0.295898 -0.151123 0.949951 -0.138306 -0.011230 -0.022949
0.312622 -0.169189 0.967896 -0.139526 -0.032593 -0.031128
0.289551 -0.187378 0.986328 -0.128906 -0.010010 -0.019653
0.292603 -0.206543 0.984985 -0.096069 0.015991 0.003174
0.321045 -0.208740 0.978516 -0.050049 0.036987 0.022949
0.316650 -0.192505 0.942993 -0.000854 0.067993 0.035278
0.315063 -0.139648 0.885254 0.040039 0.105591 0.046753
0.263062 -0.053467 0.796631 0.032837 0.077148 0.020752
0.280762 -0.024414 0.772095 -0.048340 -0.036987 -0.038452
0.281372 -0.048340 0.814209 -0.161987 -0.077515 -0.066162
0.221191 -0.107910 0.888062 -0.257568 -0.016113 -0.030762
0.212646 -0.175171 0.947998 -0.315796 0.036743 0.018311
0.230957 -0.242798 1.000122 -0.334473 0.062134 0.043335
0.199951 -0.293579 1.060669 -0.314209 0.086792 0.049561
0.177368 -0.301758 1.119507 -0.257568 0.088989 0.056030
0.196045 -0.280151 1.154053 -0.169800 0.080444 0.061890
0.228638 -0.226929 1.124512 -0.087646 0.054688 0.057495
0.275024 -0.148071 1.082520 -0.057251 -0.025269 0.012573
0.296875 -0.102783 1.072754 -0.072388 -0.094482 -0.048340
0.279297 -0.081787 1.083740 -0.111572 -0.086548 -0.063843
0.242798 -0.088379 1.103882 -0.161133 -0.029297 -0.032593
0.218628 -0.139893 1.142456 -0.205688 0.016968 0.012573
0.212158 -0.174072 1.184326 -0.217529 0.028809 0.046143
0.221069 -0.214355 1.208008 -0.195313 0.024780 0.060547
0.250488 -0.217041 1.209595 -0.141968 0.015503 0.065918
0.294800 -0.200928 1.192139 -0.076050 0.008911 0.048218
0.306519 -0.156250 1.148804 -0.022339 0.010498 0.016846
0.312500 -0.105225 1.102539 -0.005249 0.009766 -0.012451
0.299194 -0.082397 1.085938 -0.019775 0.015991 -0.035400
0.263306 -0.078003 1.072144 -0.049805 0.041138 -0.038330
0.242065 -0.081543 1.078613 -0.085815 0.071289 -0.020508
0.238770 -0.103516 1.136841 -0.132324 0.097778 0.006348
0.222900 -0.152100 1.240234 -0.188843 0.125732 0.041138
0.265503 -0.241699 1.374634 -0.227661 0.145996 0.083496
0.307129 -0.349731 1.476685 -0.211060 0.167236 0.097656
0.260742 -0.418823 1.469482 -0.118042 0.145752 0.052124
0.169312 -0.401733 1.319702 0.031860 0.066162 -0.030762
0.078979 -0.322266 1.142944 0.167114 -0.029053 -0.092896
0.055054 -0.235107 0.986694 0.238159 -0.116943 -0.116333
0.077881 -0.149536 0.855469 0.240234 -0.179932 -0.110229
0.128662 -0.090210 0.792969 0.177368 -0.199951 -0.080566
0.176392 -0.072510 0.807739 0.080933 -0.165283 -0.027100
0.224609 -0.076782 0.862793 -0.004639 -0.107056 0.033813
0.288330 -0.113770 0.934692 -0.062012 -0.071533 0.075195
0.379761 -0.146729 1.011353 -0.084595 -0.065308 0.082520
0.420776 -0.164917 1.062622 -0.077393 -0.044434 0.061157
0.413330 -0.175659 1.077271 -0.054321 -0.012695 0.030640
0.372314 -0.174927 1.047974 -0.026367 0.007446 -0.007202
0.313721 -0.168091 1.001953 -0.009399 0.013428 -0.042114
0.250122 -0.166748 0.963745 -0.010620 0.023315 -0.055908
0.198120 -0.167114 0.949219 -0.022217 0.027222 -0.053345
0.181152 -0.188721 0.964722 -0.041870 0.018677 -0.040894
0.192139 -0.214844 1.003906 -0.052612 -0.000610 -0.028198
0.203857 -0.230103 1.037476 -0.053833 -0.014160 -0.016479
0.218750 -0.235840 1.063110 -0.040894 -0.025024 -0.007080
0.243164 -0.241943 1.059082 -0.021606 -0.032715 -0.003540
0.247070 -0.225342 1.038208 0.002808 -0.031616 -0.006714
0.243408 -0.199219 1.001587 0.020996 -0.034302 -0.018799
0.234619 -0.179810 0.982056 0.022827 -0.033691 -0.028809
0.240234 -0.160767 0.973511 0.014893 -0.029907 -0.030151
0.262085 -0.147217 0.972778 0.000488 -0.025757 -0.029541
0.269043 -0.148560 0.984009 -0.015015 -0.013428 -0.028931
0.255005 -0.157104 0.999146 -0.027344 -0.001831 -0.026123
0.257568 -0.171753 1.008667 -0.029785 -0.000244 -0.022827
0.253906 -0.184570 1.010864 -0.027100 -0.004883 -0.026733
0.252686 -0.189575 1.002563 -0.022705 -0.009277 -0.030273
0.243164 -0.191040 0.996460 -0.020752 -0.009399 -0.031616
0.242310 -0.190063 0.999023 -0.020874 -0.005005 -0.029175
0.254761 -0.188721 0.993042 -0.021851 -0.001587 -0.026001
0.245239 -0.188599 1.008423 -0.024902 0.003418 -0.024292
0.235107 -0.193115 1.022949 -0.022827 0.001709 -0.024536
0.236694 -0.199097 1.025269 -0.013428 -0.010864 -0.025635
0.243164 -0.192993 1.009888 -0.002441 -0.025635 -0.030762
0.235229 -0.173340 0.999878 0.005615 -0.030884 -0.033569
0.242310 -0.164063 0.982178 0.007080 -0.029663 -0.026001
0.247314 -0.152588 0.975342 -0.004028 -0.016846 -0.014771
0.256958 -0.149780 0.979004 -0.022583 -0.005981 -0.010864
0.255737 -0.158569 0.992188 -0.039307 0.004272 -0.009644
0.253052 -0.178467 1.011230 -0.045044 0.011230 -0.008301
0.251343 -0.191284 1.022339 -0.040527 0.002075 -0.014893
0.247314 -0.196533 1.018555 -0.029663 -0.011719 -0.022583
0.246704 -0.192993 1.006470 -0.018921 -0.017212 -0.023560
0.234497 -0.184814 1.003662 -0.014160 -0.018066 -0.023560
0.240234 -0.182861 0.997681 -0.015503 -0.023804 -0.019287
