0.230469 -0.175537 0.994141 -0.028931 0.000122 -0.020142
0.240356 -0.174072 0.992676 -0.034668 0.005493 -0.012939
0.251221 -0.164917 0.997681 -0.043823 0.015259 -0.006348
0.253174 -0.167480 0.996338 -0.056396 0.034180 0.003296
0.238037 -0.169678 0.996460 -0.066528 0.050659 0.003296
0.244019 -0.192383 1.016846 -0.079956 0.062134 0.007568
0.218872 -0.223022 1.059326 -0.088257 0.082642 0.013062
0.177246 -0.237671 1.099243 -0.073242 0.075195 0.010132
0.188599 -0.221558 1.116577 -0.037598 0.034424 0.003906
0.244507 -0.185791 1.114258 -0.000366 -0.010498 -0.007935
0.269043 -0.146851 1.115723 0.017090 -0.027588 -0.027588
0.267090 -0.135742 1.108032 0.008545 -0.022217 -0.045776
0.288574 -0.128296 1.120850 -0.004395 0.010986 -0.048462
0.267456 -0.146240 1.149048 -0.028687 0.044189 -0.056396
0.256714 -0.181641 1.195313 -0.058472 0.073730 -0.056396
0.264526 -0.231079 1.257935 -0.085205 0.114990 -0.035522
0.235718 -0.284546 1.323608 -0.085449 0.178223 -0.005127
0.204346 -0.319824 1.365967 -0.046997 0.199829 0.004761
0.186401 -0.339233 1.378906 0.025635 0.170288 -0.005371
0.208984 -0.321167 1.356079 0.118042 0.125732 -0.020874
0.217529 -0.273438 1.301880 0.197876 0.110718 -0.032349
0.177002 -0.222778 1.249268 0.242310 0.110596 -0.039673
0.167358 -0.190674 1.214355 0.261597 0.089111 -0.042114
0.168457 -0.175049 1.201416 0.279419 0.070801 -0.039917
0.182861 -0.160156 1.160889 0.280151 0.060059 -0.022461
0.194214 -0.148804 1.144531 0.270020 0.051636 -0.011230
0.221924 -0.142456 1.126831 0.286377 0.035645 -0.017700
0.222534 -0.137329 1.119263 0.283813 0.039185 -0.020142
0.220825 -0.132935 1.098633 0.280151 0.021362 -0.019775
0.212891 -0.118042 1.069946 0.302734 0.001831 -0.051270
0.230103 -0.110962 1.036133 0.304321 -0.002563 -0.056152
0.194702 -0.083008 1.003296 0.296753 0.030273 -0.041748
0.161255 -0.071777 0.970459 0.280518 0.036133 -0.033325
0.131592 -0.073486 0.951904 0.265137 0.004883 -0.053223
0.135010 -0.083496 0.950684 0.250977 -0.040771 -0.060547
0.130127 -0.085449 0.949097 0.246582 -0.062744 -0.060181
0.125610 -0.067871 0.920898 0.250000 -0.071167 -0.048950
0.151367 -0.056763 0.901245 0.240112 -0.089722 -0.033813
0.204956 -0.059937 0.892090 0.221802 -0.095825 -0.024536
0.220093 -0.047241 0.893433 0.209595 -0.064575 -0.015259
0.203003 -0.041992 0.898071 0.185669 -0.020874 0.006226
0.177002 -0.057129 0.894775 0.172119 -0.026245 -0.006592
0.191284 -0.068359 0.899780 0.175293 -0.058716 -0.031494
0.182739 -0.070435 0.882568 0.178589 -0.071045 -0.043701
0.163696 -0.050781 0.847656 0.183838 -0.081543 -0.053589
0.153931 -0.027588 0.830078 0.175537 -0.103882 -0.057251
0.162476 -0.020874 0.802368 0.143921 -0.104614 -0.038818
0.165894 -0.013550 0.802490 0.112793 -0.093262 -0.013794
0.159790 -0.027832 0.802124 0.086670 -0.082031 0.001465
0.163452 -0.041260 0.812378 0.062744 -0.080688 0.012451
0.176880 -0.046387 0.823364 0.047119 -0.097900 0.013672
0.207764 -0.069702 0.827026 0.035767 -0.104248 0.010132
0.226074 -0.061401 0.836426 0.027832 -0.094971 0.014038
0.211182 -0.055908 0.827759 0.037598 -0.087158 -0.003906
0.217041 -0.048828 0.821045 0.040527 -0.084595 -0.010986
0.196899 -0.050903 0.809814 0.037109 -0.071045 -0.009644
0.184326 -0.046021 0.798340 0.027588 -0.060059 0.002930
0.212280 -0.046753 0.799805 0.015015 -0.068481 0.006104
0.224609 -0.037354 0.806641 0.001953 -0.075562 -0.002686
0.234863 -0.022949 0.800659 -0.011353 -0.079468 -0.011230
0.236816 -0.013672 0.803223 -0.027466 -0.082031 -0.015869
0.251099 -0.008057 0.808716 -0.050171 -0.079590 -0.014771
0.261841 -0.015381 0.819458 -0.073853 -0.064819 -0.013306
0.256226 -0.028076 0.824707 -0.094849 -0.055054 -0.019897
0.252075 -0.037354 0.833618 -0.110596 -0.050293 -0.029053
0.245483 -0.046631 0.839111 -0.123657 -0.041748 -0.032959
0.230225 -0.048950 0.847412 -0.134277 -0.031006 -0.030762
0.215454 -0.057495 0.856079 -0.143311 -0.027344 -0.029541
0.211426 -0.051758 0.855469 -0.149170 -0.031616 -0.026367
0.226074 -0.048706 0.847900 -0.158691 -0.041138 -0.027466
0.209106 -0.050049 0.866699 -0.171753 -0.041748 -0.029297
0.207031 -0.036377 0.891235 -0.183960 -0.050049 -0.026855
0.226440 -0.040283 0.912842 -0.199463 -0.053101 -0.010620
0.234253 -0.053467 0.938477 -0.204834 -0.037720 0.007202
0.244873 -0.069092 0.939453 -0.194702 -0.020508 0.019531
0.237061 -0.089111 0.941284 -0.183350 -0.005371 0.022949
0.195923 -0.095703 0.930786 -0.161743 -0.000854 0.023193
0.171631 -0.098999 0.901733 -0.142456 -0.025513 0.022339
0.170654 -0.079956 0.870728 -0.135620 -0.075439 0.018066
0.198120 -0.060059 0.843872 -0.144653 -0.148071 0.002441
0.262085 -0.023438 0.823120 -0.157837 -0.201172 -0.004883
0.324585 0.010742 0.809204 -0.184448 -0.205933 -0.010742
0.319336 0.013672 0.811768 -0.233032 -0.158447 -0.010010
0.282959 -0.004639 0.846436 -0.294067 -0.108276 -0.005493
0.228149 -0.045776 0.921509 -0.343262 -0.075806 -0.004517
0.189087 -0.093140 0.992920 -0.361816 -0.065918 0.006226
0.214111 -0.131104 1.057251 -0.345215 -0.074219 0.022949
0.243042 -0.156372 1.112549 -0.305176 -0.075928 0.036377
0.278198 -0.162720 1.130127 -0.258667 -0.070190 0.042969
0.317261 -0.163330 1.143555 -0.225952 -0.053101 0.046143
0.323242 -0.170776 1.172485 -0.215332 -0.024902 0.047485
0.317627 -0.160889 1.177002 -0.222046 -0.003784 0.045166
0.352661 -0.158203 1.171875 -0.247925 -0.004517 0.031982
0.358643 -0.172485 1.199707 -0.292236 0.023926 0.021240
0.295898 -0.197388 1.235352 -0.333618 0.098877 0.036865
0.245239 -0.234497 1.282349 -0.345459 0.149780 0.057983
0.225586 -0.286377 1.324341 -0.321533 0.136353 0.056885
0.214722 -0.310669 1.338013 -0.258423 0.092529 0.039429
0.199219 -0.298584 1.318115 -0.179077 0.046021 0.020874
0.211182 -0.273926 1.272583 -0.109131 0.010742 0.011963
0.206055 -0.248901 1.211670 -0.050903 0.000488 0.016235
0.209351 -0.184692 1.167847 -0.018677 0.002197 0.014038
0.229004 -0.169678 1.119629 -0.006470 -0.001099 0.013794
0.219238 -0.156250 1.072510 -0.000854 -0.010010 0.005493
0.201538 -0.140625 1.037231 0.001953 -0.034180 -0.003906
0.199585 -0.136108 1.009644 -0.001221 -0.047485 -0.002686
0.191284 -0.135620 0.984863 -0.003296 -0.056519 0.003662
0.213623 -0.113403 0.958740 -0.008301 -0.075684 0.007568
0.234253 -0.102783 0.941528 -0.030762 -0.078125 0.003418
0.244995 -0.083374 0.935791 -0.054810 -0.063477 0.007813
0.265991 -0.074219 0.965210 -0.091064 -0.033325 0.023193
0.302490 -0.094238 1.047485 -0.136597 -0.000366 0.039185
0.352539 -0.135986 1.161011 -0.173340 0.033569 0.053711
0.375366 -0.198486 1.261841 -0.188354 0.081909 0.059326
0.353760 -0.271851 1.317261 -0.163452 0.113281 0.037231
0.263062 -0.307129 1.262817 -0.086914 0.092773 -0.011475
0.163086 -0.282837 1.143677 0.009155 0.024780 -0.065308
0.106567 -0.250854 1.024414 0.075928 -0.046021 -0.090820
0.092896 -0.208618 0.934448 0.103760 -0.087524 -0.077393
0.112427 -0.184814 0.897217 0.089600 -0.102905 -0.045654
0.172363 -0.165039 0.920898 0.050781 -0.107666 -0.011353
0.236572 -0.165283 0.966309 0.014526 -0.100952 0.017090
0.316895 -0.152466 1.006104 -0.003906 -0.084595 0.035889
0.358643 -0.150269 1.018188 -0.011108 -0.054565 0.032471
0.354370 -0.141479 1.008423 -0.011108 -0.028809 0.013672
0.328735 -0.140015 0.994995 -0.009521 -0.016724 -0.013794
0.301880 -0.144043 0.980957 -0.010620 -0.011108 -0.038574
0.255249 -0.145386 0.973267 -0.018799 0.000977 -0.050903
0.223877 -0.150879 0.974121 -0.030273 0.006592 -0.053589
0.205811 -0.166870 0.982422 -0.043823 0.013916 -0.043091
0.205811 -0.180664 1.002075 -0.053345 0.015259 -0.028076
0.214844 -0.196411 1.034668 -0.054199 0.007690 -0.018921
0.234375 -0.200806 1.039673 -0.043945 -0.004395 -0.012695
0.238525 -0.210205 1.034668 -0.037109 -0.002686 -0.006226
0.236816 -0.209229 1.026978 -0.028198 -0.001221 -0.007690
0.228516 -0.198120 1.017822 -0.015869 -0.012207 -0.019897
0.236572 -0.189819 1.011597 -0.007080 -0.027100 -0.029785
0.236328 -0.178833 1.010498 -0.001587 -0.038208 -0.037476
0.239624 -0.174927 1.001099 0.000122 -0.045532 -0.040894
0.229126 -0.180054 1.003174 -0.002197 -0.044800 -0.040894
0.221436 -0.176392 0.998535 -0.002075 -0.044922 -0.036865
0.245117 -0.173462 0.995605 -0.002441 -0.044067 -0.029663
0.256104 -0.170166 0.990845 -0.007202 -0.034058 -0.023315
0.254150 -0.163330 0.991577 -0.014893 -0.017822 -0.016724
0.255249 -0.164795 0.999878 -0.021118 -0.005737 -0.009521
0.265747 -0.165649 0.999878 -0.021484 -0.006470 -0.005615
0.257935 -0.167236 1.003784 -0.020508 -0.009644 -0.011230
0.245972 -0.172485 1.003174 -0.018433 -0.014648 -0.018188
0.240967 -0.176025 1.003906 -0.014771 -0.020996 -0.023193
0.248413 -0.174438 1.002319 -0.012085 -0.025269 -0.024658
