0.260742 -0.111206 1.016235 -0.008667 -0.029053 -0.001099
0.254395 -0.100708 1.009888 -0.005981 -0.014404 -0.008789
0.227051 -0.090454 1.014160 -0.010132 -0.006836 -0.017456
0.212524 -0.081421 1.020630 -0.017822 0.002075 -0.007935
0.220825 -0.082275 1.033569 -0.026001 0.000854 0.000122
0.222046 -0.089722 1.038574 -0.035767 0.006104 0.007568
0.223633 -0.099487 1.055054 -0.047485 0.014648 0.009521
0.217041 -0.104858 1.095337 -0.056152 0.018921 0.002930
0.235840 -0.104858 1.133301 -0.056885 0.025879 0.005005
0.269531 -0.100586 1.157227 -0.058350 0.047607 0.017090
0.269653 -0.095581 1.190552 -0.062500 0.083862 0.020264
0.233398 -0.079712 1.208740 -0.069702 0.110474 0.021973
0.241821 -0.092407 1.228394 -0.084595 0.104004 0.018799
0.274292 -0.115601 1.255737 -0.093018 0.092041 0.005249
0.255737 -0.133545 1.274658 -0.093384 0.106689 -0.011230
0.196899 -0.136841 1.283813 -0.092163 0.123901 -0.016235
0.177124 -0.148926 1.312866 -0.085327 0.094360 -0.024902
0.142334 -0.164307 1.323120 -0.065796 0.056519 -0.032715
0.134521 -0.165527 1.326050 -0.029785 0.018555 -0.027222
0.179321 -0.174316 1.308350 0.010132 -0.009155 -0.010498
0.199951 -0.170654 1.277344 0.044189 -0.014404 0.000854
0.218750 -0.154297 1.240967 0.062500 0.003418 0.001343
0.224976 -0.156616 1.212402 0.073853 0.017090 -0.010986
0.181152 -0.136353 1.184082 0.097412 0.020142 -0.008911
0.131714 -0.121704 1.155151 0.101563 -0.019287 -0.029175
0.156372 -0.117920 1.142212 0.115234 -0.093506 -0.047485
0.170166 -0.127441 1.115845 0.134033 -0.126587 -0.050659
0.177734 -0.116211 1.074341 0.158691 -0.124634 -0.039429
0.160034 -0.100708 1.031494 0.179565 -0.113770 -0.023315
0.166748 -0.089478 0.991089 0.190308 -0.120361 -0.005981
0.190308 -0.075806 0.958130 0.189697 -0.134033 -0.002563
0.208984 -0.057251 0.922607 0.185181 -0.152100 -0.011841
0.197266 -0.046753 0.911987 0.176392 -0.144897 -0.014160
0.181152 -0.047974 0.908691 0.160767 -0.138672 -0.000366
0.213013 -0.065063 0.904053 0.146240 -0.145386 0.021118
0.226440 -0.078613 0.898560 0.143921 -0.132935 0.040283
0.232178 -0.078491 0.876099 0.148438 -0.124878 0.049072
0.259521 -0.072510 0.850586 0.154419 -0.119873 0.049194
0.228760 -0.051880 0.816528 0.146606 -0.099854 0.046875
0.234985 -0.058105 0.813843 0.124146 -0.098267 0.048462
0.268555 -0.065674 0.824951 0.108887 -0.074951 0.058716
0.235962 -0.069580 0.836670 0.102539 -0.052734 0.046021
0.221802 -0.068237 0.844238 0.107788 -0.089844 0.011108
0.224731 -0.062378 0.825806 0.124512 -0.137573 -0.017090
0.225342 -0.034546 0.773193 0.135376 -0.147217 -0.019897
0.252930 -0.025269 0.737915 0.118774 -0.139526 -0.015503
0.240967 -0.023315 0.737915 0.083740 -0.118408 -0.019043
0.221680 -0.025269 0.751953 0.052002 -0.106323 -0.017090
0.240723 -0.044678 0.772339 0.021973 -0.107910 -0.008179
0.269531 -0.062988 0.796875 0.000732 -0.104126 -0.003784
0.282227 -0.079590 0.812622 -0.010376 -0.100098 -0.013306
0.302490 -0.088135 0.837036 -0.010132 -0.097778 -0.024048
0.300903 -0.087524 0.836792 -0.002808 -0.072998 -0.025879
0.286377 -0.078125 0.828613 -0.000854 -0.044067 -0.025757
0.282471 -0.079834 0.829468 -0.010010 -0.043457 -0.035767
0.285522 -0.078613 0.833618 -0.019775 -0.047485 -0.046753
0.259033 -0.063354 0.833496 -0.028076 -0.030884 -0.049072
0.249512 -0.052612 0.824341 -0.037720 -0.029175 -0.046387
0.260986 -0.039185 0.814941 -0.051514 -0.036255 -0.043213
0.253784 -0.032959 0.819092 -0.071289 -0.037354 -0.043945
0.240967 -0.036743 0.831421 -0.091431 -0.041870 -0.042236
0.261841 -0.038452 0.863525 -0.103516 -0.049438 -0.036377
0.283447 -0.047607 0.868042 -0.104492 -0.047729 -0.040527
0.270630 -0.041382 0.870361 -0.113770 -0.025146 -0.042480
0.263184 -0.045776 0.877563 -0.122192 -0.015503 -0.040405
0.272339 -0.061035 0.889404 -0.128052 0.003784 -0.027344
0.274414 -0.085693 0.911743 -0.121704 0.036865 -0.007935
0.254517 -0.111572 0.943970 -0.088623 0.071777 0.021973
0.222778 -0.091064 0.937012 -0.042480 0.105225 0.062622
0.248169 -0.063354 0.901367 -0.010376 0.097656 0.082397
0.240601 -0.044312 0.879150 -0.014893 0.066284 0.069214
0.238525 -0.065674 0.863037 -0.045776 -0.003052 0.028931
0.218506 -0.045654 0.891113 -0.071411 -0.055420 0.023682
0.183716 -0.057617 0.915894 -0.102295 -0.078003 0.003784
0.190674 -0.064209 0.921143 -0.120239 -0.086182 0.014771
0.227661 -0.070313 0.928345 -0.137695 -0.056519 0.048340
0.248657 -0.095581 0.935791 -0.153442 -0.010010 0.082520
0.269531 -0.095093 0.965332 -0.155762 0.039673 0.118286
0.283813 -0.124878 0.985107 -0.152832 0.088013 0.112427
0.256592 -0.133667 1.003662 -0.133545 0.113525 0.089844
0.193359 -0.110718 1.023926 -0.105957 0.107910 0.068481
0.196533 -0.058838 1.003052 -0.091309 0.072388 0.052246
0.192017 -0.042603 0.996826 -0.124512 0.012451 0.005371
0.227539 -0.027954 1.005859 -0.165405 -0.057617 -0.029297
0.239624 -0.036011 1.025024 -0.205078 -0.064453 -0.044800
0.245728 -0.054443 1.044312 -0.233521 -0.032593 -0.040527
0.236938 -0.078613 1.072754 -0.250610 -0.000854 -0.031250
0.238647 -0.103638 1.100342 -0.250610 0.023438 -0.014160
0.227783 -0.121216 1.124756 -0.234253 0.045044 0.001465
0.226196 -0.149780 1.133911 -0.211670 0.054321 0.010864
0.262817 -0.172485 1.128296 -0.178467 0.067505 0.018311
0.221802 -0.151733 1.115234 -0.137329 0.074097 -0.002197
0.189087 -0.115601 1.097778 -0.110840 0.019653 -0.037354
0.229492 -0.091309 1.083618 -0.107544 -0.053833 -0.052612
0.283081 -0.084595 1.081787 -0.123291 -0.085815 -0.044922
0.305786 -0.092651 1.084961 -0.143799 -0.067017 -0.028442
0.279053 -0.114746 1.109253 -0.172363 -0.028442 -0.003906
0.279907 -0.131104 1.121826 -0.179565 -0.018066 0.012085
0.290527 -0.145386 1.121582 -0.168823 -0.013550 0.016846
0.289429 -0.148438 1.113770 -0.156982 0.019531 0.026367
0.236572 -0.153076 1.123779 -0.145264 0.052979 0.022705
0.231201 -0.153809 1.125000 -0.118164 0.037964 0.018188
0.227173 -0.158203 1.127441 -0.088501 -0.003662 0.004517
0.234619 -0.121460 1.103027 -0.065186 -0.035645 -0.009766
0.273804 -0.107178 1.080200 -0.060669 -0.058594 -0.013550
0.280762 -0.101807 1.069702 -0.067627 -0.062378 -0.006714
0.269043 -0.107666 1.079224 -0.091187 -0.055542 -0.005737
0.289429 -0.118286 1.108398 -0.113281 -0.047119 -0.002686
0.268799 -0.167847 1.150269 -0.125000 -0.038818 -0.015137
0.291138 -0.174805 1.179810 -0.098022 -0.042847 -0.000488
0.308716 -0.173584 1.181885 -0.066284 -0.031860 -0.005005
0.311890 -0.170166 1.175171 -0.035034 -0.030762 -0.026855
0.281982 -0.156372 1.151611 -0.005371 -0.023804 -0.045288
0.225220 -0.147949 1.124756 0.017090 -0.000854 -0.045044
0.165527 -0.156128 1.090088 0.031860 0.005859 -0.036255
0.138672 -0.163818 1.050049 0.041992 -0.023193 -0.024536
0.142456 -0.168701 1.026245 0.051758 -0.073364 -0.013672
0.185181 -0.159790 0.996582 0.066406 -0.117432 -0.003540
0.238037 -0.139282 0.977417 0.073975 -0.136963 0.003906
0.279907 -0.115479 0.954712 0.066284 -0.131104 0.009521
0.311768 -0.108643 0.943237 0.041504 -0.098633 0.013550
0.313477 -0.107666 0.951782 0.010010 -0.054321 0.012817
0.297607 -0.114746 0.958740 -0.014648 -0.031860 0.004395
0.291870 -0.120361 0.962769 -0.024658 -0.015015 0.004395
0.280518 -0.120483 0.956543 -0.029785 -0.009155 -0.001709
0.249390 -0.122437 0.956055 -0.037109 -0.003418 -0.008301
0.244629 -0.134521 0.968018 -0.046021 -0.006470 -0.008423
0.259399 -0.170776 1.016357 -0.058228 -0.001221 -0.004517
0.226196 -0.194946 1.061890 -0.060547 0.005737 -0.003418
0.223145 -0.195801 1.076050 -0.046265 -0.014893 0.005127
0.249023 -0.178589 1.051758 -0.023438 -0.029175 0.017822
0.279053 -0.145874 1.009521 -0.008545 -0.030396 0.018921
0.286621 -0.130859 1.004883 -0.013794 -0.015381 0.010010
0.277710 -0.119385 1.003296 -0.019287 -0.011719 -0.001465
0.268433 -0.114258 1.011230 -0.015625 -0.020386 -0.007324
0.273560 -0.108765 1.013306 -0.012207 -0.031616 -0.005859
0.268677 -0.119751 1.013672 -0.016846 -0.034424 -0.005859
0.259033 -0.136353 1.024902 -0.016602 -0.031616 -0.007080
0.264893 -0.149902 1.031860 -0.010132 -0.036377 -0.010376
0.264282 -0.154053 1.022095 -0.004761 -0.034912 -0.009033
0.260986 -0.148071 1.000854 -0.001221 -0.031494 -0.007446
0.277954 -0.140381 0.984619 -0.003784 -0.020264 -0.004761
0.284790 -0.135864 0.980103 -0.011963 -0.007813 -0.009033
0.268188 -0.133911 0.977783 -0.020386 0.003540 -0.016602
0.248535 -0.132568 0.999634 -0.027710 0.009521 -0.020630
0.241455 -0.142456 1.012207 -0.031372 0.010132 -0.018188
0.247681 -0.144409 1.009888 -0.028076 -0.000244 -0.016846
0.243896 -0.140869 1.016479 -0.026123 -0.008667 -0.022217
0.245483 -0.145142 1.012939 -0.027954 -0.011230 -0.023682
0.245483 -0.149414 1.010010 -0.027710 -0.005737 -0.019043
